3966089140
3966153900
2753999020
2753750188
2753748141
2754767023
2886871982
3960613558
3830529686
3838916294
3841008326
3839042374
3834851654
4103144466
4103150706
4103485778
3566610882
3717605826
3751095683
3740353921
3472081281
3740500880
3740382112
3738216164
2656085860
2656085797
3209729317
3209729319
3176248623
3176310062
3174229118
3207775358
4279418991
3998412909
4006826093
3998695512
3864350728
1729454088
1729586200
1696005145
1679218969
1817627419
1817561883
1825868554
1827966218
1836358666
1869919322
1865781498
1865908458
1762836650
1750233515
1750213545
1750213353
1750217341
1750209085
676794941
693973565
727262781
735585855
714614331
731391499
731390473
697885385
683193224
687379848
676961672
672774584
672905640
1746581945
1766768010
1766242186
1799524826
1795326458
1795408238
1796436270
1796419886
1800613926
1766010934
1774399542
1774391358
1753350430
2021786382
2026051086
952309262
947928586
411053578
411053579
411053579
427832585
465638665
180371720
197149528
155276120
155218809
155476969
155476459
155543018
189232378
197588058
197563466
197625163
197496155
180403497
172010793
172076088
168006664
168214536
168181784
168235064
168173608
168698664
172892712
181273144
177145353
194577993
198772297
200888159
200888159
192531839
192535935
192544127
192525823
159228415
159363582
159355390
150962622
150835646
149787066
149796282
217030074
218077594
1291819418
1216347066
1214114746
1222503354
3369955034
3367831130
3367764506
3367776826
3367772718
3367772717
3365155364
3369351012
3360955876
3359931828
3376704916
3393514900
1241965956
1245884805
1245872517
3393225141
3393233252
3410011428
3377507620
3444686116
2370936620
2404484892
2396246796
2391007757
2391269903
2407969135
2375464294
2363264486
2220395990
2216274119
2215373253
3490377157
3507152068
3541722308
1377444036
1444544596
1446732132
1983472493
2002379373
1968762475
877193835
608750330
541903322
805624986
1946275982
1946316942
1946296462
1967268286
1992435374
1988242094
1451297462
3599777526
3532928726
3283383886
3254051150
3229474902
3237786726
3231483110
3248260323
3550381377
3535709440
3597645056
2519500048
3593385216
3593385216
3610158336
3576610608
4113489760
4117749605
4050509669
4050505061
4050443621
4084069655
4084036871
4084035607
1936658471
1936658470
1936658550
1937585398
1935414454
843845046
869009319
869078711
328086149
329130629
295593605
331259396
313362948
313305380
1928112164
1919723564
1915593740
1647227148
1647215116
3845030461
3828253231
3828332070
3828143654
3828139814
3828102438
3828170018
1680816418
1701779554
1743521890
1722554466
1739332850
1739470290
1705931138
1957618050
1957605763
1957527683
1953337523
1429075091
1429158274
1462184626
1462188706
1466772130
1974217442
4121700066
3568051059
3567530245
3568062469
3572494337
3698257921
3307901955
3345669379
3613981987
3605589285
3740822820
3757582716
3724094332
2365274461
2220572125
2220562399
2228814846
2245526510
2241344494
2241360814
2241368998
2224588722
2220400339
2486742545
2486803968
2486873344
2436607248
2456468784
2456456960
2452262400
2989147841
2989146801
3006124707
2977751970
2964636834
3031747750
3048524023
3086215367
3071535175
3073632519
3073801479
3072744710
3219543330
3219616802
3182248994
3186476066
3186478131
3187528771
3219104961
3218465937
3210081424
3208009089
3073770883
3072462770
4146207650
4116724646
4125108902
4121963206
4055050822
4059246087
1911895557
1910777364
1977884980
4125388836
4126470244
1978724436
1968210388
2000716244
4148270548
4148277085
4148669279
4148669247
3889605166
2774448702
2910763550
2909706782
2905448062
2888610422
2888610422
2889740914
2889282147
2910245411
2775926049
2816760864
2749630496
2725054544
2720925760
3794680256
3798870720
4088213153
4054595494
4054581670
4054593694
4058788062
3514659022
3497914574
3495732303
3499920716
3499920236
3499989868
3504323436
3512663004
3514757068
3556435404
3555639807
4092576238
4083470566
4079284582
4146394406
4146456326
4146554374
4147275266
3610404354
3614535458
2681230626
3214165026
3181364262
3181294647
2680071189
2679745540
2662902804
2658708516
2671365344
2570767600
2621058193
2618961043
2623419827
2631796403
2627667699
2627540689
3701225153
3705417280
3705438032
3428608352
3697043808
3562826720
3562930080
3579238289
3612787585
3595993987
3604120450
3595696018
3595630578
3591434210
3591466850
3597872994
3597877026
3622910258
3622902130
3589348691
3723566403
3713088833
3713086800
3713095024
1565546272
1573941024
1574006544
1565748801
1565720385
1561583601
1543557091
1543569379
1547726802
1556114243
1551989587
1569864465
1607613201
1582439217
1582370097
1578114353
1511013491
1514159330
1530936562
465778882
465778882
461387858
461388083
461388065
461453616
465778736
419641396
487799860
487798804
489699380
1026570276
1025788212
627964279
627964279
627964279
627947895
896383351
896382391
896382391
627945917
661500349
661503421
1734719933
1738914493
1738914557
3882203709
3878009407
2804334126
2770793006
2770756142
2771845742
2771649254
2707688870
2716076214
2980317430
2980395222
2443585622
2478188550
2209754119
2174099463
2174038021
2173973813
2178170661
2178157537
2178157489
2169899923
2211847059
2210872755
2202353073
3276088752
3255137684
3271938452
1092075988
1093898580
1092722957
1075881225
1092659483
1127525147
1125431839
1129699871
29837063
26084103
10092807
10101021
83501101
75113501
75114757
75155716
207259904
202938640
203205920
68986144
68985092
121536964
37651584
36603024
36619441
304944307
305082802
309208034
317596646
867967726
819733098
819733018
810295818
273416971
273485081
281491753
281508155
281541067
281525643
282566027
282563979
293049737
292984217
293045657
291870584
325433128
321353529
304490363
308683258
308683258
309723642
315752878
315621806
868233706
834670891
817906475
809623865
272884009
272753961
272758057
272878857
4345097
12996361
13586187
13400923
9231306
10329034
79601098
83803610
82748894
91205855
107974879
103452869
103452741
371896401
371896433
371897424
908770416
1982573600
1999217696
1954263264
1950060944
1681511312
1681748645
3828162215
3832351398
3840679598
3853260718
3870044334
4154732798
1973690378
1961304075
1952849929
879174200
879048232
350426680
350369288
350248456
384076297
385125177
919902249
1985325176
1444261064
1444192648
1446806409
3577381529
3560620699
3564778154
3568968358
3568837346
3568836706
3567788066
3299618850
3295412226
1143877637
1194208260
103693060
103795460
103648020
103586068
103071020
1182048301
1182044509
1198949199
3292435151
3292444365
2218702581
2487203556
2491389684
2494403300
3031208292
3047993444
3215766884
3216811885
3179064847
3174864446
2906424942
2889783150
2889870702
2889738366
2902456446
2919151742
2914949462
2952710487
2940198725
2923427397
2923422276
2940199660
2938991596
2804697004
2808352188
2816740796
2816744892
2816818333
2783394975
2784373918
2780179646
2779200702
2778928318
3047371966
3047236766
2514560142
2514625998
2514625998
2514560462
2246059470
2413833595
2397141035
3470903321
3471165449
3462780937
3459251208
3459249180
1311682588
1311682588
1311699037
1311436877
1328207053
1294616007
1294683607
1298881911
233537381
266960756
266956308
258534932
258604564
258735636
258711316
527146260
527021076
522822677
522953813
489395285
1563133172
2087421180
2083228924
2083109116
4230592868
4243171876
3165252140
3165223468
3165134380
3161207349
3090948646
3091137062
2575173158
3099072038
3099067494
2561148150
3651667166
3383235726
3388484745
3375982728
1228515464
1226422664
1258916248
1242278285
1242279310
1246471566
1254859918
3402341550
3399192046
3415972134
2377816886
2628435462
2628429319
2494281237
2225636900
2179512036
2184747692
2184710828
2183924396
2184120492
2452494509
2465084591
2460885230
2461933582
2192465934
2208624655
2179263775
2149874462
2150566686
2151549470
2151549471
2149202717
2161847100
2157455116
2224612108
2277016076
2277028396
2243469860
2499322404
2499315300
2489879267
2485750434
2486012578
2503854770
2520652434
2520656770
3057527942
3060673718
3064923302
3065315511
3082096774
4103364743
3562332623
3559949087
3560146703
1411442959
1411442959
1416096047
1432811823
1450072327
1450855687
1580876231
1580941447
1561968819
1545195683
1549459635
1557837235
3566180321
3566179937
3583349281
3606417921
3596997121
3592749571
3593404982
3731755814
3740087598
2661563691
2663135275
2679908363
2646420489
3724289289
3715909401
3715941113
3715748539
3757700027
3739854779
3739793323
3605762473
3593384360
3593445785
3593269641
3576480139
3559310778
3563472362
1424368938
1424437774
1424294426
1357185594
1373967930
1390771737
1390766348
1458960460
1465687260
1427931300
1411166389
1411154054
1413447846
1413132706
1416271763
1424666561
1420469696
4159349776
4142441504
3068699680
3068767536
3203058224
3194706465
3194698275
3190500902
3194685158
3177906870
4108845502
4104663214
4104663214
4104658091
4127030441
3598511245
1446833292
1446831308
1379770444
1396092956
1366741021
1357266967
1353072951
1352998183
1353022247
1357793829
3505310276
3505310404
3547253444
2452606660
2452408052
2452394532
2452419116
2456560188
2464948780
2460754476
2477007213
2443457774
2443971758
2175272110
2246586526
3311988958
3291066390
3559632918
1412080646
1547347974
1559865349
1035569156
1048283188
2048567300
1780132932
1782222980
1782481028
1781957029
1767015079
1750180581
1749083701
1744891397
1744842613
1795434467
1778852259
1779827106
1794507170
1877803186
1824326038
1824404358
2092836550
1555964422
1556022798
1218981406
1220028967
1220045351
1215850791
1211681063
1211876387
1216012353
150651329
166347201
199901632
187302352
153752928
154742112
152628576
224175588
266250116
519473036
1592102796
1449495452
1450281660
1378990764
1378922156
1378935325
1362100751
1344537150
1357123886
4037287974
4054130722
4088267809
2465074176
2453326848
2181795072
2181603136
2185793136
2189987555
2189989542
2206922406
2441802406
2508906918
2509817006
2382159006
2382231694
2407393358
2402936846
2403067918
2402969610
2671406091
2675598649
2677722409
2677591912
2677574392
2664991432
2589498056
2608447196
2608506476
2583339884
2633671660
2633671397
2633745109
2620969687
3173537767
3207089639
3207268591
3190438127
3194628239
3194693773
3204081805
3214605500
3218853308
3185084316
3167269596
3033117276
3034092044
3034100237
4099433006
4097326830
4030405038
4047112366
4080666798
1937639598
1925056655
1924533389
850796684
848614284
850440876
582001389
1654694767
1675665710
1675731758
1633911358
1679987262
1680323098
1680319002
1680275002
1680234026
3961935147
3970190377
3970172952
3987015752
3971356744
3965135048
4229377992
4165347048
4174775019
4173136634
4222157178
3669561454
3669504046
3673698350
3390571582
3390643214
3392744718
3405327882
1270574619
1234861593
1234959944
3369658056
3361244892
3380119229
3379082943
3379160750
3409700590
3409532910
3409592830
3422183502
3418017870
3415982173
3415834748
3369644140
3359150188
3627583340
3626542716
3626741304
3630934572
3630934316
3631921165
3678074957
3659189327
3659203646
1511531822
1523066670
1519068718
1519007279
1518933549
1519138364
1514944284
453453572
403058948
402785220
402899909
402690997
1480631215
1489019310
1505801646
1505869246
1501804958
1501804990
1501739422
1506212254
1506164223
1497773551
1498285357
1499071805
1499071772
1499014428
1498948380
1499259676
2018288412
2035266332
961451805
960995133
1069857581
1053079855
910539039
906394891
906367243
856031499
269353790
269353774
277743398
277617446
277613395
59510211
42763651
42701187
46838145
105558912
1180349056
1165662864
1282382496
3429743264
3429153444
3705974436
3707036325
3753697951
3735024270
3734303662
3734299046
2673140134
2668922086
3205864518
3205998599
3071781125
3071322372
3073419520
3040000272
3040001856
3023488704
3026633408
2960081616
2968343152
2964075040
3031180835
3052152354
2532052786
2523401522
2531854386
2531986482
2393836594
2393711670
2393710614
2410356750
2344223758
2314980558
2289666189
2289613196
2285419404
2285419420
2302196636
2302667484
2336157260
2316723725
2315675199
2319738662
2323965734
2390861174
2659365030
2659618982
2676326566
2676261303
2639561604
2635368076
2637663884
2637347404
2636311084
3022154284
3026332460
3026331965
3160546575
3161587982
3168206926
2631144574
2626954350
2625907759
2630169623
3427667973
3427680261
3427643653
3704393988
3700207900
3716983148
4253853933
4287408301
4128094637
3054406588
3055455885
3055469197
4131259023
4129698479
4133757358
4158922990
4104396846
4238683142
4238747654
2091264006
1558984966
1558985238
1488923158
1218263558
1218199045
148665861
1495041541
1494714132
2068160308
2076486960
2072489744
2076687952
2063898356
2114225892
4261708452
4261738148
4127532711
4128194470
4073667750
4070508710
4086762662
4086697095
4057357445
4040617156
4032220684
1886834188
1887202860
1886137900
1886137898
1886129770
4046200810
4050459818
4091806890
3014968474
2996077706
2995094602
3013065742
3082731023
2545921597
2494541365
2498672164
2490036964
2485781152
2486698657
2486960293
2486960237
3564896301
3573419033
1424369677
1155934221
1147545615
90585895
124701446
124552966
108823494
108888454
107647366
376082563
371896465
371888289
304853152
858759345
808428721
1882039524
1882062180
1613060652
3765770796
3774097964
4038339116
4036241964
2979274303
2475431438
2458649358
2458714158
2189824046
2189889582
2189767702
2189765638
2189503494
2189436935
2206260295
2176880117
2151781861
2147725813
2151854493
2160239516
3234046612
3233845948
3221275308
3221538536
1074109176
1074174924
1074182604
1360963780
1939769543
1923004614
1929228486
3794571718
3794698950
3794703046
3794711237
2720969456
2704274144
2687248096
2687250144
2691448804
2733377893
3802925094
4138207286
4138343474
3601476626
1453992978
1185623058
1172966402
74071042
74066946
208276737
216747856
99308880
90920400
23819728
7044592
6904241
6904241
6937523
15327154
32110258
65663634
57258642
23639026
6927346
16495090
10003746
10022178
10090547
29095952
117172240
116226320
107826480
237879600
237884272
237810544
238002644
70165637
70158485
208504999
476874919
476944629
527285716
1047307124
1043178292
2116981524
2116997429
2117005345
2117067811
1852636194
1862065186
1857936418
1872751682
1843324355
1826551169
1813955969
3963553156
4097641860
4096597668
4100726437
3031187109
3031176943
3048477295
2645832318
2626970126
2492786446
2492771598
2220271942
2215086551
2483927511
2501753733
2535111556
2518347652
2520401556
2457539284
2457539188
2457809525
2474390311
2448695598
2431922222
2427916330
2427736122
3566521418
3586426890
3590625546
1980012555
1980733451
4128213001
4128220232
3859718344
3860762776
4112175548
4095361708
4097442468
4101702324
4042859175
4038599398
4038600230
4055382310
4088924198
3535542278
1392437254
1390077958
1377471494
1394181190
1360638198
1360720306
1364906674
1373291170
1440236194
1440494242
1172256386
1205739395
1459509747
1459419169
1454942241
4138248209
4138380289
4155151361
4125852944
4096365856
4096365872
4096509713
3022669361
2754481699
2753830435
2762227235
2762235686
2762233190
2763314262
2780091591
2803162311
2785532039
2785470647
2785962405
2786016181
2790132373
3051228807
3029993159
3032098310
3032162838
2427986470
2426939174
2443715622
2460489766
2461538551
2461538501
2195211460
2182922436
3256778828
3240009740
3490619404
3490684988
4027424556
1880066604
1880066621
1880078879
1930410502
1913559558
1913569030
1914618118
1981739110
1715384551
3806253285
3802124512
3818902721
4032790403
4028579458
4028570354
3491700450
3571269346
3501993698
3501993186
3501993058
3499887714
3231386626
1088044033
1079651328
18490112
54141696
37421824
37294896
37302896
20525812
3995628
3981292
8161769
284985563
816814283
837728459
854505547
1919854793
1915659464
1915662808
1915519741
1982644989
1949176551
1882071654
1345200738
1357391586
1353193890
1369967778
1403520178
1386885251
1118445697
48918656
53121152
53121472
19631889
19438371
23636770
57453346
65579298
65706290
65701122
1474985987
1476034561
1467658433
1467654272
1434361984
1434353808
1412415664
1411858849
1411842721
1411719843
1412703975
1416899302
1421093478
1421093431
1437362438
1454373126
1453950982
921211959
1986568229
1986637877
1714065412
1714065408
3861811216
4114534449
4231938658
4231988962
4231859938
4235991778
4244388578
3181918946
2645047778
2645040338
2359825602
3433701570
3433702594
3433702593
3437808112
3429423584
3425228912
3442071600
3442112513
3476711681
3480907011
3344659730
3352942450
3352942579
3353053073
3487270800
3487285168
3489247152
2413411984
2413402864
2664995424
2656606752
3059259936
3061361185
3076238885
2803611173
2769912373
2753143365
2753225413
2753232293
2755315884
3833120932
3854354597
3785312471
3781040326
3776848966
3776847954
3845529698
3848741090
3857654242
4125767602
4122611346
3585739410
3518696082
3250068098
3249023618
3249023682
3244846786
3245008706
3253400834
1139463426
1135336787
1135148512
1135147424
1206417824
1198017952
1193919920
1177192320
1178243968
1195292224
1193783088
119847714
86027042
90221346
73526034
1156786962
1150697234
1150686482
1150161186
1150162401
1149899920
1086934144
1078577280
756112
84646320
118463120
101095104
1174843904
1175753232
1446289952
1446027808
1981851172
1986304293
2124711975
4273244270
4271212798
4270303486
3189173501
2534823124
2534802900
2503345908
2507548261
2511812199
2511812114
2543134210
2257856050
2259949346
2259944482
3266579490
3270782002
3271498754
3263121602
3323840643
3323512963
1175996563
1195072658
1144684418
1148857986
1152003778
1152073410
3299359314
3299371634
3303598946
3228080418
3244923186
3245054995
3286932481
3282801664
1386849328
1390978080
1382592736
1915256992
1915256992
1914393012
1913205420
1929917160
1930102376
818821673
1888369194
1352481050
1354512650
1086074122
1085071626
1085051146
1085243723
1101955976
3605697416
3597317772
3593386684
3593386652
3593452172
3593255615
3526121198
1378357998
1378361838
1382555886
1369972982
1353326742
1084895362
1084907650
1358619778
1358596290
1354402097
1890171168
1940433712
1927850240
1915268352
1982693376
1714323456
1713799472
1713816928
3995367392
4000605920
4008994401
4004541285
2931086324
2897564356
2892920516
2888466116
2888436292
2892569316
2900896485
2896701922
3030924450
4104860802
3567924354
3706332290
3697810594
1547176162
1551554626
1575660290
514502145
1051244288
921206784
908886224
841973888
640058496
656835728
606258592
607377057
609281709
1693509288
1688266472
1688266296
3886083592
3881889032
3844110600
3844167992
3844242984
3857085999
3852878382
3853370174
3853303930
3819762910
1651497166
1647204558
1647196238
1647196239
573519085
573317292
585380028
853873052
834011885
816973557
278006339
278014466
26552834
45383186
45393442
45916706
314487042
301629698
1358594243
343638144
343441840
339457972
808107652
1881844428
1613429308
1630525996
1642920744
1638722601
1739383865
1722601481
1718370315
1714177051
1048445994
1054759982
1050555494
2124296422
2120097987
2115903617
1595810176
1599763104
1608250016
3717984944
3569046144
3568833153
3568840338
3568839330
3568839078
3568838822
3564636326
3560441990
1564093574
1295656390
1546260998
485430806
480515606
212086327
212086561
208002400
254272980
238216580
167953793
167958403
235012086
234924838
240429862
129284910
95795486
79674655
1152292108
1153143164
1157145068
1142457828
1410043812
1409989249
3490364035
1884199618
1909295794
1939639970
1926661795
1914095297
1932940865
4029035009
1881614128
1881416993
1893737763
1621112098
1638351954
1656046658
1922519234
1922490434
1921511478
1384440871
1397550884
1360816676
1360808476
1394395676
1383713596
1388025892
1455064084
1455063044
1457164484
1448775808
1444589728
1427742880
3558465712
3558561156
3558475413
3562669733
3566928615
3499631142
3499631142
3499631150
3499635518
1368929546
1104813066
1096423434
1125828634
1394325578
1396418762
1396221066
1396473994
1377599674
1376555450
1108325866
3255795306
3255709226
3255707166
3259900430
3265143574
3267309863
3351060773
3315163412
3298418948
3298329908
3301481952
3305671904
3339226336
3322453169
3322523025
1191816083
1426832019
1409997442
1414192002
3561660290
4106927554
4237272162
4237140066
3180110947
3041699683
3037242977
3070815972
3070938852
3070906084
3075084004
3083611620
3083611365
3080654037
4070456518
4074646598
4066323542
4061412406
1929645366
1929842462
1883709198
1892099591
1887643397
1887659781
1887565589
1891932023
3502540775
3502542758
3503066038
3503065526
2446171046
2513419175
2546908903
2546921077
2681136757
2681103989
2664392293
2597613413
2614394341
2614386149
2572500439
2554805703
2550541766
2348952642
2349216850
2349216850
2353474642
2361863250
2361862210
2374445122
2374318290
2407873778
2277983442
2261172674
2256961987
2257027537
2256835553
2262086628
2254215140
2384238572
2401015292
2401162748
2367618300
2371775612
2354522221
2289379375
2285259070
2551367966
3646148430
3688080974
3670254286
3670184646
4274230262
4265644967
4261454245
3187713252
3187784932
3204623604
3171084500
2885840340
2886868980
2756841125
2767326887
2763132583
2778795687
2778730151
2812300182
3084937606
3076549766
3072535767
3072472311
4116841687
4116840957
4125167981
4125106479
4120929087
4259341086
4259340554
4250984714
4284609818
4284677146
4159887370
4160145418
4124563547
4116047945
4099275848
4095202568
4097230617
4097229369
4101165599
3564265998
3570622998
3587269158
3586200166
2546140918
2529560311
2529498871
2525265911
2525295991
2525361533
2525352253
2543105309
2513740828
2505352236
2501180461
2501233703
2484489222
2484477190
2618697542
2488669782
2492871286
2509578834
2543133250
3348959813
3332178756
3348889980
3353088236
3319543016
3294379176
3290134712
3290364344
3290405787
3558641034
3558120842
3558116810
3581183066
2662773786
2661458202
2661458235
2661474601
2665795881
2590273833
2591322409
2591453481
2580969323
2555846379
3092467339
3088273035
3087261323
3091246777
3141578489
3124801481
3124804937
3120601291
3120666811
3204644010
3154275498
3158451642
3158447498
3166836366
2625779374
2625846958
2643464046
2661289246
2531292166
2531386375
2263015437
2397298701
2398221341
2406861869
2406992173
2369149485
2356574783
2364996127
2362899999
2643975935
2547828671
2531050911
2522645661
2522854557
2522801340
2506024348
2485059468
2417941148
2424228540
2423770860
2422535717
2422514487
2959384855
2960498967
2968757559
3050551093
3084033813
3059127829
3059144212
3055015485
3056948797
3073719853
3073718893
3212065261
3204188333
2663123133
2680036492
2680041604
2646487172
2646499524
2646532292
2649743700
2280432933
2523696423
2523700518
2519510070
2520640534
3594480694
3594411062
3594394710
3594393798
1461062086
1465323223
1465732821
1474164417
3621762752
3584005824
3571159488
3564740848
2485756016
2485891408
2490024769
2489991697
2490054183
2489855526
2498244134
2498239022
2515015998
2510830686
2511879263
2511043661
2511008840
2544549320
2548809548
2540222044
3078141549
3073938031
3040457326
2769925102
2753147374
2686042606
2770223550
2803761566
2786465178
2790669819
2801088760
2796578936
2796611640
2813393928
2763370504
2767692040
2759238408
2755039769
2755057194
2755550826
2776452714
2776370794
2809922106
3077313310
3043766542
3052154907
3031380025
2494439464
2495489032
2428377096
2426280136
2447317192
3252435128
3286006201
3535559835
3539730586
3270246586
3324788970
3324985578
1195274602
1562257194
1562126906
1573411354
1569246010
1569296494
1569632494
1557045431
1545052311
1561635969
2097461376
1963239824
1996990864
1979882368
1912767873
1913835843
1919074339
4075077666
4075089954
4075070514
4066749698
4084571922
4046768914
4027894546
4095609795
4099812305
4242418677
4238293861
2027699061
2043952900
2071213316
2071408900
2071073072
435368737
414196513
412102455
411054022
415296966
146839942
197369238
1250341830
1250341319
1250865476
1317839140
3469533484
3460886828
3343611176
3301627160
3230584072
3230583048
3229927931
1082431658
1078245546
1091865770
1125417114
1393922186
1359384970
1359393434
1359385263
1371899501
3548691972
3553996301
3539446541
3271027469
3338070815
3335945534
3331726638
2257456430
2190214630
2194408639
2202807453
2149395844
2149457796
2151550596
2164131460
3233756800
3233571504
3233572769
3235671971
3227316130
3223111650
3222242258
3240002374
3541995974
3544163270
3527190478
3525095118
3529296606
1389218542
1456429678
3331275566
3465952538
3472240650
3396280330
1244602395
1244536859
1245586459
1247423497
198916364
165378316
165403916
157015308
151896348
135057788
134541692
134734332
151433660
188995004
172285357
239397295
507832751
508033438
491191694
474938766
483317134
484361614
351258078
351044910
351055150
1017949486
1034796069
1039129620
1013840948
942669108
942571324
942290460
941176364
940061228
940070445
999020141
982110183
982039958
983088262
989371526
981179526
1515894166
1514845574
1560982918
1544467846
1543946630
1545028054
1414861286
3570738022
3568771686
3501405166
3501400046
3232827870
3236956366
3223324814
3223333006
3240439182
3286700430
1134953423
1118257759
3282424357
3282346789
3287065381
3278679332
3261906212
3257245028
3262614996
3329675204
3327577796
3344326356
3342286565
3610519205
3610584743
3610665878
3614925190
3623149974
3618693542
3585126319
3518020269
1907407532
1910545068
1902369452
1931664060
1931661004
1914931148
1646625276
1646760300
1663545404
1651355677
1651355679
1651290138
1647161402
1647161386
1647303738
3794753594
3811194922
3848943658
3035237162
3031042570
3165195786
2628256266
2628268602
2645041707
2410160683
2393383723
2394435887
2264401007
2264665191
2254179559
2254244086
2271090886
2271099078
2237298887
2237390023
2237267415
2237197783
2220685719
2220677525
2220722581
2228722117
2245441997
2279062005
2264246757
2264246756
2549459428
2541199012
2487127700
2487129732
2485057156
2149541572
2149398260
2417765989
2421958695
2432464935
2444019750
2460994614
2460392454
2461443142
2465637574
2452985030
2469692582
2434059430
2416057491
2416061057
2416061136
2428709424
2424384016
2509318656
2274502144
2259816961
2394030610
2393178658
2410472034
2410455778
2376893410
2356445618
3692147075
3692274561
3691163524
3691162308
2080549572
2030217924
2046995412
1778554966
1849853974
1853063190
1852080134
1847898118
1848025206
1865850981
3963019748
3963080692
3963046628
3895794404
3899984612
3907262052
3903074853
3919847990
3919979286
3920048414
4172546350
4168352814
4164163678
4162201934
4166413258
4165331594
4223986314
4207193738
4198540939
4198610827
3661796283
3661797099
4198749801
4198557229
4207010605
4271034668
4273127460
4273061988
3202662628
4280795268
3156656260
3157704844
3157675935
3157465834
3161537066
3169856042
2628790842
2628790842
2494574106
2511614474
2511602570
2545729978
2545729961
2545714088
2649263756
2372467332
2368240260
2368420436
2368612900
2368612647
2381065254
2410155046
2410220578
2381122610
2357136386
3437225026
3436832130
3436815235
3428823971
3424555427
3292430467
3292430467
3224286401
1089321008
1105508384
1139058976
1113893664
1113976592
1109870080
1110377025
1194263491
1160643042
1144861158
1146937830
1155310919
1470012685
1455340300
1454283276
1391303196
1382850348
1915270956
4062753132
4062753192
4062753192
4080726440
4080685224
4078588088
3780788392
3772304876
3768113452
3768163101
3770395407
3770657039
3774655502
3829178430
3878989870
3996549182
3994472494
3994476590
3998576934
3998306678
3983889911
3833036759
3832969927
3840821955
3840887506
3837483730
3971579602
3971509618
3992478994
4017714194
4017782034
4018042163
4001322803
4001174385
3999011184
3997970896
4014744532
3947700956
4216267388
4191031912
4186775096
4186716728
4186732825
4186822922
3633088778
3638069578
3625487690
3627581790
3644428766
3678064845
3660214420
4264173732
3195675040
3198824864
2661943184
2679836288
2629312145
2633510626
2631413346
3705155110
3707250470
3703055398
3703063590
4227351558
3680035854
3674795086
3641428174
1493879806
1493887710
1494116942
1531932238
1540110094
1540104462
1540108318
1502556222
1485443131
1217024057
1288424537
1288223192
1288214972
1145604540
1414105493
1426819205
1376288903
1376288903
1379827911
1445892311
1445896417
3526271457
3526342625
4046438128
3027081968
3035400816
3032320624
3166550560
3164383776
2916936224
2925293153
2921084518
2853451110
2855534694
2855534702
3111190574
3094482958
3100779534
3096850186
2558798394
3632560683
3684465261
3667712716
2593689484
3673719964
3665535164
3659243676
3642406044
3625882756
3625878980
3693000644
1545512724
1566352180
2103239476
2086462212
2103344900
1964902676
1964644645
1968904677
2004552103
1996426646
1392312710
3556573582
1408750494
1406591918
1938072494
4068779374
4068779038
1922335807
1925156908
1928126508
1915511916
1982674172
1949175276
1948650172
1953893076
888543828
883956309
821045845
821046869
812655573
567296469
599900565
574677141
843112693
859877420
826519852
818066216
550674984
550538776
550799881
550799897
549947675
1640400922
1665577994
1645649994
1645646026
1645641866
1645643434
3813064362
3787894442
3787963022
3762658959
2685698701
2692010989
2707812716
2749719532
2749833964
2741445372
2724538021
2732852909
2749630383
2715813039
2715812095
2816479451
2778883083
2778916890
3852707866
3852580922
3839920138
3845163022
3845229582
3977752590
3976634383
4009926957
4014121253
4005743908
4005677552
3998574977
3864488337
2786523553
2809645985
2809514661
2807417525
3889683077
3813141189
3797245463
3799269143
3798213942
3798212662
3798339622
1650855982
1650851886
1676086334
1621494022
1622592327
1622604357
1620556356
1620884036
1616686660
3775694404
3809379012
3809399457
3775853217
3775820451
3776787107
3780908963
2700877219
2699892867
2695772290
2696833154
2696411282
2710895090
2744429062
2729815558
2729944582
2733942326
2791630375
2791630383
2938457391
2905017711
2904885613
2904754476
2904688700
2908895292
2950916124
2930108436
2931140628
2928982020
2928978180
2927929861
2919537190
2903411302
2753465958
2755563250
2754531282
2754535378
2754477554
2758572530
2766526706
2783303890
2817849555
2815949139
2815884099
2773937667
2774003217
2908024353
2910113317
2909063973
2909063988
2909063476
2942687540
2942818612
2808576308
2808576788
2808576788
2808577909
2783281013
2783729655
2766952406
2758563282
2758638994
2758768818
2758768818
2767157394
2767181970
2712598675
2729375875
2733046147
2724658625
2720464705
2720399137
2720329251
2741300771
2690936359
2690936551
2699329446
2699316654
2741783999
2741767615
2725058717
2725198013
2733537469
2729376125
2746080540
2712272653
2699620109
2687037199
2754210623
2754276134
2758527782
2892516758
2893636998
2893768070
2893706678
2910735798
2784381111
2812790967
2812532821
2795755783
2812407042
2808210946
2770527746
2753723938
2758037282
2783201571
2817280371
2934786129
2934856961
2934859008
2926503169
2934891793
2800727347
2813181217
2762971441
2892991297
2888665664
2889718324
2755525156
2755455524
2754406948
2754412324
2775375668
2775437109
2775568181
2783824759
2783763319
2783763446
2708273654
2708332030
2708299230
2708307358
2708438430
2708438462
2741861822
2741852606
2725075386
2725214363
2733602975
2733635807
2728917021
2745694476
2712141580
2699552269
2686969359
2686969391
2686969638
2753841126
2758544806
2892762514
2892831122
2892896402
2900768914
2913368210
2913401043
2947021073
2930113795
2930107139
2799985411
2774868529
2754032417
2686780261
2754871717
2692025780
2690975932
3773122748
3819436188
3802573004
3802576908
3803155468
3807150348
3794580012
3795362349
2721751597
2704974381
2704994861
2771961389
2909326959
2909327295
2943143831
2943110583
2909625782
2909756854
2909625526
2767026354
2767157426
2767091954
2767087954
2767120643
2783373569
2816993537
2934302993
2934426385
2925972225
2922827521
2922774321
2922704675
2940005671
2906446119
2909391151
2909391157
2850806133
2850814805
2850814805
2842291061
2875845493
2875784181
2875743221
2876070325
2943175095
2943179191
2943179158
2934790550
2934790582
2934929846
2934926838
2947507670
2951700950
2918130142
2917999071
2909090303
2758087037
2758082681
3764854013
3773184157
3773180045
3770034317
1689663629
1972779151
1989487759
1989419151
1448460686
1444315534
1446478630
1467261734
1969267494
1424011045
3579947796
3581143300
3748866820
2672966420
2605849396
2312511012
2308309540
2308375351
2291933494
2291949926
2293797350
2310570406
2313781654
2297148294
2305402758
2305403278
2301340638
2569771823
2670365231
2671430175
2671667727
2684248589
2646540812
2512126508
2512126572
2515272429
2506884839
2536275879
2537417895
2550134951
2545916071
2545916055
2545793927
2541525639
3073149639
3073219191
2804660839
2938809127
2943002919
2880089125
2863385719
2859059206
2854811654
2871556151
2871674919
2838132774
2821646390
2830030101
2829501012
3902272068
3905217100
3909411405
3909411451
3926286314
3993389482
3998615722
4008511674
3870165130
2796427403
2800116872
2783408264
2892485000
2892423928
2900812328
2896486953
2896225838
2896211494
2812591654
2795806502
2934737702
2926348582
2938865942
2905274629
2888493828
2888493828
2888724228
2888724341
2888572903
2892762022
2917927334
2913733046
2913540534
2913548438
2913560726
2846386326
2846424086
2850610198
2850680070
2850728199
2842405639
2838031125
2838022965
2838202660
2838137124
2875898172
2885331228
2885397260
2876877580
2872617500
2872695356
2872822572
2871708460
2871774060
2943076732
2909752701
2775537021
2775544317
2758767101
2758767103
2775547895
2817358839
2800581111
2800613879
2800539767
2800605271
2800670791
2817455431
2758734599
2758734343
2758799974
2892822118
2892824422
2892815206
2766952958
2783795710
2901375478
2892970482
2892839411
2892839411
2892970449
2918152689
2934929649
2934831216
2930702400
2930686016
4008622081
4000233473
4012816385
3962419489
2888629025
2888687201
2754469479
2758598375
2691497639
2699844262
2699844534
2708265918
2716203454
2716203422
2749749662
2749757854
2749888990
2749888862
2741496127
2741496127
2741496125
2741369661
2741362492
2741358396
2741358396
2741362492
2741894972
2725051164
2725116188
2725108025
2725239097
2809125211
2775579099
2775579099
2758802907
2758802905
2774916601
2774916477
2774916477
2774924093
2816997693
2942691647
2909142335
2909142399
2909623807
2909754879
2909754815
2892977591
2892330423
2900721079
2900851095
2900588951
2900589974
2901638614
2901632454
2918344134
2893178310
2893184326
2893225298
2893101426
2893097202
3992141010
3987868882
3987867074
3987870146
3992150466
4258488786
4258488818
4241711603
4257444339
4253225427
4258346451
4283772369
4283776497
4285872625
4252441073
4260846065
3719777601
1605487875
1588716803
1592910593
1584784177
1580692257
1580684081
1580683569
1584877616
2146897968
2046230549
2029978639
1484721486
1484724698
1484733370
1492982426
1491864474
2024591258
2024326586
2024313258
2041090234
2042142907
2075762872
2063311096
1513808088
1513754844
3661239532
3661244396
3676972780
3651798637
3651863117
3634889229
3634913852
2292736812
2292769068
2292798524
2292798517
3370868013
3379187567
3412725358
2330599134
2322300622
2322587614
2317852158
2385874414
2652145102
2652149070
3737428558
3733299742
3733434943
3202266663
3193937701
3191441701
3190458657
2938804481
2888473857
2754250497
2754249473
2754532161
2888811489
2888582049
2888565153
2888569252
2892764580
3974896036
3970767860
3987290900
3886754309
4138412807
4142411010
1927816194
1927807026
1386938386
1403650115
1407844417
1366163456
1349386496
276631840
278143268
1350837540
1350837309
1350851647
277663087
281839086
282040286
1347401418
1347262154
1343067802
1343067806
1359984542
1393472926
1930080702
1934287038
1993074110
1989010846
1989111774
1921919580
1925589596
1918316412
1913921900
1395929576
288428264
273744040
282071260
282087885
282119541
13929781
22522133
56011013
39234565
39230471
67013702
1136561346
1404994770
1472050402
1442620642
1367122406
1396679015
4080984917
4047422021
1899971157
4051453669
4051447533
3791400557
3772538733
3772534633
3791439161
3791442201
3783049481
4085010697
4085085979
3011406650
3009293098
2455710506
2463960874
2459764538
2459763674
2476560795
2476569001
2478368172
2478341548
2205698492
2200688796
2452290716
3527075021
3542786063
4046102542
4046169150
1898817838
1932306734
1648138526
1648134414
1646038031
1646249231
572409119
572396847
589178671
538914607
543113055
550442911
546117535
546051743
546047631
546046619
546050746
546050746
814494682
277619466
282923786
16772875
16771851
16624153
14457657
31230921
31229833
31293837
22446477
7766479
73846863
74866751
74866727
74720559
74720559
206843151
525749515
242666763
250987866
242529754
175412698
175408538
175408538
1247130554
1255514858
1255646954
1256105723
1323235035
1342109403
1308489403
1568536507
1417367995
1417302202
1417302202
1358590107
1358655677
1358487788
1356357740
1348001836
1360585005
1360651071
3491492382
3491354134
3495448182
3498594022
3498657526
3230290422
3230298590
3247071567
3332006153
3333955848
3338154296
3329754408
3324513320
1177033768
1177034008
1462443272
1428946696
338409224
879335240
879265737
1961657817
1710000025
1743618969
1718522585
1714336473
3861820121
3861816025
3996050171
3996021738
4012799466
3983310058
3974921450
3970194666
3970233546
3970360523
3836145865
3840331977
1617359064
1629892760
1629893832
1629895900
1629960364
560413101
602225583
581383838
581374606
581243534
582242958
580170430
579642030
596415342
562859071
545888285
547072028
544925704
557459480
859450424
1916404009
1983513131
1996096234
2008744682
1973944986
1421371082
1421404874
1436064458
1306237902
1340013007
1323232717
1247700301
1260266572
1226183804
152446012
135406868
139596036
410190789
416367541
407957927
490791334
490776494
524336046
524532670
1044625806
1984149902
1984148878
1993454046
1990308847
1923199597
4091908653
4049961517
4045903421
4029134645
4096259365
4112971045
4117131573
4125511989
3035694389
3035632949
3035706677
2498901813
2498901845
3706918869
3706917831
3706917319
3706913223
3723559031
3755999279
1457530159
1457532191
1449229647
1445166537
1445121481
1445367211
1446093243
1987092891
2003862458
1970308074
1953530410
4101018158
4101153327
3832718909
4095927836
4230137404
3174256252
3174060028
3207609852
3209702588
3201381564
3197251773
3197247679
2660315390
2677018878
2645561454
2649759790
2648794166
2506259478
2514668550
2514635798
3622263895
3613750727
3609686917
3592835717
3592831621
1446404741
1444405919
1448187391
4134648878
4141984814
4141918250
4276136218
4016090633
3978540552
3961688584
3961950744
3962982968
4231463208
3158114408
3162308841
3170831595
4240378026
4257167610
3736873434
3736873418
1453598922
1185158346
1189363914
1189511306
1181130938
1445372090
3592855994
3710038686
3693249230
3693314655
3697644079
3697602093
3697551917
3698076205
3706460269
3706460397
3703315693
2629633199
2633961631
3697090765
3692880141
3696550669
3707020045
3719799564
3752245020
3752245052
3756957484
3745353581
3709390573
3709456061
3709591257
3709564619
4258883546
4192036218
2080334970
2071876830
2034156750
2034226382
2032002462
2015355326
2019533758
2018370559
2018309751
2035078695
2078078502
2061362742
4208878082
3663606530
3661500690
3678208102
3648590055
3707392175
3701364109
3701394317
3720268425
3757935241
3732179691
3732193259
3731154282
3731153210
4267995162
4268114011
3731751163
3597538539
3723373739
3706596763
3707715467
1559574410
1557410746
1557410731
1557406699
1425023467
1425039867
1424029087
1424018877
1424001453
1440778685
1457757084
1449373644
1449240540
1981849980
1981849645
1982050349
1981984813
1981976605
1998770189
1965218829
1952635165
1969412925
1978784557
2012274473
2012339465
1987572745
2004800525
2000602332
1964955052
4116436908
4099626684
4108022428
4108268172
4041152148
4042606308
4042555236
4053820709
4087374885
4070596631
4070699014
4074950678
4091723830
4101193774
1949368622
1949303610
1947407882
1947348490
1951541770
2010192395
1452284427
1586522634
1590716682
1592849418
1592836106
1449246731
1449558139
1449566633
1449567148
3613827740
3580265092
3559360132
3559245460
2486498980
2486202084
2490379812
2497717796
2493522725
2493521959
2627743782
2627993646
2628059198
2628059262
2623829050
3693403434
3693398298
3711342858
3742542090
1578281226
1578344206
1577158414
1577108286
1578488186
1582748122
1582747850
1591132366
1610531039
1610465723
2111693227
2111694777
2111598521
1951686072
1951681961
1964834217
1969087675
1968693498
2111295578
2107097114
2107633690
4257079354
4261274667
3724502057
3699342392
3695123768
3695120252
3695118077
3699312349
3703461535
3703494302
3753825934
3736983238
3740063430
3731674838
3727451878
3743770342
3748079206
3747947495
3757314533
3757052149
3740283045
3738198176
1581343920
1581511808
1581445248
1577251008
1561505984
1544721728
1546814721
2083622197
2087758116
2087758628
4252215812
4285701636
4268920340
4266888740
2924516900
2790307372
2798695980
2798696236
2801125164
2809579324
2776024588
2771318276
2909631029
2909557287
2892780134
2892780518
2834043366
2833518766
2833514686
2833532094
2833468638
2834455758
3897714766
3897747535
3896633695
3896635263
3921925983
3921826127
3921891791
3913617663
3913552111
4181991913
4165280232
4173740008
4240842744
4240906968
1553415880
1555504712
1421150024
1151600457
1151598923
1084511579
1088804218
1080489322
1081255274
1093838302
305377742
304582862
304578698
304514186
304518334
842437806
1916249258
1983226090
1999941882
1970573370
1954001194
1953935658
4234666287
4230342447
4230243877
3160899108
3170258468
3099003428
3096779348
3114020420
3151769092
3143181829
3145414229
3153810981
3149418277
3115896612
3115896628
3099127364
3103319620
2558060100
2553935460
3158038244
3173631909
3177760167
3177759974
3085667574
3085864342
3085875598
3077565342
3073175230
3073165022
3039707854
3039175630
3043369438
3043243134
3085175870
3068463166
4142356510
4142295046
4142327878
4143901767
1996395591
1985904711
2002763861
1998381157
1964892257
1964957793
1967026289
1970946129
1954483537
1971259856
1977441120
2006833761
2006833781
1990065735
1994188615
1985864007
1981780022
2115997734
2136993846
4286574615
4248789343
4231999869
4236187501
3699185389
3707569900
3702855412
3702863572
3702863573
3702798039
3434100471
3438290934
3438292294
3463658822
3463597382
1324502342
1324565846
1324470647
1316016423
1316020581
1295245637
1278402884
1278391621
1276348757
1276221799
1297148135
1330702438
1313928278
1179762758
1196671058
1163313395
1148645841
1148629456
1417065456
1417130672
3581383312
3581253252
3623212756
3621123812
3621054061
3612632879
3614712106
3614707770
3614769178
3622175770
3622175802
3617985594
3584373851
1441011033
1441011033
1550078920
1550119880
1551233992
1551365081
1559749609
1559732651
1568072123
1467404682
1462223242
1462092186
1432737210
1432876522
1357377006
1357229550
1399107070
1382329822
1378346190
1378275535
3525754959
3525459999
3261268005
3270779173
2209620773
2159489573
2159490597
2159361573
2157198885
2157198897
2161904947
2160921907
2160921891
2160856354
2160859430
2160859958
2177633110
2177649526
2169264502
2202884471
2203015543
2203023703
2211412293
2177726789
2177726837
2169338213
2165135717
2165274997
2165274965
2169469253
2177759557
2177759588
2177760100
2177760101
2177760117
2177760085
2177760119
2177760247
2177760231
2177760230
2178809318
2178809335
2155740663
2154690517
2154657621
2155689813
2155820375
2155820375
2153657719
2164141431
2164210006
2164066646
2155616598
2155698515
2155837763
3229546818
3223240002
3223237954
3223236946
3240014162
3256791362
3258888259
3258889281
3258891329
3257841729
2251225923
2251176530
2252225250
2399025890
2392603298
2677554082
2660776354
2392340658
2394437765
3463985284
3458742404
3458824324
1311467652
1312450692
1329228164
221932420
221932247
221801206
220752758
220752726
225016135
225179975
208271703
141162807
136960279
136968471
157940022
157940022
459929910
460904502
460904502
427391286
427456790
410680086
408574807
416898039
416840695
416873463
416938967
416930709
416938901
408550325
427359157
427359141
460913573
528021925
494533045
500922845
500922845
349927901
349911519
341522941
274283005
274274813
274275327
827923327
828054303
827923231
836508439
836504341
836504373
836569396
811419956
811551028
824138037
824006965
557611317
561793333
627964279
627964279
627964279
627964279
627964279
627947895
896383351
896384439
359511478
393065918
393064894
393066430
1449506750
1457897406
1453702078
1453701822
3735403262
3735468654
3739662895
3748047383
3714244101
4167228933
4162998021
4164111380
2016500788
2014329892
2014325796
2013275185
2013340690
2013410610
2025987682
948047458
964693586
964700738
998256195
461385296
465649136
457309424
419484912
419545296
419688640
453177536
457371860
440529276
440512888
440661880
1531149144
1480817624
1489205720
1484970424
1484970377
1484835211
1485884810
1506853370
1532146170
1515368826
1511170410
3658654574
4194411390
4194345310
4198544239
4198539885
4223705644
4173525612
3091362396
3091600120
3087930088
3155691496
3161983208
3152611577
3149785291
3149785098
3149703178
3136661770
3145113098
3206710810
3206709770
3208020494
3208544847
2939863780
2906186212
2851660256
2830680544
2829731779
2829723330
2825594562
2837980770
2837985250
2838234338
2841903202
2846097525
2829336660
2847326220
3114202124
3113201484
3117197948
3104619116
3104615016
3105524585
2870921691
2860417226
2868281419
2868363358
2857484526
2857418990
2869977302
3087163618
3087140834
3091599058
3099990738
3100056258
3116841666
3151309506
3218434754
3201686998
3197486550
3197227462
2659250631
2659246548
2663408996
2654999844
2651062564
2652832036
3726245932
4265234477
4269457467
4260032586
4243252426
2091625931
2091489736
2096732568
2084100520
2084109800
4248333816
4282371560
4286504424
4021721064
3987911656
3987972681
3975389771
3964830222
2886898238
3960726078
3960563302
3977260774
3977264870
3966766754
3966767010
3908048306
3922723970
2056326339
2055220241
2056352816
2056451072
2056430592
1523819520
1515430912
1494400000
3625375744
3627960768
3699002016
3703196324
3703266980
3736610469
3736609445
3740803494
3732431022
3613941902
3559548106
3559549130
4096444442
4096764698
4096764442
1953081914
1962452490
2012783115
1993909001
1985536104
2115506281
4279897325
4229570029
4229569021
3696888733
3701082831
3700952783
3701221071
3703334878
3652559342
3683951614
3667170118
3666125670
3670517030
3661859110
3658725398
3659003959
3658926119
3659451701
3661297413
3661292039
3648705093
4177167044
3103360660
3102247572
3102256020
3102259700
3102324772
3103372324
3103387684
3162071101
3157794861
3174563887
3208187375
3174697382
3168418710
4238031490
3634047938
3634048962
3634045506
3638223426
3376054851
3392832000
3392844288
3660168720
3664284448
3672676704
3673729121
4206405734
4208635094
4200243334
4279939206
4246376582
3174728838
3157968258
3158230706
3162314402
3036422754
3027513890
3026461218
3030656545
3030677280
2762821408
3031260672
3031227904
3052193348
3074197204
2518283936
2652501671
3189259430
3191610534
3191605414
3124562162
4202567890
4210965570
4223544322
1505109762
1555113571
1559246498
1548760738
2080393138
2097208754
2000727459
1740680359
1723907223
1715707095
1711520854
1711455510
1712586518
638676534
655429158
626462502
618005799
612577573
880881972
1015087380
1015087956
1015235148
482461388
482388676
474000324
524401109
507754709
1044560069
906137804
906137804
1979875533
1980137965
1980211941
4148602597
4115119780
4031565476
4039918252
4039901908
4035576332
4036624905
1354371625
1353196330
3571983658
3563596842
3559479339
3559823385
4113467400
4134307848
3874261960
3874393736
3874456217
3874001594
3865612970
3861426922
4130992874
3074040558
3072991974
3056216962
3060345249
4138219680
4138207392
4138388608
4138398848
4155171265
4125786883
4125655843
4100502307
4096319783
4230553878
4230621446
4163504134
2016086054
2028484838
2024552678
2040793238
2057503878
2057458054
1521668998
1523692183
1514185429
1509991013
1510007596
1497394476
1480685869
1480800303
1556240430
1573013566
1591101766
1457472454
1448854478
1450885519
1446690949
1580921013
1597760676
1547431077
1551595941
1557748391
1557748463
1557935679
1557406271
1559261742
1574990126
2146459695
2112906543
2110876959
2109798671
2109860367
1036155421
1027816028
889265788
889264109
872493477
872493493
805318837
541065447
566247542
562282526
869457934
869458959
868412683
834776955
834706281
834964329
835029321
860260616
843556872
910535705
1984408617
1984336953
1980153881
2114273499
2114257067
2080780975
2022060719
2022056623
1485190823
1486110375
1486106343
3629133159
3373321255
3373501447
3406146567
3674516481
3670326529
3666722160
3666786272
3666523872
3414867697
2346311378
2304397170
2356808994
2351565858
2351629346
3291022370
3295286386
3299503554
3316314049
3467283328
3471346624
3324808688
3325867104
2518196256
2538119205
2492047413
2626329645
2626402669
2631445484
3109587692
3124398812
3122304589
3126523599
3125667534
3125601950
3125603822
3121404014
2837040230
2820590790
2820596802
2824839442
2833101347
2828894752
2832843284
2874794500
2856218116
2923105860
2922908068
2921859237
2934442150
3215531198
3216646286
4290388126
4256768213
4254859276
4259266572
4259179580
4259117336
3705269000
1557850632
1549434376
1545208331
1547174526
1547174894
1547182318
3696782574
4237027566
4236949758
4236949702
4288318918
4271539911
4278162064
4210922144
4199871136
4194591392
4194575008
3120562848
3120571808
3124767906
3128973490
4203862258
4203928658
4203912194
3670191106
3678514434
1497685266
1493653554
1493567522
1495148578
1530529842
1517945858
1526337602
1522143682
1522205122
1241055618
1215903698
1215900386
1215834722
1224223330
1220029154
1303979667
1336668801
1319732096
1319666048
1323926656
1328258224
1294706848
1546234016
3693980836
3714885092
3714359588
4269113644
4268851500
4268859692
4268876844
4268989736
4294084904
3216214827
3214118714
3176185838
3170957230
3171206062
3171337150
3154571966
2891343518
2916493191
3185000325
3176410564
3176410564
3184798564
3170307877
2628992805
2628858677
2627744533
2628006677
2645914133
2643776015
2677843534
2660019182
2664208558
2651621550
3054078126
3072034958
3072230798
3072233869
2772337037
2704720293
2704597415
2704598502
2771845090
2708885090
2784448018
2783206930
2783211026
2783208978
2783438387
2783379249
2816986416
2800011312
2800011280
2791627792
2792815632
2721506304
2719376403
2736157810
2702662882
3759542242
3774221986
3770027698
3770107539
3784603280
3784598160
3784597968
4049367252
4045161684
4045298788
4047403300
4051577124
4051642676
4051450132
3581688832
3573300288
3567134032
3566605648
3566600960
3298103824
2224363056
2241148464
2274653744
2257874448
2257874481
2262073187
2252625890
2252621794
2269632434
2236012434
3301361554
3301300146
3292849122
3292832754
3288703426
3556946242
3573723394
3607344918
3591421734
3590438694
4127436342
4131567110
4148348487
4110893645
1946419965
1946428076
1946429356
1946496428
1950824604
1975912604
1468467356
377558205
378609823
1454399567
1184952334
1197506878
1159767854
1142991406
3290556966
3424873014
3451058710
3465725726
3464921102
2660139214
2660806829
2677575844
2625144228
2619903876
2620107396
2620107396
2620041925
3173706694
3208309110
2923358502
2793327654
2794959922
2796924982
2796859412
2796855348
2926878740
2922164484
2939011700
2905490092
2905481900
2888708780
2892763823
2900887486
2896697790
2896705725
2913544445
3182127181
3081398285
3060460613
3056263621
3060462533
3060503207
3015299751
2750997159
2706948775
2705277573
2704953925
3777626637
3777824301
3844876843
3882625834
3891017770
3853260922
1705773258
1621361802
1625620618
552665290
552669226
550510635
550576171
567418927
835903493
566403333
566264149
1640007044
1673826205
1666026397
1649326735
1657715342
4060527246
4060544654
4061558430
4061537974
4080411558
4092862694
4055106791
4037477437
4037417997
3517856780
3555616772
3538872324
3538790676
3535580452
3533223205
3537403941
2455601205
2988343381
2971566213
2956887445
3022954119
3027233411
3035589267
3035572902
3035445990
2497986086
2497976102
2497982487
2498043927
2493915187
2226004001
2242842677
2242383885
2246574349
2171078473
2167020169
2217356169
3291097483
3291101578
3290962074
3290957978
3307998346
3328184459
3328315851
3329421595
2251469609
2253431597
2261820207
2391843631
2390795046
2390795558
2390856738
2390851682
2387706082
2401616018
2368721047
2351886847
2351855565
2356046413
2364467725
2364529165
2364316205
2373761837
2407315759
2390528267
2399109131
2397999115
2398023727
2389078319
2405773605
2372155237
2381594213
2364815981
2377394797
2381584973
2381581133
2372148559
2372213119
2414229615
2414295151
2414164094
2388932958
2388990303
2389129567
2330344319
2330345343
2330820447
2330771407
2347540431
2305662919
2288762823
2288696263
2305473271
2385099491
2385035235
2385023475
3459993795
3457818819
3474595970
3424265378
3424258210
3436841362
2224687746
2224687810
2223839811
2275200517
2258407941
2260509477
2260508965
2393678117
2397872429
