3034268157
3034141181
3050951133
3218657759
3218658815
3201881582
3193699710
3189440350
3191533391
3191500127
3195633023
3220981119
4261234045
4261303645
4236146509
4252918089
4260984185
4292369517
4292369519
3747175550
3747183710
1561949398
1545285830
1545474246
1549672838
1558074022
1553986213
3701470900
3751796372
3739082436
3730624068
2654783269
2654789933
2673614891
2648637466
2631545914
2627353914
2627345194
2627422830
2633551470
2633549406
2633540173
2650317772
2683872204
2675487708
2671294204
2671417084
2637874932
2621077413
2618889639
4233706662
4235738342
4252507382
3212409942
3204087046
3199915270
3199919878
3199960583
3199832631
3203969591
3193483815
3206083429
3172520429
3176809965
3162143981
3162200301
3162077405
3179018573
3187339087
3187338831
3219113551
3067926143
3067926509
3067892205
3084669437
3076473309
3042857437
3042932221
3026157039
4099927534
4116708862
4116569558
4150056390
4145870278
4128633166
4128756046
4132894175
4267111919
4292339183
3217555453
3183998685
3185534669
4233978589
4233982719
4233909231
4233892203
4259065915
4259064891
4292683833
4267653145
4269676569
4278131993
3757921561
3757920521
3718071049
3571401307
3561714411
3561584366
3561512942
3561545598
3571176798
4107989318
4040880198
4031373430
4031291630
4027363503
4027421887
4031634877
4031564220
4039429052
4039397304
4056305368
4056299480
4090898296
3018864424
2465546027
2457156906
2457086266
2522103050
2522088714
2522611978
2543731002
2510213422
2492375343
2626462316
2357761780
2363000532
2373486276
2402006676
2403002020
2386191780
2658821351
2657840366
2666220718
2675624078
2675628174
2673600654
2639916442
3175870362
4249482907
4229519001
4229445256
4230493900
2083006076
2083136812
2087592237
2091192366
2091143182
2107957262
2142544910
2140511247
4288649244
4271881020
4277778972
4269325852
4265121292
3190456860
3190460973
3190457901
2926560813
2793195311
2944398653
2910676317
2908706141
2908356685
2891583581
2891658301
2916688939
2918788139
4026087739
4294523163
4294459146
4292367962
4292362970
4291384286
4258001374
4257997278
4124767454
4124820734
4124952062
4116566398
4116673293
4115608332
4094501688
4098368296
4098371944
1883839912
1892485560
1892485304
1888295096
1905072283
1939626122
1926545546
856981642
857120922
1932960234
1931915562
1902420778
1902421806
1936502590
1932373790
1932438798
4079940887
4117679413
3589991733
3589950772
3589951252
3724107540
3757602097
3732436273
3732500785
3728437507
3745141203
3744092659
3714729875
3707457409
3707461249
3702218624
3707330432
3707297764
3589865444
2509827429
2509894975
2509997334
2545648918
2549724470
3078141222
3073947430
3074135862
3074151998
3038496318
3042657823
3042659933
4116258653
4116200957
4116266493
4116264173
4116264109
4148786367
4157175263
4157200333
4140431045
4157142725
4148729541
4144596805
4111127893
4115326047
3051285534
3051285822
3051355006
3084701310
3076316798
3072130687
3072129021
3076314605
3084670204
3084735740
3084850428
3086882268
3078495692
2541366604
2549818708
2547610981
2543351141
2543383023
2543448575
2547904991
2514335198
2505873406
2485116638
2484010702
2484010718
3020939262
3025001982
3026056446
3051152638
3084776574
3221214335
3221157215
3210671373
3210736909
3042824479
3042563391
3044669231
3042571823
3176758895
3177045759
3177045727
3185377247
3185336189
3185331541
2514439429
2547930885
2682152725
2648662821
2648535333
2644328757
2644332853
2579321893
2583185703
2574797159
2603108723
2603112787
2603276611
3660250435
3664695297
3669880881
3667783729
3663523891
2584502371
2567726323
2618193395
2618195379
2631585427
3032207025
3032079029
3032070837
3032268453
3053235877
2805772013
2789195279
2789129742
2923408702
2922966062
2939747374
2889419806
2889485518
2887650694
2891849398
2899721895
2895257251
2828013219
2843770499
2860576195
2860821507
2862065681
3132536881
3131943955
3127700482
3123213366
3123314726
3141140518
3105490278
3101295990
2560231903
2562210781
2562206157
2583177549
2346400013
2346343693
2342187869
2342515549
2610725741
2598143853
2591854447
2589956351
2585704567
2585716837
2585787493
2585752661
2585686084
2567839812
2551062724
2563647172
2559516388
2559516389
2290965221
2359040741
2359040621
2365344365
2369538909
2306801485
2340349773
2348738517
2331833831
2599980262
2591590566
3660159158
3660093606
3661142198
3678309574
3625891014
4162249927
4161265749
4160845092
3091217956
3095412261
2558533157
2575309373
2575375903
2642492991
2375301743
2245267055
2239499759
2239698173
2248094877
2164207772
2164210844
2164206748
2164095132
2155633084
2155662316
2168245244
2201935437
2189358606
2189289006
2264711982
2264784174
2264792382
2197388350
2214131182
2180568494
2221654926
2221589133
2221662856
2221433480
2217235896
2234109096
2234113256
2167138345
2167072777
2200627208
2204854536
2192144664
2192276280
2259317272
2259309064
2276344636
2277262125
2280976687
2281030702
2262293630
2262629742
2256313838
2256309246
2256505822
2273221582
2271149007
2237590343
2237529973
2220687205
2220719733
2220764741
2220764676
2220834612
2227965220
2229012516
2245793828
2245802029
2245793853
2231179357
2231360607
2231352799
2247998879
2246884799
2238484415
2171374527
2171444151
2171517845
2171517844
2167319188
2235414228
2235535956
2233381461
2535367191
2539562278
2533133346
2533133346
2523696162
2519501842
2519647234
2536166402
2637882434
2637884739
2625206625
2625259985
2624211904
2649444032
2645251776
2678682324
2661823460
2666013156
2541232613
2507682021
2499678677
2231243207
2495545847
2495367150
2499604454
2499603447
2490362711
2490366805
2217581333
2486996757
2503853829
2520761095
2524635910
2533024086
2663117282
2662916514
2662909090
2667138182
2658757830
2389207110
2401773575
2406033453
2372544813
2380930861
2380926477
2411333135
2411273742
2411216414
2415406638
2415398190
2281376830
2248088670
2248094814
2247963998
2247916893
2246868300
2280415052
2280442700
2280512508
2280635884
2406465004
2406465012
2382345397
2382345397
2239607205
2273087911
2273153959
2269090807
2252257239
2654906709
2671699989
2671667217
2638096401
2638092305
2621315329
2357073671
2231308807
2243891718
2243891766
2277184099
2411221859
2411255267
2411257319
2414656981
2372713437
2372786940
2235554396
2235447900
2218666524
2233411900
2237541436
2245932092
2275226669
2275161197
2415660159
2247937406
2248006110
2247072734
2238552798
2238552830
2238554110
2273296382
2281684478
2281549311
2273176799
2273172703
2273302749
2273271261
2273205629
2271100285
2237545311
2237606751
2237611871
2246000479
2229222751
2229097855
2228507135
2228613535
2161963423
2155655615
2155643819
2154596267
2154667963
2150611867
2150611355
2151524863
2168436749
2168379405
2201905420
2203983116
2212371996
2281584148
2277388852
2260603685
2260468005
2259419191
2259501078
2259440934
2263637862
2280410726
2373966430
2373909326
2382293326
2382359903
2382167423
2382159231
2381110655
2406276479
2406341983
2406473567
2372894687
2372894207
2372894205
2381282805
2381273556
2381184468
2372795860
2372779476
2373959125
2407448022
2407509494
2407377382
2407054310
2389232630
2385074902
2402966087
2402975493
2407197957
2379932933
2375803925
2291789175
2298273126
2298268390
2289830630
2284325486
2284396126
2284532558
2289705342
2289770734
2306367722
2314793163
2348329096
2348329096
2331556232
2322176456
2389412824
2385153992
2389345608
2256183608
2281341225
2281427307
2281366879
2281434493
2239257453
2235304813
2235304829
2235506493
2239641405
2248024351
2275287311
2277335390
2277274990
2281491950
2273103334
2239595998
2222888399
2220798351
2229182877
2229117885
2220668861
2220400573
2218299309
2218495933
2486869983
2487154639
2503926734
2503894862
2541712671
2541518141
2533128253
2532841532
2541295676
2541360188
2516209932
2512118605
2511987423
2243556078
2247676590
2239284910
2272839590
2268747734
2239635910
2222858566
2220826967
2220696631
2220702769
2220768257
2222881797
2222914884
2239690052
2264831940
2260633541
2260700869
2264702693
2256322287
2252123759
2252138351
2256463631
2667503902
2533351726
2533155886
2541539374
2541338998
2507850054
2516251078
2514150359
2509824943
2514024365
2507997101
2503793581
2503953341
2503887837
2503875021
2503884045
2508139788
2516395020
2547852316
2275353660
2279543100
2275295540
2241807156
2241585685
2377704246
2377701222
2415676902
2368474342
2368539894
2368347350
2369666502
2352885190
2350788558
2354851534
2358011599
2374813388
2408358604
2391581388
2391581468
2391586620
2396823340
2264844589
2264844589
2263738667
2255244079
2256523019
2256462603
2273239819
2281697563
2277495097
2277299565
2281490925
2271792125
2267597789
2235259357
2235202781
2239390941
2281333983
2277106815
2281239806
2239288830
2239251966
2168408030
2206095318
2206104982
2203741334
2165861554
2216224994
2216221922
3290074307
3290073537
3294277440
3298471424
2241502720
2260442624
2259523088
2258933264
2254754336
2657415969
2658189607
2664677854
2676221150
2642472430
2646890990
2215922686
2218084958
2487110238
2503933710
2550064462
2545934415
2528948701
2528937452
2533134060
2252131068
2252147324
2252225148
2266900788
2271095093
2245930039
2224954423
2226854967
2226656278
2226656278
2359840118
2364067191
2364067319
2381093365
2406284245
2406284245
2406234997
2402098045
2372876671
2372810815
2382243903
2381982847
2365090943
2380844255
2380828125
2381094365
2406326237
2406325213
2389555932
2389310205
2385107709
2401991295
2406103935
2372544830
2355768638
2365209886
2364087358
2380823615
2246892669
2246872285
2280426957
2272107916
2272245661
2272114365
2372908717
2372843191
2368648887
2638196406
2638200726
2637610390
2671160790
2671224054
3208098902
3208029262
3174491215
3174460749
3174443357
3161852268
3170306428
3187612508
2684174093
2684171021
2545759007
2545693486
2512138542
2512134510
2243718510
2247940478
2239547742
2269023566
2269030222
2254348870
2522784327
2539631191
2539161205
2237189877
2232961908
2233080164
2233083924
2235181060
2235448324
2281583620
2277380116
2276851765
2241085733
2241122791
2241110950
2245830574
2245823934
2237435326
2269089214
2252246430
2269048206
2503927183
2503931787
2505758667
3562727131
3571048155
3564756731
3577339611
3577274331
3577274318
3610830302
3615352286
3621713374
3604903326
3596505598
3596571134
3621716478
3590263159
3573364023
3573359927
3303814454
3303882038
3236904214
3232115974
3248889094
3287680343
3287614837
3262399957
3258213845
3258213749
3258219839
3256110910
3277082430
3281289006
3280217902
3280736558
3280949614
2274259439
2279601325
2271007900
2271003788
2266792076
3340599772
3242103580
3225334540
3229541897
3237801593
1081895657
1079275179
1343647417
1360458121
1359397001
1359462537
1363461209
1406438715
1408543546
1391962906
3529944842
3529942810
3539440410
3539452410
3616981931
3616994219
3587564201
2513756905
2505336575
2505336575
2534799343
2534905199
3075965999
3075834911
3084231693
3084363020
4120295176
4153849400
4158632744
4135407916
4147970109
4146921519
4046258222
1882063914
1886259242
1891506506
817765067
817511113
280574664
335034056
310170329
310153707
1381798123
1926017258
1942795370
1938593898
1938655338
4136606074
3603872202
3595497422
3725469518
2651730558
2669544302
2355046190
2291541806
2291541310
2559841549
2558846220
2290394372
2291447556
2643755588
2684125940
2674689700
2536081061
2653658790
2670451110
2670393510
2636806310
2636789942
3161073862
3170774215
3187551685
2648534340
2682021204
2665276644
2660553956
2659700981
2663899605
2655379959
2667681126
2634188670
3171061534
3175284494
3183865118
3184852286
3176455551
3176648027
3155580363
3155654361
3159713513
3168102120
3166988008
3179567080
3184543192
3176158408
3041940937
2505200987
2505201646
2513600238
2681303022
2660298238
2664496382
2664483966
3193146454
3212219398
3178669318
3161896711
3161953813
3157653013
3155557973
3155652068
3088395493
3105109221
3138392292
3142582508
3151171836
3146920412
3113447005
3112270429
3095521807
3116493342
2572216862
2567994638
2568242190
2568437854
2568376446
3184980463
3214333437
3214312908
3197607372
3201613012
3193224428
3189028076
3189219581
3189170397
3205951741
3172385263
2893465581
2901855981
2900744829
2900688477
2892295711
2892277311
2893386303
2893410846
2893407006
2903826750
2937349166
2939507758
2923299951
2927494271
2935882847
2801669451
2801762123
2795469771
2812271307
2782780363
2765937627
2774334939
2910844315
2910839183
2944393695
2950558703
2942104559
2774393581
2759844477
2759840317
2759836205
2759672380
2758047288
2888068409
2905368617
2909034600
2918664313
2897627353
2897632717
2901827535
2910158799
3174327903
3205588606
3188876926
2924639062
2933085014
3197194518
3214012438
3214012471
3212898351
3116429357
3108039741
3103909949
3087202431
2818759023
2822950750
2823963598
3897643598
3092255306
3100705338
3117617962
3100714282
3100650793
3100645673
3100641640
3100728137
3117513673
3149983691
2613179850
2596525562
3133272302
3124814062
3126194670
3126248302
3126247999
3126698549
3126634004
2857936432
2853801520
2853821968
2853759537
2853759585
2870532707
2874788706
2873707346
2873879379
2840324403
2848708899
2848573810
2848577859
2849630547
2848582135
2840189943
2840189911
2840193511
2840164837
2840152567
2841332183
2841344471
2883315831
2883180903
2883176822
2882140499
2882136403
2873747794
2840295874
2840295891
2840222179
2840218083
2849720787
2849733073
2849634545
2832849137
2832783825
2849634753
2840193489
2840194033
2840198129
2840296433
2874833889
2874874339
2875001331
3109882307
3110025687
3109890295
3101497575
3096385783
3096390855
3096259653
3112987669
2580307221
2581453077
2606758709
2605603637
2605668887
2605218391
2605214711
2605284839
2605284823
2613804423
2596990087
2598033591
2598095015
2597898739
2597890515
2589633367
2589630279
2589710679
2591615095
2587420711
2587576419
2570733651
2558134339
2558148035
2566528851
2564365907
2564304499
2564320867
2564324915
2564578067
2564614417
2564614449
2564618545
2564661009
2572656385
2571630097
2605045283
2604979041
2580411889
2580477411
2563694051
2555366867
2556021587
2572938071
2572856166
3151731510
3153694486
3153706247
3145317655
3141111063
3141066007
3141070135
3141266471
3145389159
3153839207
3153679479
3153689975
3111738739
3110686035
3144359251
3144301026
3152689634
3152681426
3152747458
3119070146
3119021971
3119019955
3119052721
3152671152
3152662960
3152597396
3119043972
3110665604
3107679108
3107613652
3089791460
3089783268
3090832628
3095129156
3092898885
4175029509
4192068869
4276074261
4276016917
4267627797
4266653047
3192771047
3192772071
3201291750
3217999270
3177106838
3160407494
3160407494
3160399319
3168784229
4244624997
4236105301
4248592980
3208405748
3206308580
3193795308
3192157676
3200580733
3200580733
3217423453
3217554767
3217554783
3184000378
3180582266
3184772218
3218457706
3210068078
3210199422
3218518815
2916524575
2899830303
2891245119
2889154175
2887600494
3156150382
3172800622
3210492030
3217828878
3219008526
2648581406
2644382270
2577269294
2577203758
2577150526
2310809119
2310823247
2315045327
2305591775
2301464063
2301599103
2301605727
2604573533
2615059932
2598022396
2665000188
2656602268
2652408972
2652603532
2652561564
3189399997
3071961005
3084797615
3046984367
3049061103
3036474079
3036462927
3036526351
3028132623
3028149023
3040211245
3073765677
3073856559
3061204015
3069662333
3218564189
3184864605
3159829977
3159777227
3176614619
3176484475
3218366319
3218372463
3218432847
3180815181
2627166540
2631733612
2625373292
2621246700
2552175100
2556324348
2577361663
2609769182
2609704926
2598164446
2656879102
2652750334
2652885502
2669601790
2673763326
2648663030
2644273109
2631692244
2631688148
2491369940
2491337044
2491402580
2516047924
2516036916
2545331988
3081152004
3086390788
3078063733
3040117351
3040117350
3040130662
2771756646
2770724390
2770655014
2770718070
2770861382
2772331846
2776525895
2776587351
2784873591
2814238070
2814244342
2818402263
2810012615
2803196887
2803184629
2807305701
2815689965
2813660413
2813729989
2813738439
3053333959
3051171286
4124851638
4124847286
4116526262
4116648159
2010583263
2010525901
1976967245
1960141068
1960111900
1960094524
1951705917
1884601117
1897175567
1930726927
1645642255
3795747399
3795747399
3799954215
3825066021
3822870565
3814465581
4112388109
1948128525
1954421295
1962875431
1555831591
482089831
531904967
513021063
240205959
240291969
236101761
101884033
101888179
101954739
36809889
53603489
292682913
274824433
270613617
270613811
274801959
274801447
283189799
278995510
10564150
11589174
1083214374
1082428006
3229911974
3247278998
3280903047
3264132741
3331240580
2258547396
2260513508
2397872740
2653741924
2670587237
2671638631
3745433831
3745446134
3709267078
3713463686
3713450631
3721888391
4233466583
4166316661
4166313509
4166283045
4174654757
4187888941
4223539005
4227794749
4218947389
4212657977
4212727099
2069494843
1774775387
1770563019
1808310731
1799926219
2064232847
2064232879
2064232943
2030825959
2013934053
4165866868
4165877020
4174264588
4174268684
4171155724
4187998492
4221091084
4204307724
4203258127
4207448382
3137896815
3104338031
3104324717
3104455021
3171559741
3209309965
3196729167
3196719838
3196785582
2660766638
2660778926
2543370942
2236121742
2231927438
2634650251
3708393163
3708534377
3708529001
3692816491
3697010699
3640387659
3638225999
3629841871
3629055487
3624322543
3628594431
3645371615
3653498311
3686986183
3686986071
3745763703
3741373287
3741381495
3741447511
3745969495
3745963351
3754318967
3754384630
3603783126
3603781078
3603810294
3603940086
3603944182
3621712855
3588157767
3294623047
3296712021
3296576853
3565014389
3562919925
3563059189
3558733781
2489185751
2550003159
2533356759
2533348567
2533344759
2524829047
2524836711
2541609511
2541543975
2549933863
2550002999
2533227783
2533348423
2522871253
2535417333
2501866485
2501858037
2489272053
2489271925
2514318965
2514249493
2547901717
2547897605
2547897621
3621623093
3621633341
4275944767
4274895167
4266433583
4262239279
2114819135
2116022302
2115956766
2115952671
1847517277
1867436253
1834992860
1818217980
1683873208
1683880616
3841850040
3837778584
3770108569
3772059385
2689865449
2689872491
2958307950
2958438974
2966888990
4036239934
4036244838
3499362422
3498838038
3494647810
3490650114
1343102210
1347298562
1356751619
1356818193
1407153937
1459516672
1451164928
377422928
370999536
503644640
503321057
507523425
1052775781
968887589
952179989
952184085
952184085
943811861
943976213
943963925
960608087
960542711
960607734
994293142
725857686
721654166
1795397303
2063832759
2063775399
1795341991
1795423935
3909253887
3909516287
3913685359
3922069807
3952020797
3952873741
1792815373
1800937789
2064146733
2064183661
2068374765
1774757021
1770564743
1753791879
2022292870
2026552710
2018178518
2014246358
4178507126
4179514726
4217261862
4217360182
4217364246
4225629462
4208834838
4203526423
1787603991
1791798293
1783473173
1779348500
1779335204
1780383780
1797178404
691717172
674942021
675011653
674888821
746454500
746388964
1820188132
1820155380
1820278740
3976149716
3971824340
3971300084
2895461108
3029677692
3033805420
3035902572
3032224495
2495419374
2495574462
2629631902
2645346958
2640611982
2402589326
2402745294
3442879430
3694276550
3692176326
3696439731
1490104739
1488990627
1488986531
1505779857
1514204289
1514330305
436394177
436378625
1515306289
1517332257
1517396773
1534309173
1498518293
1497411893
1480913205
1480979741
3628594463
3638034207
3655270206
3655261998
3654994734
3655060830
3688484302
3688400335
3688407519
3679232509
3645744109
3646935789
2573124205
2673792637
2673866621
2673737079
2668418535
2668426479
2672686207
2681197919
2676946271
2643388255
2644436575
2648692317
2640168573
2635909101
3172849135
3172840959
3172971999
3176119775
2907684735
2941238079
4014979902
3998203198
3998192670
3993891863
3994935327
1847451695
1780469807
1780368431
1782467621
712657925
712662277
729447749
1769696581
1836809685
1836807669
1836668853
3975749300
3975749300
4237900436
3164289684
3164416724
2627546740
2631673444
2623288164
2631664613
2627142382
2627101358
2626973358
2626996926
2631191182
2366950278
2299984838
3374214598
3374196038
3642368262
3629863287
3629773159
3646484839
3646727125
3646728133
3680348101
4266110405
4266110421
4265852245
4265843989
4265841957
4265858341
4267103525
3205906732
3172860180
3160277332
4234085724
4242343292
4241301373
4253900655
4253908862
4287459166
2681005646
2672621262
2668491478
3742233334
3742229238
3746423807
3754811895
3754914263
3754905815
3721282007
3713946975
3696973695
3692775039
3692779103
3692652367
3696780623
3696883039
3705263325
3705263325
3722048733
3755652493
3739125135
3732833695
4286416871
4286355175
4286359143
4252804647
4283803431
4267032359
4267556151
4267703303
2115957767
1847513093
1849675813
1849675813
1853538343
1769653269
1752878149
1752947781
1753087188
1820196068
1818066404
3965550564
3965525988
3965524724
4242488020
3164547796
3163368180
3162842740
2625905260
2631152237
2631139951
2627142398
2627089150
2626973358
2626976446
2373208974
2369046926
3474389390
3474385806
3742822095
3746752205
3713258205
3696268277
3691025397
3691029493
3691028983
3695224807
3712073207
4265785687
4266047830
4267097430
4267629942
4269786486
4269654398
3212689790
3179271007
3177182047
3160241981
3160176445
3162269485
3170854716
4261289756
4294839628
4294903116
4292695389
3755757677
3747377263
3680264319
3679772766
4216710494
4215793022
4215732222
4224114398
4291288783
4283293391
4284276479
4250720239
4233951229
4234142685
4234064733
4234133885
4234002813
3160273405
3177177597
3210667517
3201752559
3201649126
3200539110
3208920574
4216667518
4191630622
4191621406
4190049087
4194120509
4219283261
4215088437
4179449141
4179477620
2019354052
2026415493
2026414981
2018030485
2035135413
2068690359
4199462359
4199470295
4199472375
4200521085
4200521021
4225686077
4192197149
4187474461
4170571293
4175224377
3906795305
3915151145
3911012655
3105821999
3110024493
3118279724
3117165628
3117165596
2571906076
2580364316
2307798308
2307790629
2307261990
2340687414
2340699750
2341210854
2341997542
2306394614
2301217222
2301200782
2334895502
2340138383
2394596751
2394598799
2394664367
2398653869
2256047533
2250870239
2267717599
2217389903
2222631439
2222910239
2222979903
2222775679
2222771711
2239743439
2239680975
2248144381
2246895077
2221735397
2221727093
2221383509
2239217493
2406919509
2390158677
2398547317
2398485863
2398374247
2389969189
2403076389
2369330453
2285507845
2285516037
2298094373
2292785957
2292721431
2292723462
2292718438
2313735142
2305395686
2301331958
2334887366
2319103374
2321195406
2329649551
3402147212
3402149052
3390605468
3393030284
3393112268
3392862412
3390728220
3407489340
3378129180
3369737996
3369737996
3365606917
3365474870
3365483054
3365417582
3365417646
3371697062
3359163318
3358105990
3358171526
3359154566
3359221639
3359485838
3361647566
3365317390
2341661454
2329021214
2320632638
2322733374
2389839151
2394292525
2327253293
2324955421
2325487887
2325480766
2348600686
2348666350
2305396206
2305656807
3379404749
3358433228
3358440396
1210956748
1212136396
1226222556
419867596
453423052
990357452
721925071
725988319
725980159
725718953
1799471021
2068036525
2063973053
2063981213
2064079565
2063997949
2034638189
2038838317
2022051885
2022576143
2022576399
2018333983
2014117183
2014096751
2030873983
1800191487
1808512975
1791734415
1783337615
1795789471
3943282622
4178574766
4178541038
4178450670
4182644862
4182121758
4224064798
4219864382
4186374959
4186374941
3649376525
3649315084
1506043164
1493998956
1493994988
2030873852
2030873821
1800250829
1800320461
1796117983
1796183551
1796191727
3943677423
3910139887
3910016751
4178452223
4178452223
4182646383
4186904367
4186768687
4220322847
4220325903
4221134095
3688424765
3674799407
3641236286
2567568142
2299259470
2303408654
2345352734
2345213502
2341016878
2341285934
2341277742
2341209135
2307658767
2307669006
2308704374
2306394470
2301200870
2301200886
2335808966
2333846990
2320213391
2324407693
2324410268
2324275116
2329513900
2388234172
2390462460
2405101053
2354769405
2363420127
2229193951
2229241087
2220659199
2222752253
2239730077
2239674269
2248130493
2239544237
2239543981
2218588925
2235432925
2233401103
2371810575
2415846686
2394907710
2394713390
2397834535
2389446455
2385186325
2335841812
2289704468
2298156340
2291741732
2291678260
2291674135
2291674134
2310559846
2348321126
2338884070
2334690806
2317983110
2317987206
2323358854
2329652357
3403394220
3395004580
3392899252
3393095876
3458124228
3458100037
2383293191
2400070150
2349808134
2362056198
2290753030
2290746902
2291861046
2291668518
2291672038
2293776807
2288550316
2288879020
2284295580
2284041612
2284044172
2282986380
2281880460
2298653389
2332207695
2336385550
2319596094
2319596334
2388008239
2408972581
2411593773
2411266092
2310541364
2310542389
2310540325
2347257191
2347289967
2305411567
2305673711
3378895837
3374439373
3374578508
1228127068
1224977244
151235916
419540429
956345805
688242639
692436894
688764830
688895894
957331383
2014295975
2018490279
2014289847
4161716119
4161189335
4165399911
4186363685
4186329901
4220408333
4220482061
4182603327
4179152429
4161326381
3892873325
3897076957
3901271245
1753851341
1749788493
1745531655
1745539847
1745769767
1762530343
3926856741
3932030260
3931508036
3938848644
3934588852
3934547876
3934578596
2861343380
4002194061
4002259598
2932650670
2920055470
2788478634
2804173802
2803906618
2736859146
2736924682
2984388634
3047304218
3047302170
3181585434
2644582443
2644538667
2560673311
2293270223
2289092229
2284847781
2283868901
2284008047
3357679663
3358729263
3356633094
1220749314
1216424130
1216407682
142915730
143108226
147242115
156157313
239485312
236323200
104006048
102826400
102760864
35661217
35662241
316697063
330365270
330406158
313702670
312654094
312653071
1390641439
1390445357
1382056751
3525682991
3525812014
3527379758
2450492206
2479868702
2442058078
2425280862
2425280638
2425355390
2425224302
2429549807
2162097389
2178940396
2180872644
2205956548
2199664964
2199664980
2183018853
2186165093
2190359399
2190408310
2190260806
2190262086
2194447182
2202835806
2152634702
2149497167
2149513295
2149021775
2215917677
2484549741
2488678756
2660658020
3199728468
4273256772
4206139460
4202469444
2050791540
2048759924
2048826484
706655429
723427469
673095823
677220507
677228987
673036203
739621547
1813371561
1815206568
3962641064
3966778088
3966773800
2908759592
2808095288
2816483640
3030392891
3030528046
2493644846
2493910054
3433302066
3433826370
3438069826
3358365954
1210497282
1227273475
1244569601
439263296
439267536
439255200
975668400
975608976
975338640
993144736
2014523104
2014325344
4169148961
4169148967
3632278054
2575313414
2323654918
2323655686
3397467398
3397482278
3397445158
3418670382
3380383087
3358165196
3358169292
1210685580
1480177804
404465804
403418252
403416204
957261212
957281773
990314287
994508591
998768191
998766143
998634013
998560265
998527497
960878377
957210473
672041449
672045545
675916251
701016523
734574027
705278411
705401291
688623835
671871211
671752431
1745501414
1745492198
1749682658
3901377186
3902458546
3951730306
3935220354
4002394754
4001727109
4001727124
2786362020
2788210604
2787133864
2720152040
2736924968
2736925496
2724342280
2728603145
2728408347
2996834331
3063939130
3064217706
2510602474
2628223130
2624029322
2553792142
2551651854
2553748026
3626380074
3626379306
3630639118
3639486478
3636340742
1486776454
1485692070
1485628578
1485627523
160321920
172884864
168690576
236323296
238489952
505484320
371201376
375401952
379644337
380676995
311671426
310479746
310414326
851492134
844145702
1920176166
1919057974
1919128630
4062688558
4062682926
4064119598
4060973870
3016608542
2446317918
2429491294
2428967006
2428910702
2424716398
2424716655
2157391213
2157198301
2176064461
2180783045
2172394309
2206014325
2189310565
2197715557
2191440743
2191309639
2195503431
2187106631
2185009239
2185206103
2151594311
2151594311
2420028615
2418013319
2484924591
3021795501
3026122157
2898197420
2914515900
4004821388
3941906444
1779742732
1779759116
1779885068
706143245
706109485
706662701
719307516
731628188
681230732
685494408
673046664
740155784
740255400
1817648809
1825573545
1691355817
3840940712
3840944856
3840943688
3840942600
4105183752
4105187849
3568316986
3567267882
3231711274
3231714346
3227912202
3274082314
1110345738
1110353930
1391237131
1387044346
313300906
376210090
372167338
373166778
504771502
1040396710
1040199846
968888550
947925027
948057347
948055299
428027651
465596161
440446737
977313569
708871459
708875623
708883943
725657599
721792927
688242591
688242173
688241919
1745321199
1744975087
1744974959
1744967023
1757546287
1753351727
1753286175
1770010127
2055218703
1518610189
444886285
440704361
1510772073
2047708537
722250057
722250699
722251483
705478363
705541083
705671643
705671419
1796108523
1762013423
1745237231
3892714991
3905293231
3901098671
3917859471
3951341199
3934561935
2860819087
2927927947
2923737771
2919532201
2788478632
2737130152
2703370984
2703370808
2703370776
2715958040
2778733832
2812285963
2946764826
3181645882
3164934190
2560954406
2560951570
3360753154
3355510466
3355521747
3355586787
3355582579
1208099906
1212296258
1220765890
1216477378
142850434
142784898
159562626
176421779
176308112
180494208
167904656
236126624
235995552
100663712
369108384
369157536
369147296
926980577
835959095
838052119
836937991
866303238
866361106
1923188262
1927382566
1920048934
1915862310
4061497575
4060580007
4064725173
4047952021
4031143044
2965794244
2962648916
2962751269
2964712997
2964647717
2967789349
2959396663
4049915711
3781542703
3778364207
3776250218
4045210106
4044296698
4144969210
4144839130
4148967882
4140308938
4270414154
4270553418
3734693194
3734692171
3751469897
3755713481
3712590552
3712594680
4232888040
4249725548
4282886956
4266063901
3724986382
3724870670
1444347918
1444286494
1446379566
1417019686
346951206
279906868
279775936
279714432
11287172
2945668
19706500
36615812
1378201509
841256614
1918929830
1944174586
1907537727
1890759453
1888592668
1892737852
1884509733
1880235813
1880493863
1879461158
1879460898
1892633794
1892670594
1905249410
1942341762
1925564818
1916918195
839069075
839004049
839002033
843195296
851519264
586164004
580923172
597699348
601897748
585185588
576929076
577838340
575671564
574884109
600603005
558750079
558750079
558750079
558750207
558759423
558759391
558757311
558757311
558759355
558758331
558758331
558750203
558750075
558725403
558868763
558869771
558867723
827302171
835555626
835551530
827162942
1632475102
1640996814
1632607102
1666038638
1733138798
3863906398
3999186030
4129219694
4128047215
4128186591
4129165533
4133355772
4127065080
4106093288
4037349112
1353005768
1353005768
1358183048
1358178952
1089743512
1106538395
1140162954
3287646618
3530850474
3526131882
3526144426
3539771818
3535709627
3535709579
3535724957
3531554989
3527196843
3525895339
2435509739
2422910779
4042242570
4042042894
4037912078
4041643534
4050032190
3810821934
3794050094
3861162030
3861096494
3862353967
3860204549
3994419525
3994424021
3994419877
4269736615
4289467047
4238620566
4238765446
4238797702
4240423623
4240292805
4240223093
4241796453
3075777573
3071661109
3071758677
3038123863
3023442918
3027632870
3036088038
3032286182
3032220022
3046900038
3046859078
2509989199
2509831469
2499345708
2490943852
2486819100
2503605508
4114349380
4147836228
4135514580
4135506133
4148117719
3611246806
3577627862
3581826550
4110350054
4122867302
4122801782
4156352086
4156337734
4141722966
4141729902
4133279855
4129045743
4128515231
1981161615
1980895389
1903297453
1894908589
1888682669
1888499357
1954557581
1955655373
1422961165
1425058317
1432399629
1474346269
1474663741
3580331799
3580266295
4112946742
4114003510
4281775926
4283864855
4266050823
4274505173
4265964788
4265944484
4282721700
4250342308
4233495468
4244063149
3168093101
3163837407
4237619167
4253346654
4257508122
4292700954
4284356922
4282256762
4282253818
4286464506
4294688894
4258918446
4253593919
4253593884
3989344524
3965231368
3961105672
3961170696
3961174584
3961428584
3978219240
3842262715
3875800458
3993243802
3993314490
3998622954
4023794922
4019600890
4290719050
4257032010
4122567242
4120429278
4120413151
3583542237
3582497756
3712525164
3708348268
3709759324
3709741916
2636003869
2682128942
2543717934
2543388510
2543330270
3587727550
3589816494
3585654974
3618137245
3756534924
1562917252
1564102036
1547584820
1546010928
1411572016
1415635201
1415684867
1415746050
1563660806
1578151686
1581357910
4265773526
4274166246
4274231654
4274096487
4291163461
4233425348
4233417712
4095136416
4096934560
4096934560
4115875488
4132525488
4132508800
4132516993
4264567937
4264570097
4267912225
4272107301
4255211055
4238409278
4238403086
4238452238
3160639246
3173090622
3207631910
3205540918
4144016471
4144147799
4110605781
3825354743
3826665191
3830845157
3841937383
3841740775
3839643591
3847843654
3881559878
3864655670
3864581926
2799235366
2799231278
2795041086
2811884830
2782565695
2900012335
2900007229
2916976924
4015888668
3999111484
3994917948
3994932252
3995058189
3927855198
2870874366
3894285742
3900575406
3909029542
3903786678
2829917846
2830972567
2828805780
2845599636
2879188212
3940333812
3940522196
3939408068
3994024004
4010076180
4245122080
4229303344
4229301264
4231402800
4243784225
3165717026
3163882082
3164407522
3214427826
2676541062
2680721286
2638781830
2618867078
2619059079
2619255429
4229868213
4229869221
4228353457
4249130193
4283736069
4275429376
4135051264
4130791472
1982255140
1983791396
1983791605
1987920359
2130452910
2109679614
2097027786
2088114890
2087127562
2086996794
2086938922
2061774139
2057593099
2059203355
2059198765
2061279533
1583128605
1565372621
1544220813
1548408205
3705327285
3571108517
3569175205
4110211815
4124371687
4124372575
4158451470
4091389198
4091392847
4082996063
4045390821
4045325229
2971662253
2701454253
2705640429
3787770605
4089858655
4073090566
3000394246
4074201366
4076097570
4092870690
4084483106
4152286273
4133410880
4141808960
4143888128
4277835008
4285042944
3156780068
3156782116
2892736884
2902125567
2902052590
2891474606
2887530158
2904306334
2803638942
2809476526
2780104110
2780120222
2778033295
2782391500
2715200972
2715197132
2705821436
2706740860
2702567032
2702567000
2704602728
2704561897
2704541419
2741766058
2741843098
2750166170
2817328382
2796438782
2796450830
4138658830
4159630342
4159089670
4117146626
4101417987
4097217555
4097216563
1947635763
4111908915
3843473425
3778987328
3816703824
3815589600
3781983968
3790368416
3790372496
3825098369
3892207234
3892272834
4142692966
4142169894
3068427302
3060540478
4151059470
4151123982
4139675903
4139664812
4139206060
4139013532
4142161308
4129607068
4129742268
4146527708
4112706893
4112739663
1965057359
1965057405
1969350637
4125284335
4122133231
1957938911
1962268495
1953787662
1948548870
1411726646
1415912742
1416445219
1416438835
1550791697
1559172565
1554978769
1571706560
1605293696
1589610176
1589425105
1591517219
1583128615
2117902383
4282168367
4114525503
4097768974
4235905551
4244261471
4256778863
4260904559
4294455151
4286055933
4286132445
4252905885
4248187388
4247785980
4247799548
4250127980
4249999932
4258327052
3183536652
3162750492
3028547100
3029529181
3046306462
3046494894
3052685230
4152115374
4146348206
3878113470
3877826778
1730338826
1730338826
1714611208
1714486280
1714743320
1731586104
624359480
1702287624
1694423560
1623117387
1622820570
1639862890
1633440362
1662796330
1662796074
1665098026
1635606826
1643922235
1627177497
1643959128
1633481688
1629279176
1662816216
1734261752
1744743416
1723771385
1722259674
1739360458
1743570122
3882668234
3878609146
3861799082
3862847978
4001255915
4001301497
4001329881
4009191129
4294340317
2113329869
2096520143
1953586638
1951421678
1951425774
1959813614
1959948782
1959925758
1960183759
1951741895
1951412181
1951481588
2010193508
