627964279
627964279
627964279
627964279
627964279
627964279
627964279
627964279
627964279
627964279
627964279
762165623
762164599
1030599159
1030599159
493728190
476950974
476954038
476690614
472496310
1546238134
1550710966
1567455414
1571700103
1438529413
1606296197
3751756468
3489456868
3481068516
3346834404
3594299364
3594299228
3323981388
3346980428
3321775709
3320202877
3320185709
2229674863
2230595902
2230587710
3304874286
3304875310
3304871214
3229107486
3225046278
1077546246
1144679430
1143663623
1193978883
1177197619
1177453571
1178502209
1177190784
1122665344
1122669200
1114288816
1110045360
1110012592
3261936289
3556720550
3522963878
3506186726
3506186590
1357654350
1352941390
1369449166
1369576398
1134690798
3277865198
3341860974
3341869102
3308298254
3312821518
3317014286
3300888382
3300822318
3300572463
3300568383
2231020829
2222628109
2235209989
3308948756
3309237524
3309195520
3309191424
3313385745
3319677237
3319222565
3621090597
3612863767
3612793159
3730231046
3740780294
3749495615
3745313599
3745309534
3745407823
3749606235
3724482415
3722192751
3717996907
3722195291
3713794139
3562819835
3562824953
3563021721
1439623065
1439626905
1439553177
1438958489
3613180857
3613184424
3613238760
3596526952
3596526968
3596461436
3623155068
3623147005
3589658015
3590222238
3589677502
3522573230
3514041262
3512992686
3513058286
3521455886
3521389838
3521408271
3496275215
3492265006
3492250670
3493168414
3493627662
3495724559
3587083791
3600723463
3600722437
3600723749
3732907300
3728601380
3728687124
3728630085
3709739477
3697153013
3701346293
3634301909
3634174260
3705411892
3697031380
3722194116
1337729156
1606300039
1471824774
1471923110
1440260518
1410892198
1410900422
1413194502
1413129734
1412344326
1412360711
1412356917
3563505957
3588671509
3601777733
3602829445
3333374341
3467592135
3467576278
3484226402
3454805346
3429641574
3425183078
3447402966
3472503238
3467252166
1337590213
1303973332
1308117476
1278765412
1278798180
222031300
238739780
239006020
511082820
508986196
248808293
256156453
205825839
1409595774
1409661406
1430755798
1397131670
1389267862
3532556166
3533345222
3537543622
3539640518
3538608374
2548818150
2516088038
2516073959
3587713965
3587971756
3588033196
3587968700
3581675228
3749000140
1597383500
1597382940
1564221740
1547444540
477634824
209315081
209370377
209304843
205037375
205033279
207130383
1556842447
1439598543
1473152991
1464771471
3612255119
3612256143
3611994109
3620243437
3586688869
3586688357
3562594661
3558465893
3692783093
3692971477
3697165783
3697167831
3722403282
3755948370
3679788354
3665103874
3665105970
3665240098
3665240370
3671400722
3667661606
3666633255
3683443236
2576147988
2580318724
2572716612
2567486164
3641502429
3641666270
3641601742
4177938142
4182229486
4190421230
4219781231
4219764828
4219773132
4182025420
4177833420
4161125324
2013698796
1745009380
3892489061
3917646629
3951265844
3934297092
3934303236
3926171652
4261933124
4261834832
4228260320
4229837536
2088633061
1957429807
1957432879
1957964335
1955883806
1687464198
1687595270
1683924998
1729924102
1849458903
1848410316
1848017092
3995504852
3995521764
2921738976
2921673440
2867077856
2829329120
2829329137
2829398770
2829850274
2829852406
3110869718
3140225238
4197390454
4198381638
4202047494
2060856326
2068194374
1497637078
1497637286
415512238
411375278
411319950
411315855
142884749
142923668
147174908
134582780
134713820
134718412
419603400
486715720
520327480
520193848
520207128
486783752
1543748361
1547868939
1557629723
1440075610
1574716362
1587299274
1321124810
3468607994
3466519019
3403539947
3389844842
3406622074
3406607626
3386737930
3650715914
2562425146
2562437418
2566497578
2558240751
2553972381
2554037901
2553849485
2568544908
2568741517
2673533597
2681921965
2682242285
3218918637
2673724541
2541475853
2541415437
3581600781
3581572357
3564765461
3560641317
3560510245
1417352993
1417354531
1423654259
1415265347
1199201347
108708931
103531587
103514195
376156529
376091440
1458221856
1458287392
1458152304
1433986001
1413081025
1413439171
1413418674
3572435618
3567590114
3567525858
3568598514
2494850370
2276548674
2264096979
2278646227
2278626227
2278635427
2278635427
2277515171
2269134259
2252369299
2253516737
2261954369
2262275649
2528420465
2461311601
2465575792
2465694004
2457306148
3526659109
4063542309
4063734805
4063669269
4080182583
4078359830
1628947270
1633108806
1633097670
1897347030
1884764135
1884764135
1893012461
1888826333
1888756701
1888756701
1888756733
1887510873
1350578505
1371537691
289669387
289870091
289804571
286078267
269237562
1907978
6164234
14565130
10155866
12095962
12091851
16548299
276660635
325038511
375370159
375304687
1449039310
1451148750
1468003822
1434381806
1434185198
2105271726
2147062942
2130285711
2126099596
1856741516
1852810700
1848620540
1847961068
1847633260
3996230444
3996222252
3996172588
4000375085
3998347311
3998478374
3998372966
4017243362
4025617650
4024573394
4020379090
3991080946
3990947830
3965785942
3026659078
3026530070
3035376439
3032230709
3032312580
3032349508
3032275524
3034430020
3047144964
3080689172
3080554036
3067385380
3195315749
3191107109
3191082533
3207335719
3090025766
3094219126
3098425814
3098425814
2561415398
2561415398
2292463830
2310285510
2312448198
2304141446
2303716742
2303569286
2299047815
2299037572
2300154244
2300158352
2553913748
3694891444
3694834100
3694831284
3694831252
3693002372
3558771332
3557219012
3574000356
3612735844
3595847989
3598015509
3598177301
3598110725
3598106629
3597123665
3588657393
3571880147
3571877059
3571942483
4108686707
3051742563
3076908902
3076908646
3202741798
3220492903
3220489831
3178526303
3178524511
3174333309
3174398317
3210181101
3201727957
4275535047
4267005127
4267040983
4279623847
3977769143
3964859285
3964859013
3973240517
3973301845
4015048229
4000376101
4000375847
3996406823
4000797758
4284880142
4259715342
4243458842
4243524442
4243402714
4243396058
4261237147
4256977371
4287910363
4287939049
4292141545
4250199533
2635594237
2635530079
2618744655
2622906190
2641776398
2507630382
2515875118
2516387118
2512126270
2512199990
2495423767
2363241783
2354855222
2354911094
2354984790
2380146438
2409509638
2392332054
2392332086
2392349991
2396552487
2396581157
2404965685
2404961549
2405092623
2405097231
2404054870
2412509174
2412312038
2395497959
2395499751
2395532535
2252983543
2254079479
2254079991
2254156759
2270929813
2245702533
2237314452
2220721588
2216463780
2216466868
2350815700
2350823764
2619256116
2623450421
2650795317
2677927191
2682125591
2665274678
2656945526
2535282038
2535403894
2535330278
2505966567
2514425829
2510043109
2510043093
2279366213
2279427653
2271153671
2271165975
2271096342
2254384662
2279421222
2279347238
2245543031
2228999253
2224731332
2228993220
2497232084
2505612772
2539226532
2522584484
2518656428
4129268925
4129221773
4129221791
4129184943
4279653543
2098603174
1951805590
1960194502
1956057350
1962349319
1425285911
1415848727
1415914005
1558590997
1554908693
1286473237
1286407701
1287403060
1308391252
3329803588
3328806084
3328805061
3328936389
3328949247
3337334526
2263589630
2260316894
2193404910
2193420782
2480730350
2472308974
2437763310
2437832183
2177792967
2177788359
2177657111
2169273655
2170361111
2237542661
2237539085
2245943821
2246005292
2245805676
2229063660
2220678125
2219629525
2219760583
2219769799
2219831238
2236477302
2265806694
2249155958
2253284630
2261704982
2257506567
2257572183
2274161527
2278348647
2202848615
2203896167
2266876007
2266945637
2266951029
2270061893
2236511173
2236543685
2513433525
2513032101
2512966053
2512969127
2504849847
2232211863
2232416647
2215537031
2232315847
2232821511
2539083527
2543154967
2528470335
2461361471
2193095999
2193088319
2214448687
2180828735
2153565727
2149375615
2417817455
2417817071
2438853871
2446184631
2479476887
2479607959
2479616183
2437869751
2433742263
2433711511
2433645981
2433645005
2437901135
2479713039
2479450911
2480499231
2480504639
2446942015
2438543167
2438553885
2447073596
2447069500
2446934332
2446868796
2437432636
2437467493
2437536613
2445925367
2445925335
2445926343
2446054807
2437871031
2437866935
2437932471
2437930999
2437930951
2471353159
2479880983
2475682103
2190470438
2261642534
2261644582
2254034230
2254042422
2252989783
2252989911
2185872887
2185872887
2454307319
2454278583
2467026327
2500523414
2487943055
2487937935
2496588701
2496446397
2488057260
2504823292
2500636940
2636112140
4246659356
4286571308
4286505260
4285456681
4269720891
2122304571
2117913658
2117917722
2118109194
2118044682
2134899787
2138952907
2105491675
2097103289
2097107897
2097091289
2097099513
2095002217
1960781421
1959603759
1422749215
3571215695
3587722575
3621340237
3606791501
3606791117
2533348093
2529157805
2526930605
2526930621
2526937023
2526934447
2531063214
2531062254
2539442286
2501661038
2484957566
2485002750
2487099886
2491297262
2499743223
2510227861
2543651269
2665233733
2388405525
2390504757
2390446389
2398843175
2382063399
2356897590
2356829958
2354794246
2363092758
2374625575
2408180023
2409200695
2279099447
2279099447
2270774327
2170246199
2170238246
2170492262
2178893686
2212448247
2212484855
2195521269
2195513077
2254232533
2254232005
2250103253
2266955223
2236528115
2219745779
2228150739
2229203399
2228999125
2220413948
2216190844
2216178520
2216376072
2149198344
2148150040
2437557048
2445834600
3515406841
3548957131
3548941706
3553395082
3540812218
3272462842
3255767274
3255709739
3255709737
2186159400
2190356264
2207133212
2156740108
2156451340
2156495436
2156561101
2156631807
2160639718
2152245990
2148051686
2433329902
2450176766
2450176734
2454368094
2454386510
2454452174
2450028542
2450016238
2454259694
2454327278
2471370239
2479701503
2446079197
2446136397
2446274637
2429366349
2160932061
2160934143
2160949495
2160949495
2160974007
2160826551
2420816279
2504961989
2538514373
2521802693
3058672981
3058541685
3054287972
3054275685
3071247589
3037647861
3020841719
3159237351
3167630054
3166962406
3032747750
3032747382
2496924758
2497649862
2497588422
2497586375
2497328325
2497381573
2220559701
2220559637
2237348117
2203676471
2188930867
2189227798
2189284102
2197668166
2191376854
2191311078
2191316199
2258429159
2279468263
2246049143
2237587319
2237587255
2245910326
2219634486
2236409206
2236478839
2236536277
2271139285
2279527892
2413559252
2413428180
2404965876
2367217652
2367250260
2367323461
2236280135
2278190391
2278124838
2261579046
2261579062
2261644662
2261771638
2278421863
2244793831
2219625973
2219806677
2148454101
2215632469
2219825015
2244999031
2547967479
2539513335
2539451575
2266782911
2266778783
2535349663
2539552703
2547417087
2543212253
2543121997
2531059549
2656888685
2652693869
2669667669
2501829959
2501836039
2489240854
2489306918
2497503014
2497500726
2496513542
2496513542
2496525878
2513233703
2513235751
2471288165
2471316853
2471447765
2471183573
2470991093
2437436645
2437502181
2437578197
2420801495
2420866647
2160683639
2177396247
2173271559
2240536327
2274096951
2278159655
2269762869
2270027061
2270027637
2202781559
2202781399
2202752727
2202631895
2202550263
2202566119
2270706927
2279154927
2278237407
2244695261
2244723933
2244730076
2244603356
2227826132
2227822581
2219433973
2219442167
2236349814
2236284278
2269834614
2269801750
2253024514
2212125954
2212121874
2212056370
2210926371
2202537763
2202541875
2202631987
2211181847
2211180823
2278273287
2278199623
2244654021
2244589541
2236128996
2219347684
2483591924
2483722956
2483747532
2634738652
2634804604
4283165820
4274711581
4274713631
4266261534
4127775806
4127835262
4127965662
4127973790
4127843230
2001265342
1959481998
4103733901
3568960132
3569223332
3573301220
3506190628
3497277748
3497342980
3505809412
3551979780
3535249157
3539437060
3598549525
3594371605
3594306135
3596403054
3596402926
3595325550
3611849830
3561707718
3561650375
3570067589
3565857157
3565923973
2626528901
2648560263
2675950214
2541732566
2507129446
2507458086
3027562022
3027562022
3044338950
3061178639
3196051485
3202339100
3193951044
4279228100
4279040724
4278745828
4261960676
4266346724
4275705028
4210688069
2063466567
2055082054
2055086134
1526685990
1509778214
1492742966
1492742974
3640161055
3696779613
3705153373
3705216637
3704299125
3700108919
3699977974
3431546582
3301508822
2227701718
2245594582
2279280086
2262384087
2261265751
2261266263
2261264182
2261451062
2190016806
2190029094
2190024998
2189951270
2189952294
2190216486
2211188023
2178702815
2178731487
2178801087
2178915759
2212347311
2203957695
2203949535
2203425245
2205662493
2205662493
2172118813
2172053021
2172051993
2153177721
2153043705
2153563881
2153566121
2153373099
2152331707
2152290715
2152429963
2169403787
2202986955
2186210379
2261705754
2195579962
2195509306
2212347962
2212484158
2204073006
2170305582
2233223470
2233387286
2237570823
2237578773
2248130068
2247925300
2247921236
2280426068
2204928628
2167200356
2167216740
2167224933
2167356007
2171549798
2175613030
2175604854
2175662167
2511321157
2377103428
2381167044
2305662660
2305662708
2301607661
2301624045
2301329135
2569748142
2569747886
2573809838
2578004158
2578135262
2579196111
2579163213
2312808525
2379918093
2379922949
2413463063
2405353015
2250049126
2249985638
2249985894
2252081254
2280392806
2242844710
2242779142
2242784262
2247044102
2246843462
2246843479
2246859991
2238569687
2221792477
2221268445
2238053853
2238184413
2271738749
2271722365
2254945149
2254944633
2254809592
2254809592
2271582712
2271711224
2272763644
2272771804
2268575484
2234644220
2234602221
2503103215
2502063598
2514674926
2510417134
2644564191
2648758477
2641467597
2641541572
2641537492
2624761796
2624782020
2618390229
2635153127
2668830310
2668773158
2672962854
2677025846
2677023766
2677040182
2677074999
2643516437
2649786645
2515635029
2506591956
2540150421
2670171797
2670048951
3206921903
3206659503
3210852527
2942417071
2943596703
2939336911
2922559695
2922560605
2922554719
2937315647
2937282879
2786292079
2790396271
2809266669
2817725947
2783124953
2784172505
2767395675
3035830810
3035830794
3033602570
2496669194
2626691594
2492736010
2492805914
2493449066
3298296810
3432513979
3436724616
3426267528
3426266504
3694766472
3694897544
4095388552
4095388312
4144671368
3058536072
3054338761
3054486219
3055428331
3057525354
3194954346
3199144238
3215523886
3215458346
2645032987
2645064713
2632509449
2624169992
2620368905
2637077261
2571025935
3138823694
3137839694
4211381118
4282749294
4291207277
3184979980
3176580108
3172271476
4111740388
4111740900
4149682148
4141287333
4140238742
3603771782
3621724294
3588104326
3588100294
3583901894
3585951062
3250356070
3250384743
3250384757
3288137053
3244096991
2434585823
2434781406
3506356718
3502232558
3519013615
3523076735
3514683981
3510387228
3541848856
3543949656
3544015080
4049429736
1910332584
1977437336
1959528840
1414335880
1414471624
475934584
475407912
360064569
904013595
1071855390
1071649086
1047535662
1045454910
1044500510
1044430910
1044434990
926970091
935424425
935490216
864436904
864486072
827064984
290203272
268707531
269815578
274189370
282582074
14134298
81243146
81769482
98402314
131956810
251297994
237670474
1311423562
1596631502
1596631790
1601088174
4289703582
4256469642
4255416970
4289757610
4275081641
4015038632
2885722284
2751593956
2751650276
2752699236
2752694820
2775763476
3881032260
3880840775
3879757382
3879757126
3812840678
3821094054
2744208550
2727566519
2730702981
3057727620
3053521284
4131528692
4156696100
4119995940
4239791636
4239144453
4239157015
3706250530
3693663266
3693658146
3694821394
2031788034
2030739779
2034885057
2102051009
1012547777
1012547781
1008599237
1024918767
1027882223
893398143
901863515
902121803
886361945
886363993
888443721
888439625
880116059
611815515
657891451
645309567
645332079
907533439
907302143
924087471
928325806
897388990
863961758
939459262
922628798
918430382
314454718
314521311
314316365
313277965
312748824
317008184
325528920
291887097
292656105
812757931
1884337147
1951437821
1968214831
1970308654
1999668782
4146307590
4129464846
4146246158
2804319758
2951121454
2947516463
2947057708
2948110380
2868425928
2837176780
2820268428
2887410092
2889482669
2888696238
3966567854
3991342526
4003937502
4003865806
4273349834
4290061386
4258538826
3713341306
3705044858
3704051690
3703887866
3704935898
3721704907
3721827785
2681640920
2681642984
2673196780
2639636076
3172246108
3174429404
3179270908
3212767983
3078611886
3070022054
3061629094
3061630182
3061830854
3078550854
3044992775
3028281095
3023923007
3174907182
3174833454
4286385198
4294379582
4290189375
2142714205
2113088973
2094080460
1548956044
475205772
407044252
406851765
406905061
406890535
415271191
411154711
498182933
518172172
505586189
505852429
506102351
506168238
510193834
514384042
212336810
212336846
216662030
217996558
1291774775
1157540390
1157474854
1207942658
1182438210
1181450626
1177256322
1177194899
1445901201
1445917604
3623282596
3583306148
4103121380
4103121773
3050356493
3042160143
3037834783
3071522335
2807477821
2807551533
2791065580
2807825324
3881509772
3881448348
3881382829
3848012719
3846963630
3830190254
3838079166
3839161422
4126468110
4122273806
3621910798
2543966989
2476890892
2464549660
2472939324
2281046300
2274701628
2274832684
2241270252
2241593772
2277258157
2264665518
2255227310
2255296942
2254707118
2251036894
2200647710
3223989262
3224003598
3236618318
3249250509
1135116424
1118352520
1378389144
1378454712
1378852024
1915663512
1915134920
1931911688
824623624
807797256
1881547289
1881548329
1881291051
1889732650
1889536058
1957709850
1957753930
1418784842
1552994378
1548828682
1595019291
1309816362
1177691690
1182147114
1185227290
1185153610
1202454986
1169113290
1152046282
1438297163
1438297432
1436069672
1473818152
1444447784
1443594776
1443533403
1444606682
1444934122
1578922154
1585184938
2147287226
1606048906
1604253833
1604249992
1604315528
1474096520
1463612872
1429008584
1412289016
1411797881
1415983720
1425154665
1425023593
1422926571
1414534875
1343231994
268447226
269691338
282200458
294783370
330774939
313802137
316957081
308601224
304382360
304579432
304513576
858227256
824491560
824486441
824486699
858626075
846039051
1919386635
1915125963
1916190859
1898336393
1948660649
1952850669
1961256685
4105465577
4122275417
4153716347
4136943467
4140083051
4132222299
4128080202
4146053450
4095660378
4030338030
4034799342
4043189870
4043258430
4038933311
4055644989
4090770716
4073984012
4065673228
1935101980
1942352060
1909236924
835504285
827115965
575457727
571366335
571400127
575595455
575579119
587002687
577561371
573367049
573071625
573263913
573181993
589959211
808061995
820643867
884607499
1018874442
1035963082
1051499146
1051494026
1047302298
1043247242
1043247242
2083434890
1948955551
1948956335
1961623269
1962442469
1979461317
2002527685
4129117413
4133245159
4141662375
4158537863
4124471431
1960199047
1423274663
1423188647
1414800046
1414800046
1414800046
1414932142
1423322998
3568786742
3567570231
3567553797
3584341765
3605505540
3525739020
1378255364
1378861588
1378748204
1383007725
1995390125
2009016511
1974418571
1978481819
896808107
896872619
894443931
894443851
904921403
1022378282
1017178411
887220283
1014081595
1026599019
1024507131
1057198475
1061327499
1069712031
2139194031
2109776622
2101390886
1946204726
1964243510
1966221878
1898064694
1902516519
1944455461
1928791076
1924476948
1926565893
1657065501
1665438047
1631887838
1615102622
1623492254
1884063390
1879935646
1879939742
1879530199
1879456501
1884171044
1910384932
2010982436
1721711636
1723748356
1727954948
1725927429
1716301861
1716297829
1716289645
1644986840
1728959448
1695494809
1678648041
1812865769
1825448555
1822295915
1824261499
883164171
883176459
346297355
132514825
115753993
115795209
107472137
107468569
108447563
108512219
125092602
90460906
73692778
69482042
86324538
107353386
107360555
107995147
116228107
116359643
115970523
132813211
82482569
82491017
82489995
73971385
74249832
74225193
342670635
351189035
401516587
921545755
913081355
909017162
909021386
909021387
909045977
909045993
875438569
808395497
544021161
548215465
548215465
548149931
548158091
564930442
854462602
854470810
872296858
866005418
831399850
813968299
281291691
281021339
281113999
272884622
269738942
286499758
290694142
299082582
294884150
296857902
295739437
295740440
291632136
287536136
270933000
270933256
270928648
276171739
278219690
294439354
327994766
316440718
308187278
310284751
309244885
376349413
1459069669
1475650277
1976869623
1950648303
1950668270
1879369194
1946447339
1950760827
1960189771
1962281675
1962150649
1962158761
1953771417
1970544011
2012479883
2010136761
1989267705
1603375209
1605546025
1605476381
1609605405
1601217335
1601237814
1601270582
1534472510
1500918058
425066794
408683819
140257547
140060937
140458760
148773660
148675340
1291618060
1282180044
1550746508
3756950148
3735982724
3467547313
3333329570
3333403298
3328996002
3576443554
3559662242
3560710306
3565102242
3572238515
3585026181
1458448517
1450076357
1445385413
1181057477
107250269
115638825
116703785
133457448
125184553
108489529
1178040635
242646026
242630666
241647626
241545226
224829450
203857930
472300810
1546029337
1546094905
1416596473
1415883689
1415884457
1433695928
1463030424
389284493
372638637
307626405
316022947
311496883
313536723
333537347
65249283
14725122
6337586
270772246
270776342
287553558
1931589926
1936767791
4084240175
4090529373
4057110025
4042438157
4034029117
4084278829
4063240749
1915757101
1915756847
1920204847
1928593455
1941766358
1906192518
1889431686
1356842374
1355583166
1347213998
1348230830
1348351694
1358836494
1358831898
1370759211
1370759209
1402220600
1402750008
1402783784
1381861416
1377277992
1379711432
373071240
372016520
506254265
522990521
203895739
208024506
82194858
77734378
346038570
350232842
81813770
81831210
98610218
132557867
108442633
104240137
104300553
104628585
97830505
8674921
8730159
13054494
68563462
68563718
204873766
209068086
212258822
128355398
1185777863
1185778119
1185782231
1189984695
1449962935
3593253303
3593245086
3593310366
4131303678
4131303526
4066304103
4074561575
4074564645
4074761276
4066302996
4083139860
4047454740
4047196692
4028330557
4032508541
4040767326
4040694238
4056422894
4085783022
4073290734
4073421534
3536576206
3537631054
4158371662
4158367055
4158235775
4116233327
3038547055
4095708543
4028555167
4032708543
4028571581
1612529597
1612461997
1880437676
1886720684
1890652844
1890792092
1890792076
1889592908
820029964
811641612
857774364
857970956
1931647244
1931908100
1931902980
1933475877
1897709669
4028391783
4030686758
4034805270
2968390166
2427390486
2427206422
2443455254
2460302598
2460423942
2461467414
2192912950
2192912934
2192839462
2192835879
2197556263
2187086855
2187213829
2183015429
2182884407
2183076918
2201880902
2151549510
2164132422
2160024134
2159861462
2158821094
2158804711
2158804711
2162995941
2162995877
2154623660
2155639464
2155688632
2151625400
3229561272
3224779944
3222743144
1075128360
1161107512
1194678281
1177921545
1177529353
1181581577
3337454361
3337257561
3337257549
2276098637
2225779319
2225840739
2225632867
2225612386
2225876454
2243693798
2260535526
2280471782
2280395998
2221674703
3295613005
3291361288
1143877640
1144922136
71049240
68951112
68970568
68995528
2066889
41852299
41850250
57579402
7313290
7132650
7140842
7136746
8315231
16703823
10375430
12501318
83810118
107917266
1181597426
1177403346
3337590674
3333391282
3467477490
2393682402
2663166821
2528944996
2524750380
2537350700
2503953964
2486046252
2498629164
2427334189
2427207487
2428247838
2432440126
2155610430
2449354811
2449362969
2441057288
2436675592
3005003864
3004991960
2987170504
2987174536
3792473736
3792671368
3792630424
3806229162
3804115370
3803066794
3815510190
3761512606
4030144654
4029816970
4042399962
1889670155
1889536009
1889544201
283175176
283302409
15080971
28182218
29229962
29229482
31375530
274706666
337420334
339518470
339518470
69575686
69571622
86279222
103728134
371870918
371871110
384452262
380256933
380379812
380379884
381427976
376909832
120983608
70722856
68364840
336804393
340871739
345033226
345018058
345016266
1420923850
1441965007
1449305039
1180873421
1180865309
1113834277
3270528805
3270519589
3262131501
3329371437
3606471965
3602301261
3602874831
3600647583
3599537578
4140606634
4132218090
4148801739
4278890571
4245352539
4245319787
2082087983
2014979375
2019241255
2027431703
2027431687
2027501319
1490683655
1490685447
1509575283
1543236339
1585049219
1585313411
1580712579
511099777
1459012500
1456980404
1447358372
4148489133
4098157485
4098272175
4041117263
4039016971
4037853707
4042023467
4033618475
4100727595
4109249835
4109244463
4109240431
4099672271
1415067855
1448619471
1591469519
1587208695
1589309926
1593364582
3665355830
3392726022
3443155974
3425313798
3437896774
3433696982
3299478182
2225605285
2277001892
2258135732
2256076484
2251867908
2251211012
2234441988
2163139845
3236881687
3236875574
3229404646
3229110183
3227010725
3225958020
3226085253
3290047681
3290049747
3290097730
3290146818
3558643762
3571223330
4137654802
3063852547
3065950721
3065938432
3069739552
3056116260
3056099876
3072991788
3022660204
3022656488
3031302633
2964063465
2964064442
4037810394
4042025162
3510413386
4080974922
1933481034
1946068426
1940825481
4070942137
3530853803
3543420394
2467695354
2433887818
2433885726
3499176490
3501204270
3568312622
3585368119
3585401044
3484726512
3463742624
3460072624
3460272272
3476484224
1295397056
1278616004
1278617189
1555503717
1553218149
1553214183
1335126743
1318382990
1322685582
3335946382
3325264014
3308438006
3291660903
3237147189
3232785956
3232768548
3236962860
3228574252
3254129432
3283484937
3284012217
3283880107
1138493611
1108625578
1107577994
1107710090
35053707
53916043
1365684825
1374069289
1357164073
1357163049
1373940265
1386711561
1387171337
3534651915
3601777482
3606446586
3744727466
3692306666
3692438574
3692439598
3696633870
3705022734
1288775950
3436706063
3398946573
3399468829
3399451252
2328728164
2328666724
2337071652
2295128608
2290934304
2291032608
2307273248
2407925297
2411859761
2260733281
2260732257
2260801649
2260892737
2260917441
2257966320
2194968801
2211746277
2203370981
2169823213
2165701501
2165734269
2165713277
2169907517
2169968957
2203519005
2211845199
2212438351
2212262270
2212286958
2212283886
2178717166
2178784766
2178792950
2178923862
2170534359
2204088791
2204105207
2204106231
2204038647
2206126999
2170483615
2166289054
2149577630
2152576446
2152046014
2147874974
3221616798
3238295710
3540392078
1392904590
1393962382
1389503375
1385374383
328217519
332411823
288359407
287359277
287351053
287352073
291548425
291617033
287553801
1361230089
1365412121
1366461192
3522664008
3520119512
3498066684
3498201704
3498193464
3498189337
3230868010
3234868522
2152736810
2164287530
2197997626
2181220810
2182465483
2186560201
2209628745
2175079003
2158442283
2159355947
2163484715
2180331563
2188773387
2196688969
2193551433
2193535245
2193396013
2214368103
2172430179
2155659042
2168299362
2206109154
2206111122
2189341826
2197726338
2197599635
2281477557
2541524644
2503775924
2503783156
2487005724
2487203340
2487135759
2485053982
2485021230
2485062190
2485062198
2539544326
2543768838
3063857222
3063709783
3063709927
2459731173
2455543013
2451553237
2451504837
2518578887
2518561475
2520658658
2549953506
2545684962
2512146662
2495370486
2495478981
2495609028
2491283524
2621307332
2621323972
2621319828
2638096052
2642309813
3216331175
3216036006
3199242406
3203436774
3205534838
3205541639
3205605895
3204491781
3204622855
3071457590
3075659814
3084010598
3086418134
3053322630
3035234950
3036283574
3032028903
3030916709
3035118117
3026725381
3026808581
3027170581
3035550737
3036663889
3053306961
2539641937
2517564481
2517559553
2517526785
2518576385
3055449859
3067789618
3197878630
3216556134
3216560230
3149459566
3145266270
3105389791
3088591055
3088722079
3088722365
4166650797
4170911677
3902351004
3971506844
4254917516
4292125596
4283737084
4279542292
4145062412
4145144333
4111626765
4111619885
4031927337
3771878441
4040510505
2967291913
2959034377
4099762953
4116544011
4099743291
4099674731
4116452075
4124316411
4153807259
4153807035
4153413803
4136664235
3604015291
3590383755
3590384011
3590383242
3591434954
3541139978
3514204714
3501621546
2427756586
2427233322
2426700831
2443609101
2439415052
2535888652
2535913036
2671146748
3191240636
3191242159
3195526319
3203713199
3220491439
2917504223
2908922319
3967005261
3979452988
3977290284
2937119277
2937119533
2941678631
2910193702
2893547558
2892695583
3161069583
3169463055
3165204015
3165140527
2645045823
2679648973
2662863565
2528658103
2533115815
2541538727
2536823973
2503449749
2501294213
2484514183
2483482247
2483381895
2483513078
2483450470
2499179302
2493895718
2511129638
2444020791
2477635591
2456467461
2452265989
2452275973
2519384645
2523583189
2531910381
2548621999
3085488810
3077361130
2537343226
2537539611
2503923727
2487150607
2487117581
2487099917
2487091725
2508067375
2512204583
2545710119
2679995447
2677472259
2509687811
2514404675
2516570963
2516570867
2449461943
2449265319
2449007271
2985879462
2985885094
2977750183
2961169557
2956909701
2419489925
2436247429
2436247237
2436244997
2447774246
2443452966
2443452710
2426675254
2158244882
2158763027
2154563635
2150582321
2150549761
2167323969
3257836480
3257774784
3531453057
3531576209
3539898769
2466160016
2482936049
2436667685
2419391269
2419354149
2436312639
2470322695
2533229078
2528903974
2545684518
2679926823
2645316711
2632467559
2624144455
2368369479
2671407823
2675599054
2683956910
2683874222
3218647470
3210262718
3176708237
3175983244
3171789964
3071255948
3072258780
3072217692
3007185429
3010331175
2980905574
2980839906
2963804386
2963820723
2963854467
2422789506
2418659219
2418728595
2418999235
2418997059
4029605121
4029637633
4033700880
4033700912
4050474020
4151137332
3614323716
3597546756
3605923076
3605989236
3534554468
3551270253
3517719917
3522979327
3506202078
1358263774
1348990430
1365758430
1365758430
1365594206
1361399886
1395085390
1361473630
1361474687
1366783359
1375073789
1442183132
1442174668
1474811596
1475196509
1399633757
1399633727
1399690543
1936569391
1919925294
1919859774
1928246302
1920970782
1920962614
1916780575
1916227679
1930899693
1881092589
1885276077
1892617900
1888426684
1889475228
1352482445
1354507917
1354524557
1080350111
1097253087
1130811613
1130795485
1382543829
1399321437
1407710781
1458568767
1458437935
1458436910
1450012478
1986885406
1982681886
2116666174
2116800814
2120872426
2145956010
2113700010
2105327770
2098483338
2102801546
2111186330
2023108267
2039622313
2039491177
1506818585
1597247243
1596343561
1596907785
1567596825
2096673113
2096673752
2094573500
2094573484
2111353004
2144907496
1044041785
909770777
925761561
824574011
807803946
812001834
817302058
817105418
280235594
347391626
347899530
74220171
91132299
124690845
133075357
1206813596
1190056876
1206810605
1198354221
1197796133
1428531493
1432726805
1441117443
4125462786
1977979666
4151161458
4130255587
4130247347
4062872193
4062888576
4062836640
2720558496
2720803232
2758568356
2762963812
2762898964
2762929669
2762793478
2812601110
2800021798
2787622966
2787525670
3072740390
3040236583
2767609909
2763415557
2763481351
3837092111
3841220878
3850322282
3877520618
3879619754
3862911130
3862911114
3861772426
3861698954
3861170618
1730473642
3974165146
3970036474
3970036347
3969962585
3974218296
4167197484
4164051236
4185283620
4219423796
4210756628
4210785284
4210779207
4210647286
1810457070
1802060718
1803371194
4217180826
4183047882
2101619658
2101685146
2097355675
1963269003
1968447114
1471939210
1472135818
397279882
297734830
16524271
2891823
2891791
2482185
6659352
6719752
6720264
6720264
74353416
74222344
208440808
207918504
1281855896
1277596056
1294381452
1327944076
1333186988
1322439076
1590813157
3734234103
1586742262
1586612150
1607524262
1473294246
1472245158
1463870870
1979895942
1980940702
4128424094
4130521534
4133660398
4141926014
4158713374
4150324766
4116739643
4116804139
4108391209
4108652585
4104388649
4104454187
4121838651
4121885707
4155435019
2003822619
2000521275
1933346825
1933084681
1897565209
1880794173
811261981
811233285
810233861
810037285
810029348
810091300
810160660
860503564
919222860
378215117
512563915
513546890
513605258
513584522
513586362
1610383530
1602191530
1434366378
1442750873
1440650136
1440580520
1431085992
1997529512
1460068760
1443283336
3591816408
3527609368
3527411768
3527424040
3260033064
3348310312
2243307320
2376467003
2359558698
2293023274
2293023274
2292744682
2296938666
2288554170
3358167230
3358183614
3359265926
3359255941
3359255172
3426360036
3480959604
1324034772
1319709380
3467341444
3333058180
3337242496
3313190304
2220389540
2220454117
2220576789
2230931517
2225623085
2259472430
2259476778
2259150122
2259479850
2263648618
2255260074
2403174794
2235547018
2216605578
2216601546
2216338250
2219417915
2219357497
2237199673
2237365560
2203729208
2205824296
2180646184
2180645176
2176647448
2174501225
2174501227
2178732522
2177684986
2170410490
2170410490
2169492954
2169501130
2170451403
2204002267
2204071769
2204063608
2204063640
2203024776
2169269640
2152480153
3234668475
3234209707
3225824939
3221696170
1091647162
1108416411
1108476297
1110581645
1110581708
49504540
111235884
115397420
1205924648
1164209976
1147398424
1289939224
1302526232
1302493449
1337093897
1322518265
1321468649
1308906155
1325659066
1280504762
1213391354
1220796922
1220654298
1220648282
1220581690
1220577578
1217445166
1217510718
1288877855
3447108381
3443430204
3474882876
3340360988
3340298252
3336103949
3347642399
3280624766
3251258734
3251197934
2160854763
2160920267
2177703885
2211264972
2194487644
2194479388
2194611516
2190474540
2190456620
2190321197
2190255663
2458687023
2462877542
2531035110
2522649334
2654835382
2654712478
2671473342
3040491166
3157932702
3162122670
3166251182
3165400234
4240188570
4105969866
3590135818
3581747211
3580109067
3311675162
3294964506
3290946362
3224684826
3241969930
3321661706
2277345226
2260632522
2260636618
2260705690
2260505003
2273104362
2268863978
2233350510
2232826142
2245404990
2245406015
2245275455
2278823709
2280916748
2214397708
2210150172
2210160437
2180829047
2180811110
2181007846
2172632038
2172500967
2206055111
2206063301
2189294148
2189261380
2203679572
2203794292
2178627941
2161802597
2162097255
2162095351
2164045270
2231145942
2239534494
2239534526
2239610287
2239610031
2239740061
2239690893
2239690956
2235443277
2235443517
2369136957
2407411519
2281584158
2277384734
2277253678
2277259054
2281442606
2246855039
2171390029
2171443660
2171452364
2204998348
2205006556
2205154045
2205154029
2171599471
2171566958
2171566438
2272262262
2272246871
2281684167
2281551047
2281551327
2281551263
2239733695
2239741591
2235547319
2235431607
2235399095
2233351061
2233342421
2237540693
2239637781
2248091909
2281581829
2281578773
2277466421
2277306661
2243727653
2247918053
2229830055
2162722231
2154404759
2150480567
2150497015
2167356119
2167290439
2200845061
2255365381
2259623957
2259431469
2259423341
2259177708
2275983596
2280173756
2238485948
2238483885
2238487981
2239610783
2237508558
2266999806
2266950510
2266398590
2266382142
2272668958
2272668986
2281123098
2277313818
2210204954
2209101786
2179741594
2179486107
2179514779
2162790841
2154340521
2154336440
2150401180
2150469004
2150603212
2418981196
2435758860
3610159884
3605965068
2532215820
3069092925
3194986543
3190284334
3190214686
3206988158
3178644462
3170322154
3168038634
3184798395
2681481883
2530487951
2522095005
2522678783
2524909823
2549944415
2516537359
2494447903
2494456095
2498454303
2498311967
2498262863
2498287614
2499338223
2499304367
2633529775
2640869791
2636926159
2670611663
2671650255
2638095694
2373857118
2382311278
2381653870
2381587310
2381607726
2647965966
2648486155
2644353369
2646582632
2684270696
2675935336
2671741128
3745482952
3745413256
3745458312
2101223560
2100695481
3715498413
3704751021
3700630189
3719312125
1576022748
1605370444
1336993356
1320200776
1320270712
1320266280
1340209705
1294011946
1277298474
1277325598
1143132430
1143111942
1144030482
342928658
347121682
347314178
362974210
1587973187
1592691907
1580113027
1513002193
2049897683
2049848547
2050958434
2055022374
4223410726
4189917742
4189917726
3652989454
3688640010
2613893642
2613881610
2576132874
2576202571
2576324937
2576057544
2575925448
2572714220
2570618028
2552808620
2552941989
2552917415
3090818983
3095016374
3092849590
3168281270
2627216055
2493065109
3583577996
3583516044
3606590604
3598201996
3325694392
3325690808
1178220232
1194077705
1160522249
1076111880
1088752136
1084640776
1084675336
3316044040
3315892520
3314843688
3449069864
2362745128
2362814251
2362939946
2247596586
2264910622
2256489758
2256405754
2187264250
3260690618
3287949498
3522830747
3506008472
3497590152
3493383560
3493371272
3493379464
3510546360
3508442713
3522594314
3523184142
2448209438
2448223791
2515463727
2548989743
2532186927
2263813934
2264728894
2264674590
2260476270
2193424878
2174550446
2174509503
2176627101
2213842332
2187626892
2183502220
2183510220
2183575836
2184620300
2184637708
2201102092
2151027213
2157318701
2157319725
2226591277
2226394669
2226914863
2365325791
2382120127
2382226607
2382227614
2381105294
2372241550
2300942750
2300811774
2301802846
2299706638
2572332303
2580653325
2580587837
2572268845
2568406381
2601930093
2333543789
2332507949
2332437053
2345544221
2341416463
2307731215
2307734879
2308771055
2308705518
2310818030
2314488062
2301905246
2302005006
2299978510
2336678670
2311495950
2307301662
2290983022
2296152303
2289599727
2284357773
2351597768
2369431688
2403002760
2400873096
2388535944
2262709896
2257982088
2274624184
2274362025
2245002152
2221934057
2216705069
2216695837
2220894479
2237869326
3349292494
3349287326
3332506030
3336700334
3329230254
3341829551
3241210253
1076928844
1076076812
1076081420
1075941916
1076212280
1076362793
1076288313
3227966219
3253651723
3287206153
3271411977
2191052761
2191119304
2191184520
2193265305
2191241897
2195235503
2202575534
2169012902
2169277862
2168821926
2168830182
2164779094
2266392838
2266377990
2266375686
2281054790
2411082710
2410938534
2377908398
3433824431
3430417545
3426297993
3292146056
3290048904
3290049416
3294456712
3321687000
3329533912
3329536841
3324150283
3269624378
3265376810
2191565354
2191565418
2191586858
2204235307
2200358441
2166803721
2167204872
2171399192
2230316089
2498667547
2494472459
2493427994
2647163258
2638774762
2668134586
2668354731
2567633067
2568677545
3090933977
3094084040
3094010568
3102398152
3102397129
2582233849
2674442985
2654495465
2656592635
2656641791
2667259757
2667257133
2411399213
2414413885
2414610495
2276263967
2242787342
2242788366
2247038222
2246837566
2246836542
2246837550
2247902511
2247935341
2239546356
2238501844
2238485380
2238550916
2221912500
2221916069
2238561189
2239601381
2268961396
2269026884
2251995652
2251991556
2537203204
2541457972
3053027877
3053159015
3036263014
2700654306
2692255458
2703788774
2703788790
2737412854
2737699575
2737699829
2804742613
2808961493
2918144469
2918145527
2918088183
2892900855
2892442102
2900715735
2900449399
2913028213
2913196052
2813524228
2798840580
2790452996
2790387508
2807094053
2809449255
2741291878
2708327286
2708470646
2704144982
2737699446
2737699671
2737667031
2708306389
2708298197
2716817780
2750355828
2750364020
2750364020
2750363956
2750232885
3018660149
2985105461
2985113653
2985244789
2444179575
2444040311
2511149175
2511150295
2645523671
2381282438
2414738582
2414665142
2414730678
2405955990
2405923222
2368174487
2367830231
2368878677
2366777621
2370971909
2379294983
2375102215
2375495478
2408914214
2410941734
2280393766
2280410230
2280443094
2280447190
2213386438
2213386439
2205006295
2205137399
2205153783
2272262999
2272197207
2272197461
2238610293
2238672741
2246864244
2246867316
2246859093
2238470485
2238466423
2238536567
2238659430
2238593846
2238610230
2280619318
2280521206
2414671254
2414662038
2414645662
2406322590
2406322334
2372374686
2368208026
2367944890
2351036667
2351102299
2352134409
2368908040
2379459336
2408687112
2391904776
2257687068
2257637932
2261828141
2251572783
2200309543
2205034790
2172595494
2180856886
2176785430
2159885334
2164014358
2164001047
2154563926
2171427158
2171460054
2238708982
2281618622
2281684158
2247928982
2231147670
2222820743
2217213315
2218262417
2215902865
2214756000
2231527092
3338823365
3594676165
3603066311
3599953351
3331579287
3335642534
2278593966
2270205423
2270465371
2239155483
2239167803
2238178619
2271700249
2263314713
2259038520
2258965304
2264139752
2396278696
2387987368
2382875561
2400639881
2354507723
2356651978
3437593562
3429204602
3429208618
3694457386
2622808874
2639588650
2673338410
2673268778
2673330218
2669008907
2400638985
2371241224
2228634120
2224439868
2627199596
2626970220
2358538860
2379498220
2389983933
2390053519
2385334974
2385269678
2385249710
2406223038
2356033726
2357078158
2357078158
2371759246
2371824842
3478987978
3462227066
3459969082
3346711578
3346711626
3321470409
3254300104
3522738584
3279470008
3529031096
3524899256
3524964792
3525219305
3544089455
3544158510
3513558318
3505169695
3505190159
3504723207
2422670598
2423656230
2423655206
2423660198
3503763110
3503568550
3285455798
3281466255
3264618892
3264610700
3278654764
3274496296
2167188264
2167188280
2200939272
2209263112
2192474633
2192294427
2210021931
2176463658
2159555370
2163737902
2163759470
2163955966
2163865822
2228792783
2273031565
2272956813
2264568716
2188096140
2187891373
2187891369
2183779243
2183804410
2200578522
2267686970
2234132522
2218403866
2218403914
2247828939
2243457483
2277032331
2260500923
2260500907
2256306602
2268909038
2269043006
2269051663
2239655695
2248025871
2243769119
2247889197
2381054317
2381169069
2381218221
2381223357
2380565949
2367719869
2367719837
2368904397
2637343757
2637341711
2635130143
2635146555
2639412523
2643598123
2407668523
2407734057
2408587065
2408580377
2408841497
2408907577
2276799289
2276733737
2280916777
2247905065
2238499705
2272106877
2272106877
2272247661
2272247549
2272247503
2272116431
2272042750
2272123630
2272123630
2238569070
2238699902
2238708062
2247097679
2248142159
2248009054
2239625182
2172507646
2206064062
2206063806
2206062750
2205145278
2188302526
2188310687
2255382671
2256414863
2256353437
2273253629
2239641917
2221288223
2221288207
2229677599
2363961119
2364358455
2365349687
2298265399
2312941367
2346233637
2329460005
2329446772
2331609172
3664349268
3727263860
3727263844
2116786276
2116982884
1982773364
640596164
640612549
657381829
627956117
627964341
627956151
627956151
627956151
627964407
636353023
636353023
636321278
636321278
770522559
745356727
745347511
678239159
677714615
685849271
681654967
681654967
681655029
951070421
951070277
948973125
428879365
465582933
457185653
457202037
457275749
457406839
457308663
457308631
524418454
524393910
390184374
390184374
323075510
289521047
289537431
272758935
273873111
275937749
284322261
283261269
283185013
283578197
291966935
292495303
292380631
325864951
325868007
325975415
57670999
24100102
23969046
65846582
1139580198
1139644726
3270498582
3266279702
3266263318
2192522550
2192457510
2210275110
2210271014
2176585511
2180796199
2382155767
2372721087
2305612221
2305153533
2305276413
2305276253
2305145181
2305407325
2305404407
2302389687
2302389687
2300292519
2400958613
2402920580
2256119936
2263607424
2280323248
2179618976
2162837680
2162822384
2154696160
2149850464
2149847008
3223783056
3244701313
3283510913
3283412627
1117052578
1112837794
1108642726
1379306390
1378269638
1377937414
1444980750
1444997135
1444965389
1461877788
1562539324
1558373932
4239582764
4170434108
3632307772
3632314941
3632310847
3653286454
3644979766
3678607990
3674414838
3678606758
3678602406
3745711270
3712025782
1560290438
1430267014
1430334598
1468103830
1468102806
327252118
332429750
55597526
22240718
20086223
24278477
24532444
58541564
58249212
57265148
325712860
292153820
300476764
300526941
300596319
1097511958
1093598262
1093532726
3240951094
3240427318
3244678711
3250048547
2209859107
2209859090
2209715474
2209717282
2209647650
2205992994
2268055602
2267994370
2238642946
2238611011
2280599235
2281451171
2281455265
2239516577
2171915681
2171919793
2171641009
2171845777
2204280209
2187502721
3529745600
3529550848
3525356596
3525360676
4062426148
1914885172
1914893365
1914895413
1898077461
1894145805
1894207053
1890045645
1891485405
1889394685
1910304116
1935469588
2002549812
2002741284
4152241508
4160632276
4159570884
3722904468
3706126997
3707175607
1555104438
1555051238
1555064550
1555099238
1559293526
1550888774
1544597318
2098380038
2131922182
2115145478
2115231510
2115071542
2115003959
2114991735
2119251557
2140370669
2004961189
4152378773
4135646343
4139836599
4131512503
1984094343
2000875655
1933758678
1364677863
1366645863
1366628471
1373968855
1374108151
1365654519
1399196405
1399262933
1398871751
309355207
317776455
334602759
301044501
1374983459
1366596643
1345625121
1345109041
1345297425
1362017297
3513695489
3555646977
3551448641
3601845875
3601692258
3605816690
3613663586
3609469282
3580178786
3588621666
3567652691
3584511553
3584417345
3581210449
3577014097
3577734979
3577673539
3581840710
3623783510
3623720055
3606901799
4135380071
4131185767
4152206573
4150171117
4158558204
4124561117
4112316365
4112311757
4112475477
4112413029
4116595047
4126999911
4127006583
4106055413
4106185461
4106181335
3585953479
3590082439
3615241623
3593740727
3598016935
4151800291
4126668771
4105689073
4109424065
4243645889
3698386001
3696489553
3708941425
3742463027
3727766819
3732094498
3757182498
3753053746
3719380562
2511416898
2511416898
2247177815
2280742759
2276576613
2276580629
2276583685
2280777735
2247220247
2238796839
2238715175
2238710567
2238776871
2247235111
2247327269
2274388789
2274421012
2278619140
2279013572
2278980756
2272730532
2373781924
2373781924
2357004709
2289375655
2289244966
2288131878
3357622038
3357552390
3357568774
3357598982
3358631174
3359944966
3380974022
3415191942
3398411655
2324342916
2659879060
2656733620
2520418740
2520418692
2453310340
2470375365
2470339869
2469340463
2439783471
2506892335
2506962221
2498630973
2494172733
3703246397
3717729821
3449298445
3448264463
3452486943
2370352175
2332730431
2332730463
2315953359
2320084169
2328407432
2328407992
2345336488
2345328296
2378845913
2379173625
2412531451
2412543850
2396861818
2388472954
2388463738
2384269531
3474867403
3709787593
3692747465
3695966872
3695766169
1548282585
1548283481
1548234553
2085365545
1011622699
1007493419
1007629355
1007554607
1011221550
1029112846
905207814
904167814
1064153526
510505406
510505918
510506942
510508990
1584249790
1601027007
1584249789
1583791053
3732322573
3732860685
3732784925
3732796285
3739054975
3739186175
3755964350
3713627566
3562886574
3563012286
3562950814
3570815118
3570750623
3570689197
3503580589
4031796732
1901196764
1899230680
4046910424
4046894873
4045911833
4049977113
4083466011
4083457595
1936694843
1936709147
1932346907
4079814171
4046395179
4050530667
4058980459
4093464831
4072657119
1923084367
1927143695
1926017805
1917616924
1913618748
1914614840
1914612792
3879643160
3833563160
3832514584
3832453464
3833562840
3829236377
3829256857
3829232317
3829146287
3833078191
3841467559
3858238631
3837336726
3841604742
3841598854
3841664978
4105770866
1958287154
1956132098
1960321282
1951932674
1411199250
1411003187
1431966465
1465520901
1448742661
1459292935
1471879735
1471756846
1437104958
1437134094
1474856394
1987608730
1985511611
1984467113
1980276904
1980342440
1980404105
1980404111
1963905950
1948181422
1953261294
3840700014
3836571182
4121910063
4121250063
4159458575
4134304782
3592781078
3592822038
3597014294
3597022518
3605864758
3605803062
2532077591
2510975237
2494219204
2494285444
2494082708
2495131316
2428026548
2432237228
2419650220
2419609261
2419006895
2419010735
2419010751
2959551679
4034356367
4042581391
4057266127
4057319423
4059362687
4126467135
3580228670
4113038398
1966079030
1966013750
2100231478
2137374006
1861528887
1857403967
1861729293
1850907653
1846713348
1845736500
1845604388
1845596196
1862390060
1828802861
1678906989
1679169261
1685982959
1694305982
1693261470
1688747663
1739337631
1723671967
1723609549
1992041421
1994138441
920584969
895361339
886975803
1960716650
1960782314
349989306
350018954
349995402
341606794
341606794
880050346
880193706
351707438
1425449263
1475257101
1986889484
1982643468
1982503180
1982503212
2116720936
2129365096
2125038840
2129445000
2122104969
2121613450
2138464698
1960731370
1692295914
3839721194
3831258826
3831298762
3827100362
3827100618
3848133818
3881784506
1727991978
1996423322
1996357770
1996357819
1996365993
4143719852
4143785468
4143871960
4142847608
4138697272
4138504713
4121465355
4104692251
4101748266
4097818174
3829381694
3829316142
3829316654
3833496622
3892166686
3875532815
1715400715
1715400715
1713003561
3864685416
3872983656
3872139992
3867683528
4140311112
4141626056
4141691592
4154335881
3030262683
3030258618
4103933866
4107815594
4099435178
4095339162
4095343498
4101830026
4117550283
4117545211
4151177451
4117684475
4117160027
4117161435
4150719963
4150785499
4160219103
4160153583
4160223215
4126458879
4100256607
4100318045
4100977469
4100871981
4100936996
4117566524
4150727708
4129700876
3592830221
3593420765
3597606654
3607038638
3586068158
3569098374
3569094470
3300705302
3299729446
3299663926
3299663894
3350028310
3337494806
3337492070
3338537702
3335785127
3285453477
1364474756
1091845516
1092030860
20321164
322315164
286663596
286531500
286550973
289720797
289524189
290687437
324179277
292729613
300065549
300135231
299927342
292597038
863078422
858950670
303485966
387342350
393617679
368976669
362681917
350031471
349966063
341585631
341737291
345392907
294994459
328552985
316666425
308142649
1377673784
1377615672
1931254249
1901889961
1895664539
1895467658
1895480970
1912320650
2004390810
4134047930
4134187242
4134199343
4134199343
4134167575
4150930485
4151262501
4117577013
4118773189
1979078087
1960212359
1951888021
1951781525
1951782549
1951512468
4098928124
4149259500
4145065196
3996364108
3996296973
4000499245
4277191215
4272972334
4272972078
4293931054
4249948198
4229107766
4229042438
3696375558
3704756750
3700820535
3633580663
3650366407
3654757190
3411496262
3407136710
3393508854
3393511910
3401900518
3683049927
3649470916
3649225200
3637556192
2555421668
2551227108
2566960868
2567020148
2604777045
3150032759
2613090663
2680290405
2681396333
2672954589
2534477213
2534481325
3071418287
4157743023
4088536470
4069602694
4073780438
4065391703
4077950013
4046684941
4046689805
4029720077
4029990429
2954120750
2488535594
2488535594
2514290730
2646419498
2646549550
2495483934
2495479886
3569295435
3434369128
3425993064
3440741448
3439831304
3708201224
3741493768
1594011208
1464313544
1468302040
1468908185
1473135258
1439314874
1430921450
1544037614
1545086062
1545477198
1551764558
1560157198
1291636063
1423744495
1440004527
1993845151
4143361423
4141256078
4136993462
4141130414
4131693230
4127515310
4144259818
3877069546
3845526058
3856925737
3785652264
3819304984
3886393352
3890718728
3878070344
4079396041
1932963979
1932968074
1731641770
1735837099
3875497903
3874252799
3874252623
3823985501
1642402589
1634022205
1885675807
1885810975
1885802783
1886852397
1895120169
1895054185
1890859641
1907718905
1941306057
854900425
852788169
844403705
844427643
840200571
856813929
823320877
1884479789
1884480815
1892911367
1892718919
1892723015
1884404038
1901239750
1997706438
1981206726
1983267014
1983250918
1919231398
1927620518
1927757751
1924611989
1941250004
867447540
838083188
821305916
812917276
276115992
276050488
276063801
276081466
276269854
282560782
278890958
277710990
294620302
1381937294
1377742982
1379828102
1378272151
1378276007
1382445671
1928077861
1944855084
1911300888
1911501576
1886196488
1886148408
1950121768
1950154296
1954336280
1969016329
1985978315
1985985931
1996471482
1992146090
1991750842
1995870346
4152283274
3560894606
3560894911
3565089455
4109198063
4109132399
4125910575
4151062367
4151143759
4151274959
4159600079
4126066079
4127049151
4126994879
4126995967
4118599679
4151695229
3076896637
3076892285
3043337853
2968368765
2968500061
2699992956
2700054380
2691010092
2703613484
2704139804
2737660444
3006079612
3005559532
3009676268
3018065132
3013870829
3014395119
3014087926
3014059206
3081168070
3051807814
2502421558
