1964948997
4112442897
4112318993
4112126835
4112390114
4115596770
4052552930
4052487394
4085800146
1401578690
1401611715
1401616193
1406125936
1390270304
1381819744
4145866080
4145931728
4077821312
4044262784
1896844689
1900384177
1900332979
1896216466
1934026690
1935075154
2012697891
2012509475
2012505379
1978983697
1970791681
1947655937
1947651843
1946603346
1883751906
1909839330
3788830114
3789022594
3788961219
1633044417
1901545185
1901336289
1628710497
1616126565
1632969589
1632043991
1640318422
1904493814
1904526582
1904526534
1942410438
1934025926
1929833543
1934062695
1943500071
1909876277
1909880341
1903498769
1899238913
1897158481
1935005169
1943392673
1939722657
1943982465
1935598465
1930875520
1901581988
1909774052
1909778276
1893000500
1884581125
1893203223
1909648438
1943469094
1926681894
1918321942
1918877958
1918877958
1918824471
1927214181
1943925988
4057847252
4032788165
4027455111
3490068118
3490135798
3489930982
3494643554
3498840098
3499630626
3566952450
3566920704
3566779408
3621300256
3728255232
3728382272
3728395712
3728360896
1578762673
1591415714
1603875746
1436103586
1423782322
1426010502
1425898903
1440541093
1465706916
1464134532
1426369156
1409728197
1343656449
1349944065
1348977427
1349308706
1349279778
1345282082
1361977362
1366163714
1365640514
1173818946
76877346
1150566178
1100245283
1106570503
1140247558
1123533830
1115014598
1110753750
1110819286
1132382166
1140783058
3284073954
3282433506
3282363874
3265569234
2208797394
2214040275
2205668019
2235396787
2233258659
2505884321
2512160160
2511971808
3082333264
4155025428
4268267556
4264069156
4264078372
3996886037
3997082631
3997082629
3997086741
1866370853
1870581285
1879035501
1879035613
1870491357
1849452525
1849451759
1866224879
1870480621
1836991581
1820218372
1820224772
1818193668
1818061428
1818045024
1759324913
1759460035
1761484738
704581074
737938786
737942818
737623826
731328018
697640470
679749143
679486983
679489039
679489309
696286557
1002569053
1002700253
994164221
994098669
994098669
994164213
994295133
960741213
960741341
960674525
969128701
432126717
432118463
465829534
1271070622
1250162086
1250000102
3414187238
3418635366
3418700854
3381081366
3381032198
2290545094
2307846542
2374931886
2374536623
2378729901
2371389581
2369304733
2368502237
2369530127
2235444495
2239637310
2275287598
2274763310
2207728438
2207548183
2212266487
2214364581
2214368676
2189203892
2189277620
2457836180
2453584516
3526802308
3526814532
1379286292
1916154900
1899372564
808853556
808595509
814874935
814154278
277099046
277094994
8660547
8671043
12897747
13602259
13548995
13549506
13549506
1205780418
1182768066
1181588466
1181589490
1122809314
1118609890
1118609637
1388114020
1388208180
1379869988
1394349348
1360862500
287190820
823011124
827094820
600621861
600621943
600605663
600672223
567058415
558668527
537696893
537918045
554580509
588135997
592324397
583934255
583807342
600576510
818676190
818675894
277680294
277697718
9206914
8681667
8681665
8845376
13008192
14051073
7759361
24540673
23549713
23578419
65533235
61203827
1118158161
1122868561
1122993617
3270481905
3270486001
2193602545
2191373809
2190325089
2189735395
2189734371
2190250467
2190250471
2546902518
2530589926
3595868390
4128544998
4128741623
1981196487
1712761991
1712759941
639033477
773251236
773276068
794101668
704055028
686235140
686238209
686107155
686041650
685779490
682634786
951137842
949163522
947920386
411053570
411052803
411102467
415481089
465680209
449033040
448959425
440566465
436307681
436254433
436250339
1040248802
1057422818
1598486774
1472633062
2009435382
1992658118
1925678278
1388745926
1401332166
1401332469
1367728868
1371825892
1879320292
1342977764
1343096660
1343095556
1884160277
1892417847
814490887
818900239
818937103
835516783
869059565
843894749
839796425
839807695
839791451
843915626
843849962
869012714
835505402
814647451
830905225
864467609
847363016
851481928
838893577
838914077
840114221
855777319
805445687
805445906
809894434
277283554
277090978
277099190
9187974
9224838
9228178
9227235
76335459
76314913
80637185
214852865
207512835
1281258754
1283343618
1164856594
3329214802
3337484626
3337451890
3333242162
2259490066
2259620114
2259489058
2260480802
2260525858
2260509539
2264708069
2281476581
2263646628
2255259060
2657982644
3731732660
3727472820
4264409332
2117056628
1848555540
1849605124
792634372
790553620
757060647
689816935
693978469
693966197
702494549
685711189
685578869
685587063
685058615
685189655
680737303
680726039
679544343
679486023
679486149
964715461
998285701
985707965
977321389
977320365
708950975
788790239
755169870
738392606
604438078
608630318
809981742
1900299566
1372374398
1363987806
1364188374
3285186774
3280828918
3280812406
2190424438
2190358902
2190376278
2207184374
2173624818
2173678515
2161743797
2161680293
2163777188
2172164772
2205727460
2201975540
2184067701
2184067895
2189311271
2197693478
2195678246
2191385654
2212295766
2178712799
2162132437
2153678804
2155779972
2155721436
2165617372
2165634904
2165665657
2165713195
2153130346
2161522794
2161514618
2157713610
2174489803
2174484939
2212233691
2214335339
2205963818
2189188922
2189262622
2197777726
2197679406
2197660990
2197788446
2189133647
2188937165
2256045517
2256117180
2272959677
2222651613
2218408141
2218408269
2218408223
2222603070
2228907566
2224678447
2224613167
2241369983
2279114749
2407043068
2390277884
2386292444
2386243293
2251964381
2252213611
2271087662
2279488558
2275306622
2275206238
2279399886
2270990731
2271183243
2271119241
2271141785
2233326521
2216516569
2218662171
2222856510
2231266622
2231264570
2226938170
2226975098
2281489375
2273100509
2255799996
2255871660
2255847404
2255829484
2253728060
2270504989
2269588509
2244373535
2228155775
2241758687
2241758687
2245821855
2279376317
2270989821
2268907999
2235455583
2235447326
2151557438
2153654574
2178821950
2174624478
2274964190
2274886303
2281177757
2281195420
2373766556
2373835220
2356148564
2356144404
2355620149
2355621671
2356391718
2356258086
2354160946
2353247314
2353243330
2353112515
2370287043
2403848947
2387038947
2383283959
2387482566
2254313926
2262698478
2260539630
2264668399
2280921563
2238989769
2236924233
2236981577
2235932953
2244469033
2244472105
2244298799
2412726319
2395883567
2395658303
2388323597
2388194573
2388181836
2388366328
2367337452
2350561276
2283519437
2283334095
2356734814
2360929838
2359027242
2375742058
2375733994
2275001322
2279376058
2281475227
2273085581
2267924620
2269108620
2269043164
2268522844
2251744541
2253840653
2262212879
2258608399
2258477359
2262602029
2279375341
2203895785
2165919705
2168134553
2168069017
2151299995
2153398170
2161715162
2157519834
2157523418
2157711834
2159825915
2164049787
2154618713
2154682713
2154789209
2150463865
2150447387
2171485455
2206077710
2214204174
2197517118
2197386031
2197573999
2179748221
2162971005
2221756796
2221757820
3291289964
3290765364
3290773524
1143351300
1143356421
69612549
69628165
73912583
82301207
99062545
91197809
120557936
103650768
103650768
103650512
103650768
107976180
116323829
128907255
95414130
100460386
75298146
75362674
71266642
71242050
2953539
2953491
75436851
75437923
100611939
100480883
96302019
96293827
128766915
128832467
128571377
132896609
124483425
86603601
86599441
86599505
86632307
90822002
90801490
99321298
1206620626
1202434514
1206628818
1189720562
1181331954
1177252339
1177235955
120534387
92223329
81734945
81079585
81016113
72627457
72642817
68542785
121090499
108495315
107971025
107971765
107857077
107992501
108000741
124774388
99608404
99481109
82703121
82703155
82702627
7328035
7295346
7274818
7279042
75445234
75441122
92087267
92091379
24973779
66933059
66933585
65886033
65894000
65895984
57499184
86859569
86897969
74245427
82637074
82678098
99582322
91197938
124752370
116371922
116363730
116363730
116388339
107950435
103753057
121515361
71183729
73084241
72974145
83416515
75023811
90736019
124359059
115970451
1189712273
1189712817
1118802864
1118827424
1139729312
1106207649
1097687537
1080914259
1076720947
1093493810
1097851954
1097847826
24105986
23983363
23949569
24920945
6112224
6177520
6181456
31355472
33387057
33354545
66908977
58586929
54484753
54513427
20958995
25034547
1098704243
1107091955
1140625874
1140818322
1123713970
1123717810
1123807922
1115419282
1115386867
1129935079
1104688231
1104686183
1079585845
1079913541
6235399
6108935
8196695
8323671
8192598
8131414
16535862
33408054
100652054
92257283
125811971
124761363
258979155
267227601
267227601
267375057
258888177
258896865
255796193
224207713
207431539
215820035
215885059
83838291
100484467
100417907
100450643
134070611
133022035
65884945
66016533
133135665
99581233
91192689
91059569
91023315
233624019
233669074
166695410
200184306
183416306
183482226
183484242
183367987
183369009
174930993
171258929
171257909
437526821
436478245
440673069
440722029
985981673
969192153
952417993
944028344
944028600
944094105
944224665
2043133339
2051977355
2051977418
2051969226
2051965306
2060423466
2060231978
2060233003
2051914043
2047784985
2047776857
974030921
705598536
705613896
705609817
705609837
773767213
777961773
778028853
794681109
794819093
761256469
761252661
769509671
769513831
752446710
744058070
739867798
744180918
609963430
634986406
614283958
614279862
832387991
836582295
861677973
857484181
843000469
847129237
854462133
867110581
833359509
816594565
279722629
283912853
283912949
283929333
283998805
300808789
316997413
316980517
316980263
316980269
862435357
1902558212
1885781252
1885773316
4033252868
3764882996
3765210660
2687285796
2687281700
2687478308
2691627556
2691549732
2691452453
2691450421
2691453493
2691437285
2691433381
2691433909
2699824309
2699843765
2695682231
2712525047
2729171030
2729110790
2733303566
2724914702
2720654910
2720560686
2737311534
2687044974
2691304670
2691382494
2699637854
3773379670
3769252870
3791267846
1641687046
1640830998
1942756406
1909208118
1892622342
281944070
273620994
273420306
4982066
13127666
9031410
9100994
1082851010
1149954754
1170926530
3343580114
3461052786
3461052754
2395618562
2391483650
2391351570
2392334626
2392334626
2392335651
2392327459
2396800357
2415709557
2278922069
2278930261
2270541781
2270533589
2270535669
2236980215
2220792791
2219748295
2219763671
2219697143
2236384237
2170323452
2178843080
2231283848
2499652792
2491201964
2486999468
2486995900
2621349581
2621368014
2621317838
3711841166
3711840702
3615363246
3619623086
3753709799
3751616716
3751552460
3755763020
3445417852
3441289084
3441420116
3428775765
3705329015
3701196278
3701065206
3718041062
3755793894
3458061798
3457561414
3457557314
3474072322
3440522002
3436314914
3297771810
3297781090
1150297331
1150362819
1142314115
1159644289
1161741441
1193985409
1198245841
1206517729
1206513249
1206515505
1206510385
1340728087
1340731671
1332269366
1315549478
1315677478
1315611926
1333507350
1341699383
1339614517
1297671445
1297732885
1566168437
1597667301
1580889847
1580876487
1450853254
1449673111
1190674669
3338432749
3321648172
3294424108
3294489900
3301961500
3297703428
3298738693
3298738695
3298738487
3300769830
3296477222
3292270646
3291287638
3291362374
1143878998
1164850770
1173231314
1172838082
1164448454
1160262342
1160606422
1198519255
1206908375
1206908373
1206754773
1206754773
1131199957
1131279829
1164923383
1173164535
32322023
32322023
32450403
23740273
2768753
2832209
7017283
6902211
6877651
19522035
53211635
53204467
48844145
61426992
28005680
27882288
23880465
19751697
19881745
53430577
57661809
32365937
32363985
15585728
7139792
3011056
19853809
19848689
65772003
61454835
28030450
27898322
27829075
65581936
57250672
36672368
36700016
36657936
40835600
66001424
28261169
11282210
11285282
82579746
69996578
70242338
70168642
86937794
120557698
107847059
107854225
107854001
107853969
372095121
506312849
506327187
506228883
506081507
510272225
363471585
346695361
1420458689
1420544705
1471794899
1454962339
1454941858
1475912610
1442554774
3564815750
3562719110
3558592406
3495813030
3497848802
3506237154
3506237026
4043152979
4110267971
4150902337
4134248257
4129982784
3865806928
3999915040
4000082976
3995344932
3995410709
4263719231
4263706926
4277339438
4272950574
4270860558
4270860558
3751014158
3750950150
3734171958
3331801317
3327919268
3256618148
3273460100
1092225924
1077815940
1090398852
280963712
280848259
280875971
283411218
270836262
270574118
270575143
270572071
320981559
322165271
324253747
1372625955
1367379043
1435798771
1470006467
3600725443
3607012945
3598623297
3598623297
3598619329
2524808899
2508035811
3023875811
3023892130
3025989542
3025992870
3036478631
3035985079
3036038295
3052807302
3044353526
3075744230
3072137206
3078567894
4143917014
4139591150
4139000943
4138991663
4155768845
4151600137
3577212361
4097223641
4027759513
4027816857
4031028125
4056187549
4051993229
4036395725
4042687005
4029665839
4028949295
4028951854
3760580655
3810973759
4133902351
4134950927
4143339531
4141225995
4133427402
4133358746
4135190714
4055572906
4038800298
4038804139
4038640297
4055688104
3509379576
1395452940
1394927628
1898375428
1881320197
1885510199
1621265942
1637977607
1638174213
3886393861
3861293572
3861285380
3996106240
3995916064
3995922720
3995885601
4016980001
3991556147
3974775923
3836330066
3836461250
3840561347
3765051523
3760857986
3760857734
3760921254
3764914862
3773303470
3769109166
3769112750
4038599818
1905795211
1922900104
1922953352
1383960680
1378652200
1378848808
1378330648
1394911515
1881664026
1882118682
1424935482
1420412442
1420350218
1554563339
1554726920
1560170776
1551819048
2082268456
2099047212
2115943228
2119875400
2119876297
2117633741
2134410927
4114122410
4097431530
4097501162
3856393834
3889816174
3873165838
2728051214
2996486925
2996363372
3065570412
3002652772
2994260244
2988067648
2988314304
2451452611
2455646706
2463961250
2549878946
2516463762
2498636930
2494441858
2494385042
2494356384
2494360484
2498554532
2506944156
2519523980
2524902044
2466169516
3002913700
3019694565
2960966691
4029631522
4029565970
4029553666
4029643778
4079938566
4079922182
4067343622
4068378054
4091316118
4086073270
1636598374
1624015423
1615492893
1612328717
1899637053
1898653740
4079623212
4075422829
1924006093
1941832079
1939620751
1905062846
1350887086
1355042798
281484127
273038623
273032501
324411429
307634197
309723148
307626060
306446845
306497005
843354089
868399689
599964169
599964169
591445785
654353705
620797993
604151931
604152030
604131518
1677721774
1946158510
1950486190
1971456678
3582073575
3699386945
3699387904
3435143680
3435393536
3431452960
3432497184
3449271329
3466562579
3470699522
1310624770
1176421394
1176375298
1176375298
1176375554
92148263
83833383
79642119
79502919
82579015
78384887
78403045
78409957
79483085
129945933
116314444
116388732
107831901
124675871
91118911
91053359
225212782
225212926
254761358
254696846
237524414
174608830
174854326
174461078
174207110
174207430
175256402
183776034
194277154
161279778
194313504
244620592
244626928
236762532
236749236
235896980
235844740
369534084
335971461
335975557
268879301
269946284
276041132
284437416
277875368
361892489
395451019
395374302
1070638702
1064346414
762348350
761299758
1742774831
1742971453
1851957788
1848816148
1846665788
2130735660
2013614829
4228044525
3968256743
3968256998
3968650182
3835464134
4103649494
3051005126
3059392711
2786767237
2788852356
2788943524
2788814564
2788814564
2792965732
2750956412
2717405517
2716627022
2741789806
2741791982
2725234926
2725137630
3815660622
3812430918
3778818374
3762233799
3774752741
3770558436
3770552292
3770617284
4053740996
1910254788
1935420629
1930175591
1930194983
1930346790
1917764374
1927189262
1922867982
1921811742
1921813886
1917618430
1913501950
1896872414
1880021967
4026933196
4032180876
4042588860
4042597052
4036240044
4036256492
3498074788
3498110693
3514943941
3549612071
3536889895
3530590242
3525485570
3525484802
3525501186
1378271490
1378271266
1395605538
1345126434
1345204231
1345192967
1349061892
1357462052
1353263660
1353268972
1353465484
1403788940
1185695116
1185203357
1185320078
1185322126
1206317246
1193341102
1193337006
1193320686
1193451798
1461887750
1466020627
1457562163
1457627921
1475514625
1475772693
1467385111
3581334790
4114537750
4114435886
4114116590
4147668974
4143465386
4137173915
4137468873
4154312649
4122930905
4101959532
4101893420
3693079820
3693038604
3743220749
3743351839
3730183478
3755349286
3717603618
3701285170
3701223714
3701264482
3705639282
3705573825
3749355904
3732832640
3727655360
1580171760
1581241824
1597861748
1562127100
2098997999
2035559150
2044144366
2040336378
1539047882
3686531274
3383558219
1237200921
1302212616
1301964040
1301867356
1334619052
1200401325
1183624617
1457362347
1444839835
1377206683
1393984411
1359389407
1343660573
1880483365
1882472999
1882472998
1885823022
1885745198
1945242750
1926367374
1992431759
381827215
381827463
381693871
381690799
364909498
348259002
347210730
350311406
367059750
899719478
396403726
397515791
368285727
353605679
336971823
337627166
337300750
1413145150
1425711663
1958453887
1956152021
1956155077
4106787828
4048063460
4044130932
4044262917
4110845441
4095144449
3694535187
3694404130
3694403874
3698605090
3723757602
3753773250
3736733826
3668576386
1252723842
1252603011
1269314709
1270362533
1236804069
1238901604
1213793124
135877428
136094484
135570176
404008704
404007680
402696977
406894899
423725314
503481602
503485698
504497474
372378947
371592545
384175457
379859808
381100912
378938176
109343424
122479296
68125329
1019827
5081522
13207714
10325218
10474710
16609286
66854919
41685269
41877805
39784749
38546729
38545705
38562073
307022283
315395019
332236683
329220747
1369354894
1375642254
1350476430
1346278022
1360954006
1360319138
3612668579
3621217185
3604358100
4143256052
4159988132
4126466532
4118013396
4117943757
3589526750
3622886510
3595627566
4132496426
4266714410
3732370746
3749082906
3723386638
3702410783
3702410773
3706537781
3693900597
3694523157
3694653703
3711160391
1599230198
1582370023
1522543847
1522609383
1522679285
1514542533
1599537413
1607794957
1593573661
1593632045
1593632045
1593748489
1610521929
1568312713
1433112509
1417193135
1417192106
1417466538
1417417390
1417413614
1149112622
1157505318
3454936102
3450483730
3451471106
3484996866
3489190662
3392840454
3392832006
3409609222
3388704278
3652946494
3652836142
3640164138
3631753066
3627557755
3644400601
3648652248
3655991800
3651744232
3655871976
3647502568
2604193897
2604390473
2317019467
3395219402
3403137739
3482698457
3482698424
3717579688
3700740520
3704922536
2618600616
2618529964
2635241692
2517809228
2517673996
2518022412
2652272140
2654347805
2654351933
2683703855
2629177902
2629763950
2562475494
2561985702
2561973414
2566165734
2574553566
2589962830
2585698894
3122569754
3189630571
3206285179
3172926811
4097449209
3829017832
3841592568
3841592456
3837275272
3854101912
3856176536
3881341321
3880554955
3880551882
1733133674
3859717418
3859709226
4127860010
4263125290
4263190826
4277870890
4206563627
4206432569
4223217944
3652795657
3635947787
3363367178
3357248266
1209765706
1213776714
1222165338
1220080217
1220059752
3366691432
3635063336
3639196456
4167612776
4163406184
4180380616
3140191688
3123544456
3123609996
3123097999
3139891638
3140383718
3144495842
3149406818
3149472290
3149537798
3149472262
3153601286
2574787622
3648529455
3654820905
3654812699
3688498250
3690609737
1241151945
1270532809
1273531113
1248373481
1244180408
1244168584
1244233881
1512738987
1579851947
1596629147
1564144015
1417331599
1425719957
1420543668
1420416676
1424521132
1416127916
1411917228
1413094540
1880758684
810097068
894175677
935659671
390532294
357703686
359801094
368190230
368259638
496034342
529572390
515940902
515933998
515934490
507619594
507684874
1594275850
1548663882
1422575050
1422476762
1352156585
1358452136
1358458280
1466641832
1450849676
1448743309
1179255175
1179451814
1178866662
1178866470
1162614318
1288191550
1284188686
1285171934
1285188254
3365432991
3388534719
3413689791
3409479162
3409614138
3379215642
3387617034
3370872586
2292787994
2292742954
2309540650
2309606186
2314832170
2346290538
2329447931
2329515465
2329454025
2323161481
2322170268
2318107052
2318041516
2586505644
2552947112
2552950200
2557148104
2565528520
2565405640
2556979960
2570611689
2591784907
2600104842
2595963850
2595750378
2598900074
2573738282
2552893482
2557087802
2565492746
3634983179
3639107849
3631801096
3644376856
3644443624
3644508584
3644512680
4185652152
3648585608
3714610824
3743946376
3744008073
3463058858
3328845034
3337233450
3354009610
3282984970
3249451275
3248918872
3517297644
2426711980
2967776172
2956233196
2955381028
2686880772
2687406084
2704187654
3811369254
3811320614
3794744046
3861775022
3861776318
4008511370
3987473818
3987476922
3970773274
3970720010
3970720523
3966526219
4247283466
4180294970
4180285482
4192864298
4222224682
4223208906
4223153802
4222116491
4192785032
4192785080
4192850856
4184453544
4218008744
4218141816
4185565208
4181432380
3979914260
3978077188
3961495556
3978203392
4011753825
4011753954
4011770306
4011275202
2939627490
2905882594
2910075810
2896960166
2896968375
2898209501
2898095836
2912810572
2946414093
2950341125
2941822487
2920852007
2920856358
2927134758
2927151151
2922040351
2854936581
2854936645
2854937029
2875884005
2833826789
2829698005
2834224077
2822762957
2822563179
2822563946
2822531114
2826831930
2850424842
2884516106
2881437002
2885431626
2885165386
2849579370
2845385066
2830644074
3099075450
3099080537
4171792200
3634954056
3639131976
2552798156
2552863708
2552994780
2552930260
2603270084
3123353284
2586493632
2657763968
2666152593
2666074787
2678600354
2645045926
2632528822
2632655238
2645041406
2646089966
2646106234
3187205130
3178867722
3174803467
3174795529
2904267017
2937821449
2853935384
2853805848
2857927256
2853782137
2853839595
2872779498
2839225066
2843419498
3099145258
3099069482
3099069482
3099098186
4189643978
4189627529
4210603144
4209607816
4201221272
4197038264
4197038268
4197051644
4197065820
2066362732
1751790124
1756250732
3903308397
3920941673
3952390523
3926171722
4194626634
4177913930
4161169418
4161149466
4165339754
4169533034
4170449658
4173075147
4173071304
4173070712
4173078904
4166787336
3625215256
3625381160
4177973049
2114341387
2118535690
1984223946
1716320906
1650219658
1649954489
578290344
594035640
594268584
560652456
561701096
1616637992
1884868648
1883819048
1347405869
1347385405
3507435535
3540916231
3331219206
3331244566
2257244918
2391470754
2391319202
2392367778
2318960307
2319093123
2333797761
2350540225
2350523169
3424531232
2623423024
2633908740
2633495044
2622795276
2617543485
2634328941
2651106174
2655365582
3737558478
3599221134
2542059694
2514239662
2491228334
2487166119
2485003413
3575526804
3524657536
3604349313
3602329921
3333690641
3332652069
3349424167
3311675431
3307346230
1159864070
1160910594
1303577090
1303642898
1303642915
1301571041
1305766369
3440830945
3440806273
3439757699
3473313155
1325698530
1334097250
1300539170
1283764002
1283960354
1285467683
1277005345
1277003377
1279166401
1144962496
1194731648
1177950339
371394706
371276210
376508322
378544034
377497506
377497490
109061555
109114544
109108336
105958448
87411728
70184192
1143926019
69664258
73844226
82215426
78021378
1169130242
1201440035
1184672801
1183623200
1179428897
1174972449
1176164353
1125829953
1092241155
1081737731
1085997623
1085866725
1085809316
1087906724
1095247276
50867628
34080156
34357640
38781320
38715800
39244120
7779848
6597128
6662668
6732300
15112710
15113990
14975030
1097105446
1127727158
1108754498
1108754625
1125568960
1096195536
1373026800
1368767460
1368697829
1385474775
1385535174
1377141318
1377092118
1377047078
1360273958
1343496486
1343692838
1421221926
1421229062
1303779334
1321080838
247269446
251218246
242797894
241751126
233361526
212373862
213561718
1287299447
1308270673
1199284416
1193907408
3341405664
3307899312
3303705264
2225863312
2225700480
2242410192
2275963617
2259186403
2259219426
2259215331
2213077411
2204684707
2167964035
2168098947
3242111107
3240009858
3240027282
3239999618
1075714498
1075788050
1075657010
1077686066
1090261778
12321043
12517653
12473092
29287172
49206788
36669012
36540020
36544244
36495284
37551549
37551533
324851117
333313471
316667326
316596670
308273599
308146623
303943871
308138479
308081135
316450797
333227757
1943453405
1909897799
1911995159
1978968359
4101282855
4099257399
4095123477
4111917077
4111884309
4145438773
3220599332
3216392740
3183297060
3183234677
3170658901
3174886141
3206531565
3057567949
3061729487
2533231822
2533229774
2524905550
2523730046
2523734062
2527993958
2528043366
2544890854
2544666599
2548861429
2502723789
2486147269
3559303364
3559319876
3559288580
1416037923
3572777507
4105467425
4243877664
4236016928
4095731712
4095650048
1967046160
1920897568
1929298496
1927561920
1919226306
1914908834
1646344354
1646278818
1651521702
1657876398
579020430
578839246
864338509
830767629
835621661
290434348
290314540
319641852
319690909
319691149
323892623
332280735
299696799
278745819
278778459
282915371
282898217
1885121321
1885120808
1616230712
3780548872
3780545801
3847652873
2782311963
2773918250
2773934830
2936398510
2937348782
2920563374
2926855598
2930035886
2929757364
2929835252
2947787780
2905843460
2752701956
3826443776
3826394656
3828352547
3765439778
3781168354
1642073330
1705052402
1705117906
1974601858
897726594
360917123
494938499
226508209
213976513
214057793
214061825
148038401
147972899
147907363
164684579
163622883
188939139
188930947
172182403
172039095
171997621
172031413
441499839
441483519
508792943
441688103
441557027
441689394
1517534466
1513143090
1527831330
3356711730
3360824066
2295466754
2360477474
2360345378
2360353570
2358256131
2358272773
3297801004
3296777068
2495646184
2487257320
2484504680
3491141736
3541538888
3524701448
3524698636
3525214733
3524248094
3540779822
3574337646
3558745198
3571330286
3569232094
1420692878
1420691342
1436812941
1471435704
1177608360
1177608360
1175707784
101961928
370377928
370316632
370323240
911387192
921930520
1995671832
1994497048
1986307096
4146372616
4113018888
4097229688
4097721068
4097774253
3036488358
3032289958
3032226278
3031177446
3030915174
3031119942
2499438662
2499439686
2514051398
2513985878
2505572706
2505573155
2516059683
2499350051
2495298081
2499308033
2507697665
2503671296
2535099136
2457504080
2465896944
3531127984
4061703312
4060652688
4060656816
3758916768
3759048096
3762720674
3838224994
3838225170
3830688018
3878791186
3862030338
3862158339
3862119456
3861926688
2790273632
2798654180
2779910852
2779911872
2780180161
2780047970
2813622626
2746501218
2744911938
3017692354
3009310914
2975756498
2958651875
3025810389
3042588613
4158540613
4143827237
4139579439
3068962862
3060574254
3057497166
3057561679
3040788686
3023979486
3023967982
3161134822
3169335014
3165135462
3165205110
2628260662
2561152038
2561151014
2292723830
2292723790
2313695307
2313748552
3362508872
3362451784
3363483516
3359239020
1211685740
1210698700
1210777540
1211819972
1211819460
1278931396
1277837703
1194197382
1176831894
1189566390
1185316774
1185410486
1185019319
1184932277
1319150005
1314951677
3475013693
3441464356
3441470500
3445794852
3479611396
2397226244
2397225492
2397258292
3472032308
3448967732
3364885028
3364889121
3369086306
3360704610
3358640354
3358693522
3375544706
3459428226
3727853186
3727917698
3731981302
3738220007
3734022119
2660280293
2664490725
2656270055
2651985638
2651981670
2670855526
2675376166
2649620502
2645192710
2628431878
2645275655
2645080068
2544416820
3597183028
3727198460
3593178300
3594174620
4130996381
4148039839
4114493886
4101899950
4240248558
3969669679
3969706527
3969706509
4242057483
4229688331
4231722010
3644461086
3644456974
3678016550
3682075942
3690475106
3685424754
3416866322
3383440898
3383375362
3383390786
2309718979
2297005505
2296944593
2288619408
2284425136
2284428784
2284565745
2284495073
2355802337
2641092833
2640928993
3576176848
3609926832
3614050720
3337226912
3333098148
3265862276
1118313088
1122514560
1109930688
1126900689
1093280211
1076502722
1076437234
7021810
32144514
27969986
28035329
1101631248
1105762080
1080599328
1143513632
1143579184
1160427008
3442120192
3748302336
3664350960
3731458976
3731421344
3731417248
3732465825
4269303975
4267273382
4267193510
4284031414
4283130774
2110485215
1960473165
1952084492
1952405004
1702677308
1702689133
1736440041
1727973561
1718896779
789589131
756024459
741474457
1009922473
1014112941
1018307301
1018176099
1017131539
480256515
497082882
249603842
241286934
242399494
242391302
242338102
256923942
206731606
206985671
1280708039
1289094611
215298547
215245169
215081235
223510787
252939523
252750131
256944419
257009955
257407331
1314369523
1310643075
1316897665
1316897153
1323696561
1340277153
1306534305
1289757153
1289824099
1290877811
1290803986
1290824466
1280371026
1280424259
1171436867
1202885059
1186103745
1117946817
1117967345
1113743331
3256998883
3257989603
3257968099
3287327203
3283198451
1169338819
1169261889
1165003569
1144019744
1144011552
1160981296
120728336
103951728
250684897
250675633
248656259
248656259
265490819
217142659
217308562
212064722
212064594
211867938
216033570
207644962
207678242
224591635
258144001
266524417
182551857
183541025
183544609
181451553
177273635
194051618
164757026
152270374
134430246
402657126
402930054
402930054
420313222
189626502
193816711
193816705
193953153
160363921
223801777
204988897
203678001
207810817
211980545
211976449
211976449
211847461
216054565
257993509
237026111
237165518
238214030
174212494
182469054
182534318
199385326
150085678
141779254
141599015
137666861
477405485
2094311724
2094840188
2094840252
2110564764
1598790028
1594538892
1595855757
1463681671
1462108886
1428554466
1432626018
1436557794
1470115042
1470250178
1201814722
1201802306
1302580226
3449862434
3449858338
3315640610
3315640610
3349265170
2544024065
2527238720
2523302528
2267843232
2267859616
2502429347
2502573762
2502567426
2506765058
2510827554
2678595618
3718784035
3718785264
3702270084
3362195844
1210190724
1211238788
1225975956
1527947412
1511104708
1578148036
1578148084
1578148069
2131801575
2130755047
2097388519
2102565879
2110963671
4260541767
4260558133
4251374885
4251370788
4117710100
4151274780
4151279389
4134502205
4134394687
4135443750
4135451958
4141718806
4133197062
4133204231
4133203989
4131958832
4148740304
4111351936
4094558336
4095608736
4101834401
4109112998
4104917670
4037358270
4037292730
4037288442
4041534539
3492063247
1344579597
1881188621
1882241293
1899333647
4079387662
4062609422
3861807118
3866001526
2791997542
2791895142
2808668519
2808670069
2808833661
2809861885
3883599613
3883599837
3890820541
3890750637
3890746623
3890750671
3865668943
4134207037
4075472429
4075471373
4075803148
4063191560
4063127048
4079898584
4029434280
4033624488
2967931816
2963672971
3030844106
3030676186
3030672234
3030671726
3034866030
3035971782
3036037318
3033977014
3084312741
3059140053
2652372420
2652367812
2654333892
2658527701
2683824229
2684345446
2515518486
2515465222
2515203334
2515522870
2507118374
3043866418
3043992834
3043996945
3085931568
3086847008
2818346032
2793180208
2789055536
2789053748
2789209380
2805883237
3812495847
3812492710
3809938582
3782674582
3824490935
3820296613
3820428981
1639392901
1907696324
1895113293
1895113229
1895584301
1891418671
1891423787
1895624507
1912401209
1937628281
1935377480
1931117640
4045313096
4051612745
4102020361
4109818394
1962334826
2113288938
2146909946
2121545434
2122056666
2122068394
2147426474
1979392174
1962487983
880280735
880305295
905503887
939041999
847229023
306098206
305049630
321294398
287670318
275023151
821022269
822005325
283037260
283035208
299815432
333358600
847161096
1919790360
1919723560
1915533352
1983686697
1983683609
1981580363
1980727498
4144644170
4229566778
4233765674
3170509355
3166249517
3166183981
3166183980
2629329420
2644042248
2660889337
2660800186
2517143210
2517143210
2517209002
2535099274
3575290250
4101671306
4105865677
4156205436
4139298092
4143490428
4130922844
4131086844
4131025389
4131258813
4114482597
4101385380
4105571540
4105636933
1956912135
2090869782
1553998950
1555113318
1559373158
1551173478
1410664166
1415512774
1423708806
1167861447
1171582917
1297410925
1293793583
3441330494
3441400590
3352669966
3616906766
3602875918
3602809357
3065677612
3069750572
3195579436
2922941476
2939919380
2906559492
2889801796
2889752692
2755535341
2755528623
2759659438
3841724078
3837532847
4122806975
4122549903
4086886029
4087129733
4091324101
4045181687
4045247095
4045374038
4045378126
4045385294
3809913358
3809913366
3883305254
3874850854
3869545510
3873763357
3865370636
3878051848
1680232456
1680212012
1680739628
1626081900
1622936236
1622678204
1622686349
1673019021
1928860303
1920537486
1920602774
1381642982
1383801378
1390944802
1374168354
1353196658
1353327746
1353330819
1353367680
1156235392
1433108912
1395360656
1395361296
1399426580
1399384612
1399384876
1936224045
1936401705
1395274073
1433010649
1417245689
1425795065
1358475135
1895599935
1910803743
1936178206
1399235598
1382474758
1378276614
1395000646
1395529718
1362040550
1903493863
1895109607
1890595301
1888514533
1888543173
1367385541
1371581815
3519064887
3586305814
3620126486
3611723542
3612772183
3596612951
3596612981
3613324789
3615389173
4152251877
4285886709
4285911157
4285911133
4252357983
4252368159
4250266911
4246073151
4246073151
4246205727
4250326303
4258677215
4124378559
4124325294
4124388782
4099354542
4107736766
4124377790
3586396862
3586405054
3621007934
3605272382
3601612062
3333171214
3333191695
3467597885
3446332453
3425354804
3425355524
3438973636
3434779264
3434644096
3434652337
3344490915
3323482534
3323659430
1461585126
1428044918
1423846662
11937038
11994383
15994637
53743373
37162765
104255005
104333100
116696877
112502534
111511302
1190037446
1332642694
1332384694
1298903734
1575597046
1555608550
1555620326
1574707685
1493967076
1493963812
3708554276
3691989028
3696150852
2093935044
2093919108
1952361092
1977519748
4156523396
4072440244
4070346916
4074561700
4061946020
4061929644
3793630191
3795191406
3799385646
1660356138
1676936730
1911821834
1911368970
1886267402
820983818
816580715
816601193
817691672
838639624
891068424
1930735624
1930928169
1929551915
1929543723
1908834603
3515859435
3515598763
3515502251
3515489963
2445950635
2445946811
2446009738
2177641610
3248237706
3248425114
3248359850
3287952042
3279498907
3543691913
1396229001
1394115032
1379447144
1396220200
1395171624
1361621304
1361836313
1361746235
1363056939
1364891946
1406835514
1451853130
1451786698
1451851978
1457172698
3608846570
3575293166
3557484670
3691665734
3692710670
3697149486
3707634222
2629567262
2646094174
2646159711
3619386461
3602414700
3605559532
3592964332
3593136604
3593120700
1378528956
1382721213
1919591046
4062880198
4078665794
4044927010
1880657954
1612219427
1618726688
1618672160
3765070368
3761125984
3777956560
3811379840
3825023648
3801907104
3800839568
1653351301
1673798286
1627661198
4043448810
4031915050
4042394666
4037093386
3500157963
3516948489
3516965129
3550577416
3618013960
3601763641
3602811115
3615332586
3709644010
3708593354
3692032330
3691675914
4229595402
4175077675
4175080747
3923355929
3948587337
3927612360
4196044761
4196255401
3927716587
3927188474
3927192026
3944481130
1775138090
3918194730
3918264378
3951798280
3951602696
3956847624
3944251400
3910717512
3894079976
3894031087
3908702958
3904505582
3903590126
3903327214
3907524766
4163385486
4280953998
2117739661
2121933448
2124292792
2124243608
2123163272
2127343304
1577369304
1577363949
1577363963
1577442506
1598508238
1598424270
1565917694
1574310382
1288839470
1288901406
1288704822
1290797878
1291087638
1217719045
1284946176
1284946176
3431373056
3452930112
3458108608
3458106752
3460219776
3458859648
3471446707
3400151714
2326340322
2326274598
2343051310
2380800042
2355629082
3429570570
3430639630
1216079886
1224452420
1215934404
1211875268
1294632896
1328186240
120226688
120240000
53393280
52873088
52610707
308532898
308540066
317776802
315679206
851484710
851485743
844141629
861047821
863407117
859216909
861320221
861320255
1896125695
1879540878
1884196766
1892073126
3766927014
3766786727
3770982103
3762593301
3812923188
3797332772
3860259684
3862307812
3861254832
3794141873
3810853799
1633681830
1621098734
1621102650
547430410
547364874
551559179
544222473
544373304
563268136
563251720
831556553
1905560457
1421119115
1425314442
1417147018
1417032346
1144398842
1146495466
1147019374
1155407910
1151017986
1167721475
96142592
62398736
41427252
37249892
37447636
37382020
37358980
37490084
50076068
50089132
50322828
47633804
47620492
46178796
41984876
1115718441
1115915018
1133744682
1200662058
1192274474
1192278570
1192397818
1444317642
1456900298
1453231305
1455328456
1455338568
1448584316
1444192300
1444257836
1443356716
924250173
873873679
873879055
880175623
1555483157
1555417653
1553226545
1557412641
1564749105
1564746608
1296442080
1283855008
3432383104
1284899456
1284968321
1286654369
1299228899
1597024482
1580247238
1446225222
1446225222
1443992910
1443925118
3590384686
3590334510
3591449902
3595711806
3551658782
3517317918
3501081406
2427254765
2427233708
2427233700
2423042948
2418840204
3493433996
3491419804
3491389117
4030601966
4029549422
4033620006
4037291046
4037369886
4037472271
4054290445
4092887308
4068258364
4131366428
4131303196
4131120445
4135183661
4135207209
4160356457
2004484201
2004484121
1899495433
1882985737
1881030521
274086891
280374170
297081738
1370802570
1403817099
1475118233
1475121337
1441567224
3568218664
3568214572
4105085476
3165561348
3186528769
3178136113
3207365155
3190613539
3191629346
3189581590
3201967366
3202033007
3197633647
3069707499
3069721803
2543529097
2493147324
2492008636
2429028749
2420706189
2152337037
2153656239
2245862822
2533192118
2533286086
2533285958
2533142566
2533130278
2524745782
2524554511
2520362781
2518284829
2669378124
2635737676
2618964556
2623147628
2633697128
2562199849
3635945593
3635945563
3650823242
3650693338
1301817578
1337469098
1316539562
1311490234
104775818
373215370
370664649
302476360
285633564
806517772
275961608
821203464
821330488
552896040
551324200
550275624
617122344
629770776
1737071113
1716502283
3993432331
4009910299
3942785065
4211220589
4181860589
3900901319
4169215687
4186128095
3649379054
3683392254
3418884862
3410495726
3407416494
3409654926
3375095950
1231659150
1491705999
1504286620
1605942684
1593425052
1580833996
1445694540
1445639244
1445897292
1982768396
4113475356
4058435116
4054239788
3031796284
3052706588
3040147741
3073668381
4131136287
4265484823
4278063655
3216900641
3216966369
3182691745
3103022241
2557541505
2551379073
2567073921
3640795521
3644859383
1488990182
2022910950
2022849510
2024802670
2028996734
1479555166
420491278
454238222
436428815
440463717
465609059
465616355
465607139
457284082
188980690
1262657490
1262655426
1338160706
1338179074
3447873026
3447806514
3430955811
2357213473
2357213473
2358511905
2228489475
2220623106
2245874946
2257511698
2257495394
2257499619
2257356177
2261550992
2254212992
2524748672
2524756912
3057494756
3074398756
3040786976
2803805712
2921259523
2921226754
3994821346
3994821090
3996385442
3957588130
3902931094
4171379910
2023893062
2092050502
1553082566
1552951694
1551919502
1333849998
1333835663
1334085004
1334087084
1338830244
1326214624
3307154736
3308655872
3307614481
3319943458
3315745650
3298980290
3299014018
3300035970
3434121634
3437279395
3428886944
3441470944
1294182224
1294108160
1294172688
1277207056
1277208336
1277273873
1545780531
1549965603
1467140387
1456720131
1456925443
1456917249
1452756497
1922877217
1927078691
3797721383
3810304293
3775693093
3775693149
3775694541
1661765325
1645190836
3792629413
3792596642
3859428770
4132050082
4157215906
3187285158
2628397190
2628659330
2628663746
2361264962
2361154065
2377967136
2277286436
2260509412
2528948732
2532876732
3069747372
3057168557
3074209199
3023996654
3022947898
3022974490
3039701515
3073124875
4130089739
3874240555
2796309610
2947433722
2897101962
3165054090
3169232331
3161892586
3157567086
3210016318
3193201167
3188990489
3188990249
3189716009
3145336876
3099199532
3099219980
3099256844
3099110604
3099107532
3099173068
3095101676
3174860013
3172763885
3172907373
2770266685
2807491087
2778132046
2780100302
2780620526
2817312430
2792048302
2787722902
2787667350
2791845014
4000852214
4013430998
1815820486
1816012998
1819683542
754064114
682695411
951068369
965748417
428879553
163589569
155220339
155244915
155253091
156367219
198375875
198375875
198375875
198367683
163764610
163772802
163764674
227727682
227662130
227604770
229697826
1303636274
1302526210
1302513986
1306708418
1306773971
1306642929
1307695600
1307695472
1299249440
1299245408
1295051104
1278470608
1299380672
1298319809
1306708353
1306773939
1336007667
1335999331
1340123938
1340124962
1298179362
1293984035
1159766307
87138643
120763585
252878016
1175623808
1175623808
1175558289
1175697891
1179826466
3338051378
3618426386
3622336050
3588843286
3584747318
3584745766
3718856998
3719839781
3721941308
3696763144
3692765448
3692693304
3692694312
3692714600
3557554925
3569937407
1435029454
1451853198
3599409294
3599413407
3603607701
3596260756
3608862356
3577367184
3560835760
3560778400
1416900256
1953511073
1961886115
1978728691
1977684066
1574969394
1574985730
1608572930
509718802
509718834
1583395890
1583397938
1592834066
1590794259
1590810737
1582454977
1599223936
1565931904
1551241089
1551172257
1559524003
1559290531
1559290851
493920595
493920257
492871701
488682548
488765492
488798212
488798468
392354565
1453509175
1453706806
1453622039
1459388679
1446805959
1463714695
1429922453
1413113525
1417223857
1425743523
1354440354
1354503842
1353978278
1358180518
1348477174
1348559942
1348725766
1348529159
1356917031
283175719
300154647
333905159
333864199
334843189
335287653
301229409
284680561
276226419
273862963
1098039
1097783
1068051
1075475
1206547
5384963
13778691
9847553
9945601
1102946817
1136633601
1122942723
40864595
41782258
37264290
372829602
370730402
371094662
1461637255
2000089235
2100797666
2104598818
2010157858
1737528102
1720754990
1715513118
1728114462
1677847358
3825359855
3829849068
3839287276
2761412332
2765932228
3024940740
2953637572
4027375316
4031205108
4090891936
4076218272
2997232049
2460352659
2460287139
3538174051
3529785379
3542377478
1344760838
1344694534
1348893446
1357253382
1357777206
1080822822
1081619506
1079514370
1086865682
76076578
344503842
344503842
1435150083
1607115073
1583263937
1580630208
3728048272
3727798448
3660840112
4195515296
4215630496
4236536544
3968100964
3968106036
3851171341
3889984094
4158144750
4151890094
4145561774
4112060574
1946690702
1946954894
1947101631
1959689980
1888357900
1889273356
1369186828
3518767628
3552535052
3552474652
3552201535
3556301286
3556305318
3531123110
1379699846
1379827846
1379319942
1377190022
370290822
303182002
305148066
845161699
853550306
849356134
564329846
547528518
547594183
547395399
551855989
1617208101
1684054821
1679865637
1679855141
1612745253
1612810789
1680005669
3827449381
3827447652
3848470996
3890287060
3869443316
3869443316
3869332805
3869304071
3869287686
4003570966
3992106278
3983707446
3962801462
3962805014
3962812950
3962744327
3962740229
3960636949
3977348900
4012950309
4010856741
3994054951
3994050855
3994038630
4015063526
4017291686
4017226166
3992126902
3986754750
4020308126
4021713118
4019644622
4019579086
4023709135
4014338511
3171415007
3172430527
3037934255
3042120431
3050513391
3184535022
3182441822
3182632270
4256308486
4256643343
3707054367
3656657215
3648273679
3680306447
3661234958
3396993822
3405386542
1253581102
1270358382
1236804062
1234751710
1268355548
1267446748
1317725148
1321891708
1326407468
1292716332
1142868332
1142606300
1155176836
1084197253
1083477430
1368688038
1458603174
3593638050
3593638034
3592593729
3592593920
3592463888
3609453104
3563254320
2493694501
2493628966
3030697254
3030692966
2494864486
2484373590
2484574278
2484533510
2484529926
2639720198
2650168919
3220532855
3212138451
3212789699
3212793233
3186980065
3186947297
3178288371
3176388051
3209884355
3210212051
3193201395
3201589927
3218366951
3079945455
2516326510
2515273774
2506623038
2502567950
2473208910
2481595214
2477421262
2477441758
2477310959
2482549732
2474161652
2468915028
2468906772
2470159892
3007030804
2973754901
4047500823
4047488822
4101948711
4107727143
3031851029
3031855109
3187045388
2650740749
2642221373
2640066863
2635889199
3210435311
3153778398
3132670607
3132670623
3132666793
3132924396
3128730404
3122177584
3138956800
3138973440
3139103779
3143265314
3136949282
3136949298
4219084098
3627689922
3626645186
3706324674
3702065058
3701998755
3702019233
3702062241
3756697728
1584048320
1315604672
1315670096
505997408
1579704544
506994849
372908193
389677223
879362454
887751310
888097478
883919383
884845093
616344101
549235492
1616685076
1629269004
1645052940
1645117676
1645121988
1645130372
1661891236
1662919335
1677472422
3790344366
3789829294
3823379630
1677012158
1677077918
1738938894
1738951174
648403463
648325381
920954884
908373012
1042715684
1043775492
974569728
974537488
978649840
987591411
983430886
713877222
730640358
701278702
677358030
673155150
674990158
741070894
741026863
607854639
658055231
641478957
644620845
648807017
665649913
883823305
883834568
347044552
482147016
480049848
483949480
484195288
434003656
1509586633
1505420010
1504371562
1509482986
1601758090
1595442826
505020090
504916650
504900266
1578708634
1463431562
1442709642
1421213866
1152520430
1152409646
1152442414
1084269862
1084537124
1084528948
1085135664
1076611856
1143606016
1143604992
71181056
71181056
71163920
87990321
108962817
376342529
1047496705
1047369937
778942673
774682804
774683812
774680748
1848422556
1848545676
1714353068
3861836460
3865866916
3875300004
4022084268
2902205068
2902336141
2902337166
2898138798
2762736366
2762736238
2780561722
3883671818
4001177611
4013829129
4252903433
3170777115
3170502666
3635034122
3702208266
3701998154
3701998282
3450340090
3450343850
3450549418
3450546347
3433654443
3425200267
3442038921
3442134153
3443179913
1299890568
1337648056
1320854504
1320919852
1320722728
1315479848
1311286568
1295562792
1547286591
3699021839
3558508831
3558508861
3560605957
3560547653
3609912260
3609866948
3614048961
3606708899
3600351906
3617072802
3616026530
4153162146
4157343890
2000963714
1996986498
1996663939
1728226369
1729144069
1731241748
657499668
657503765
842061349
842143266
842400290
1918763298
1406664738
1352138770
1421541398
1153052679
79307788
79310092
1153100044
1286179660
1332251612
1177061880
1177323945
1110220715
1093449387
1345106622
272626335
272523967
274604967
291381415
845095075
845045859
842940419
841875457
841760772
304898340
292351532
279767596
278678060
277613068
277613191
277831302
277803910
1350939046
1401397670
1988538758
1993773382
2130091270
2117572899
2117380387
2115283751
1846864598
1846298254
1863254686
1830421423
1826488745
3971944620
1822175404
2090083460
2089036932
1556360640
1549152097
1557279075
1553072482
1555238962
1559385090
1550994434
1597229378
1580259682
506522594
510847686
508710598
508691078
508756630
441451174
978330342
986719207
969942311
953367589
953170997
969947157
969944085
424803351
458357767
458341574
448830934
448830899
532781491
532781491
524417457
490863089
335772433
340950785
340950275
275930370
24124706
24145186
55639346
22281522
277060898
276874530
276858674
277123025
8883184
30333424
1108244944
1108244800
51263809
17725779
17590626
29949282
25742706
59301715
59415809
63618305
118140161
118156545
85597568
221973632
221972880
225118624
225130912
233778096
233118608
232856192
258022016
258022352
241179491
241204002
174090530
191949090
200341794
196204850
177330482
177461522
177395970
176355649
176347456
177396160
1263684032
1225935312
1225939264
3373418752
3373353232
3381717280
3415271712
3381701920
2358291745
2358424865
2358412787
2358412707
2358282147
2364573602
3429926818
3425736626
3425744866
3425738082
3425876242
1211279618
1211279362
1530113026
1513268226
1511165958
1515356166
1515552806
1516098598
3663586351
3688426797
3688394536
3688462872
3684290248
3667447448
3667418808
2597873320
2589467321
2673603487
2639958958
2640217070
3185215278
3220938526
3220744966
4277709574
4286098214
4248411427
4229614883
4229841923
4228775939
4228317219
2080702499
1826041187
1838574066
1855383939
1858011009
4273980800
4277764480
4265312672
4265193888
4263045092
3944245868
3961055784
3973704235
3969571626
3971663914
1689797854
1693974670
1698168974
1998467214
2114855070
2114855606
2126910118
1050084006
2123694806
2108690958
1554263566
1554278926
1554508318
1554504253
1487788604
1491925564
1500018204
3682091532
3682255692
3682242812
4185493996
4183335276
4166553468
3906513412
3906578948
3919489301
4020156453
3999184999
3860219047
3860201622
1645617286
1645621414
1664222118
569575078
564205238
565262006
1671444046
866133518
866135822
362866702
94476350
128096574
128359230
1185056572
1320255868
1590985164
1578401992
1511424200
1511433416
1528211768
1582738216
1586936616
2123734328
1994192152
1981601112
1964890072
1948176040
4095663784
1960237739
1960234906
1909768398
1918160926
1913966638
1916125230
1916686362
1933451530
1886267914
1887320666
1962810042
1958623914
2092710586
2092711305
1555828872
1559494808
1551302760
1546838312
1562550828
1596170780
1592828428
3736120860
3666913567
3666909486
3686963566
2567085038
2550565758
3089008206
3095298638
3102323550
3115884902
3149439078
3218645095
3176764625
2887302337
2887318977
2887712433
2891906724
2766071460
2782869172
2816214743
2786854478
3057388062
3057387822
3073906734
3082356794
3048876090
2512006234
2646291657
2646208716
2593693836
2593698700
3673723380
3665330212
3660087332
3727282212
3727548460
3745342509
3694537742
2014718790
2017872582
2022005430
2021943990
2039229062
1536964230
1522008911
1526350095
2071650607
2017042726
1748544807
1752934695
1761191965
1756932172
1759030476
3910706380
3943212236
2852893916
2853895660
2920970980
2927233700
2930379431
2947092134
3165130422
3165132422
2628529798
2632724422
2624338982
2288782374
2313952294
2326668302
2327454734
2327489550
3399003151
3419970860
3663234552
3659105736
3665526856
1515954184
1511759928
1528472636
1528449052
1564084300
2067401196
2049596076
2058014383
715899534
715698831
1806218893
2045486797
2029694508
2029627692
4218989612
4198031404
4196147215
3122397230
3122406190
3108905582
4170057390
4171105950
4173007518
3635940030
3634891173
3635169412
3665078400
3660885120
3658917056
2048042000
2048042240
2050075904
2050141953
2132974338
2099419906
2099694850
4230874402
4230481062
3975684262
3837329574
1689986447
1958227332
1958226836
1962420884
1886927508
1887050452
1904139844
1928697604
1928377604
1659937797
1651543063
1651543334
3796929062
3776416294
3776351790
3843461662
3826704910
3960758814
3960742638
2889155054
2826174638
2829388974
2829912314
3903723578
3903731742
4171899918
2025463822
2025398285
1488453672
1488461912
1486376136
3478690008
3456801160
3322849928
3322849928
1443741320
1385464456
1385464746
1387626922
1387765930
3549814954
3512000746
3491217466
3491128334
3493227530
3560335626
3560323594
3565029898
3619555850
3602528843
3468377736
3467120552
3332900776
3328709032
3324518792
1193877896
1165631640
1090134184
1085956284
12247260
7909684
87601445
121148197
372806935
372807695
371755039
908625957
925468727
875203655
472810182
486441606
1558090386
1556918946
1548542690
1548545826
1548708131
1556510753
1435917408
1469500624
3602826688
3601777024
1458475392
1445364097
1445431235
1461962514
1429302838
1429219878
1462774310
1450208038
1993763126
1989606679
