592303486
592270719
592412023
592412519
1674575719
1674575719
1674444631
1640889669
1640823109
1632434517
1632500085
1632631141
558823781
1632566117
1641021431
1674444278
1632400790
1632402838
1632467382
542079414
550468534
550468598
567098199
567097621
600799237
600796180
584016916
600663092
592200725
592266327
558876150
558876590
567279294
567148190
567081630
567081630
1624111871
1619917565
1624111708
1615724292
1611001108
1611132220
1611132717
1661423421
1648840479
1648840535
1648852310
1657109887
1673821551
1673821567
1640332671
562552191
563076479
550360389
541914437
537713989
537779569
542039905
550428513
550428513
550370625
541982017
558888257
1628370419
1628337635
1666070003
1666138099
1674526691
3821878243
3800316913
4068817857
2995206977
2458337025
2458335009
2189763873
2189697329
2172919841
2156151843
2156692579
2160887283
2161087891
2152644499
2421145523
2416294577
2953165521
2953296577
2970008129
2735127041
2718345745
2718346803
2718279219
2718229042
2718220834
2718746210
2723989346
2740739426
2707249267
2698901619
2698901619
2697853299
2697920323
2689531713
2685304385
2701950561
2706134881
2707183475
2690454867
2698917187
2698918995
3774692466
3774624866
3772527858
3772724434
3771610242
3763223682
4040046722
4039981234
4052555938
4068874370
3532011650
1384529026
1385051266
1116615890
1116676386
3269206818
3269207330
3269211426
1138492710
1138494503
1100794901
1099730004
1103924692
1103994324
1078566356
1074503124
1343069652
269336052
269483380
269416208
269415952
269411888
269379104
273425952
273428016
269225473
921089
5115137
5116931
13505539
9378835
9378835
9378899
30088259
21699907
55186755
38483283
47134035
47134067
47002995
46929267
46978403
46969187
46969314
55357922
21803490
5027810
5027555
5029603
1078852337
1087273537
1099840065
3280878848
3280878608
3264095281
2190418977
2190292001
2190214177
2190230881
2194441571
2194445795
2194518515
2194518451
2194518451
2211295667
2160901555
2420947363
2416753059
4027365793
4044274129
3810441283
3793661123
3793659074
1645125842
1645211874
1645036706
1645036706
1649233318
1653038582
580354006
579992918
662760726
633400326
625080327
604104725
604104724
604104756
604170276
620943652
625133860
625199396
625068341
625076501
1698818359
1698949687
1632881207
1628949047
1631439415
3778927159
3783096871
3781982759
3781982775
2766953079
2766953047
2766961239
2766469719
2766461783
2766461909
2784295253
2908092629
2908186837
2908186836
2874632693
2874558965
2876656373
2952141557
2950986453
2917423861
2950978165
2946816629
2947873621
2949966661
2933189447
2923751895
2785339895
2786413989
2725724581
2725118389
3798860221
3798864317
3798938043
3823448219
1642149019
1638086778
1638033434
1654843402
648210442
648194058
652323850
639664139
639729675
774029547
774029545
757256681
769839595
749992811
747760447
747694863
634513678
621897998
621884750
556794366
556860334
544408494
552743598
546443926
546440839
546510469
814818948
813967036
813967020
834938620
835985096
290738120
290770249
290757977
290821467
326604122
326612746
863485722
863354666
863289130
863354670
863499550
863432974
861303053
869691709
869724460
860218156
591700780
558146349
541361949
541426959
558337359
554010719
587499767
1661307111
1627823221
1627831301
1611052288
1611069200
1612117792
1612050209
1616674593
1633506593
1667171601
1649346003
1649345971
1649221539
600580003
600587171
596392882
579616642
579682178
579671426
595924371
563443155
563406659
548726531
552920835
557119235
557143315
859771937
857607201
845024289
853425201
866001921
866002177
832439559
299647239
299648311
273470767
810343743
810416447
827119935
827119999
827186143
860807119
869159631
869233375
902574847
902574831
902567655
902116967
902244135
901867303
1069605159
1069605175
1036042503
473989399
473997621
474014001
469853488
201538864
67255585
71440673
12732691
8539971
8834883
8818499
56594371
54366147
54498641
41923953
41922929
325038449
324907361
319680865
286093665
286094689
269423971
269172707
290078707
30097363
25894866
59318210
63782210
130882882
123673938
257900018
182402546
182337010
178208210
180297154
183836114
183573970
183719379
181663699
180467681
180403681
440446433
440445408
440449377
440580369
448968705
448968705
436242465
503360545
906018017
906140801
822271105
805457281
805456769
811010739
813648563
822041267
819854003
815594227
832351842
832351778
870100786
860661010
856470835
856544291
856609843
823055395
827248675
550424627
550424579
550424835
550457603
550326551
541929783
541668671
537607519
537608027
541671035
566769259
563623547
630724187
632837707
766039883
698914123
703116491
728478939
728741115
711963899
707630331
707106011
707114235
707179627
774287465
775336041
773300331
773169259
773300331
773243243
662618475
661635947
661640815
594542207
1668019839
1634334335
1634334335
1634596479
1668284031
1668284031
1668111231
1651334013
1651276157
1676441981
1676508509
1676639581
1677688189
1677688189
593458517
559773015
568163575
568327415
551550167
550435271
567278023
558758359
558693351
592314343
592314359
592445399
1666154455
1666023415
1667070951
1633508327
1641896949
1642036053
1675590485
1641971525
1641969477
1640969541
558642516
554448244
558644708
600718308
579820516
579853300
1653465028
1653407172
1649212612
1645214916
1661926900
1632566757
1615789541
1624208885
1615689175
1615689175
1615298398
1615298406
1623579182
1640290862
1673853502
1657072142
1648684302
1644487951
1644549183
1644545135
1645200639
1649366463
3813563823
3788397485
3771619997
3771693725
3771498141
3771481757
3771479711
3771478687
3772265134
3774359278
3790087534
3790093374
3790108734
3823691806
3823740942
3823872014
3816467470
1645913103
1661633805
1661895477
1628362293
1628337700
1628331620
1632505825
1640828897
1640833009
1640960449
1640968647
1640964551
1640964575
1636725759
1620037629
1619848189
1624026013
541886861
537692301
554536143
588153039
571379791
572436607
572448815
572448815
589230119
588862503
559435047
551095599
551230783
568008479
570111755
595273227
595207694
602609182
565904958
565710446
565710462
563625547
597483083
664575561
647933897
652127689
660518025
658347165
624723117
624197805
607162541
607367343
624079271
626193383
667084327
650503687
1724178951
1715889671
1644590599
1645102605
1650118173
1660668525
1673038829
1673038333
1637398607
1633196111
1612487743
1611576383
1611575359
1611571255
1612640307
1612640547
1612608355
1614771811
1618824801
1617776225
1625643633
1626831361
3774348033
3790990081
3822582545
3797342739
3797309953
2719963712
2719750753
2723945059
2723945186
2782665698
2900171250
2831030722
3099474114
3099342994
3099080866
3099072674
2578987174
2577938565
2305357957
3375151492
3644696964
4179471236
3911035780
3910117844
1763158868
3981945392
3977493008
3977427472
3843275280
3843529264
3776363040
3776109088
3809660193
3816180769
2740325456
2749316336
2749314224
2714704048
2781682068
2915383940
2915515028
2911845095
2911705838
2911640542
2911647902
2912692398
3216772270
4286318750
4145622158
4127729039
1984702349
1984766860
927854764
592294124
555581548
557678616
540516361
540520459
538412042
538872858
555649050
555399226
555395114
554362922
592115754
592076043
600532233
600470392
566969320
566838248
550065144
541619161
541647339
621306347
621498346
659180250
667605578
797637130
764079882
764011787
1841848587
794300443
790181097
794373545
642460073
650848697
1724456857
1741173656
2009625240
1976292024
2009830056
2005512936
1939382825
3533239871
3535325502
3535362086
2214275110
2235181094
2218408998
2222600198
2493120966
2492129927
3565716141
3566764717
2493026985
2486996664
3022887544
4097743384
3762203400
3776883464
3776358664
1628871688
1662370889
1629356187
1629368494
1629364398
1633562798
1674514862
600641950
583807374
579602318
579341998
597170878
599272075
598224584
598222536
866706248
870967048
292155160
287894312
288226088
292544296
300892952
1102004488
1102004488
1085161736
1085173016
1085204792
1085073704
1101850921
1139603753
1114234651
1114293066
1121698250
1120756218
1120690666
1107828842
1092095086
1075513726
1075464526
1079700430
1083830221
1102618572
1136177100
3283856716
3262819612
3258628396
3258489132
2184743228
2197588236
2210306829
2210307903
2445188910
2428419374
2428341550
2432470054
2424084502
4028413974
4028409878
4044339254
4044278902
4044246230
4044234182
4044242839
4056891061
2983148196
2978953892
2441951988
2441886420
2441903684
2441410324
2424824084
2425856021
2429870135
2153041954
3223077154
3222226210
3222150482
1074675138
1074675138
1074675586
5128066
13516674
26091395
59710339
64953283
50142019
41762561
49096465
49095475
45949235
45969715
48025891
46973218
38572386
38573027
38573987
46964387
63766435
298638243
298703267
298744291
290335219
323889491
38676739
38677763
38677761
38759793
38567397
46947556
46976244
46960116
46960116
47164916
315600373
315604983
1389338486
1389272562
1380888050
1108258290
1108190706
1108132946
1376534594
1460540498
1355693142
1351231830
1352280438
1352345974
1083705847
1079512053
1075317461
1092120132
1125672476
324592188
323613228
323613476
323602213
323538215
319606055
319671575
286194967
823127319
806351157
810521461
810456053
810529277
541954525
541889949
541890973
1615829133
1611577741
1628355469
1661974168
1644622472
1644569224
1662132872
1628570536
3773961705
3769641193
3767543913
3767592971
3767576650
3769673034
3803480906
3799417610
3795222794
3793125402
3793744938
3793513514
3793495082
3860800554
3860730139
3883532809
4154065464
4120445492
4119336529
4152899281
3616030433
3616030691
3621285075
3545819331
1394272449
1396373568
1362774272
1897548032
1881000752
1879895840
1615638368
1624026596
1615629716
554470796
554470556
554605740
542031020
542045421
558789742
541995070
537796710
541991266
810427234
818877042
818677314
273418818
273431042
281950770
277772802
278850050
1371455042
1136433090
1119664066
1119719875
1114539457
3261994353
3262059808
3262985504
3265017120
2191270176
2190222112
2190227237
2206993973
2173439511
2177682007
2177670103
2177678294
3243096534
3243096502
3243227542
3243227286
1359984790
1360001235
1342650835
1879456017
805714193
805710641
537799441
541928193
550255361
567020291
600623939
584026963
584039251
583908163
583907651
575520211
575651058
571456690
571323570
588100786
537769378
537311138
541523874
549649319
545455013
545388821
566355973
591652869
570615813
570615829
570610709
570867733
570900503
588071207
592184807
558370727
592190119
600652471
583875255
583875319
579680983
596458007
562903575
563033607
563028743
831267079
818688007
818724959
281854415
281903567
273522143
273660383
273660381
281983321
281984329
290366793
290365769
290369865
290427737
290231147
290248555
827115370
860806426
860810506
860810250
856620042
843963482
843879547
575443067
575443049
583832041
583840233
600617197
592229615
588037375
588102911
554614007
554614759
558808807
567197413
562937589
567066453
554483061
554483053
554499437
1628339693
1628315117
1628313069
558774255
567230439
562905079
562904791
562895431
596384327
596385539
596393219
864824327
864955399
332282887
332274695
63900999
63720791
63758199
63757815
63741430
63749558
55359926
55425462
324008342
323943814
298745734
298729431
298794549
281425461
281487141
809774884
809774373
810298661
558648613
558647597
558713215
592255359
592255871
600783743
600783711
600783711
600800087
600669015
567081815
567073111
558733687
558742007
558742007
592296447
860863999
860732927
860733373
827309973
827309973
273659829
282048437
281982901
1372497839
1372497854
1406054334
1389293502
1389297086
1389297086
1405615354
1397095642
1363535051
1363666251
1900471579
1883744059
1967499066
1963239002
1963243098
1967428186
2001044314
2001176410
1732744570
1867496826
3981421931
3989745003
3989745531
3981436746
4245481418
4278999002
4279006698
4262339818
4266538218
4136504554
4136520798
4136623454
4136500287
4136426524
3603794956
3596190732
3592131596
1444602940
1444602940
1446673468
1916427292
1914379580
1918451500
1918467628
1917406828
1900760652
1884245709
1884245709
1892669071
1892677279
1892546238
1892447918
1884044974
1884040878
1879915258
1611610874
1615673978
1623993114
1623993627
1624010009
1624008473
541914905
558683769
1632421497
1632421609
1632487145
1632605929
1632605929
1632483065
1632417528
1632411385
1632149209
1632223067
1640733563
1674287979
1649081131
1644882219
1644849179
1644894233
1644891197
1644827692
1657410620
580531212
580531212
579474508
847840332
869008861
827135455
810432479
810434303
819928830
818757342
818757342
818681470
818771582
818706042
818703930
541911610
566819626
600348970
583638362
583712075
1665840459
1632285003
1628157819
1611175915
1611183851
1615380219
1615503099
1615503103
1611316991
1611263743
3758682094
3808984558
3792258286
3796522218
3804910827
3801837035
3817435097
3821546057
1632115273
1627916873
1627918201
1632320873
1640643689
1636383848
1636310104
1636310092
562633804
566959180
566902140
566979932
600403405
600367053
591973775
592039326
592174526
592444862
592378302
591919518
558226398
566745951
567179901
567176765
567275068
567078716
567078717
558751549
558485279
558419231
554290494
558618926
558562094
600566590
600366878
591974175
592039295
592043503
592182767
592113135
592144894
1648982990
1644698574
1644760030
1917540846
1925904622
1921706094
1921644638
1921554510
1921628237
1921693772
1925880908
1917492316
1913560188
1913625708
1661844716
1611642861
1611568863
1615763023
1615517262
1611169406
1611153006
1611153003
1611152235
1615542633
1623865721
1619728713
1619541321
1619557705
1619586377
1640555993
1665722331
1661593242
1661597370
1661585066
1665914794
1674302890
1674179818
1674177627
1665723657
1661595401
1662778169
1662708521
1666969385
1641667896
1636420664
1636549688
1636549704
1674179656
1661531208
1661597049
1644943339
1644877482
1649082026
1674247850
1669986970
1636358794
1640553098
1623776138
1624235994
1624956203
3772441897
3772507432
3763987768
3780764952
3775524636
3775503932
3813379884
3813379885
3796421981
3796421965
3792227661
3792423401
3792362985
3813342699
3779755515
3763008987
3763066107
3762935034
3779648986
3813178826
3796597594
1649040235
1657503595
1657351483
1657349147
1657348123
1657483289
1925840921
1926890617
1922702425
1939750219
1908300107
1371494859
1369300427
1943918043
1943860587
1969009257
1952297577
1948168777
1679749705
1679807049
1679675993
1679685225
1678536299
1682730731
1682714345
1682718681
1691096537
1623983289
1636566265
1636565240
562299081
600117321
591794185
591798555
591798315
600252459
600584251
567017563
550241355
550306891
551122265
551122265
553252697
620353355
636072779
669758234
661229882
644452650
644387130
661229850
661360986
796578651
796586745
756806377
1830381288
2098816936
2103006632
2107327928
2090422424
1956147352
1972924824
1972986265
1975133082
2012881834
2004497322
2000557994
2000508330
1933329866
590139850
590139722
661045530
670544154
669365530
660911418
627424570
627551530
1702346105
1836488152
1834389912
1834455480
1830130600
1830077368
1864307352
1863721656
1733699496
1737896362
1703936170
1703952554
1693499466
1685242122
1613999882
1616948026
551594298
568375306
572626954
1646363658
1647755290
1647726890
1645630314
1654522730
1670185834
1636570969
1640774921
1632386312
1632321288
1665805864
1674192425
1653175931
1653102538
1657305034
1648936330
1649003930
1657462186
1670032815
1670032829
1707730381
1691067852
1682614236
1682614268
3830101740
3829976813
3829976941
4098424687
4115264871
4148851063
4148846935
4157219159
2009802069
2009673077
2009692469
1741420916
1741355333
1741331781
1741329861
1733001677
1728610813
1695060205
1695060207
1695060207
1695151215
1695476847
1695181935
1829399598
1867152686
1875541551
1872481855
1872481887
1738145359
1708715853
1699278285
1695147229
1728668927
1711879423
1711871215
1649087982
1657407342
1653212782
1654328894
1654144543
847785485
852049421
852102669
843779597
860835404
868834909
835420125
835411933
826824669
810046975
810046959
810237375
810167711
810232207
810105791
818428847
818428591
818420461
818421469
818620125
818635487
818471903
818468831
826855359
323538855
306759591
315212709
315343292
315552156
47079880
1112432664
1079930169
1079933199
1090444046
1086253838
1085062934
3232536366
3232530734
3265888574
3333063135
3337531868
3324951700
3325024469
3341748439
3291363670
3426692406
1279012130
1289561890
1285498418
1285497394
1335648850
1318642625
1257866112
1244299648
1244299648
1244303232
1244307408
1529592688
1567140192
4243107045
4243369190
3962875054
3963002798
3960653470
4228007614
4227933870
4227867366
4233114214
4243854626
4238609442
3701737506
1554913298
1571694594
1321084930
247096577
250278144
241926144
170623184
170561728
439001296
438936800
942189792
946448612
678144245
673949765
675256325
674744373
672386085
721445925
704651301
708845861
717435749
713232997
729876209
696481473
746743489
746780357
1015076485
1036299687
759294142
755431558
1057409158
2131216806
2135288302
2143611182
2118444302
3864883470
3877454174
3831383022
4104016558
4104057518
4103984820
4103929500
4109658812
3023329964
3023359660
3039223524
4112969316
3857082165
4126420231
4126419974
1903630343
1904089331
1902000307
1935551635
1909863569
1976971664
1977029268
1435832916
1440051733
1416947205
1349578243
3491801650
3495991842
3500444450
3568143394
3567881314
2544534674
2661975171
2657785217
2653599617
2653664944
3056182944
3072894432
3072896480
2775428320
3849235521
3816811521
3879599105
3878380545
3878302995
3844805411
3848864547
3857188389
3852996149
1740192261
1721252357
1988647427
1988643138
1992871090
1724694690
3864981670
4128170135
4132366212
4241419924
4241484436
2085542532
2081278468
1950140948
1734928932
1722592302
4004291630
4004283438
4008018990
3979772942
3960902726
3959598214
3959598470
3892559524
3892440740
3892345508
3896511140
3913300724
3914345172
4019333748
4021438822
2946518134
2912998518
2917188822
2889010374
2886916743
2769480327
2902518421
2772499108
2815490725
2800811685
2732609020
2749386100
2707574036
2691067156
2690985232
2766417712
2766479200
2762347873
2779661794
2746172850
2729397654
2800188566
2791668886
2787439798
2787435766
3878118606
3878036558
3845532687
3849727295
3991287597
1957036845
1957495071
1957626126
1961824522
1424949514
1424819515
1550662697
503130136
536816904
452928776
174859528
442781448
452251400
183929177
177641690
181320938
1498194154
1477222634
1477214426
1477411290
3696141051
4236944040
4102791848
4119373484
4070411964
2990459532
2989410956
2989283757
2989283499
2993485994
4092361914
4050547850
4084097226
4084129998
4083671278
4083511526
4083503334
4051132631
4051068369
1895221232
1895233521
1895165393
1885662531
1952771347
1948646706
1965481266
1969683762
1969749778
1709561619
1701173009
1701303056
2003300628
1735897140
1735766068
4011111452
3860118556
3860310328
3864443432
3868691115
3801926330
3801892490
3793498762
3812373130
3778949818
3778945194
3790348458
3786165487
3787283533
3787383820
3820937228
3816661000
4045247256
4045379128
4028620328
3760114216
3776895533
3881744943
3869030446
3868761134
3870867598
3874144398
3861532814
1999515790
1949180086
1949180838
1950100134
1962162854
1956920038
1688500854
1957489158
917285126
917283841
921669632
371884032
371904560
371875872
371859488
305012960
388957857
905776803
884808370
884947591
348093063
1421728391
1421651591
1421649539
1416464195
3559757619
3559696163
3580669223
4285312293
4276989221
4277135397
4268743733
4268708913
4265492529
2117746931
2101215411
2082353299
2082416001
2081368961
2085563056
2110724768
1988958820
1988697604
1989743109
1924678149
1392035367
1374287654
1953230622
1954246414
1415139278
1415267838
1422480878
1422413286
1355292146
273165634
71830785
71894321
71979312
474669360
499818784
450536448
452639808
988514496
975800464
439060624
2049940624
2066198705
2033557939
1745986215
1744961255
3904957031
3967871526
3985681254
2947591399
2947658949
2804318348
2804318860
2772338324
2753488548
2754997932
2759122668
2699321068
2695126345
2699299932
2691111996
2686856556
2686857076
2691049012
2695177781
2963538290
2963539154
2964069506
2427271298
2427410578
2428356786
2474478739
2452524929
3526272704
3526272512
4063077920
4134317345
1995222050
1986833442
1982630946
1714390066
1714865170
1713828866
1713810450
1848028194
1877380067
1840745105
1826081409
1817632385
1813446273
1830252161
3876873953
3860082273
3864272485
3874758629
3802431412
3819798420
3769527940
3774770821
3766417031
3762275974
3766273710
3765230703
3773062189
2715818012
2740987916
3810732044
3777113372
3781310012
2694976060
2762146415
3048240102
3048534502
3082077670
3086257398
4128540742
4129196294
4265519110
1849600006
1866378245
1870124068
1865797668
1832218676
1815294005
1813123317
1762791397
1782647457
1790982817
2055219825
2122328625
4269827587
4271366659
4275561031
3581854662
3563778438
3567960454
3567898022
3568159143
3568064677
3563878821
2486987685
2487184261
3510529669
3514723973
4060053383
4093597590
4093466006
3556586998
3538761174
3555669266
3505329202
3572259874
3563912226
3563645986
3563629618
2494151985
2511058224
3065676032
3065676544
3057353408
2519319168
3056334512
3057348256
3061542818
3084397986
3049000102
3036415158
3028026502
3028185286
3028214214
3053381455
3049062173
3082612509
3085823773
3060662077
3060653613
3077557817
3073234457
3073242681
3073177449
2809974889
2818359545
2814231737
2814334395
3086954427
4130680506
4130676398
4130805422
4130808750
1986076798
1990209567
1453592589
1453669381
514320388
535275524
535214085
1055832069
988723205
980321285
992903175
691962055
674660503
674463911
672240806
1746122662
1746003622
1750134439
1749085863
3904924351
3904924381
3904908029
3904913149
3897573085
3897763533
3910286943
3914342015
1777343791
1806698543
1806699581
1804950557
1788277773
1788256269
1787731983
1791991839
1783608445
1779416189
1779276029
1779210413
1779144877
1779087853
1791662829
1788774063
1805484958
1760862622
1815388318
1813489038
1813421726
1678954158
1678822062
3759172271
3781171885
3781172140
3781179804
2690652572
2690780132
2699173412
2695237172
2695126548
2695163652
2695147270
2746002950
2729426470
2720960038
2721025574
2789183094
2803891894
2805984902
2772270470
2901237141
2767008919
2767139991
2767139990
2767074454
2783851702
2813211894
2813207767
3064865991
3064865989
3082693829
4160699477
4127018085
4122770789
4122865437
4127059725
4127170061
4152331805
4152332060
3867131164
3862674748
3862541372
3862491181
3860394215
3877388455
3826188707
3830317730
4107145906
4102959794
4102959026
4102826403
4103874803
3586005315
3622706434
3530491138
1382900018
1382834482
3547124770
4050509090
4050312146
4051352194
4091124371
4074276531
3805840007
2719580807
2987053701
3004879604
2973332000
2955421216
2699568928
2695373860
2695368724
2980720724
3014275317
2997489911
2464813311
2452254815
2452247630
3543817546
3510528842
3514657354
3506273242
4039106042
4038907130
4059874506
3513761866
3509501963
3509510152
3509575996
1345138988
1346114348
1350304568
1423904552
1419651885
1469999917
1589504271
2128390158
1985778702
1981579486
1980727454
1980665998
1712238990
1679730335
1679223469
1679129260
1679059628
1679043176
1683236393
1693458985
1692401961
1704988719
1738891311
1671749886
1676989574
1733577862
1694977158
1694920118
1690726055
1954967207
1954967207
4105531079
4054081351
4058262279
1936537879
1919818071
1919819127
1928201525
1928217909
1928184117
1928130869
1919721781
845979701
841781303
841515071
842580031
840613899
823805001
1947864012
1414150844
1422469804
1423452908
4105727564
4038655496
4037838360
4087645480
4071075199
4071010014
4070948526
3525592750
3525575342
3526099630
3526242726
3527286950
1392316514
1925120002
1370108930
1353329666
1353345026
1152055555
1156210177
1147913744
1428805156
1445504676
1446555556
1987620268
1993915821
1922600377
1926926219
1884989067
1614456459
1614456479
1613490159
1613294959
1617488943
1617923110
1617923110
1617792054
1631357974
1664996375
1664545847
1668740215
1666598261
1633091959
1632965495
1618813939
1887249011
1887384178
1893601846
1889403414
1354571294
1354312222
1403595534
1386965774
44677391
44861709
1122796876
1382842876
1378648552
1915584680
1916711080
1931387053
1881055421
1880001983
1881066150
1885227686
1887378086
4030474914
4030475938
4033619682
3505131810
1353453618
1353461778
1454190595
1454305281
1185587200
1185579776
1181452032
1445694720
1462405569
3559626897
3559495843
3560544419
4095465891
4095475362
4118767267
4143915681
4143911633
4068229873
4068242145
3001606629
3001611757
2985019853
2969230285
2960825036
3023755980
3026967404
3035159596
3186384940
3219939388
3203358741
3211665429
3178111015
3161350435
3035584355
3032436451
3032439745
3036621505
3023911488
2486966800
3510385184
3511954977
4057277233
4053073923
4053532786
3516661858
3583783010
1472991298
1456341062
1447691014
1447694862
373956186
373828602
373844458
534276329
207124680
202910856
204996808
204144648
204079384
69916220
78294564
1152035348
1437514241
1403883073
3601368017
3601371825
3597185697
3593384625
1445884593
1445869299
1445871330
1445473122
1592272930
1588079650
1588073510
1588212742
518663174
258665478
137006087
136939733
137075159
138131958
140164578
416922850
415803618
940091634
940091602
940292594
953073122
1015459235
1019673761
1023542400
2081557632
2081557632
2083720353
2020945569
2025074401
2142572273
2125340352
2125409984
1588077248
1583878720
1315447648
3463980000
3487048676
3445112813
3428334445
3436788541
1150909215
1153038662
1153154374
1153140166
1152942326
3292037350
3308884194
3308953795
3342509507
3342775747
3326004561
3326070065
3330235697
3336404773
3348918053
2677829412
2679959333
2680008485
2663229223
2662961511
2662895847
3727196389
3727261837
4214915213
4179288264
4162464840
1746872616
1818065704
3971341033
3971349227
4021354378
4003513226
4000350602
3876684698
4010971818
3977438890
3964759722
3973065406
4023598782
3874969534
3866444286
3861725214
3861495870
1852351550
1860742453
1739304756
1827323140
1814733828
1814791172
1814594596
3962086444
3962567724
3827746860
3831917564
3832961711
3856075439
3820292780
3790868140
2691958452
2687775424
2687902272
2699895344
3769372960
2964062258
2964083714
2981094466
2997791938
2532216002
3594422466
3726559554
3728661250
4265404962
2116872739
1852697381
4008697140
4025992244
3992289300
3967062228
3960516788
1811981484
1811984300
1677781692
1677941421
3825343149
3825344175
3857845934
3856664318
2778740494
2778735630
3852743742
4121756702
4104657934
3567791110
3567855638
3433707522
3437918210
3429529859
3359369488
1211734320
1480307968
1529524224
1516933120
1517191232
1512538192
1512145136
1513337072
1510040032
1493444064
1476667365
1480599527
1485193191
3364241382
3365801974
3384744782
3400350214
3400273414
3404711686
1320088326
1320149774
1319674687
1323872552
1311306024
1329249336
1277868040
1277855948
1546291676
1411955101
1961403805
4104683933
4105864076
4059992772
4078871124
2990449184
2990498336
3007259168
3039568480
3035377504
3031173601
3031173346
2628327666
2629384386
3434756162
3453889602
3487198210
1255924786
1247326498
1511567650
1511698626
2048565378
2050655361
2049676432
1747496096
1748543648
3963464096
3961437860
3960959652
3960476332
3830452972
3830461048
3832554040
3831505448
3768845353
3768846393
3769370683
4037941275
4037998603
1890494667
1353493706
1437368458
3589046442
3580854510
3576623214
2217091382
2217091863
2351309587
2360812323
2377454371
2660552995
2660545843
2663165410
2663165346
2666040742
3190333351
3190341284
3174018692
3158224516
3156143748
3156109044
3023839844
2767987300
2812543846
2795766134
3064205426
3064411362
3081129202
2510735554
2498160642
2485577730
2485577730
2486103043
2424235329
2428429296
2982106016
3015521184
4093391780
4067164604
4062970348
3526167593
3543087145
1362045227
1349462282
1357850890
283929866
401400842
107790538
115900650
384401450
518697770
518694462
2120918799
2120918277
2121839620
2102957108
742954092
739156076
672047340
1745269988
1745335461
1745089703
1816253870
1816186286
3963734974
3963837078
3960699527
3960482453
2907712244
2941337188
2952011300
2812550708
2813081365
3081512199
3199087622
3199087622
3199155254
2663152678
2663184422
2528958578
2533279938
2520434819
2537213313
2535126913
2501534385
2484740784
2488935040
2491036228
2490040844
2498237224
2494046248
2494047272
3500678184
3249014840
3303671816
3295225867
3429378314
1281935626
1282198618
1282180314
1278054622
1311674582
1311420614
1311420610
1315610946
1323995968
1316655728
1312532064
1580836576
1578869424
1578865328
1595511456
2097738144
1946739875
1950936230
2093602982
2090715318
1822415094
1826617446
1825892390
1819601206
1869999159
1853213751
1848919063
1846890517
1846947953
2119565728
1984299680
2009532064
1971792529
881273473
881797763
814692995
819731350
819208102
810840998
1901388759
1937019741
1937015069
858038541
828681277
820418861
816749365
816744981
1890568725
1944735517
1916420477
1916666109
1983774909
2115904725
2120035333
2145130807
1016859190
482224670
482225678
415113750
418718230
416555814
411312943
411312959
411316795
415594027
424041259
419879738
419924314
419731530
956610762
994347210
1002865866
986099914
986095819
986034409
977547496
704979177
705044845
721827693
692459117
696718957
948182621
948186829
964963277
432339405
457677261
466074957
998748493
965194045
2038805295
1485156910
1485289006
1481088550
3624376870
3624393254
3624892998
3624811078
3654187206
3666757846
3666758851
3666755715
3666792579
3658322099
3658318243
3641680369
3629097168
4174228724
4174358644
4165900292
4178479124
4211988788
1779202596
1779183148
1779377709
1783562798
1791754798
1808532078
1808531582
697041022
680272990
680275022
948709455
952379469
432371788
457701708
457627980
449240908
445085532
444953452
461730669
428176239
428176238
407231854
403020142
939891054
940030287
688368079
721927117
709279436
709334732
709202652
1795535597
1795535599
1761997550
1761998574
1749409774
1749487022
1745291678
3892783502
4161218702
2026780862
2039350447
2039415005
2072838348
2072907976
2072928712
2072962040
2072569832
2068376488
2131270057
2114554297
2114689931
772385675
773438347
639338378
641372570
662351914
669966378
636448810
745279514
741093418
741082154
746522666
748554538
2022574889
2039421464
1485585928
1489773128
1208754888
1208820424
1208754793
1212949035
1217143082
1217212458
1234055226
1234074634
1267718186
3394029802
3389819050
3389622667
3389697417
1242473096
1246605960
1540129464
1531806376
1531941544
1531945960
1531816296
1531308076
2030401581
1476794430
1476794382
1476801802
1476793098
1506148954
1506022042
2072277690
2072797866
1535963050
1535965353
1502378152
1506629800
1527732248
1528711432
1530797832
1529753352
1530210104
460597036
433525037
428212541
428278045
159658463
142881199
142897583
147148970
134730923
134580379
403028363
403024265
960997769
730250185
1787205193
1791406601
1778881033
1778745899
1745662506
1745674794
1745675822
1745713710
1745877034
1758447658
1771538555
1787726025
1787730121
1791403212
705097932
705106141
704984045
704979567
688267823
684134953
679741228
679741756
679766092
679782604
730114444
717593228
1783010957
1783018127
1778823598
1778880942
1778774126
1795510318
1745228046
1745237774
1745238795
4174514729
4170451752
4169402664
4169464648
4203014984
4202996296
4203119433
4203184235
4203065450
4202995946
4207190250
4177821866
3892693179
3892759451
3892771483
3913734809
3951938249
3951878089
3947639113
3944485321
4162720203
4164297387
4166394539
4170461870
3632531118
2558790318
2558798286
2290362374
2294556687
2282177567
3474440207
3470172431
3465978127
1184268558
1201048870
1464109286
3708065959
4244940959
2114890893
2114887821
1712226444
1712227276
1712145133
1728840237
1677984303
1690763819
1954954282
2089035818
2021926922
1489250318
1485187342
1233525262
1234044478
1233912382
1233928783
1267569228
1271837516
3406214492
3372596076
3406080748
3657738988
3657738952
3657891528
3657847496
3662021320
3666084331
3666088170
2575589610
2558874730
2558941306
2554775626
2282195531
2299001417
3389484617
3389465163
3662094922
3666149866
3666100458
3649360106
2558825706
3091568891
3087505865
3087436488
4177963720
4194740808
4198933064
3930509899
3926213162
3942924842
3892592938
3892625450
3896805422
3905259582
3901200398
3905333262
1762060622
1778806351
1778782799
1778778703
1778778479
1787166829
1803812968
3900964968
3900983416
3901012040
3896813896
3892619848
1799797448
1791399624
1783022153
2051408458
2047214186
1761874538
1745100906
3896794218
3905210618
1753725130
1753721034
1770432714
717663690
705069770
705086155
705102587
705573867
1762009577
1745233384
1753680104
1753549032
1753504200
1803873096
1787080264
1791468104
1778827848
1778713193
1795428906
1761879594
1749297194
1774454894
4219930734
4203087951
3666228301
1518674125
1250173133
1250177513
1250193899
1267003755
1216721002
1216786538
1489410154
3624372587
4161243513
4161112649
4161120840
1778820680
1778823752
1778811464
1778860665
1761882730
1745101418
4161021034
4173596778
4169468009
3632728153
3683526728
3666749512
3398312264
1250886217
1250935675
3397877994
3380977898
3632570602
2554632427
2550434281
3087305416
3087510216
4211518152
4194739913
3926311626
3926377210
3943973610
3910418794
2824106090
2831675502
2827417694
2827417805
3116755148
4211402956
4194576844
4194706893
4194701790
3129344110
2592473134
2609315886
2575566127
2558811917
2554649164
2286217804
2302996164
2579818180
2613441204
2613498788
2613494181
2571977134
2640069038
2635351470
2618804670
2634480015
2567367117
2567433676
3687114188
3682968393
3683103562
4219967354
4190405994
4178873710
4162096494
3893791870
3893804302
3892751630
3913788686
3947210510
3926238734
3926308367
3926299159
3926365735
2852493103
2852509487
2853029679
2869743423
2869813039
2841529903
2841594479
2851949183
2919025277
2917976669
2917981149
2909600221
2909600221
2775448029
2775513597
2775505133
2708326653
2708265119
2708338847
2741958847
2741958831
2741958847
2741991871
2741991871
2741984255
2750380671
2750380671
2750377567
2750246751
2741790559
3815510367
3798270335
3798401403
3815117625
1642541369
1625760025
1625630745
1621436441
547694617
614930461
883820557
883890183
883741703
883720387
883921282
888050050
1928246162
1919857314
1647227554
1714401954
3861623474
3861624498
3861625506
2787949282
2926373474
2951539494
2918050574
2909530894
2871715086
2871746830
2871619630
2875723822
2875720750
2884377710
3924704318
3921553470
3921553726
3919522078
3919390991
3919325455
3951831375
3951831375
1804347471
2072782927
2076977487
1540110663
1540176247
1506621815
1506638199
1506769239
1506629975
1498241367
1498249559
1498249559
1506769239
1506761047
1506761079
1498380663
1498249591
1498249589
1229814101
1229977941
1229977943
1229838711
1531836791
1531771255
1531836759
1531836887
1540356599
1498413559
1498405367
1498274295
1498282455
1498282455
1498413559
1498405239
1498274167
1498282327
1498282327
1498282327
1498413431
1498413431
1498405239
1498274135
1498282325
1498282455
1498413559
1498405367
1498372597
1498249719
1498249719
1498249687
1498249719
1497840119
1497831799
1497831799
1237678455
1237678423
1237612823
1237711189
1237704053
1229315445
1229430261
1229962709
1229848533
1229847501
1238235869
1237809917
1229413231
1229331327
1229330719
1263418638
1263418382
1271684126
1271692654
1271725423
1271724399
1271782367
1271757789
1229945341
1229937133
1229412717
1229412733
1229814109
164460877
164460877
164624733
424647149
424647085
2035128765
2035136925
2035136908
2043526028
944224916
940030624
403151520
403003984
402995760
404109856
1477586723
1492270114
1488065586
414323714
179704834
177605634
177687746
177686738
176544210
176486883
180644195
172255587
172239205
189021529
155549017
424113529
424498537
424541545
424541695
420462047
424525279
424524254
432847710
432388958
1506130782
1506278271
1539767143
1531369831
1514592615
1514659190
1514667510
1514470870
1522859478
1522908374
1523563766
1515109622
1523490263
3687759317
4224629205
4190551037
4190608364
3896872316
3896876380
3892686092
3892624668
3892624700
3892821292
3892747052
3893271340
3893271332
3893288740
3893347636
3893347701
2818949477
2818949607
3896858087
3898035703
3898035191
3906456535
3923237847
3940015061
3940022725
3932157252
3932156228
3927826516
3927761252
3929929061
3917336421
3917336421
3925854837
3925860181
3950902613
3950832981
3950833143
3950870007
3934215671
3950923255
3959375862
3959381494
3958734294
2884992470
2884987350
2866244086
2866248182
2883013494
2882886486
2882893654
3923075399
3922010463
3922010463
3913621887
3909367167
3926144383
3931061735
3939374445
1787757437
1787626316
2056016140
2072833292
2026875212
2018425156
2015271236
2019461973
2019397495
1750897527
1797038455
1779294582
1779392886
1779316070
1796161315
1766669155
1774985059
1759057731
1755001667
1753953089
2022453585
2022466929
2026696177
2043472369
986573137
986643523
986635459
978240706
978177202
973929634
973925538
978282642
978213266
986597779
986697109
1004522949
1006488852
998091828
963489076
963620116
678399248
678399248
678399760
674071825
1748876593
1748872481
1746906401
3894340961
3894398961
3896329953
3900457697
3908834021
3904647909
3904648949
3904650995
2835102306
2826709346
2826729570
2824625362
3915316418
3957255362
3940482242
3940470210
3940453698
3935933792
3940082784
3931693152
3927498980
3927498996
3910853811
3894080898
3961147266
3967438482
3908652706
3904397026
3904400993
3920113456
3941281024
3932892416
3928698112
3928693088
3950725984
3956891617
3919150802
3918259906
3918258754
3951682066
3939034647
3930615383
3927468997
3927468461
3931723948
3940109484
1792754860
1809761421
1751049349
1751051269
679381253
679464229
679273509
675078199
691888183
723415078
1796145382
1799685550
1808084654
2077178542
2072971966
2056063646
2056067790
1518938638
1518956302
1520041734
2063177526
2063308599
4227568407
4185555205
4177231872
4168712336
4164530336
4164527264
3896108192
3896078752
3896210080
3900262049
3908912803
3921497634
3921508882
3924584962
3949750787
3949816321
3995692320
3999809572
3932766260
3950657540
3917107276
1750753741
2019256301
1750919919
1758251695
1758251711
1758263743
1775037853
3956069517
3939418253
4199477389
4195246533
4212027733
4213069607
4183782951
4192169511
4194137655
4227659287
4225557271
4187808053
4188008757
4174823764
4166435140
4162307396
4162149749
4161108837
4165429859
4173819746
4173674322
4166254914
4166271042
4166336594
4174894194
2044128354
2044127314
2077677890
2068139331
2063873347
2063868275
973414883
977675745
986058225
981929441
444931553
444867795
444883138
449274050
457593026
407257538
408338882
416793206
412468847
948238957
952429165
969206381
994356089
994556237
990305359
973455439
973422670
973484270
977674478
986064358
986004982
1002790210
700968770
684123715
679903827
948405089
964985057
1002741988
973398244
973365460
990261477
990262245
960893543
965083887
948242175
948189898
948382666
411450314
415681482
411339498
432320234
2076484602
2051313994
1783005451
1783006011
1799791147
1774562861
1757522477
1757526573
1749326653
1761915948
1778708524
1778729005
1778778221
1779826919
1781925095
712379538
736497538
681975426
681973378
680670850
679739010
679520963
679520961
679521105
675326048
721463393
704755777
704836609
704778305
721551713
700580323
679543715
679477665
679481475
675291523
989930883
977419155
985795267
982911491
448072195
447756803
1269836305
1236297269
1217454645
1216381461
1216385569
1216389665
1216389987
1216393699
1216786915
1208398051
1527152867
1511424450
1513523651
1511426499
977770691
985966823
977578215
973400143
990303307
2013708365
2017903596
2026296044
4169654884
4169458276
3632555604
3687067456
3661901632
3662036737
3666217522
3666217506
3666087522
3683911270
3364098550
1208221902
1208422606
1258677390
168077454
168077502
180660463
176535805
180785229
155627533
134648585
134644237
403080733
407149103
1489283623
1485089319
1485089125
1539808452
1527152836
1527169220
1527169216
1493615040
1489422304
1485305824
2021959393
2042931169
2047124929
2047251649
2047257793
1778813123
1779861747
1779928035
1779804771
1761928807
1745113687
1745097550
1745101158
671359078
671428838
675747298
696716642
696586082
965019202
998713027
998715335
445065541
449255749
440867265
189210069
155649013
407179877
415498853
415498799
411312687
411362863
411348783
428124455
465876999
440776773
436705349
436574437
436714725
436658373
436617413
436601029
419758567
402924519
415507045
411525733
411421293
411343469
461679599
449096191
436517326
436649422
436638606
457622222
424035030
415695590
415507431
415506789
407119132
407124028
402982972
424024076
424032524
432409357
428099103
428143167
964997759
998552555
985965033
977576173
973382893
973535429
973535428
956725709
939941501
952532525
948327999
948196926
965015102
998567726
1002765614
956569886
939989318
939931975
939933143
415636965
411440613
411375573
428095429
461649863
465844215
465862119
465861990
457473126
457537622
457603142
457603142
440891718
440760695
440695159
440745319
994393391
1002782509
969359165
952516373
952515349
943995765
944012133
960788837
960788853
960887255
960887287
960887287
960878967
961010039
961002839
944225623
944225623
944224759
944093687
407239667
407239667
407337427
407337299
407271747
424049987
424050003
465993043
465919347
465862003
432339443
432340467
147185107
147324371
147324403
147193187
138803571
138935123
138853315
138853315
155696083
189119986
189251026
172408258
197581250
197646834
163871203
164378979
164445491
156114691
156120835
156112641
189535521
172768545
172784993
172326225
172350961
189070818
155515362
155515382
189258054
189184326
1271905750
1254995446
1250800119
1267643351
1217049537
1216911075
1216920291
1216912227
1481345827
1477085219
1477347363
1510902785
2047778880
974561344
706117824
1782481056
1782486944
1847437984
3999034019
3974052502
3894360782
4164763598
4168877566
4173083630
3098817262
3098809070
4238611118
3701486221
3701478028
3428844424
3424667532
1278468092
1276308420
1275259716
201517316
201455632
67558465
71742657
73302147
67010691
1114542466
1122931602
1190101682
1122469554
1189517042
1182111330
3597985570
3597985058
3613193267
3621769249
3588116513
3588117876
3571406164
3571417028
3571408837
3302838229
3319554023
3587979239
3613140902
3615455158
3598677430
3615487446
3614963143
3581343175
3581342023
3698839814
3698709814
3707032870
3707043110
3707563310
3722241390
3722442111
3722441181
3722441164
3722441692
3722294268
3747395436
2673721148
3749691164
3749707548
3749566253
3732260671
3732391183
3732391199
3210134575
3210202157
3193416733
4283940125
4149720349
4149719564
4149670413
4116108807
4032251735
4027919718
3759488358
3759475942
3759475942
3764192406
1641886102
1670194070
1653371542
1921832598
1925760663
1925762743
4064857829
4064996967
3529141799
3531484694
3581815558
3565037830
3304466454
3304458294
3432451122
3432452150
3433000966
2359222277
2359140420
2377950564
2365372772
2285407084
2283322172
2299128349
2332961310
3402507838
3666752302
3666477166
3684172015
3688367293
1528300684
1527536780
1527770508
453502604
453501580
520266380
486712268
490844440
499155256
499225880
499302168
1569896968
1602402825
1602402843
1606605322
1539754762
1515128090
1528639546
1528770618
421474362
404631610
408822058
952459819
948216381
679973448
679776856
683973352
1757719272
1749322232
1745074376
1845934280
1845932232
1711722636
1644576920
1644560553
1649811882
3801491882
3803515306
3803515306
3801364890
4069796746
4090831370
3514245642
3496280586
3496227390
3236700710
1089221410
1085800738
1085800741
1083899956
1083838492
1136274700
1123957004
1114573068
1126484820
19257812
3471829
1895935
13410735
25998255
315536028
304001668
840872580
842895776
572297376
570724512
574653540
574665788
570534924
570533916
1645389884
1645406252
1716709996
1721158319
1721161390
1723318974
1638191774
1613025934
1613058446
3760611470
3760598190
3764725998
3768850735
3785628478
4138019338
4137953802
4137952782
3606389534
3753316670
3703439742
3703440230
3703444198
3702785783
3704899189
3692357205
3692868100
3709646085
3743268101
3726420231
3730614534
3730352470
3730422102
2656819326
2522535166
2530922735
2543468781
2543517925
2478383220
2482579285
2482835025
2214399585
2197560865
2187075105
3260288849
3272940993
3239979393
3239979392
1075734912
1079967105
1080001923
3494678962
3494683042
3494159330
4032071202
4032073250
4101351970
4100434482
4150716929
4129712704
4129693648
4133881248
4066709664
4133826724
4158992548
2011443360
1978937424
1416896512
1415585796
338043141
270938397
275120413
284034329
11406873
28183067
95358491
78401035
83668491
75271962
75269498
122979450
106337482
108433610
41320654
306155742
306176254
287240414
270464479
807312111
815696557
1889319596
1891166860
1912139404
1931002620
1377358309
1377333479
1377579111
1381834790
1389834274
1402351666
1367744802
1351033702
1350579799
1350597263
1363532429
1392958093
1376176777
1394493065
1396441755
1366823594
1350050474
1350067626
1349217722
275441850
300607675
313240713
313361544
312967368
375885896
371453980
102953020
102920236
237051940
237184049
241317123
149030673
149030448
145950224
145821184
146083392
144072384
144629377
144676481
159954611
1250469794
1250469794
1250471330
1250671026
3399129522
3394931121
3460024800
2369375088
2352609796
2365320708
2361128468
2359902756
2359849508
2359845423
2364072750
2380811758
2372405422
2238187694
2221607102
3295303862
3303989398
3572424846
3564413068
3558121676
3575021868
1427551532
1426566460
1426172220
1359256604
1397017612
1380928521
306841865
307910923
1381656878
1392144174
1383719214
1383653646
1400496462
1360691662
1363915246
1363731431
1372083183
1355284973
1355350493
1355429196
1422535948
3571067756
3304667884
1152925356
1151874701
1151869577
1152074379
1172964250
124416938
1160773098
1194322154
388868202
388803882
506242314
506241291
506298397
506298413
506310701
507355181
524210220
490624013
490633997
503216719
532597358
515754750
515685086
2124199390
2119995614
1981583519
1981714575
1981723069
2132714405
2082448037
2082334357
4229257863
4231465654
4235528870
4243864550
4243859942
4243598806
4193461702
1502753094
1485910323
1484792115
1484792064
1216356368
146859056
134396976
201759760
218601489
1309063233
1309063619
1310099907
1181714802
1181400418
1181393954
1181475874
1198203954
1198208018
1182469362
1182342626
1190669217
116927136
49945216
48892544
48962176
49150592
57457040
23898257
2996371
3127442
19376274
90692786
73850850
1147625186
1147498210
1155821154
1155886626
1285652018
1285643026
1285568530
3434358834
3438553122
3428068386
3445560610
3453616946
3449422355
1151062677
1436071588
1436073636
1977129900
2002299324
4145789372
4127889596
4060776604
4077554764
3810428164
3778994436
3777913376
3761119776
3773174308
3852879396
2779110932
2813651204
2811554820
3045360709
3049570373
3041181919
3037135086
3171291374
3205901674
2673224490
2664901418
2665298458
2677881674
2627678158
2361270990
2361000590
2361115550
2360923053
2377687724
2415715236
3460089780
3460252084
3459133940
3475644452
1277829156
1282023476
1147804676
1147758852
1143532148
1277754100
3426278100
3476683461
3458166279
3462279686
3468562950
3468038678
3468100134
3466969902
3485253934
2377952366
2365360367
2350418061
2367260812
2635774348
2669326284
2669322828
2669322764
2673517069
2673537583
2673497647
2683833903
2683832622
2667121710
2600012862
2616726559
2583179529
2566464267
2356883979
2356806971
2356878441
2373458157
2404911341
2384009423
3457837197
3390762189
3403409372
1253746301
1520087839
1587189053
1586070564
3737682980
3725100068
3725102132
3725261824
3423499264
3356369920
3356369232
3364692576
3364754147
3431866082
3448703714
3481815714
2257111714
2252901010
2250017666
2266939266
2233116546
2233116034
2228934066
2224805282
2224684450
2245553570
2228776355
2222513569
3296255392
3295213040
3295208896
3295257920
3559499632
3559564848
3609900592
3609892368
3593115136
3593057792
3593055795
3609984546
3615096354
3615031266
4149792226
4149857426
4082812034
4078621827
4078695555
4082885779
4049528209
4051598801
3514728401
3547807217
1400184177
3554942321
3554939937
3538236705
3538367795
1390817539
1390809347
1408176386
1408045170
1365520498
1348939858
1349915734
1417610614
1417465702
1954344487
1954328111
1977400863
2010947085
2010950157
1464707612
1464789564
3608033852
3612220980
3579707956
3588030772
2493272164
2510078180
2493300900
3029181584
3050091921
3049889459
3041500854
3075055286
3071844006
3057168102
3056176750
3056258582
3056172566
4129848630
4130083894
4129559574
4133819414
4142011590
4137821318
3599905927
3615624320
3583380608
3571392404
3573382836
3572297396
3568103148
4104957548
4104957492
4104953397
4108617254
4095776294
4112552486
4112548390
4146450966
4112934658
4096666626
4101839905
4103866401
3566733346
1553606658
1553606658
1553607682
1304036658
1319764226
1319764290
1256915393
1257882560
1249478528
1247512464
1247385568
1515763680
1524146656
1522049125
1526308879
1518071871
1580871726
1545280614
1276778854
1142569975
1146763973
1150945924
1151011460
1152997248
1169736576
1185448832
1319994000
1320137393
1324851938
3732185698
3725911650
3742426662
3741384486
3674270982
3661686038
4206945598
4224055134
4215781342
4215772654
4224554415
4203590845
4002397340
4006255772
3997801692
3993613532
3994726620
3994726604
3879375197
3829057391
3832467054
3840793198
3836607038
1688828478
1693006142
1734875166
1713904670
1713902605
1982537789
908730404
912916532
917123605
917115413
917127877
900448903
883458703
1957205647
1957207691
1961474699
1953217419
1950071691
1948117947
2082220715
2084318123
1832665067
1835808107
1810116905
1772433705
681783609
681718025
951197967
951116063
953197863
1002480934
985707734
985699474
977375410
1040290994
2114040995
2130949555
1963112099
1946353317
4098281093
4106668677
4110408405
4109138485
4125895460
4117506348
4285016125
4293409837
2112568367
2108294191
2074805295
2058032158
988357646
979919878
977036310
974943287
973403159
973399255
973243541
977441676
952275588
952271492
2021819012
2026342020
2026213012
2084895396
2013555364
2014063271
2018388646
2086538150
2113538998
2145979830
2124943606
2124951798
2129146070
518529222
514334918
531423478
497856742
482127957
1555861780
1559605524
2087039284
2082848052
2019924260
2019924260
2036775733
2067708725
2050939701
2048805653
2048806677
1780401973
1786761505
1794486561
1792323825
1808048273
1766122627
687926403
671221891
671226019
671488931
676203235
681380387
683215395
683153943
683159047
683159047
951591959
970485782
969453766
961327494
990754178
973979026
978172338
986560689
978172080
978172400
974043904
990838272
2015244801
2017329682
2016805410
2029323554
2022967330
948181026
964962306
998516738
998648065
432413440
424021760
407242256
939788064
939800356
943992612
675573604
692353917
692190077
692181885
692181493
700570101
700561909
700561877
700955095
700955607
692567031
692566391
692435319
688241015
688241015
688388439
688388471
692509543
700897895
700930679
692402759
688143943
688143959
671429989
683873511
679679203
679681091
679737411
679590083
683785669
675397077
709016965
709015429
717397637
709074821
704691621
704691373
704691375
704904431
704787690
721829098
676728298
678825598
687277630
683087390
682963519
680797759
680799759
679489295
679487751
683960583
990296583
977723207
977459015
708958071
708900711
708869991
708869991
708853607
725630319
725687663
734076031
734092543
734099647
734099647
700545183
700545423
692279693
692280221
692288445
725744061
725858813
725858621
709081149
717338645
734115861
734116887
725728279
688110615
688102423
671325215
671275133
671275501
688052719
692214255
700668927
734101455
734033871
700543711
683897471
683758135
683701783
675297799
675363351
675494439
675494695
734206215
717363463
713168135
713163847
713035895
981480551
981525605
444644453
448896373
448896368
448896368
448895345
448903281
