226376649
257829833
253177673
240408329
240153353
256951049
223408943
206595887
205727014
205660438
206704962
215351682
148242819
150353283
217456515
234163089
123034545
106294193
106229681
114599859
49587123
49587110
49586598
39100902
38052066
105218162
105152546
55874598
1104988198
1103055142
1086216966
1085963014
1102739398
1102738309
1102607252
1169712060
1165779880
1195165352
1195133608
1195277032
1178495576
1176988427
1176534282
1189134602
1201963274
1336181050
1303150890
1571595051
1605281643
1593746925
1578796261
1577812148
2114560180
2115543196
4263027932
4013731053
3963533677
3963525679
3962473022
2901314078
2896989726
2901190158
2892800526
2772300319
2889400879
2889377645
2893630893
2902018477
2896906429
2913601724
2947242172
2934466972
2926062476
2921934556
2938842717
2906400335
2893882894
2913871406
2913879342
2947335214
3215770678
3215765526
3186417667
3157189633
4097729536
4097719296
4097707232
4097707424
4152231860
1987969669
1987973765
1392378501
1386026733
1385969261
1385983497
3550276104
4057766408
4041186104
4108295704
4108293656
4108161560
4233925176
4231844393
4231795306
4231934702
4231411374
4231268526
4234414254
4256438414
1605776526
1536565390
1501962383
1221009615
201650493
201650477
201647405
138798397
138859789
189187337
172936457
172935947
1247451962
1247386474
1246281578
1246279642
1246266330
1254654426
1251508734
3399197166
3401294062
3669663974
3665473767
3661267427
3678045009
3627991617
3630613056
3630646784
1478759984
1479556960
1479550432
1477452004
1488986340
1484988628
1484985797
1484987845
1233157573
1237449045
1229174997
1229167061
1258393029
1242662357
1246991253
1245877205
1254265303
3401691510
3661668642
3657474338
3658916130
3625382706
2555822598
2564212230
2559952406
2558852711
2563533413
2580310629
2588805860
2597261156
2597066084
2329686052
2329673780
2321481733
2302541831
3363446854
3363447254
3363440118
3369665974
3369616798
3365463454
3364414910
3414748330
3393780970
3390688490
3390819530
3392918858
3396977994
3412838202
3388733242
3388649019
3420106329
2614734680
2589493112
3126372344
3128537560
3126571480
3134894776
3150623404
3092226732
3087950572
3088975596
3091138109
4163636781
3894688807
3898873910
1755645958
1755723782
2023106566
2073439238
1518740486
1522950214
1246105798
1241841878
1245974886
1254367846
1267081839
1233523437
3364115144
3364143816
3365701320
3365440409
3365636521
3638274217
3646531753
3675830489
3659112521
3659178056
3659177992
2048844056
4213072424
4215697960
4182052459
3636796122
3628350090
3645123210
3712232330
3745937290
3750154698
3751723466
2679996539
2679676969
2646123560
2625168680
2620978969
2553893389
2551853581
2551853615
2554999343
3632793391
3632860477
3650824220
3684378636
3415746572
3403180044
3390633172
3389956228
3406729620
3675161268
3675230884
3679232676
3670845092
4203521668
4270767749
4274962054
4266565286
4129213350
4129148326
3812478118
3812476134
3782201398
3790585862
3764768774
3764707334
4028916743
4096685367
4100865575
4109240871
4240247335
4237822551
4238096979
4254936770
3753780930
2666931138
2591359378
2589217186
2583748770
2587944162
2596381814
2592519190
3666260231
3667371269
3684676884
3657417780
3627879460
3627550772
3626698804
1479412020
1483616036
1493114407
1486632454
1503405574
1539581446
1262756614
1246553590
1254929830
1250734518
1250537886
1250472350
1250472375
3381178788
3632838052
3638070772
3630925844
1479182356
2016057620
2066397204
2050931732
1782481924
1779793989
1778688247
1778704559
3926253743
3943068077
3892445868
3896641180
4173797084
4169481780
4170460709
3163827749
2629054258
2629188610
2629700674
2628734162
2376912050
2390613378
2386446210
2384402306
2384208594
2384278306
3394973986
3386450214
3367510054
3367517221
1220024340
1215834116
1228470272
1245219072
1245350208
1243264448
1511961280
1510834880
1510974128
3641614976
4161704576
4161767056
4162684642
3093085922
2824662114
2824611942
2874935398
2858294486
2874813638
3955893382
3951698311
3951637396
3922228124
4182307324
4178104556
4245341300
4245343236
4245515333
2085383495
2085546326
4241422582
4241411302
4257664438
3217477078
3201742790
3201799879
3202192085
3202134757
3202147045
4267500133
4284244261
3713732653
3698982959
3631877167
3630827551
3631097871
3631097877
1483618309
1483606021
1484064013
1484063245
1509294623
1540780598
1540743718
2077008422
2056036646
1787600934
1787602022
1787606231
1791538373
1778957508
1778957460
1779014836
1779096804
1779334628
1783502692
1788741221
1771505221
1754605253
1758799559
2026254023
1757891286
1757727382
1757735606
3905203190
3917851510
3901144646
3901134406
3922170439
3909399125
3909396076
3942969068
3947224428
2878655532
3952919596
3919396892
3906801677
3894222918
3894288486
1746797798
1746800294
1761479318
683543238
681515586
680815107
952430081
960800000
994553872
977711152
977764400
973926420
973889604
974009436
973998956
973998829
969804527
948898538
412356350
412353230
412373710
411366342
415539702
415542498
415541473
461814976
449230016
437162048
438222912
440025936
437912160
437985889
466101859
411838054
411838038
428619350
462173182
449602014
449635535
466416845
156155084
139376844
135171277
135187925
136169461
207393527
1557435046
1557500582
1552266918
1556393634
1506061986
1539813010
1514570370
3728638658
3727606274
3744449074
4251840803
4255935521
4289489952
2125229088
2053514304
2050368704
1511395521
1510413745
1510352803
2077108133
2022639525
2089027221
1568945029
528753540
528769500
247751165
256373037
469954607
469938219
475175962
475248906
886159642
878033754
878152651
893881737
906462601
907378825
907530397
907419821
909517997
926297583
895881198
1957105406
1956980318
1973641742
1973531142
2141233926
2141233462
2146477094
4291865637
4283476000
4248999952
4244812800
4246114608
4246651680
4248699440
4247388881
4117378739
4109176482
4104915366
4121696678
4121176230
2142513542
2130060678
1582703494
504705990
506753830
526672166
485286182
1022158142
1022139678
485292317
476899596
488631756
219071900
222744964
1296484228
1304874901
1300618598
1300556066
3482642466
1320479778
1181147138
1181106434
1189495554
1202635266
1202635299
1168945952
1153213792
1276951648
1544325312
1544535232
1544465856
1544464368
1544454832
1548665472
1565446789
1540290503
1540353526
1540155878
2077026534
2077026662
4224182646
4200062335
2052375933
2048181581
2048160204
2047157213
1510351479
1497772646
1489384038
1485242918
2021917478
2022457638
2022481942
2039259141
2072879108
2076620108
4211579228
4211378540
4211382380
4211402812
4211550271
4211486766
4215672878
4187357486
3751150126
1586889318
1585716966
1585724055
1321480068
1308894596
1308898444
252072332
201741964
201751180
474045116
478169709
478186026
482389802
1027842330
1057136907
1057202459
1057005869
1044426029
1044495165
1044839181
1044807454
1057429358
2131038702
1967550958
1413935594
1422839226
1418512778
1367918990
1401456782
3330840718
3330980999
3351961988
3721060756
3705365428
3707429556
3707429556
3707422368
3699166944
1547495392
1562175473
1562173713
1545527559
1545529095
1482669879
2029893926
2147326230
2055182614
4202665990
4200568839
4200444933
4199264276
3121254484
3121254852
2840236756
2831844004
2828780196
2828555941
2832733862
2822506414
3090943406
3090418926
3090553086
3103143950
3096586254
2559715342
3650366734
3650366734
3414437326
1334060430
1334146495
1334105516
1204061612
1192265148
1125220748
1125295244
51553484
319990796
288468020
271629349
270777382
270701623
1344439573
1349947152
4040591920
4036987440
2978843152
2999753216
2462956032
2463028737
2462994946
2464035426
2530751014
2658664998
2666004774
2649240638
2376606782
2359831774
2292718735
2292714637
2296974476
2288999564
3375293836
3376341436
3374244348
3406815497
1229709577
1221320968
1222304024
140169512
138003768
137940232
137948424
136949000
220904712
254459144
103451912
120227145
19629275
2655419
2675899
2675899
2879935
7009215
15397543
11199207
27976407
65626695
49893911
47781431
47713829
47717157
64563501
33254445
83420221
350786573
367559753
376210632
1450085512
1445894296
1445903548
3592991900
3593253308
3593261756
3559797372
3563725356
3567919661
3567854126
3567789926
2494306406
2494351574
2490009798
4113205382
4113209542
4146773318
1999546118
1999548935
1966006801
1949262641
1950163233
1950101539
1010577443
750518307
749600787
799949893
783206469
1051564229
1047304389
1043110087
1042791607
1042800807
1059414183
1025781943
875827383
875959271
888546021
364258021
397817556
313994948
313867972
313849484
314349196
1387038348
1404866184
1371510520
3506288360
3497828968
3564937768
3564958248
3565089321
3565056571
3699257918
3699257918
3707573550
3638826094
1492386926
1492393054
1507212366
1230384142
185017350
168109142
168243446
172363990
180752790
197596051
147268243
147268243
147219139
214332359
214123333
231753013
265346341
131136804
105966892
122742076
122737933
22332749
22332893
30786991
8910255
76019119
76019094
77002118
232699030
255762614
237482166
237342871
237482069
237477909
505913396
505718052
505719596
1042590252
1043704364
2117515800
1846974985
1847034443
1981580282
1981595818
2000601258
4097716398
4097716398
4097717414
4110358950
4106169270
4106169014
4105976486
4290542422
4273794822
3735610630
3739791622
3735662887
3739853093
3648692532
3627708676
3627942660
3628009248
4164173600
2027171616
2025864736
2025856565
2025856518
1480664838
1480795158
1497502790
1497449542
457221318
188788102
1254145686
1250401927
1250402183
1250934679
1250934199
1255138727
1254815655
1271813111
1289622519
1281229297
1281245681
1410684129
1410659489
1426390193
390392960
373746817
306640001
307676353
305512693
326418917
276087589
273925669
284411425
284220961
284192305
273688081
273682947
269877827
55968642
39190674
47591602
47665334
48026774
316447959
316442685
1390184749
1391962924
1387768636
1453762316
1453761293
1454867277
1458946663
1599562342
1548116514
3691914786
3692838690
3558619187
3562825777
3573112001
3573208192
3623548288
3606758016
3601580689
3601450659
3601454754
3606626210
3598232994
3055070438
3055265870
4263160846
4263161102
4267351583
4294702637
4269504060
4264105480
4264034840
4264043368
4268228840
4277928173
4271637695
3717676174
3705022606
1280714894
1280706958
1291191694
1287078358
1286664502
3434127670
3434131750
3434128677
3434130724
3434199348
3371415828
2318833925
2317277447
2319338758
2386167110
2390362086
2394493926
2394432486
2392400862
2392404935
2392593095
2388411349
2250031477
2253685220
2262081764
2273616100
2277811380
2244314500
2164688260
2147911052
2416373644
2416373756
2416376829
2434190047
2440482526
2440947422
3521966847
3521958879
3506226143
4034712575
4032815599
4028622318
4032752894
4032751998
4049504734
3011497422
2990471119
2990469711
2994139661
3067466541
3063210797
3084182317
3086272317
3040202527
3073891199
3073825150
3075923454
3218527742
3218461023
2949964111
2949964043
2908021017
2908022056
2916608296
3185502504
3185498412
3177144093
3177141837
3177124559
3042771610
3051094958
3185328302
3181135022
3164392686
3219056718
4276021262
4267632647
4263438341
3728628757
3728609287
3728605190
3728605254
3716022438
3569234342
3569300390
3569025718
3568899750
3300400806
2225625767
2217265797
2217261892
2234165508
2267719940
2250943748
2259583492
2259583501
2259669567
2259210798
2263372398
2254979818
2368226730
2351454378
2619963583
2619992271
3710642381
3744115917
3610943689
3594429257
1451132491
1456899838
1456908286
1465226750
4149514494
4149522539
4111790187
4111851641
4111918200
4111914328
4116105080
4099262312
4101302248
4107560952
4040194008
4057154520
4057350841
4092990123
4076282538
3539215338
3539214842
3530847450
3531560154
3548273882
3555622091
3521865161
3505092425
3496546904
1348993592
1348993576
1349005869
1357456957
1357457199
1357479207
1357642806
1357812742
1349420102
1433371078
1445953926
1447006598
1446477975
3593965735
3591872741
3598181605
4143441260
4143310636
4139116332
4139120445
4143306015
1995756607
1985269802
1981075498
1981272122
1981207578
1981215771
2119617849
2128072504
2144720152
2111693128
4234142152
4099928984
4099887784
4101984936
4110358184
3032286889
3032221353
3032250027
3032245931
3036473083
3076323099
3059019529
3054856713
3056953865
3078036027
3178696491
3170305851
2629239066
2561999066
2561933562
2561937578
2561945770
2561945770
2582999226
2304210122
3372674122
3372674058
3372723211
3372739593
3373788169
1209955337
1214125321
1507721737
1503003193
1536623211
1536430827
1522823914
3670337450
1514466730
1514450362
1510260122
1510317450
1510324106
1510449802
3657872010
3662074570
3662074490
3662049838
3663164206
3402987326
2346155806
2358730526
2359123259
2358074681
2358007096
2358039864
2363016504
2413348220
2387134332
2382944252
2382948332
2383015340
2387275172
2370497940
2363149700
2363411844
2359218116
2358756948
2381633068
2414933548
2389765677
2406542893
2372988717
2356338461
2624741151
2633125183
2630962495
2631142719
2631146798
2633251118
2633243438
2633239358
2640582974
3714914366
3710720062
1563236414
1563367486
489633854
489502734
892090446
892078150
627947895
627947895
627948021
627949045
560840189
594394621
594394879
1668136703
1663942335
1663942398
1663942394
1630125818
1630174954
3777641962
3777637610
3791338618
3787078778
3787076699
3784979673
3784993931
3783814538
3788041098
3779648138
3775450762
3775481754
3775615930
3855233450
3851034986
3852149050
3837354297
3836243224
3836274968
3840469768
3827878664
3845771080
3845900104
3877361481
3877361482
3877209978
3881539370
3889935659
3885741353
3885601081
3889730331
4011389723
4011418170
4011537002
3977909098
3984195946
3992584298
3971682411
3970510937
3988333641
3988351049
3891914825
3889805641
3889740105
3889740105
3856179016
1616413512
1614316104
1614516840
3761955432
3759858284
3759862372
3758737252
3762933232
3771452561
3783974017
3872059521
3863671169
3860492677
3860550039
3860689319
3880595887
4024182765
3986517997
3986517960
3985993672
1842702152
1830118729
1832129865
1832125819
1832193515
1693917099
1706442671
1706438541
670377357
670044557
911282364
852635820
848441525
850600117
849354933
849354917
849372389
601947239
568384623
568383871
593623391
576911823
576912847
576879943
572603751
639647014
643841318
644029735
652369207
664894775
664862007
635477271
635476759
635550583
744598519
757185495
758225879
791910871
790821111
790816999
790833399
794900855
795024167
660806183
669063735
669071927
664812343
597702935
597768455
631322887
631323655
631340055
635468823
769686559
761613343
760838527
759855487
793410431
667642877
667470557
667540431
667528143
801745867
793357787
793357823
793361919
793508991
793508975
789268527
789268543
759908735
625626095
634085103
634117823
629800607
633924495
768141711
759752863
755628287
756799615
760994111
759879999
768253759
768315167
768118559
759729951
759794975
755613055
755740541
692824559
726379006
722184702
722057470
722188542
1800116478
1875564782
2144001390
2005556590
2005540718
1971981165
1972046701
1904822620
1908955484
1976166780
1967763308
1699457388
1699453180
1699252428
621316300
621316301
621381823
621459694
621455598
621455854
759933278
759736654
759736590
755607830
738961702
738900774
1812630310
1812695862
1812564278
1829476711
1829436263
1862982503
1867144037
1800093556
1783316340
1784233460
1784225268
1800998388
1809516916
1771768180
1771768692
1770593111
1770596950
1770531398
1770531398
2038966982
1502145222
1506323910
1506323654
1502198982
1539946742
1540077667
1531639907
1531631715
1531640163
2068576615
994691943
994691959
994691415
692709719
692693319
692693317
726382933
726374773
705403237
705403253
705271893
705202253
722008141
722200669
722139245
726322541
726293997
734603772
726149580
727202268
710491132
709574636
717895356
713758397
797659805
763949711
1015608967
1015584390
1019852422
1019981462
885959318
877575062
625457558
587708566
570595526
570603718
571642951
571572311
571576421
588484653
559396141
559265071
559189295
554994991
555584815
555728175
559922479
559783231
1633652031
1633406782
1615580735
1615580735
1615552061
1615535661
1623924460
1623793380
1623726772
1623997332
1640769940
1657743765
1653553303
579147910
583343238
574952646
574956742
587670814
559296318
551501374
551296575
551296831
551316767
567045391
567139615
550489919
550489661
550342169
550274569
541955849
541700377
541716953
541709499
541777067
541751466
541731002
541796538
550185406
814365630
1904877454
1938752398
1401885582
1385112534
1116611318
3264161394
3264028195
3280735779
3280747041
3280481841
2173185809
2173255441
2173259568
2173521696
2207076133
2211273509
2202589989
2198460983
2198461207
2202770246
2202778438
2211033046
2194255862
2194255278
2194259374
2194250943
2194508959
2186054813
2181881021
2182084797
2198792381
2198497757
2199529759
3260758847
3260563263
3256364863
3256446751
3260706575
3259653903
3259748111
3268398861
3264139039
3264143135
2190393119
2194648863
2194390847
2202771327
2165039103
2215370717
2219507597
3293249421
3301670804
3301466020
3301461412
3293072804
3288881637
3289086949
3288951765
1409837893
1409837911
1409903383
336079126
336080182
471346486
1007301942
1007293494
1007226134
872941846
608700703
625494367
633883647
633981951
633989599
633923983
625536399
621341919
621403375
554421743
558521199
558517095
566954551
566839831
566839831
566839831
566872663
566876759
566877015
566860631
592025943
558472671
558480639
558480639
558611711
558611646
558890174
558879934
558880186
592410042
592410010
860845466
869232059
864954808
311376824
311376776
315440008
1120746376
1116682888
1116681867
1116676746
1136468618
1101931434
1085150190
1085089262
1085029846
11025877
15212021
2645492
2641388
2705916
2980172
19753293
288188749
321779997
862846233
862838041
829414681
829279513
292404537
292399419
292403515
309172507
40605979
40601882
40601882
40614938
49282074
116357178
132529439
216411407
216149263
208813855
138415919
406855471
406859567
406876015
943746029
960560125
1061214653
1061280189
524409276
524409276
524540316
390330780
373553564
373553564
381942173
314702333
314689919
314689854
323148062
289601806
272787726
272788238
272726847
272649007
272649007
272681855
289524095
289536381
289532285
331459061
331594197
314808725
314677653
851548597
851548597
860092853
826534327
809692151
809659222
809642774
809712406
809573174
809507110
817891622
834685238
834697494
834726167
834726239
859961695
859937631
927058943
927058943
927062911
658627453
658594621
625178941
625158461
625158461
633420061
633407805
566303037
566311231
557934909
557934877
566360413
566352351
566348247
557959647
557959679
557959679
557963775
558103423
558099327
558099327
591653758
591518558
859883870
868338174
289524222
289667582
21227990
21231958
1103354198
1099389238
1166506294
3313985814
3313854742
3313887542
3448629558
2374887734
2408175990
2278149463
2270809559
2270791061
2273284532
3279917492
3330249148
3330249148
3330258332
1178582424
1195358684
1463786332
1428069132
1428068620
1410771215
1409661982
1413779486
1426558990
1594814478
3725484142
3729532014
3666684782
4203612782
3649702527
3632859661
3633847820
3371763212
3363374621
2285377085
2285397567
2306402077
2346233372
2325458524
2325458524
2610540284
2677586620
2683865768
2674428584
2540276392
2519441065
2519441066
2519322542
2523516334
2523487422
2523626686
2531949790
2540318158
2540315982
2540315726
2540643422
2540512382
2246915166
2280600586
2280533002
2280088858
2209150746
2175588186
2179780938
2179826137
2179563736
2204730568
2188084424
3526085832
3525958904
3525930216
3525993720
1378492632
1361715528
1344942920
1344942664
1349415448
1886344760
1886248504
1894055480
1894051387
1894051386
1902180154
1935721530
2002894906
2003288187
1467412697
1467408600
3614892504
3579237336
3587359448
3587359449
3587593051
3587535163
3583271210
3587515178
3587646250
3581354794
3296147258
3296135002
3228896731
1081347467
1106540937
1131800968
1115158920
1115151768
1115129244
1114083740
1109898140
3261510356
3278287569
3252855395
3236143651
3236277795
2430909219
2439297825
2439494160
2439424512
2472984064
2468843024
2468650528
3005528608
2976184865
2976172835
3043346787
3076902258
3077005170
3076937554
3073259330
3077519314
3077318114
3043769570
3052149922
3035503762
3571858562
3572903043
3572917377
3570822272
3570822336
3569712592
3570695524
2513763684
2447175012
2443011444
2445235540
2444969844
2180599780
2214158180
2188984117
3262720791
3262856982
3262725430
3262657830
3262665766
3526086694
3526000662
3526001670
3526006022
4029386247
4029255364
4029254356
3760822932
2687082167
2687213222
2687106726
2687002278
2758289318
2758546598
2783728830
2813154526
2813197534
2812667999
2812733452
2783373324
2770791436
2771808028
3040019004
3040023068
3172082237
3167884910
4239462382
4105177582
4105451710
4105517206
3570808967
3587587461
1397962628
1381061252
1381069700
303096212
303095908
839966756
856711204
808673340
808612664
812798504
1894859304
1358186024
1372868123
1406455306
1401282058
1402470218
1436024266
1435891098
3568694714
3568825754
3505829259
3505829769
3514277528
3543512728
3526600344
4063470552
4063469944
4074811433
3802177577
3802177577
3823214633
3781538857
3777485865
4080454696
4080405608
4080407672
4147516892
4118221820
1979122293
1958150773
1958089287
1420175046
3567675078
3588712134
3622295254
3596994134
3597977175
3597989461
3623153205
3589663284
3581405748
3564633904
3514162976
2440331808
2440528464
2440462912
2474017472
2474088144
2993012449
2993007585
2992953697
3001339171
3001337699
3018614371
3010422483
2976868051
3010281203
3010207139
2473331875
2481720483
2481921171
2481872002
2448321730
2448420050
2440031442
2422664258
2498157890
2498157314
2498222610
2489596466
2502175282
2502175266
2674145570
2666269730
2678852642
2645165074
2376733762
2377802819
2377770193
2411245024
2398661088
2386069984
2386069968
2386213184
2251991360
2251992384
2520432448
2507902800
2498338640
2494140144
2494140147
2494139106
2498280034
3022580322
3022551650
3039321698
3056135286
3064523878
3064513574
2796143670
2800403470
3060442189
3073025100
4146769020
4264226040
3995860184
3995683033
3995748841
3995762155
1852452729
1873428313
2141927176
2125035272
2129164040
2120775448
2116678456
2116805416
2130371192
1874502232
1824175945
2097139017
2088618056
4231907416
4231886952
4231866728
4231867752
4236183400
4177462888
4239329016
4239341275
4255987358
4256704430
4294452654
1530410158
1496843702
1480197782
1480201862
1480208068
1483222532
1491611140
1558783492
1558831616
1554555396
1555599892
3703091820
3753419503
3736831658
3738869418
3728640746
3728198378
3727806154
3727781706
3727697226
1584476250
1605505131
1571950841
1555173576
1559392712
1551004104
1546737624
1544585192
1410362281
1410427818
1414753178
1416650138
1416643994
1416642714
1349537982
1106440446
1138942206
1117970774
1118237511
1118238208
1123014144
1114492528
1110232672
1110234464
1110277232
1110404112
120482816
124676097
133060611
132533523
94717203
94728466
1168630546
1290195826
1281868658
1281475298
1277227762
1282451186
1282469618
1156705010
1156709043
1207294897
1190255025
1181866161
1450562707
3598045331
3530928371
3530874978
3556046114
3554997538
3521445154
3236264738
3236330274
3236313362
2162564354
2247035906
2247052307
2276443217
2276382160
2276431312
2548864944
2474423968
3543439008
3543654048
3543596688
3541200528
3541249681
1393635235
1366306210
1366373538
1911690418
1910658291
1910723795
1373688915
1365308417
1398854913
1931514135
1919062839
1927459646
1927455546
1927390010
1994433578
1994439722
1986050090
1981922331
1982249993
2117522441
2117484553
2134245385
1026949401
1013842489
1018037803
1018037803
2091720250
2109275674
2126048778
2063115531
2063110155
980975641
976850969
976916537
706383913
723170345
723185769
723177593
723374201
723374201
723480697
725513577
729702249
703482491
703547995
736975691
737940939
997990619
997990619
962404603
408560107
408565351
412753507
144379491
144252531
143140370
143140418
144320066
144318018
179899970
245942899
250399603
250190193
250198385
241940816
241875008
237746385
103333025
120108193
19510435
271168951
271302071
1881914295
1881782965
1882045109
3761220276
3761220260
3761236644
2686775012
2690934500
2690934500
2707713892
2749652452
2749679844
2749745380
2749814900
2749806644
2716244228
2716319492
2691149316
2686889525
2703728165
2704067109
2704067109
2737625637
2741885749
2741881141
2741848372
2716682612
2716825941
2699983189
2691594613
2691529013
2691451701
2716687157
2716695317
2716674837
2750163764
2741771060
2741766452
2750224724
2716670036
2716686452
2712492149
2712524917
2712664183
2716858678
2708470550
2704144918
2737437239
2737437303
2737404535
2708044789
2708232629
2716686773
2716719285
2716596407
2716596407
2716596662
2716465590
2708208630
2741763031
2737504215
2737467351
2741724630
2749981174
2733392126
2997702846
3002039742
3069147582
3060627710
3060750590
3060694110
3060692046
3085312078
3036029002
3027640395
2488676681
2497074520
2496953448
2488596584
3025459320
3025647688
3042883913
3078524239
3078458847
3077412319
3077550463
3044012415
3040866543
3040698607
3044876783
3045007854
3051303406
3051295598
4124906302
4108138251
4110237449
4101863689
4101896521
4114475481
4148029897
4135442313
4135436681
4143956379
4143968699
4143968767
4152222191
4118634863
4118766895
4118703421
3581886301
3581755213
3615324109
3590149085
3590144479
4127048191
4124956159
4124966383
4116557823
4150112087
4150114119
4145936199
4145860935
3076378934
2539614502
2673751334
2675850534
2650683702
2650749718
2650611478
2646415127
2644325133
2644275996
2646405500
2375873004
2375844332
2380039341
2640100773
2635906471
2635578855
2635521526
2635496902
2635475270
2639670022
2639739670
2638561078
2638558006
2647995198
2643923742
2576831246
2308199245
2310340476
2306099692
2301905404
2299873756
2333497692
2337727581
2311512157
2307317885
2407838189
2407838189
2412033532
2672145852
2655362236
2651163836
2669644988
2669583804
2535372733
3038701309
3038693117
3040724733
3040737277
3040736733
3024088543
3028282839
3028282839
3026189686
2759703926
2759701846
2755507990
2776604438
2817953559
2800125457
2800129537
2787504641
2788450864
2805211684
2771657445
2754872229
2759591333
2762738853
2762804373
3770497159
3787401351
3785304199
4087294087
4091423111
4093541767
4085248407
4085248917
4051677973
4046295605
4045967927
4045963831
4045985319
4046122791
4092517414
4088319015
4088319063
3014577351
3086926983
3042899335
3042764775
3038570215
3042965239
3076478967
3076489207
3078430198
3086818678
3741130038
3740605750
3740613910
3732743446
3741066550
3740803109
2662936672
2394583280
2415579520
2356920960
2352595584
2351669968
2364256881
2494280546
2494080354
2494082274
2510855399
2523433174
2520287431
2520423879
2520428485
3074090589
3074086525
3044931135
3044931391
3036476735
3034436919
3034436983
3051345239
3042833623
3042964695
3078542551
3078276343
3078282679
3078575543
3078453206
3078432726
2508138326
3590264630
3623685430
3623631142
3757844770
3757582626
3757669426
3757658130
1568264195
1551618049
1551532096
1547358400
1546305664
1546309040
1546377888
1483455140
4257200804
4257069741
4021594831
4004817226
4004811834
2922414123
2854330409
2922635305
2922520681
2903647212
2886869676
3969319597
3969319598
3969713838
3166441134
3048741822
3086494094
3610798542
3577375942
3577374150
3581826374
3573465159
3573530647
3590311957
3590295829
3581785349
3615342340
4148141844
4131371540
4131372852
4131389236
3078473076
3078209916
3086696941
3053408751
3053392358
3053199846
3051103206
3053265382
2499622374
2497517430
2514319174
2516416327
2516449109
2516383733
2541544949
2541610461
2539648221
2539640031
2506085887
2507929087
2503735254
2486884310
3023787862
3044636542
3044828542
3044894078
3053419862
3086900550
2550023494
2549962198
2549900790
2541543926
2539450735
2522730879
2531258751
3067606397
3084384093
3084383837
3042301533
2505954909
2505954941
2505930749
3044898285
3044875757
3078425855
3078167775
3086693599
2683925759
2650370143
3715854671
3699110159
3699044639
3699111743
3698976575
3698911039
3698914623
3713594687
4250662239
4284208471
4149990869
4149999093
4150261237
4116666357
4116404189
3579529181
3579533149
3579532637
3587790207
3587798399
3587798399
3587797343
3587797343
3520680223
3495498045
3495506269
3495507293
3495918943
3491724799
3510557694
3544113118
3548233678
3539765198
3537667022
3533476862
3533484926
4141724527
3061834543
3061769519
3078546733
3078616413
3078616445
3086611581
3078223349
3078607317
3078616533
3078617045
3042967540
3076513652
3059605268
3059612980
3059348788
3059348532
4135284821
4135284959
4135154142
4118504878
4110056870
4109028326
4043033462
4126791990
4152125719
4147932615
1966875015
1967071619
1949700994
1953891202
1961231270
1956905902
1956918254
1956919082
1956935947
1956964617
350529800
388868360
388938184
372150152
1378780040
1395573641
1362084779
3513631211
3496927535
3505320237
3505177901
3517771548
3517771276
3551460876
3551452877
3534669471
3539519407
3524837806
3525107886
3541890270
3541980430
3544079630
3581816126
3589089598
2515480382
2516465438
2516473630
2644493118
2644345390
2643301182
2642977071
2642977645
2647163644
2634593932
3154751116
3172706956
4279937468
4279937252
4267367652
4275717316
4276039749
2115838022
2099196166
2084442934
2084442982
2086604774
2090609622
1956145558
1956174214
1973128583
1453032837
1452843397
1448648917
1446551781
3594117349
4131053669
4131026031
4114494559
4051572191
4043179743
1891567325
1891439325
1912353501
1375478365
1367089945
1350398233
813528377
1895685433
822073659
822081595
293582907
272414730
271377422
271400974
338575558
338580277
1416557088
1420751456
1420816992
1470947904
1387061824
1378796224
1378801329
1378843319
3606051238
3601660070
3601655982
4138527898
4159624330
3597631626
3598487947
3598627755
3615400683
3084822383
3051335471
3051207981
3053297469
3044849181
3044910605
3045057053
3038761533
3038757501
3038528237
3040629423
2805745071
2804696246
2809126038
2817522838
2813262982
2780755142
3053384774
3044992262
3074286390
4148114230
4148114710
4285472055
4294778215
4294711781
2142771693
2111577565
2111251852
2111189196
2110996692
2110902517
2110820421
491823173
486596927
486601007
520175086
520239599
490879471
500308415
366086559
368054175
368141962
399635338
399540682
391160170
324050986
292593706
292810026
1375136046
1912003374
1912047918
1946000702
1927263262
1918734350
1649180685
1666023485
1632539180
1616814632
3763205672
3826046524
4094459438
4094520870
4094649894
4228670694
4233905302
4103881878
4122985606
4156486791
4139709572
4139701636
3597588352
3593269140
3593301924
3611190692
4152255972
4160054749
4159984093
4160025085
4151633276
4151698780
4124436316
4124432156
4124430909
4116042301
4252889659
3179110970
3179116090
3179100730
2893822250
3975960874
3971238187
3969208284
3838931596
3826279052
3826270860
3842065068
3875594660
3863011493
3871469747
3871600770
3871535558
4082295814
4058047526
4041530406
4037855278
4038019134
3035527198
2515417358
2540584206
2541684702
3621590974
3600634302
3602731455
3602645181
3606852780
3598460076
3611045308
1597454812
1563834821
1563831751
1551052887
1559433495
1290932535
1290932540
1303429436
3719601980
3719605052
3720129084
2644359740
2677848700
2677583612
3214447353
3210314475
3174793962
3040527022
3039478446
3039389102
3039299758
3043494078
3010005182
3010336910
3003013326
3003016270
2533253390
3607064894
3556597822
3556323390
3521720382
3522903065
3506059272
1358567704
1356532456
1364789944
1968703128
1968706184
890770312
890769880
889991657
873210345
877412649
902611225
902676745
1037029640
533653256
533638968
500149032
484424505
484088649
1021020619
903645579
921994634
922059162
922128538
305582234
305541306
305537194
355870122
875964842
888548266
347541451
347342411
346300939
27534111
32776999
133456167
123035939
121913633
88457521
88580400
90090756
123644676
259951364
242125316
174688852
170499796
422098580
405295797
472388262
472584614
875442342
888021158
934228130
916861058
917909634
915698070
848617958
852815151
827615533
806779704
806492729
269617720
1347816969
1356203530
1100410634
3247746858
3516174122
3549204266
2475462170
2458883610
2458825277
2476388908
2476385004
2472063660
2537079436
2536101516
2536175276
3074096557
3078614190
3042759854
3042219230
3021321422
3021386830
3021385038
3021385038
3038095743
3038161407
3075930622
3075919327
3059205983
3059602271
3059536703
3195924799
3204310077
3204244525
3195558957
3212342333
3161092125
3161075997
3169468985
3165209209
3165155961
3181932136
3187173992
3210242680
3210443320
3206437401
3072199177
2535326219
3061727754
3002913290
2997657902
2997657710
2729214190
2733475991
2788072583
2754524549
2754524805
2888757901
2888709773
2888646591
2888051118
2892245166
2900625582
3987093662
3971098766
4256312462
4254146702
3717210255
3717210317
3451941068
3477135372
3439432508
3439432220
3440506376
3381784088
3381885465
3432192570
1284709162
1284839722
1281100906
1278804074
1295728858
1597681866
1597677706
523870345
1062774184
1057537960
2131270552
1963564744
1963560649
1730055883
3877537354
3881215818
3847661402
3858667370
3992879978
3984581423
3963446047
3963422495
3980205341
3980343597
1836988653
1744246949
1723141301
1721962631
916599175
850526598
848429990
847258022
847257826
864083990
818982918
811835399
270704655
270763327
271027503
271945006
810913278
1884129758
1901038542
1934528462
4090410702
4086212174
4087259679
3554648637
3615285869
3581700077
2503895021
2508080621
3028174319
3036611967
4110225694
3589026062
3580699918
3513722126
3547282495
3547151421
3555277885
3521647740
3522778588
1350288348
1350300348
1364849340
1398321853
1381540277
1380495573
1376502005
3523989621
4078620981
4118468405
4101697077
4109299255
4109221431
4126981758
4158437374
4133258750
4132278462
4132294814
4129288607
4145967551
4145947055
4118684847
4101977279
4101979326
4110368190
4043251646
4039050911
1891456733
1908208332
1912382220
1912381708
1978966044
1970778140
1952953373
1953479743
4096760878
4113497134
4046375966
4146726350
4146726558
4134208190
4142600894
4138406574
4138546846
4155254494
4156302831
3590091878
3590148191
3590156367
3623838799
3615450590
3613353982
3613358054
3621771255
3621770197
3588084693
3588019020
3573346588
2516169532
2516170540
2540420908
2540427820
2540297981
2523520701
2541287103
2537386687
2537517983
2503938459
2508132523
2516522219
2516399151
2515369023
2511301902
2511169294
3567645198
3572285982
3573334830
3564946734
3564961134
3577605503
3611291085
3594446797
3594187725
3594146765
1446728141
1448808925
1566249071
1549481007
1559968815
1559832877
1560029471
486288143
486291983
494878431
527906463
393544607
376701375
382730685
315625917
314581173
314582436
306249125
307296677
308346343
862043639
862164343
828604734
828867390
811960126
887459646
887462686
1021683998
1021684030
1021835582
954611999
972434701
970073405
960631145
994186217
994116601
994064345
960507849
960526811
969013595
969144667
969071899
960748827
960625947
960623899
960623899
960617819
960617819
960716155
960723323
960706923
1002651131
1002649083
994537883
994435483
960869307
960869307
960869818
994360762
960805054
960870590
956807358
1007074511
738636869
739677189
741769236
740724772
673616932
690412581
723933493
708198199
708711991
710869558
710410806
702034478
681321007
680272427
948707897
948710921
948709897
411904521
411532233
482793865
524519561
508594315
372343995
372478395
370389434
373531050
1447142314
1187111914
1188164202
1469113898
1437625898
1353800222
1370971658
1370936842
1438110523
3585377576
3598486568
3594296361
3594427403
3592326154
3592199434
3323774250
3730327338
3751413610
2627339242
2627351530
2629460398
2629525933
2360926652
2365121420
2373513868
3476570764
3443008188
3426361772
3426623724
3426626605
3426625551
3425118222
3424987406
1281698062
1290221838
3454408975
3399877893
3401466116
3401498900
3399328612
3399263076
3466372068
3486294692
3452747428
3427314341
3423136423
1292450470
1292765878
1460538246
1460016262
1443233926
1448284406
1458581750
1450238038
1449173014
1584439318
1584641078
1588827190
1589091390
1521981501
1522506044
1505479228
1484409404
1480205884
1480208956
1480196668
1478165031
1477985062
1482219830
1490594822
1490655238
1486600278
1486534887
1524283845
1517985409
1512735360
1512653440
1512903413
1512780263
1529491686
1491739750
1487546406
1487812614
415119366
412888391
148645239
156000631
189133143
155579255
155580262
138458466
146912610
147039250
138654786
138515538
205692099
486710465
386043073
369282224
369444256
369374624
369370592
839132000
843522596
851784228
847516204
848036393
814481945
814481947
814505946
818731962
281856426
281856154
282974346
301880458
318665099
317612489
318661385
383677224
106717993
122449705
72112937
206080267
474581259
1012633034
744197514
679052682
679183771
737851321
1794811560
1782227608
3927618508
3927802652
3927765292
3929284652
3929415720
3991277864
3970302761
3970304762
3836611242
4104915626
3032222618
2516334986
2669471882
2652807305
3726016840
3726082568
3755270696
1486119464
1553211941
1553206822
1422920486
1410402534
1427179686
1443039398
1442986118
507653254
239231110
105025670
117674422
1157669350
1426112302
1431345966
1387563822
1387563310
1388296462
1388210188
1455303884
1450585260
1563835820
1547046316
1544949676
470945484
475016716
516958732
512813628
244353852
177327420
177419575
176366902
146939950
134361326
134354334
134351758
134220686
138701742
147123119
432323005
163953037
189246860
172467597
173442013
173454143
183738927
179410478
195073582
463836974
414037802
1487779115
1483388202
1484436762
2021170187
1775798415
1767413935
3978016943
4011497645
4011497901
4010450588
3876225676
3876209308
3876532924
4011602621
3980141295
3916181359
3919841326
1755580478
1823283262
1823029278
767240398
1069163663
1050288263
383332757
379113877
383296948
374899876
303674548
305835164
841919692
858188892
824626525
807813405
807862621
811668345
811664169
820052521
815924761
815991305
815802921
815819307
820050714
820345610
820269834
828654346
863879434
323928442
290365867
273457579
273452459
281905595
282040731
282048907
281984395
298755467
298230153
332829129
368488761
360097069
895921453
1966057789
2100279581
2100141599
2134349343
2067169815
2052489783
2051449447
2059723495
1791288231
1791026341
1791030436
1782731940
1778520228
2114060436
2097287300
2084709261
2093101710
2088900286
2088767210
2088770154
2088774186
1551907642
1551972618
1502820619
1502808328
466814008
458436664
453189660
453124364
453107980
419472173
457226086
440448486
1514249654
1514312854
1510183302
1514255254
1522643646
1485042366
1485206174
1485192879
1485716463
1489778989
1482164269
1211635725
1262118925
170812429
170315791
439795726
441958782
449110510
444916142
461693358
143495610
147701178
139245802
134789614
403225087
491436367
512395277
512394253
516849676
438222853
440324117
1245061158
1242964066
1528177122
407306978
416088738
411833062
411578990
411591291
1552475752
1552460392
1548266344
1595443672
1578731720
1578801288
1577752712
504005773
508395775
516325487
507961383
504553509
504520737
439509009
437462033
437464081
974338099
977484051
1002650387
1002507827
964693603
947924595
947922519
952181703
415576519
407704019
407712743
415769325
952640237
948511353
948507161
411570744
412619304
412623400
486024713
477640457
476630281
493391193
527075785
468359627
469670346
2080357322
2080161498
2080151290
4223636218
4206539434
4204438186
4204438203
4200325803
4194837161
4211614121
4179243177
4162460905
4166654073
2027558923
2023634955
2023630862
2027350031
2044103693
2034730252
2068153116
4198597180
4198736428
3938624044
2864816748
2864751204
2856362724
2856367844
2940262116
2940264164
2806304484
2814659044
2751285620
2743032180
2750380341
2733635637
2733496629
2733496631
2750282039
2741893942
2808994678
2943212406
2909395830
2842262390
2842246007
2842246007
2842376567
2842376566
2850634838
2850632918
2846700790
2850895102
3120512158
3110021278
3624347790
3624216718
3628411022
3649431694
1502066830
2039397518
2039383246
2039447678
1498001446
3641290790
3641409574
1493929986
1493954626
2030789702
2030970086
2035166694
2039364325
2039352004
2072906308
1535904324
1540128348
1527576284
1527575261
1493693439
1476829678
2017894886
2026283510
1489298903
1489298740
1480914176
1476850944
1543927040
3691908560
3691973024
1548552608
1573734832
1586428309
1586425222
1586491782
1587331222
1587314918
1581035622
1580523558
1579426838
1579492358
506864647
1064709669
953556512
949358128
412354048
1490314752
1481958912
1476719920
1476679008
1476660704
1489242528
1485245364
1485183701
411445846
428288550
432351782
419712550
453297430
453305350
453304326
419749895
419804225
939955665
939955872
944152224
952614560
952416913
2042935936
2051521152
2047253376
1510366592
3657833856
3657897124
3661968484
3684118564
3635806501
3634757910
1487151878
1487168318
1491395118
1479839534
1477544782
1476573582
1543678350
1560521102
1598142854
2114033038
2114175374
2114371982
2114376110
2127000046
2122670381
2123714860
2123628824
2127828744
1496588056
1477851912
1477847816
1477851913
408292123
415570778
415507722
416035594
466371354
449770366
441377646
441443175
1514976228
1514973156
1523363300
3687692644
3654261108
3654262276
3654262276
3650007556
2609836550
2609836598
2610811750
2614674662
2572715238
2572717286
2556075142
2556079238
2556079237
3160386692
3156118916
3156117120
2619262656
3172922096
3175019232
3044365152
3027522912
3027565600
3052723232
3052854321
3080107267
3067539778
3069702466
3073757634
3073720818
3073311714
3073259234
3044949731
3170836083
4240252434
3703322386
3636208898
3636208642
3640601666
3639478514
3689875618
3673099650
3673114499
1516585603
1513484947
1511318179
1511301798
2051318502
4215578918
4191466790
2029894934
2028842247
2028846359
2020605191
2017393925
2015288325
2018429988
2043562084
2077182180
2060323012
2051427396
2047231303
1510097734
1510429558
3661914726
3670827622
3649856102
3633140454
1485452994
1485516482
1221278275
1213877056
3363559520
3631844448
3631844592
3648951488
3681985728
3663112128
3658909377
3658973907
3658871539
3657769570
3661963554
3667664930
3684439074
3636202531
3640473651
3363710977
1214134593
1209932608
1226772416
1247549376
182252481
181187569
181183457
181183201
172794593
189574883
156220371
139442643
139311459
139245666
1481488482
1481546835
1477350465
1477349441
1477414993
1481421041
1531815153
1515119811
1515064450
1516113794
1526402722
1522077346
2063085218
4208488098
4175226498
3629950851
3628901827
4162104337
4162104577
3172444417
3212228864
3203570448
2930940464
2930936368
2935459376
2922693153
2855780963
2872525538
2821984934
2821989030
2821986214
2826373559
2834766005
2830375157
3098810452
4189399109
4204145735
3667271686
1519656966
1245970534
1246515302
1514987622
1531748422
1494000709
1493997572
1477417220
1477360452
2014227268
2031005380
2068746948
2060354293
2056094374
2056032942
2077025006
2014064622
2014066990
2014124094
1745762334
1749968926
1754684478
1753629702
2038874374
2072359686
2051319366
2047125094
1510307426
1510151922
1514541794
3687199202
3649442018
3632726242
3632595138
3632555203
1501850817
1233415392
1271234016
1241914864
1258688448
1225134016
134618560
134622656
138882512
147144048
147070752
193214240
176431921
180626193
180646673
172282151
172269863
440706407
457555431
424065495
407288279
407222775
407158263
402953687
403019223
403100119
138867159
138867059
147313011
147190131
147289425
147281217
138763585
138763105
189201251
172424914
172383938
172361410
173474502
182338502
177656822
176546285
444917228
465890792
457501160
453294552
419936728
403161048
134738653
1208341198
1208304342
1208308326
1212621666
1221010786
1216756850
1216748610
1267079234
1250822464
1250823424
1247743232
1243415824
1243435312
1243472160
168616224
168092001
189063653
163903461
142934005
143129559
143063879
143031126
147290486
138763366
134569078
134698070
134632902
151483846
189036375
172259285
172488657
172422545
172414353
172314785
189034661
155513255
147190199
147183543
147151735
142629687
142703382
147028242
205711830
240571782
235323782
239501702
247824790
243573158
243573230
1317315374
1187362607
1163785771
1144842026
1077757722
1090340126
1084032015
1084163103
1083098117
1083081989
3293490628
3290345348
3290339972
3609115268
3592404608
3598550656
4134371984
4130181776
4130181810
4130206438
4129845542
3056087078
3039305766
3035247634
3031053314
3031055363
2628462597
2649238341
3735562836
3468307008
3334093312
3334086144
3265791505
1122763041
1110188129
1110380785
1127092433
19805315
3030147
3017859
7277971
279955441
280335089
817148769
815047525
818192685
541361453
541429117
1615826175
1896855742
1896724638
1896701070
1997409742
4149087726
4158530926
3619563310
3618191166
3584571166
3618123274
1337470479
1203502876
1186504500
1180206868
1176023888
1191945152
1158325120
1158329216
1409975168
3558510464
3562965392
3573516720
2499647840
2516368164
2549918244
2667376172
2658984508
2667409948
2667442717
3200111215
3199784934
3132656870
3135806710
3127682130
3124535298
3124470018
3090866694
3090833990
3090835142
3157921462
3162000294
3170388143
3165178031
2897791149
3183135949
3187315788
3078267916
3074155044
3074093604
3074060820
3040490039
3023771426
3023637794
4034464034
4042923266
4042919746
4036630210
3499693763
3499692736
3518744528
4105805024
4108893408
4118326496
4151879888
2790960192
3059647489
3059122467
3054694691
3188941602
3188793906
3187745382
4265681646
4022609582
3833871274
3834906795
4038330507
4038920331
1912486027
1379805323
306061449
304955849
308593435
318026539
318021929
334799145
291283753
1348305725
1347389309
1347391453
1364167069
1372428687
1406126223
1406027919
1397627071
1381902846
1383937502
1383928670
326578715
301412921
301408809
284488489
1347727657
1347726648
1342474360
1346669049
1347258777
1372555657
1372507529
1372458379
1407060367
1400773039
327036847
326449087
326448063
309408671
309400543
325071641
291512633
6299945
6318377
6412601
6412603
6380379
6507467
48384907
49431435
49463755
48419147
39903531
39887147
325099819
274773291
342989627
349281083
349281081
1417775433
1439140233
1464241544
3595473801
3596522121
3598615241
2541667049
2550063977
2549735727
2679660846
2683855918
2683860014
2683919486
2683950206
2549863934
2549798398
2516308447
2514076111
2641909725
2641919997
2637774573
3711646653
3711839125
3713936261
3716102535
1602174359
1602171351
1601646935
1601655063
1601474871
3740578086
3740573998
3740577598
3740580670
3738548830
3738548830
3730815710
3747535614
3713928958
3699246815
3697816575
3693621743
3697803373
3697868909
1558777916
1555582988
1559815180
1551412492
1547410693
1547672855
1545575710
1562346510
1600029710
1608433742
1591664718
3755892814
3755897055
3722397165
3722043116
3589852904
4126973672
4158430920
4158433225
4133265737
4133327193
4150235497
4150186345
4152284521
3078544745
3078577657
4152229369
4135376377
4135376377
4135440841
4135571917
4133482845
4133450621
4135478141
4135478909
4152305245
4152309340
4118615765
4109727445
4109858807
3570877918
3570750686
3570783430
3587687638
3579303126
3579176183
3579143413
3579143413
3570890228
3571415028
3573503989
3573372917
3564918517
3559716597
3559909079
3580817991
3580875335
3622818327
3622688567
3605845799
3060593959
3060575535
3060579647
3069033757
3086859549
3086978365
3179257149
3175087421
3175085373
3175052093
3175027575
3179164150
3187351974
3187224998
3182953894
3216573878
3220788614
3220825542
3220760006
3220761950
2683891038
2684087647
2642149245
2642106237
2642301532
3179172444
3179205404
3179140380
3187473725
3053452349
3045046335
3045042495
3045047566
3042940238
3038233038
3038073342
3172413934
3210155502
3210157422
3218544942
3218413886
3755228430
3751552782
3717800734
3717862238
3703231453
2629342108
3703083452
3707275148
3560550284
3577457612
4147882316
4063930700
4063948108
1916431742
1915686374
1915553454
1916680126
1648244126
584844702
580650126
580652175
580201677
584395980
852828364
844444012
861733676
811402028
274596380
276701704
276636169
16524857
16521769
10226217
9177647
9308687
9309967
13509391
73253135
8159518
23953758
57577951
40811999
309246399
309311677
317496477
841784473
841782457
841797819
842887419
572404202
571351402
558637866
550241050
814551834
814551867
814495529
814497401
277625433
294640329
311351947
315547274
307021770
310137818
309088634
318664762
316547114
316416042
298594361
281805080
273629992
273667624
273546792
273522184
5086728
72195656
206931528
207918712
73725560
82113256
16180136
16146861
16147903
32912790
49681798
49680790
41349302
41398438
41267430
35500279
308064357
307011876
273454628
348950052
348949028
483252791
1556576790
1480994310
1476800262
1497769234
1514549250
1254502466
180748354
180686930
180626551
172237927
172237927
172253287
172269678
423735502
407081422
952210942
952482798
700955582
734501309
1782954172
1778759836
1778889868
1778561420
3926037132
3926049452
3926078124
3921674981
3900709479
4169153059
4170193185
4170450979
3639871490
1477852162
1477844994
1208098850
138547298
163709122
172105922
172105922
180764738
180863059
177198549
177004516
197716652
155773613
151579321
1242479241
1255062409
1255048585
1250722249
1250734393
1251909945
3468599609
3484328745
3702236969
3165170219
3169356331
3107490346
3138948650
3122233930
3122307786
3122389642
2870674094
2906260142
2893680046
2897889455
2897803452
2914580620
2948114828
2927143884
3191576140
3190481420
3190481199
3195674670
3212312622
3159883822
4229696542
4165867822
4170066286
3634244079
3633585613
1486107849
1498685643
1258771529
168226059
168225547
193456940
159775532
428735276
433061144
453887240
437043256
437051432
973922348
973987884
973598764
705131885
725710183
700669671
683925207
683933383
969014727
969201799
960780438
960788662
960903350
407779734
500054918
500054662
533469830
533479062
378287798
378499766
383242998
385147703
325366559
291864863
283608346
283614491
283638043
275249434
275114298
355789114
390941690
936201658
1070350795
1066156297
1032810760
969826600
960946472
939910440
402965544
419744824
419810683
453482906
440904602
449293210
449166266
444971930
444972938
445626270
449755134
508473895
220115475
1277063683
1279136259
1279066643
1277101859
3428714787
3437111490
3367897218
3384674690
1251936130
1251476102
1251484326
1251484590
1251483883
1249383529
1228407913
1227489288
136978440
136929288
136896776
136951083
154905914
152676618
190421322
197757322
197761434
193502618
461932425
463045512
436175752
420922264
420659624
1258484201
1258417643
1258322302
1262516542
1270905118
1266810654
1266873166
1333949006
1334252254
1300501229
1305224044
1280205160
1277089144
1277151320
1277147208
1277143240
1277143496
1293195657
1297386891
1599374730
1582727626
1590866394
3734152042
3736265518
3736265006
3673190703
3679458607
3679464751
3645975855
3654433069
3632405805
3632354620
3637572412
3629159228
3624239960
3640964808
3640962760
3640961736
3640961752
3645341400
3687200507
3687191146
3686994282
3670016106
3670278186
3687120986
3645136970
1480909834
1480958986
1481030666
1480767498
1531156746
440633371
440633369
436378633
436379657
1510404105
1511440397
1579073901
1581171691
1424671659
1357465231
1349261967
1349327503
1357716127
1353661117
1354710765
1354506733
1358700653
1348214847
1410224142
1414459462
1145605222
1149802726
1204328678
1187944838
3470693766
3487486598
3485389518
3485389549
3753698028
3720143596
2648500088
2640107352
3713916920
3714043368
3709849064
3708577256
3708577241
3708645833
3708694937
3712889275
1606817787
1606879227
1603340283
1590763003
1590701562
1582312922
1581280730
1577154014
1594029534
1594028494
1565708750
1548931214
1549070591
1548017967
1556390189
1574289197
1603574317
1591015997
1593178653
1316420367
1312217871
1312212430
1314275790
1314341326
1305821630
1289040302
1213538798
1221927142
1222058486
1222587894
1222393302
1222389111
1222388005
1239182116
1275035444
1275032340
1249334020
1266012940
1259721564
1259704813
1225037295
1225058734
1208281534
1212610958
1220999566
1287822734
1300414926
1301397966
1334886783
3482378543
3486639407
3461590831
