1047377598
2120857534
2120859070
2120857790
4264409274
4281268394
4265539754
4267600778
3219025563
4259301049
3180118665
3168592520
3034441352
3036141560
3026572653
3022837103
3022812479
4096009534
4096206110
4251333950
4294335534
4290214957
3215457340
3186089228
3185804556
3178332940
3171975692
3170939452
3170935340
3170951791
3171086062
3175243758
3176286382
3186903214
3185855646
3186052238
3052303502
3077464462
3073270406
3073258198
4134277862
4135334630
4143718950
4142675262
4088208446
4088334399
1907230749
1906710540
1374033932
1362580492
1393869068
1393869580
1929687868
860152620
868536109
868535087
864930094
596539694
600729646
554581054
554401038
537558286
537619718
541671190
541592886
549980518
549996910
566761854
558438750
558446943
558463325
600570741
596310885
596360053
600357189
558405959
554211407
554276989
554424445
554383724
554318188
554318700
558512748
566901356
566835804
566762316
566762316
566762317
566836189
566852575
566852559
566819791
566885343
566868991
566868991
566868959
558480351
558496095
558496127
587823999
587938687
587938685
592132477
600512813
562764141
562772349
562641245
562575693
566769997
570181959
627964279
627964279
627964279
627964279
627964279
627964279
762165623
762166647
762164663
1030599095
1064153535
493728191
393067967
393067445
393067441
388348913
254131057
221641521
219577089
1280720147
1279667986
1288570626
1284376386
3431598018
3448456130
3448357266
3347878306
3347886498
3347883491
3314329057
3314331041
3570249137
3557733792
3557197216
3557212544
3557736833
3574491079
3574425558
3561822838
3561818678
3293526550
3302893842
3315543090
3350737970
3332898834
3467198466
1319813123
1319801872
1325050912
1316728096
1312533552
1312394256
1178307584
1446675520
1429910592
1950061808
1949930656
1971040416
1970974880
1950081408
1947808640
1949897456
1949905505
1952985639
1688739374
1688738606
1688758326
1688791110
1958258886
1998100614
1980402822
1981464711
1981464711
1983791511
4130239395
4134433443
4159665761
4121755168
3048009248
3047730720
3048779296
3052973620
3040452164
3021638340
2755320517
2771114391
3811068070
3815262374
3815509158
3816688830
3764262030
3772655566
3772654303
3771998831
3772003118
1895043903
1890853663
1905747290
1905585246
1904531534
1908705358
1900513358
1896778958
1897827406
1899928654
1933225294
1937423709
1677434204
3783245148
3783243580
3833299500
3832267308
3832144428
3833094700
3833078319
3847755310
3847756590
3889768814
3872987374
4137355406
4139392142
4143587471
4143653263
2012770703
1425633791
1421603183
1958475055
4109925679
4109925678
4101565743
4101766941
4149923596
4133146188
2118700620
2114494012
2114567724
2119876412
2128257308
2128126013
2119753774
2048434286
1780064494
1795879142
1829424342
1816852934
1826351686
1838922277
1872476709
1872485908
1868154628
1847149829
1847162165
1846230373
1712004391
1716194599
1724711966
1724654654
1993089150
2005803486
1888372174
1888372622
1888210830
1892272782
1892277950
1888026286
1888284335
4035772077
4090480381
4082034420
4077871636
4077871892
4083044628
4091498788
4091356260
4057738484
1901865428
1901926877
1885211133
1884162527
1893341966
819529486
815280958
819471150
836264750
861463342
591954718
592216522
575439242
1644989851
1649248411
1649383867
1666103803
1628350923
1628351307
1611589387
1612587803
1612591915
3783205739
1641882607
1637684207
1636565919
1636565647
1674314383
1640760271
1909215727
1909417199
1909419247
1909270782
1900886222
1900874190
1908821967
1904662479
1938223967
1939202431
1943314749
1933877277
1896128541
4043674909
4027024700
4027025212
4027041340
4043765308
4048446012
4048429596
4056819276
4125040479
4120645094
4103884006
4103916782
3047019774
4125009102
4158562510
4133396686
4129198303
4129276143
4129080813
4133021165
4150126063
3881662457
3881658105
3881793273
3881785081
3814544121
3822375673
3788826585
3787781961
4057881931
4083054938
4141774958
4141710446
4141618222
4133236814
1981751374
1981685966
1964913118
1952318462
1956529887
1956563661
4103912156
4103907996
4107053756
4111248316
4128026556
4128024508
4132299708
4132320172
4150138788
4116584352
4101902305
4100263265
3563339043
1423981618
1558195218
1558279170
1608695042
1588768002
1588768002
1586543650
1586805794
3734289443
4267031648
4246650176
4229873408
4097478144
3023830560
3023957600
2958847840
2967240545
2967227106
3017607842
2999782066
2991393682
2991529922
2463055314
2459772214
2459712823
2476490004
2449227028
2448968756
2428230692
2495262756
2495324160
2629406721
3707273250
3631784038
3625493734
4162341118
2030700686
2131368078
2114599326
1980369598
647630478
649659023
649605768
916988600
934830760
897115816
892923576
825012156
824550868
807903508
807568148
807568149
811829045
811646775
1616952119
1617148695
1617079813
1618126341
1618121221
1615888916
1616151084
1664926445
3795801787
3795729034
4064159914
4067240106
4092332202
4054714506
4037942410
4037808330
4054601914
4087902379
1923834029
4072366252
1926836372
1376583860
1376583844
1913590188
1897800184
1883119896
820930312
816343816
816376600
820570648
342419976
338291211
338351626
1429193690
1463796666
1451213227
1459519935
1455337869
1454810564
1453827348
3584399120
3571951376
3563562288
3559236896
2486482209
2486558243
2417417746
2434143938
3529377410
3529376386
3539796658
4070052258
4070060198
4070060271
4053278729
1884823560
1880875016
1880794120
1881123080
1880922888
806127883
541952202
558733450
1645186186
1646166410
1647739786
1647743626
3799429803
3807880040
3820331308
2750721068
2717165868
2706680076
2706868748
2706804228
2740355588
2740367927
2740380198
2809414950
2809922598
2772175910
3980069942
3980008502
3980015646
3965335582
3972741390
3968412174
4253821454
3716946446
3716942414
3448516302
2341220046
2341234126
2341320126
2341442990
2374862254
2378991023
2357036469
2357167541
2357108628
2352917892
2352391556
3694507396
3575090580
3608591748
3590761932
4127371212
4127370844
4127379069
4127442460
4131635772
4131644205
4140032301
4157862191
3050560559
3050817567
3034044430
3025660238
3025660366
3026122718
3026109343
2975581085
2975450045
2967003629
2967004653
2967268708
2967334180
2975833364
2975765764
2971596612
2971662148
3005077236
3005077221
3009306343
2740868838
2732414974
3000767854
3000766510
3002863678
3003064350
3019777102
3019843038
2977840606
4034809310
4041166302
4041002462
4040488398
4057245135
4048871773
4044677468
4044869916
4028035868
4028556076
4032722732
4041153388
4036828156
4036967356
4059900863
4093457822
1920799118
3527213214
3525181594
1379795034
1382940698
1407981882
1370286394
296528154
296524042
296652042
1370391819
1409188107
1394246121
1360703977
1359716765
3490292613
1342804871
1342816934
1347344038
3570327186
3570335426
3567153106
3585959922
3585926563
2543642017
2665280945
2657082564
2657017028
2659178704
2659056885
3195907429
3204293989
3204288807
3204284727
3212615991
3174867749
3158094629
2889785893
2891884157
2891972349
2757622717
2759641519
2776418479
2792900782
2793082014
2791970254
2791973646
2792301374
3865850158
3815515182
3773574174
3769531407
3770603791
3768503629
3768376789
4048311767
4077655487
4077655487
4077795238
4115543718
4123922086
4103016118
4103888518
4103923655
4120684485
4124353876
4124419348
4116032788
4111838516
4113933620
4147504420
4130787620
4130784052
3864446773
3864448886
3864906214
3888958950
3856647358
3839772046
3833463246
4231934926
4231869134
4231278190
4235471662
4243859758
4237563966
4237634574
4254343182
3751096781
1603793292
1603269556
1586276260
1582086052
1577879460
1578021780
1578541444
1444323661
1444409406
1983180862
1966465054
1948700702
1885783354
1895810347
1891485499
1956464409
1952278281
1963796249
1963795225
1963799097
1976305193
1955335787
1955352299
1955396539
1959586713
3570204552
3579691464
3613098440
3613040968
3545932072
3545948460
3554337068
3550074173
3550201214
3550123118
3013259502
3008921838
3004727806
4078536414
4043947678
3775511214
3776576174
3776670110
1662594186
1662526602
1662595258
1666846894
1677332847
1639592495
1638479421
1638409743
1638426127
1912399375
1943897887
1900971327
1900971383
1968092535
1968158039
1967888215
1967884119
4115306071
4148866775
4132089814
4132093910
4132085206
4132081142
3059715318
3076367478
3076367479
3051348023
3051286581
3034464565
4099740021
4099679213
4095484653
4099751597
4099738285
4108061613
4124842397
1976908173
2010459533
2010456463
1985229199
1450529230
1467412830
1432806190
1424466735
1424797221
3572283940
3572013620
4108888636
4125669180
4143616780
4143612684
4159341317
4159357223
4150912294
4117359654
4113254438
4147857510
1983843542
1983853766
1983852998
1451098574
1585320942
1593779182
1557950462
1553722182
2090511110
1956350726
1956154151
1956158757
1958257700
2004459540
1983569988
1983533248
1981415632
1981416352
1985689313
1989951205
1654393447
1653344799
1921804815
1925507599
1917292303
1917230415
1992731999
1992602991
2000995821
1963914463
1678664799
1678402654
1946907758
1959515502
1959523686
1959388502
1950934854
1946743622
1946731510
1967769318
1976297191
4102811381
4102717057
3570027137
3570028417
3561708947
3561510051
3561772195
3588048019
3621663875
1457399171
1456874881
1448548273
1448417184
1465202336
1414805152
1347434144
1355813556
282067844
298848708
399532500
374366229
106160143
376632334
375556382
375437614
400599850
937466666
937724170
921994315
1716814024
1712820424
1712763080
1729540348
1695719909
1695785573
1677846055
1816231462
1825660454
3855695654
3891608871
3874952501
3873834261
3874899271
3890038215
3855411151
3838635982
3838175950
3838229086
3838220895
3838172733
3848062525
3848029820
3843819516
3844027308
3831374253
3831439789
3855364269
3889000637
3805213901
3805207565
1657589005
1658640653
1918688527
1935668494
1902044430
4032751390
4108244782
4108306222
4124036926
4157590798
4140686607
4132230431
1984722237
1984722237
1980724589
1716402153
1716398073
1968125369
2085361051
2085356955
2093751706
1020209566
1019685310
1015360431
1015037821
1019217436
482542084
500421124
533766660
516989460
1589684084
1585495520
1585485985
1589680291
1606605239
1564629399
1547861911
1547850390
1950532278
1951646326
1951442727
1953541413
4101027860
4101023756
4113606668
4145129740
4011046220
4009923276
4022502124
2944565868
2776864367
2777726574
2756771374
2754665262
2704328750
2703345726
2703423502
2708630542
2740087822
2740085822
3821172014
3821158702
3816898606
3783540766
3766763589
3771547972
3763028420
4027281884
4027278844
4027214772
3763006341
1623906695
1636534678
1636415942
3822894534
3799889223
3795759949
3795759629
3795751460
3795816996
3793531428
3810305828
3758929197
3759115567
3759066415
3764377647
3764190527
3764188447
3775919453
3775394685
3775386617
3812968441
3812974569
3814021609
3824491001
3807713787
3807590747
3805489483
3797101899
3795922187
3796188475
3821471019
3766882175
3766902607
3766943567
3766878031
3767328351
3771473527
3758890750
3758694126
3825875694
3825875438
3855300838
3850909830
3985123462
1871194246
1736976518
1971858565
1972366516
1971825828
1996983732
1728220628
1711508740
637577476
637577220
637577228
637642813
570595375
570608703
570575903
1644577838
1644581934
1649300846
1720635374
1687080654
3835615822
3835411023
3835271757
3835215477
3835227876
3826804709
3826783717
3843756453
3877250469
3877250477
3885630877
1720321935
1720268429
2005427855
2005460623
4123584207
4098404046
4098600798
4094345054
4098538846
4099865886
4108320014
4125085454
3848113935
3848126255
3843927853
3775704877
1628224829
1666028828
1666040860
1645069340
1661813788
588059700
588190756
588186660
592321893
579735397
579800949
579346373
579354053
579353925
851974213
843717973
852114773
852108101
315237189
315237197
315290441
332108619
818516827
818523771
550218331
550214475
550209867
541821002
537499722
537441354
537432154
554274922
571396202
571371627
575607659
575608431
600784511
600653407
600651487
596390655
562832351
546058957
1619793549
1619855005
1888290460
1888229068
1351366348
3230416460
3230608973
2156800605
2156735103
2160868959
2160909902
2173536206
2207093199
2206707919
3280446623
3280321703
3276052967
3271854567
3523709398
3523649350
4061046534
1645125910
1645191463
1645060391
1644994869
1661777173
588240133
588139639
554638439
554506343
588192102
583993703
579738469
579739429
579682053
579609861
579624964
575422468
839762005
856584285
806248649
810430920
818811864
818747128
818698984
885840617
885824217
1016044235
747547339
680504010
684564426
693081546
706130010
706195578
706191466
705142890
705159274
721674346
725870058
734255086
1807865822
1791055311
1808036191
3947110781
4182058284
4182193708
3628471852
2559448684
2559514236
2291086940
2291023580
2291994325
2359035829
2361132981
2356987829
2357168023
2222897031
2222370694
2222436246
2239208434
2268563922
3257376210
3525813570
3526796546
1379840258
1377755442
1914577187
1913594145
1913467169
1649202469
1657571109
1653378853
1653377863
1636600655
1619364687
1619958607
1624227455
1611529839
1678524015
1678319463
1678384485
1678392677
1690975717
1686773207
1686781319
1686646150
612920710
612953478
617391494
609064327
621776343
621710707
655263795
789555219
772777987
772712451
772728835
705625090
705561619
973997363
2051933478
2060397862
2060266790
2056087926
2073034054
2022700486
2022675398
2022540182
2022478775
4174177189
4165527461
4161436580
4161407652
2013989604
2018061044
2043357764
2072913413
2078216709
2078016317
2076971311
978071599
994336799
960816207
960818254
939915470
939915726
939982174
944152414
684103454
684102426
683979547
701281051
692893497
692895273
688700968
1745419880
1745485400
1745614664
1745539544
1766572520
1808351720
2056786408
2056859865
2056925387
2056942666
2055885930
2051656810
2047462634
973790410
974831050
991606154
677020810
679183498
674858202
674872570
675003627
1746517483
1746448235
1746446059
1796776699
1780462283
1780404921
3927954089
3927196585
4000317865
4017095080
4024434872
4024631544
4024647128
4020447576
4020463896
4020365593
1839323163
1839258634
1843459082
1830875210
1831981274
1832046826
691197162
707937770
711132283
711001097
710947849
711008281
711139384
711075113
719722041
716576281
700325407
681451039
680336927
948450895
948446798
407381710
403187358
134754974
134771342
134795918
139170702
411744142
411807646
948808638
2022161342
2022096350
2021831758
2017701903
2081456141
2098298893
2098369549
1695718445
1697814829
3878853229
3874671341
1727123149
1650509773
1650508237
1650573677
1651691565
1651925029
3795263509
3793035287
3797230631
3797243170
3822470434
3767944962
3767946754
1621085698
1619840563
1619844641
3771498017
3809225249
4060879667
4127987987
4128053587
1980702178
1988760054
1988764550
1988829830
1468605071
1468867209
1468912312
1439467512
1409584120
1946454344
872847624
604416009
604153865
620800009
654606363
637829163
639008811
639017003
773775401
777965611
794673199
761091439
763196927
1845450183
1845433749
1843992501
3991475876
3974698656
4243134128
4240258736
4240385680
3703514768
3703514753
3434428099
3434364610
3434364498
3438313330
3295739730
3291585858
3308502338
3341985090
3526540738
3530726723
1383305041
1915985680
1916124720
1916122672
1645601312
1645568805
1644437799
1644433446
1648624678
1649148966
1640959030
1619938374
1619975495
1619983685
1619914581
1619849044
1632431700
1645017700
1913608804
1913544292
1645088756
1716458900
1724854421
1720656021
1988960389
1955537295
881729935
885946271
877023198
805686042
805620506
889497914
642033722
650160158
641776654
637568334
637764046
637698510
771920254
771924006
1849794598
1849729058
1874961442
1841472530
1820505350
1820514135
3968321269
3964602037
4228646565
4228648613
4228660901
4228656801
4236580513
3700622721
3700556161
1284649153
1284579523
1284515011
1305492562
1328618834
1328749894
254950726
255065414
259229510
267487046
233944950
1282455398
1297130854
1292937062
1599120998
1582540374
1582478919
2119341573
2115147269
2115405620
2117436452
2115298340
2115821612
2115842093
2115907645
2132684879
2086535390
2097022958
2025787110
2025656055
2023317191
2023255749
2023286469
2026432469
2043209701
2135680357
2118874485
2119916919
2115575143
2114789159
2118991663
2144155439
2144088895
2110534415
2110337807
2085303067
1011430201
1011351849
1011351849
1011352889
1011563801
1019948313
483076377
411774217
478743817
478676297
483919305
351814104
351912440
360370648
393929176
375022041
375120345
375058779
374010235
373924139
390635819
340295979
810059049
810059048
805930296
806065416
828019976
861574984
601790329
587117929
587179371
586982522
576492634
572293210
571445370
571388010
638496874
638488682
638488682
655265898
655274090
655289707
793770987
794675947
796773115
796776155
794686427
659416027
659383291
659514347
659388395
659363583
659489535
634323711
617415295
612963197
612971341
617095503
608710479
617180031
617347951
1686874999
1686812999
1737132359
1724550599
1713209799
1713226709
773845733
772743909
772744165
705438693
709636583
718012647
713818351
713757919
680148426
680411082
948840138
948774607
948707999
411837099
411837097
411854505
411889321
466402233
441301385
441366985
441367819
437163018
441291802
441225258
458018858
458084394
995094826
986641386
986642106
982447771
999153337
1003274217
1003011561
978042233
973772041
973837323
973650971
973651003
973731897
722205753
671775833
671749321
738854025
743047577
742917035
743191215
743187118
751575726
746918570
1015485179
1015022153
377515528
377547272
381724984
373405752
369219593
302110729
303157323
286703627
274088203
283001355
283009577
282915369
281863977
810326313
827099177
839682169
844073419
575573387
575575435
575582347
576495771
572301547
589149291
538885179
538876937
605985033
605990185
605922601
605925673
740217145
740184363
740172267
758985131
628949419
669517227
669584795
598285195
598424267
598420059
598419034
564666954
548938442
548934602
815579611
815563243
818774507
550343161
550483273
609204489
609134617
609134649
621783065
638033161
772182283
772182347
773235051
1846993387
1846747627
1846751723
1863454123
1876036010
1871842218
1872104090
1840712330
1840526986
1840526282
1840313290
1838191098
3985682794
4018184490
4001411194
4001545418
4001557663
4269943981
4290849193
4278262696
1996623528
1996621480
1728189096
1740841656
663757512
598745864
564142344
836788489
274857243
287414586
320968986
35756042
35751946
36014090
305630218
304055306
320832539
286167391
273584783
274633359
276714119
272241335
272183959
823931575
822882725
869019885
562832425
562833449
596387849
597485577
596945161
569675019
561349899
543132939
545229835
545111082
540851243
540904555
557810763
554619083
588148907
588128427
592388523
592196539
600647355
596584107
596584107
830743129
830747149
327438861
327467533
46441228
54821660
55346461
21988621
967693
967759
947403
5121227
73340315
100407227
131890859
513568427
513601193
517793465
528254713
427591545
946635065
947892265
947822633
964337707
997892154
979013658
977973290
977903658
977854506
973861962
973741262
973813918
957037738
940193706
952767146
1015677610
1015612089
1015550616
881341112
882439848
896047912
925415736
908699928
640264456
640387336
644842505
644251657
644775945
639533097
772710441
772382761
772505705
755668953
738899641
738913961
739061403
738995851
738667179
742791595
750979498
746655146
612375962
612377994
629219722
630207374
563098575
598747087
602953567
602984285
594586429
594651965
561117501
561248575
560134463
560191551
561072191
561073183
558956767
558956991
558301627
835142571
298250939
294118042
327461578
63216394
47549210
1124047642
1118808842
1185655562
3333006090
3333001994
3484140314
3488268586
3474592107
3473547691
3477742733
3314163853
1166680476
1149837752
1145647544
1141457816
1141425112
1141479256
1141484808
1141418249
1158191369
1112049675
1120569354
1121617930
1117443082
1117405642
1117323710
1117524906
1083122602
1087251371
1087189929
1078723497
1074004907
1074014187
1074031386
1090804490
1124387610
1132788506
1115810058
3330534666
3330470155
3330457611
3464675371
3460558891
3456225517
3321984181
1174496644
1195516300
1145185164
1145176972
67240584
67306232
67138344
67168040
67153720
218147592
234924809
370187017
374377289
374706059
504595339
489849739
473084810
1546822026
1544724926
1548870127
2084594031
2084577583
2093033259
2109880089
2110928409
1070929433
1047856905
1045761289
508890393
517212473
517225787
496252171
76824842
83149066
73695579
207978971
208048377
485929209
502703240
1056353420
922134669
913606813
908363961
908102825
639669675
639771051
657596843
657466347
644878890
586297898
582099498
581964347
581968395
581182219
602161931
837075435
275562667
275629230
275764470
276821206
274723911
283045141
281995556
281979668
328108288
315529472
316578816
307991552
844673057
843620391
575201318
571007278
571008302
587792174
592038478
592174814
592176862
592011918
587751834
554250426
558444714
558436522
541791418
818552250
831142650
864688859
847846091
847846281
315439497
302986377
302911625
302907529
269353865
273552009
277226089
277094953
9727529
11852329
14986027
32356619
40876299
108960011
108956683
241074251
235831499
235835467
168726607
185507871
185507879
185525287
168813619
173006899
172974195
172978259
185405943
424416231
407393007
484037355
479970043
481857259
481860587
486312171
476874843
1013880907
1060026443
1043244043
976007183
707301439
707432495
724213807
673882223
674215023
675122671
1748868846
1748891306
1815962282
1815896746
1817977514
1817974698
1826365354
3990698427
3986651547
3854563739
3888110031
3887455695
3891635535
3883245839
3883377439
3877085999
3843551789
2769809965
2773865005
2910147117
2910077487
2910061119
2909017914
2942582042
2952084762
2951814458
2813402170
2813531162
2813399114
3885052363
3784323465
4052759960
1905278392
1908423096
1900026264
1895841176
805314952
268460424
269545801
271614219
275091754
275226666
275750954
327083050
310252555
308153353
307890441
307898665
844769577
844704585
323487689
323486665
299369081
282661483
282944059
282878763
274522923
274517291
274499947
343902555
385784267
922663371
922660171
921353291
854105322
577289451
574137515
574206139
588968075
587866299
588128425
554574505
567173865
562917995
562840107
562351643
566546203
541367563
537392139
537355274
538391562
604376074
609093930
617490794
617425915
629946059
915259977
915046985
932872921
1033614041
1020830125
744006831
742165671
742231207
756469895
772960391
638722437
637674381
637739693
641738409
645933737
662710953
545270441
545269385
546320969
816841225
815809289
283239209
325312809
308454697
308461323
375556875
526682891
427067691
410290555
410029403
410096987
405991771
405991755
408088907
423817695
465756655
448815599
440426991
973312459
977444827
1044560827
1048754603
1048623546
2122365322
1993378186
1983221130
1999016330
2082902410
2087121290
2029416938
2029396334
2025136431
2041916724
2080181300
2054960180
2054955316
1514025236
440013588
458756628
407400972
407429644
407434825
407485307
407615851
155891818
172669050
172669002
169529546
169590986
171671755
175801275
467321513
429581033
415885305
415819225
424277369
491320379
491314491
1011473723
1011472682
1011464490
742960426
742958363
675852571
738758939
738951529
738898281
755540329
755540073
755537001
755729513
755732587
755753067
738975851
604692587
604655979
608847851
617303803
612977371
612981451
550010571
558396107
558379977
554250569
554504313
609161321
1699689705
1708075512
1737370456
1871583816
2139557576
2140407496
1603539656
1569723081
3447722651
3430961834
3431002794
3451971498
3439372202
3439437242
3439568266
3422724554
3426918730
3435304779
3432183657
3436373865
2362561913
2362754393
2371174729
2404843611
2400661627
2400399658
2379354410
2375164714
2375230058
2358277867
2375081707
2370867129
2366672777
2368898952
3442652040
3480597384
3480597465
3480744939
3442930539
3442926959
3308774719
3291966847
3296098783
3312933261
3354728860
3337887644
3337885084
3329560988
2249347516
2251477292
2264117548
2258739493
2527109415
2527109158
2527112230
2531297318
2520025318
2518123766
2518597766
2503889358
2487100366
3581813482
3585016426
3618375211
3601604137
4142156344
4133808648
4129597960
4129598216
4112890120
4096165129
4029579723
4028596634
4028625850
1611543210
1611211434
1611145898
1632110506
1640969647
1939809455
1939809471
1906778247
1906647110
1910792462
299950862
299946766
291959562
359067914
359051562
1952824363
1961146409
1961138473
1961199881
4101475083
4101213130
4252014538
4285563594
4266771162
4275196778
4275446570
4271251755
4277477672
4277416248
4285824280
4279556376
4278683976
4261841096
2114431176
2118429833
2118431896
4266103176
4249277320
4232508044
4241388204
3705554605
3705409453
3168550383
3170647278
3590075422
3581875486
3581809438
3589674510
3586074126
3585959439
3590123357
3579641325
3608972781
3608972797
3613230541
3554443597
3554181949
3556500015
3514491695
3514458494
3522831870
3523021994
3512207530
3506964650
3507116430
3490377102
4028278158
1884856782
1895338270
1890091327
1907008317
1944756756
4067090965
4067090965
4063228453
4130199335
4152220975
4127051054
4125097278
4127059279
4152159565
4152161741
4151887069
4135256252
4151967900
4151980477
2012885933
2012947375
1979458223
1979458206
1423247242
1423187338
1431828955
1440069979
1475651849
1475651849
1457831176
1474801929
1466413337
3580817726
3580776814
3581809006
3565093358
3562603502
3569955838
3569947406
1419319054
1421417759
1152936253
1147693085
1160308749
1193924933
1195036100
1444579205
1381663621
1390052244
1390055828
1400545684
1362862292
1362731120
1362735396
1366881060
1903976996
1912349229
1903956543
1885150810
1952319994
1414404602
1439635674
1438980298
1440028890
3587200009
3589337096
3589308680
3589316904
3702629164
2626921004
2642584100
2642588260
2676069031
2651095718
2651636390
3188508334
3188690350
3193937070
2929703166
2948507854
2952243279
2939530255
3207969821
3208049677
3208041485
4279390541
3876729708
3889248237
4153874173
4153810557
4153806431
4122808127
4110159679
4110184214
4102024966
4107711750
4107712262
3834950486
3837834103
3858793431
3858990535
3993150915
3993234611
3993117858
3859162278
3864396966
3841328566
3837138310
3770040198
3770031767
4038527637
4038351492
4090789508
4065652357
3526615493
3526553669
3525496887
3546365990
3521466414
4054316078
4054252591
4054309935
4121222509
4117028333
3575963613
3577136717
3577141069
3576087821
3580118335
1432626215
1415914534
1416049702
1424363814
1437991206
1572274486
1607729926
1601447686
1597318934
1597390542
1602150094
1571671694
1571325614
1571325609
1470662584
3618420728
3622610808
3610224440
3610226488
3611229996
3610703661
3598079790
3595961150
3604427134
1473577470
1472200926
1463824543
1430327455
1413615775
1413902751
1346790139
1892147963
818206667
834965451
299149771
290953433
324524248
320265304
320263192
320290824
390021400
356406056
360081197
392652319
401012295
380028871
380535175
380535223
381452455
1459396783
1434231983
1411312831
1413413327
1413368142
1412369214
1416379942
1415849510
1424307750
1437536806
1202651670
1186464262
1186476850
1203261715
1174036739
1148875523
1148896214
1148835814
1155071406
1146677678
1197054430
1448774606
1390055374
1385727481
1385734376
1385734376
1918415080
1914233064
1461379256
1427793032
1946838968
1951272680
1955335785
2089553417
1553739273
1553739323
1560225322
3707449914
3635937802
3652731658
3690520874
3422068842
3394806251
1247654863
1246475213
1510577117
1527363053
1493941485
3624581372
3691681996
3692726476
3711600844
3749350796
3594241948
4135142060
4135137980
4135064236
1928860589
1941710254
1908223462
1895765238
1885802566
1886720006
825237518
823156746
856715578
592462138
559170330
827640346
810867258
810932778
1893653067
1960827848
1962719688
4126772616
4122706072
3752440216
3752371096
3753501416
3720012521
3719979754
3719963370
3715630826
3714582378
3743943786
3731578106
3731553498
3731547338
3731596493
1579787340
1579913288
1597677896
1547608904
1544987144
1549174296
1557569048
1559726904
1572112699
4277446698
4277446698
4269259818
4265508894
4131291150
4148085070
1950282574
1950249710
1950225134
1954485998
1962745518
1962879886
1962740126
1962682526
1423715486
1440489694
1473589726
1469514079
1469514591
1469318013
1469326205
1205102399
1196812127
1163328846
1196854638
1205175658
1439999758
1439993614
1473685311
1473684781
3604324653
3595874340
3592196133
3592257589
3611197765
3577648965
3581857617
4110339681
4043071457
4059852192
4084491424
4067697840
1918313616
1918251136
1918251157
1917129125
1933842341
1943348965
1909786197
1911840277
1894018845
1894543135
1894738486
1890482742
1890569782
1891196694
1912173846
1901614198
1935201510
1896412406
1900802454
1900999063
1900991381
1934607349
1933886837
1929696549
1929706533
1895951669
1880123653
1884449285
1959942676
1954737716
1955004020
2005391316
4132753860
4132749445
4132814981
3595551911
4157437094
4123819494
4107238910
3569971054
3562563438
3562612543
3587925791
3587929885
3587923741
3588083573
3621637847
3612212951
3612206791
3612207062
3612210166
3578779046
4115629222
4124019967
4124017919
4116677855
4150104543
4150125535
4150125147
3613332027
3575448107
3562866218
1417494058
1416374571
1424767019
1420631049
1420637193
485294089
225312840
237683144
237928840
237998488
237802920
511491560
527743336
536263001
385264089
385330651
376743387
376733914
377274586
912179706
919257578
2009850347
1976099693
1976087421
2001314652
2001315804
1984477148
1984466941
1984794621
2001717245
3612276735
3612241919
3620629918
3620617630
3620670910
3620552110
3620566446
3587076486
3519996358
3504272646
1356782854
1895684390
1350359078
1350364198
1344032774
1343946758
1343881238
1342836758
1347031334
1355292263
1367886432
1921534544
1384905280
1389034048
1376451904
1377497408
1377497408
1394532836
1360978404
1355608549
1888277484
1888273388
1355603708
1355807480
1364060920
1406041800
1406017224
1472606155
1473590634
1475620970
1367085290
1346179258
1345197450
1345249162
1887354762
838647466
867993274
580686731
585012107
573477323
1647292731
1646567467
1713677358
1730603054
1965455406
1969641510
4159047718
4160029702
4155855110
4155917062
4288041558
4288082678
4288537319
3751601824
3688656816
3642502016
3642563392
1497238336
2100169520
2146315044
2142055732
2143232261
1069101061
1062735921
890773557
890774581
874065205
874199844
886704676
551229989
567819829
600575509
600575797
575425853
592207229
592444925
600767997
600793085
567136213
567119573
550475511
550418167
550479799
558675894
1632411030
1665961398
1934597558
1661908918
1661904790
3809388438
3809121238
3880420727
3855258927
3852265261
3858622013
3833520653
4248199695
4248203790
4245956414
4111740206
3849590894
3853846638
3853912159
4055763021
4089322828
1945966412
1920758620
1916559740
1933402220
1935618157
1942762605
1942752365
1909198103
1909343511
1909351221
1909384053
1900930037
1363993559
1343013782
1343013526
1347208838
1355730630
3566107334
3566136182
3566004582
3567036774
3616980311
3604383172
3598156228
3593781572
3593785716
1446371428
1444306980
1461068068
1440088349
1440088335
1440167198
1431121726
1431060250
1431112458
1405946634
332339482
332209435
333192520
332924024
299438312
291185144
828056056
827929080
826831784
826853288
591974377
558410219
558401995
554207691
554278234
558601530
592114986
592109867
592044331
592294191
592412973
592417132
567251436
567251452
550343064
541888712
537711832
806182104
806303993
810428890
835595146
869149322
853420682
852770442
315897498
378802874
378278842
395071963
344748361
349991208
343499048
339341096
339406632
360365832
928689416
911779081
911779193
639346137
572177801
572177561
572296363
572296363
570721451
570916985
571904059
571908138
574021674
573988906
589701162
543559482
552471098
548342394
548358778
549018202
565836297
582548232
580445208
572039224
572043320
571117624
571135032
571132988
588172573
559897951
559881567
593436031
593305083
593313275
561983483
553596587
553587387
816779930
817697418
817705610
278753930
277673626
277670574
277670574
277674670
277859262
277805455
295593101
335438028
310337740
306147404
306106456
859623529
823456041
809801515
549752346
616995338
630696474
1704307258
1739958794
1727371787
1853132299
1847375610
1863099114
1812849386
1812865706
1678644142
1679438246
1679499430
1622745254
1907950759
1941572757
1941834884
1388195012
1387226372
1114436404
1110237996
1378673448
1378657064
309304632
854493480
872319273
870287705
836747211
828355531
824037834
824136154
824062394
824058042
824124586
827071914
831261098
562825643
562837977
832331593
865924872
863871752
843031352
847160105
847176505
308204313
307217211
1397506858
1363938090
1347160874
1347095338
281680234
294271434
327892426
311964105
311951816
39457096
35287416
51011944
17457512
17494104
285790328
289984744
323519721
323782825
332241081
835623051
281983371
273591178
273590154
273658506
1397523354
1380746218
1381806442
1381806378
1390196010
1453123374
3600774781
3583915604
3566876228
3571072756
3573091748
3573292448
1417421984
1417486517
1411338375
1427960199
1443668358
369927246
371046430
389847342
388819246
359455531
392840761
1458184713
1458188809
1450836491
1459094139
335022058
297273834
278596026
278534298
278555802
1373168794
1364762762
1359516042
1360630170
286889386
276404138
284737513
280796920
297649784
293487224
322855704
1395532088
321790248
858727465
862731307
838080539
836507659
870070281
870263816
843981832
839782664
840827144
840173352
592727848
592740200
567607161
569702347
561365963
559268347
559251947
559395307
558215659
558215662
541565422
566731694
566732206
600675742
843874510
839680202
839897162
856612875
824108299
811527707
822037035
817691179
297597466
318569034
318569930
308035722
303562906
303567002
274337962
282734767
278538172
278537884
278406836
284698228
288895532
321655340
304875308
841807660
862758189
837664062
820874526
821857374
811371774
810913278
829922782
1668720070
1668722630
1666625398
3796221478
3796209190
3808861751
3808869911
2735121975
2702616103
2702698023
2702505511
2704590631
2708786479
2708786495
2709380415
2707422495
2707352863
2774465821
2774517053
2807940476
2807944700
2791306732
2791208428
2791276028
2791071228
2807847421
2776062461
2767608319
2767649759
2767650767
2767584975
2775901774
2708796958
2738148911
2738146863
2742406701
2741370429
2707746621
2707750717
2708791101
2709275965
2742830461
2708296184
2708427256
2775519640
2775519640
2783788472
2783721656
2783197368
2779068568
2812688537
2813738122
2811653322
3885395146
3889572954
3881184570
3881709370
1734291258
1700341562
1700271371
1699221769
621293576
554181688
571155756
583740781
579411437
579342303
848039887
848086991
311216078
315462606
315003278
289845638
273064326
273065358
273128862
272927150
809802151
1892522404
1892596132
1892071924
1884663156
1947510036
1966399764
2000150804
1983275300
1985360165
1985296231
4157945830
4091483878
4053733094
4053601862
4057730630
4057739078
1910320951
1901932351
1934442303
1942822719
1926176063
1926174015
1926051135
1942754079
1900806463
827086143
810317119
810351967
810339679
810337630
827311582
835621279
835625375
835692447
835502079
835505149
827116413
558816061
558819613
659220509
659221565
638312509
638185533
638095679
654868783
659076397
789113964
755525724
755513436
621418604
621418988
634002412
764025572
1837701844
2106079941
1971858134
1972120310
1417960038
1434503782
1430359926
1967230214
889240838
922790918
654419975
638035991
637970543
638237167
638294431
906594701
906610829
906746045
910911663
1388980655
1388980655
1384778142
1116346766
1116354958
1116351374
1119501214
3282717575
3253455493
3236661957
3236530756
3236542980
3236473364
2158537252
2158537252
2158602788
2162924069
2431224166
2422769766
2468920422
2468936806
3542744182
3509255238
4029316102
4029316102
1887116566
1887313463
1895702039
1895251477
1962229269
1960062517
1950625333
1967418901
1967419157
1967652693
1900992469
1884214229
1884144597
1884078997
1884062645
1909295093
1909432309
1942854613
4090338132
4090473236
4073630484
4066291476
4083078404
4083073284
2971586820
2975789364
2958914341
2966189605
2961989157
2961988135
2982959735
3008125557
2987216469
2987200325
2722895173
2731042133
2726847845
2747819365
2714291559
2705903095
2701707095
2701776455
2701917781
2706107988
2689202772
2689137236
2957572692
2982763348
2978666869
2710502519
2744056950
2748314726
2748101734
2739713126
2706224374
2739778774
2735520982
2718735494
2718745990
2718615430
2785695398
2806675110
2815043246
2782602910
2782474127
3050859919
3084413133
3067701453
3067837581
3068099727
3084907679
4150260895
4116640951
4118730231
4261332695
3992899095
3992829495
3983339301
4016892981
1849486357
1849676820
1849671732
1847574564
3995037741
3999166701
4007286269
3989528511
3972751007
3972733583
3972610759
3167304310
3159964198
3159899702
3170383414
3216519478
3199733798
2662858862
2660962558
2660922510
2660956301
3460946060
3456682124
3457730956
3457927644
3459967247
3459966222
3728662798
3598643486
3623350590
3585585462
3566646036
3583476692
3583296948
3564946852
3560752300
3560883372
3695105180
3695076556
2088725837
2097113630
2097117742
2096978542
2103716830
1533291982
1512047818
1580204170
1582367162
1589773226
1585586858
1585455786
1585472174
1434509965
1417716620
1422041484
273843596
269781420
271887340
271887020
1882581676
1899419292
1932968908
1937162700
1910931740
1911390509
1911334190
1911335726
1894550318
1911458618
4092500250
4142831898
4142566410
4142566474
4135240921
4128825532
4128776604
4128776632
4128907753
4135195117
4160360815
4121624879
4109061391
4110310157
3573545741
3573389852
4042562156
4109736684
3044119452
3077624716
3077620620
3075490540
3075478252
3175162469
3158516257
3159831093
3707056407
3567533078
3568056326
3568293958
3586033862
3620702358
3725364614
3725432198
3725439367
3725435335
4261847415
4145472295
4151767847
4118168111
4118693439
4118765343
4127063869
4127058748
4160608540
4160356188
2004418509
2000220045
2000668046
1967048110
1681278382
1685504174
1706348774
1738862902
1990583046
1990714118
1986290438
2117870358
4265410870
4265213990
4248437798
4243201126
4171901254
3635030798
3636144655
3635964431
3635997205
3485003301
3468287781
3472459107
3740848611
3745042851
3577270691
3560493458
3560591747
3560589187
3559526339
1424624081
1420630385
1421621345
1576806496
1566321764
1460415989
1460606901
1431175861
499581620
499598004
499303316
1564516748
1560322524
1593884029
1598069053
1598134591
1582414110
1582479630
1590869262
1593214222
1593737246
1593737262
3730411559
3726172199
4263239687
4263170055
4279914591
2113565678
2109424302
4239983274
4239918763
4244115131
4095216283
4095306393
4095404697
4099664520
4108099208
4108105352
4124877720
4157907928
4275413625
4267156009
4262982443
4264981295
4265026863
4281805871
4280694831
4260235295
4240328781
4240367053
4238122957
4238131149
4238126925
3973949196
3982402828
3984494629
4013719783
4013744359
3997130919
3996586159
4011262126
4011196846
3981579934
3992139466
3971034698
3970985482
3970984458
3836799498
4109691402
4109757978
4116184923
4116108747
4150215817
4160701629
4152313004
1971197092
1899896965
1883119745
808915441
859124723
846288499
1928414801
1928586753
1928569600
1928438032
1928508688
1910937344
1625720580
1626312453
1626179351
1684902190
1680666926
1680629802
1698439210
1698570554
1685989162
1694371371
1690110555
1690118731
1690057435
1639774601
1673321611
1675416715
1650258059
1663000715
1662935226
1612637098
1700680426
1704870634
1704941178
1744633418
1744629082
1727838250
1744608314
3892087834
3891037209
4017066008
1852219704
1853268264
1849664296
1866306860
1830616356
1813376308
1817618709
1817614609
3967733043
3850229042
3879481361
3879673857
3878559937
1664024993
1676150433
1638403745
1638481589
1672033974
1655256758
1940398734
1903699918
1346071822
1346013454
272149263
288926508
862493244
845713181
845972749
842825997
1916633149
1985905717
1985913877
2002693173
1964960821
1964964965
1967062247
3879656887
3892234135
3888105126
3853898406
3769947046
3765728182
3761595014
3761656462
3761710830
3760533230
3764660974
3840158574
3853270062
3886810170
3870031882
3887927306
4106084362
3841896203
4106140216
3837696620
3975449324
2891235052
3977544396
3994481356
3994510028
3927253612
3927187757
3933479983
4007923750
4021157950
4021157902
3988676622
3986473054
3985437918
3981223902
2131341022
2114641551
2114604687
1980436381
1980304829
2002332861
1977494687
1956523166
1419646094
3569222142
3569157102
3569091326
3298566878
3298043854
3298086750
3298072935
3298078052
3298077988
3352670996
3329733380
3458372100
3459420692
1312002596
1309713188
1309797415
1594030134
1561745430
1544947790
1478363342
1484393934
1505363850
431555258
465068987
1538843048
1543020712
2067308712
2033758632
2033889784
2034151705
2031990042
2031905050
1024731450
1058487098
1065237322
934943434
934940347
2007565240
2008576440
1475932600
1463328936
1428725992
1428791672
1428922744
1429971820
1434427244
1373604716
3504310637
3571353965
3571353981
2497638175
2516512527
2515398415
2548954911
2549085566
2549044734
3623683502
3623624110
3615047086
3748208046
3748205991
4247589287
2099728759
2099761173
2082713605
2082516997
2099552261
1998889989
2133306645
2117512743
2119614055
2118581998
4274970350
4133410558
4133406670
4133440638
4066200622
4082449438
4083035150
1935543310
1901988879
1910389789
1885289789
811144492
818480940
818610748
818479676
818418204
818427420
818429469
818421309
810077997
558403437
558407149
558480831
558604703
558477759
558465215
541687995
537497787
537620731
537866297
537816121
537815849
818833961
831416873
311286281
311724553
398232073
355309273
338539195
338670527
875475383
875475111
900640931
854503603
846111939
841861123
841832499
841956643
841950499
573384483
569189923
548212242
548212294
548211270
547166934
546062246
546078630
546106774
600606086
592418231
588223679
860861631
860798143
827254967
805759159
805730453
805452165
806513557
829580981
850543317
850543301
848450119
315715079
317811511
325090087
283130663
820251439
820839743
820932879
821973311
836551023
826851759
826852791
826903959
860861845
860860853
860352949
859926973
826364349
826417021
902966073
888286009
888154905
903883529
904935691
1072700683
1070678283
1061339419
1061388587
1061200171
1027645738
1061192814
1061391606
1061395702
1040431286
906475702
927959254
927631606
902478199
902490391
818604293
810187013
805964053
805833525
554175269
558448165
567017061
567004917
566792085
567054213
591695237
591699349
587316663
587311543
587327911
587426279
553789735
553794342
557984550
566438694
562245414
562132758
562086726
595886982
600081287
583369663
583503807
583901085
575454089
571325336
1645132728
1661905848
1629399960
1631513561
1613623273
1617221483
1617229626
1634005818
3782005562
3782079274
3790467882
3782072106
3782074218
3782204283
3782212091
3782212089
3790592489
3790589433
3790462425
3781981513
3781976905
3782042489
3782174569
3782178155
3782038906
3782024570
3790544186
3790544186
1642667290
1709718810
1709783322
1843992858
1844132155
1877682493
1806379069
1807301660
716782604
714615821
713583629
986246157
977840141
978171933
978303037
977967125
977967108
973772868
973773892
973790277
436919365
436914391
453691894
961202646
945474502
953928646
953797334
953785063
952741863
952676327
952673783
944350407
743150726
1812630678
1812696230
1812584614
1816717734
1816718246
1825304238
1825296054
1825296007
3972613765
3972615924
3965263476
1817722420
1750608692
1767451444
1769680180
1803234580
729362204
702101276
702223900
698025500
681063948
681061896
680013385
684207065
700988313
701004187
692714907
726269339
994704827
994704827
1045028283
1045159354
919337386
383383982
377224638
309061022
309064159
317374845
317387129
837464409
812293896
812288776
812292873
808033049
543725867
543721578
594119898
577732810
573554890
574472443
574423275
556736619
539897391
552480287
816741919
816676415
279770679
279765527
334279175
317690631
310285071
307987231
303599423
302549823
319457551
291158286
1348118990
1348131214
1345869214
1345868222
1350320570
1356792238
1368273318
1368138214
1133256994
1137443091
55451921
55517200
22948880
6174720
8009984
74074368
74106624
74027601
90804945
132682449
1458148273
384535985
384539057
376158609
372227025
372095728
1445756517
1445733157
1445732645
1580150821
1592602663
1605120035
1559113795
1559109827
1560168387
1560010402
1555823282
1554754194
1554754178
1554627202
1576636050
4258830306
4249396707
4249396579
4110988391
4111049767
4145802295
4128963635
4128951411
4128918899
4133115379
3864753649
4158330353
2111768049
2111770067
2086608323
1954487491
1954493907
1954488787
1962353651
1016406755
881930983
343945830
343945758
348132878
71331342
67234590
67369742
80214790
77023558
10307013
10174912
14303552
5992788
1827108
54190389
104490243
103697154
107989842
107973618
112049894
111978469
1203546076
1186759628
1450084300
1445369308
1445443044
1446289636
1983160548
1983160556
1997975756
1930866892
1935574252
1667026029
1641868653
1675484511
1675584799
1935631646
1935634750
1935495470
1935233318
1934184758
1942737174
1926223126
1926098198
1917381975
1917385687
1917505415
1913276293
1931113349
1966961591
1954370471
1962759078
1958564782
1956475390
1893494142
1885104431
1885096751
1954507577
1954441737
1971215881
1971262985
1971130895
1968968543
1977364718
1976316142
1959530726
1422655590
348979223
348782869
349841237
345908804
345910988
283003596
281922189
290229181
319588783
302824894
307536014
1918349454
1918283918
1918275806
1918861614
1935442734
1348314670
1348462142
1417182742
1954119190
1954250295
2087377703
2112538917
2125104180
2057863172
1793888260
1780916228
1780916228
1781969972
1779874916
1778511332
1795223021
1765831661
1816199679
1816330703
1817379210
1817588158
1825974190
1821839086
2090142446
2092239566
2092177998
1555312206
1555326534
1576297046
1333072454
1333203526
1182663239
1188954741
1205732205
1172256748
1172138460
1172302284
1172289932
1207744924
1190968732
1182564764
1182564760
1182564860
1467973996
3514732844
3521028909
3516901159
3550457655
3556687158
3531506998
3527181422
3527180526
3526684894
4078294479
4044867071
4031143919
4040060903
4040130421
4039980661
4056883733
1901732357
1935356429
1935221565
1937269103
1935173103
1910008047
1892178143
1888012751
1888274763
1909448459
1934550795
1650385689
1646179129
1648275752
1652531244
1650241580
1650229308
1644986568
1661977053
1661882799
1661875631
1666071982
1640634862
1636506094
1636309358
1619539215
1888104717
1892295437
1909154328
1967714904
1963512536
889752217
890014633
894413227
399419579
383682699
920554637
1994297551
1985917007
1985912863
1981784103
1985798183
1969220903
1881029383
807275015
809110021
809176615
553401895
549203758
547104046
547095594
562824218
562824266
567021770
567021770
827146635
273531323
281924027
13496763
13499903
13498717
13629719
5236999
5220611
13543683
13548803
30323970
48141570
39489858
41587155
41669107
36393425
40530385
40530385
40527857
33122273
15228785
15223605
16632631
282894127
273461039
810329963
810325615
558663407
588025855
571317695
571455999
571390191
571390183
571390199
571390023
575061191
575057095
574928119
570741991
570709479
587618023
554055399
541474559
541466191
541858319
550255151
550255919
546061355
546126875
546116619
546053131
546053387
550246683
567019899
567101819
600791387
592338763
592344907
592406363
592213867
558681451
558685547
827104747
827168187
827175322
827306394
827306394
827307450
835698622
835566495
835042207
860732381
860814301
856566093
856567053
860759069
860759101
835326269
835391807
835203354
835196730
835192618
835473195
835472251
567106395
567115035
558726425
558849401
558822777
558884329
558736889
827102651
827099067
827164058
827168154
827307418
827307454
810464702
1892661182
1892656798
1892335327
1976221403
2009771881
2009771369
4140543337
4132152441
4132164699
3877537115
3877539162
3810459130
3793747370
3797208506
1648674203
1656866203
1673712057
1641177512
1624401896
1616078716
1610835740
1611822876
1611921181
1611982613
1628759863
592758582
592807742
600737566
600737055
600816671
592227389
588052525
554489897
554649641
554572841
588127273
592319529
600773689
600774009
596606585
596508281
596434521
596418251
600612811
558669257
554564761
554694824
554121384
554055852
554056108
558250924
566377132
562248380
562051724
562052740
562048725
562113047
563096070
596666886
602991110
594586390
594655510
588355862
588351494
587302918
587434006
587696182
587634743
587634727
587634727
587634727
587634791
587651175
587651303
558300647
558333431
558333431
558316982
558307766
558701462
558701207
567229175
567220983
562773719
562642631
562570951
596125383
600319686
600334038
596336310
596377270
1653145246
1938358159
1942550415
1925900175
1925900191
1925867453
1389066173
1380726709
1376528309
1342514644
1342661972
1347876608
1356003072
1353942785
1353756437
1355853591
1943387462
1926662470
1927186710
1918798118
1652538662
1648143655
1648141631
1664938271
1631338799
1629229357
1629302829
558695469
558632237
667684221
667684317
667754399
663556799
629412511
629412495
612373129
612373145
612447129
612397960
880845064
616606984
608409865
558020873
574798089
584222987
584222986
576162058
572360154
572297690
589083130
554480042
554619307
558813675
567210987
562954111
567040271
558725391
558704925
592324893
558767389
567156511
567164735
567033727
567025279
567021311
567070719
562929631
563068367
567131599
600620495
592231551
592288893
588233853
588102781
588102749
588250237
588184941
588151535
600718063
596589311
596384463
600579727
600588175
558710687
558839199
567162263
562968487
546127799
545537927
562322311
566516679
566749975
566684471
566684439
601025815
601079047
591496455
587498519
587518999
587519063
587713765
591842789
566676453
562514917
562842181
550328837
542076423
542109207
542107187
541972275
541906227
541908019
550288403
567121939
600823827
583718915
575294467
571083843
571083891
575348067
575160291
600317667
562563793
831068865
831331009
831470529
835665795
835530675
298598306
298090418
298151810
298184594
298119122
298118963
826588963
826776881
826711313
809938177
822586625
822446353
822577235
856131667
1929877619
1912977507
1648868451
1657187367
1653058853
1652657445
3816982309
3816994661
3816859645
3879773135
3875579791
3808554671
3808616111
3808873135
3808840367
3821357791
3817134671
3817208591
3821530383
3796296719
3792561167
1645012031
1645007917
1645200429
1644905581
1644905693
1644827805
1649028277
1724526007
1737112567
1703545543
1737427527
2005867015
1993161479
1984703783
1984767015
1984898103
2009945143
1972329495
1954991111
881314119
881183095
1959057767
1883569255
1363537011
1359244370
1342450786
1343032674
1343097458
1355680466
1351224018
1083902610
1084168834
1082989186
3230415491
3251378835
3251378611
3247192499
3247192561
3247209233
3247401745
3247402803
3251400483
3244097315
3239967011
3238983954
3272509698
3276769747
3276638675
1112377811
1120897425
1120831633
1120835728
1112455376
1108326512
34453616
302832688
303037536
302935264
319696032
810495381
810368391
273616775
273614519
282003111
277099175
277090999
277092087
9731623
11856678
10807586
15117074
6728450
6732546
1093043458
1111261202
1111277586
1111412738
1111388226
3273523698
3235841698
3231461026
3231464098
3231464099
3231464097
2161916817
2166098305
3273608577
3272506753
3271978929
1179117217
1187313393
1183101264
1318559744
1593024512
505521200
505457696
505796660
490104836
473327620
1008097293
739691293
752864829
747406889
612935211
612937259
612937275
625518907
621320251
604538943
537562431
537828655
537321263
1611058735
1615056423
1623279143
1623209719
1614812821
1614808725
1681921713
1681927843
3829411763
3837793682
