2281585191
2281582375
2280996135
2259946534
2259954726
2257599542
2274363446
2278557714
2169849858
2152188227
2152188355
2160450497
2160450545
2244468720
2235948528
2235880880
2370106805
2412099063
2411967974
2395187686
2663491822
2656352494
2652158206
2651166942
4128159885
4144934028
4094616708
1948147844
1948197012
1880555684
1882587812
1630929572
1639138020
1639054869
1621159431
1889594887
1894051335
1885849093
1885786892
1903088396
1903083833
1669186921
1667017001
1675602235
1677170698
1676974090
1667545098
1663349770
1663336714
1663533595
3861299757
3861791340
3866063588
2813089188
2813072560
2779714944
2766813056
2766812801
3031056035
3030924962
3030925026
3030920806
3030920470
3030934534
3047841794
2548772882
2548764674
2540310531
2536116243
3611169825
3577706529
4097832977
1954461697
1971238913
2012911617
1986563091
1713934355
1848147970
1848279106
1848283378
1848291554
1865150946
1818818018
1818787298
1844206051
1877760481
1852660721
4000258625
4000266819
4008672854
4025319030
2897049174
2901358278
2758752198
2758358982
2766739431
2762503909
2762765988
3031193268
3032249988
3028055684
3023863444
3023662501
3021613479
3025807543
3034200247
2514029717
2539330693
2520392836
2520393092
3598329220
3602789780
3720295861
3719640562
3702792674
3439096098
3426488610
3426496818
1277518098
1277649186
1278637346
1282802946
1289094401
214318337
214381825
1279620898
1142421302
1159122694
1196855238
1191087558
3334376854
3333406102
3332674966
3332674006
3336868343
3320304101
3295076837
3295109600
2238997984
2273144800
2390753200
2390744960
2390742912
2256508864
2256504769
2524952273
2524948215
2491393783
2633361143
3707098039
3707007399
3698614759
3694399719
3694461287
3711316311
3711837645
3749588429
1602169293
1610299871
1605901471
1605903754
1572364746
1572401434
1571455290
1554678586
1420399419
1424533273
1416146200
1428728888
1428785209
1462421721
1463422107
1446646938
1450836122
1123746234
1117389567
1402884861
1105031900
1081927388
1081994932
1079945620
6224260
5733764
18163076
51471252
305386165
304251813
845382117
853586277
853581861
861970493
811769868
812028168
807830792
539265323
539814186
539814186
544143402
565103658
598130826
585449610
572788874
841289866
841355706
846075498
867051050
1907893806
1354244622
1354244874
1358438921
1357563400
3500854840
3567959772
3584798348
3618145932
3332932252
3605561757
3732443582
3726176430
3726402734
3726533870
3726533886
3732807758
1509826638
1491935503
1483154205
1483088445
1484199469
1490292269
1490315823
1489300031
1489283918
1489420110
1490978766
1549699022
1568375638
1600815447
1592430613
1585172592
1580753120
1446535393
1446535333
1446658214
1987726742
1979599750
1957612166
1957284486
1958260670
1958519743
4106003420
4160529260
4135359276
4147962668
4114409261
4114546493
4101426983
3052852775
3052893727
3187036687
3221111373
3204400092
3195797996
3193704685
3210486893
2673618043
2648517914
2648647962
2648653626
2682197786
3751744330
3751739722
3755802714
3453812955
3428659419
3428787401
3424599241
1142503577
1142500265
1146760875
1157240475
1102725769
1101578892
11043788
7897388
1077453868
1345889316
272344084
20624388
54427653
37666871
104744247
104734023
238948295
1584287463
1592710885
1588327141
1588130500
1571353284
1223205444
1223402004
1223280160
1224240673
1224224545
1215833891
1480074531
1480279330
1497023762
1517995330
1526383938
1522173378
452560114
444109986
454618339
471345381
1008282069
1008351636
886710180
899549093
866058629
853279109
843841975
839672230
843375526
851825326
830833391
814057007
278171158
284471046
1348774150
1344645126
288860162
326535170
324438019
307661825
377394177
510586928
510517296
506404880
439291921
439287858
422511842
943013798
945105574
949303982
949295774
411901582
411842189
411838156
478703612
474525036
471383844
471708452
471835412
488551172
521048332
386830348
352751644
336056364
268750120
272943913
277629483
294275834
327842442
315255434
308039562
372032922
372035770
376418490
376877211
936554649
1070768301
1061200109
1027645549
1027642415
1023519775
1007741982
2081680670
2014771006
2029974063
2042544687
2075935261
2077762057
1583097353
1595680281
1562262075
1549671215
1557532142
1419003102
1419048078
1419018382
299270286
334921871
326537351
325489863
292992247
326477031
326952039
322790423
1396654087
1400832039
1400700967
1400709413
1131946261
1129915093
1103696612
1099498148
1099563668
1099567756
1134227085
1134082767
1140365926
1127787310
1111010094
1379509534
1395171594
1396224266
1396408586
1935327609
1942675816
1908994408
1900594664
1900596712
1934350792
1942657992
1921682329
1921751962
1926999434
1918477722
1981325722
1985597850
2002469338
1348076026
1348085231
1350184429
1358835172
1358855668
1400722821
1379692933
1379197319
1377210839
1391891927
1910939095
1894234437
1885645637
1882036757
1886359092
1961853476
1709490735
3873493294
3999293486
3995082798
4280298542
4231141422
4233504798
4237699334
4169555526
4169586374
3096752839
3164373701
3181150916
3198002884
3202264772
3202264772
3189737204
3191718500
3056157284
3056276069
2787713407
3844612206
3966251118
3974824047
2091520079
1957306441
1958356745
1958428168
347610632
347605528
284716840
276358440
276619528
326942729
306167817
306102603
37672411
56547818
30210474
1087170735
1087167631
1078743183
1079857295
1107169693
1136014269
1186341613
1186341437
1186800159
1190929982
1182542634
1178348330
1176267050
1176094986
1314441546
1322812810
1318814090
3468329359
3489300877
3454722493
3303694756
3300467104
3300401568
3315343840
3314823652
3314839908
3251659053
3289444653
3289423657
3289418281
3289680393
3558124041
3575024137
3621161801
3600188875
3734405514
3751182746
2679607726
2637476782
2635376047
2635500967
2618748309
2638540245
3204738517
2669098309
2669024583
2675324354
3086427618
4122285474
4122283426
3032239526
4101786503
4097636999
3560811201
4097747520
4097224193
4097287697
4118058785
4151611683
4134830118
3002569766
3067542582
3067608087
2529511703
2521041173
2521237813
2529561900
2664840493
2660639805
2662753343
2612417823
2612413726
2616542478
3682360606
3644614974
3627559214
3625656126
3625584143
3625607685
2019156725
2029581309
2025386909
1492709775
1491664286
3715881406
3715823806
3745134782
3711572174
3714783310
3723042062
1571488030
1571488621
1168909036
1201939116
1189159604
1177686660
101909124
100664236
100680104
117465448
84993337
74574105
14936345
6469913
6470409
6457609
6393097
14975243
15499583
65966383
49193271
49193735
65712963
66749379
1106939313
1098623393
1129949616
1115654528
3338508692
3334255796
3333267684
3333267556
3614302309
2536300581
2502746407
2507072358
2516506230
2512116470
2516110054
2507721702
2503528406
2537158086
2541642054
2516459798
2508132390
2491221030
2218538022
2222796086
2231250742
2224963095
2225020437
2224897537
2224823809
2230586896
2171866928
2205420832
2203401520
3277204752
3273008400
3239523632
3221493024
3221505376
3221538128
3221587392
3234239936
3246569408
1115861969
1183036403
1183035874
1183035634
1187508466
1325883570
1275557026
1276115378
1276050054
1276033670
1327147654
1585027718
1593347718
1592296382
1593344174
1584959662
4265124074
4263026794
4263092271
4286505263
4261343781
4109779500
4109567532
4100988461
4101004157
3021036029
2505144799
2537646543
2538038735
2538066383
2546385359
2677429613
2677499181
2643734317
2645831231
2633248319
2633311791
2650624559
2549989935
2528953135
2528937319
2528941303
2533131399
2520550535
2520620423
2535374517
2417929861
2420043397
2956876421
2960985829
2960408165
2960407847
2430874663
2510627902
2544839742
2544708670
2544655422
2545698838
2549730311
2281430279
2281432085
2281301108
2264526960
3329840336
3325891713
3326022801
3342752929
3307142819
3558779523
1423874691
1421777603
1961729729
4100824897
4125996369
4159677937
4159677409
4151310241
4112807587
3022272163
3023308451
3161929443
3166119475
3030660883
3030658819
3164892419
3177606915
2674323201
2658584385
2532820801
2532689872
2530537952
2531025380
2539414436
2497520621
2497647599
4108060655
4099677038
4099684654
4101847358
1417615390
1467811854
1592594446
518991886
518922255
443482319
438583723
438584235
426002090
417725050
417693498
418789130
408303370
138880266
138683674
138753307
147141659
147313691
147296331
147297673
407016840
407018888
1027840408
1061395132
1849924284
1849859740
1711452812
3858928268
3791880780
3792732716
2721358376
2721358380
2704576044
2686765613
2707769901
2707886063
2741440446
2724662718
2724531646
3806665918
3806674110
3806674110
1659317406
1655123166
1655057614
849751246
850799822
313927886
313870542
316131535
47619279
316062927
332836047
301378831
301903647
822065983
821016895
888125501
891926589
656971804
640194620
775527468
775597100
775613484
773512237
775572909
796544447
795544991
761988510
745086870
745226166
686496414
686492383
682166815
682433055
682436127
682369567
951853599
949756431
948724255
411886207
416065263
415612607
407355039
944216713
939956872
939956872
1862704008
1850120840
1850120856
3863451288
3863319256
3860173336
2719265320
2721362472
2721358380
2720317997
2737098287
2741783151
2725071854
2725054966
2725067262
2725067262
3807190270
3807321310
3807321310
1659841630
1659776206
1656633566
851327198
849230030
849221774
311363726
315578510
307165327
308194447
324971983
291421647
822000975
821542687
821410087
812955687
826062887
591181877
641579029
641579061
641640485
773761061
706406437
727369765
727435573
695945557
695946581
695930327
679020023
679020023
679026167
679297015
687680247
687680119
683622007
681383478
948769302
948707854
948183566
411312718
411361886
147109630
147111902
415743903
415676813
1489410440
2043058568
2076351112
4274231944
4005666456
3863189144
2785251992
2718143224
2718143208
2719257324
2721366765
2720318191
2725004783
2725004654
2725055550
2733448254
2733455646
2725194014
3798673678
3798673742
3799726302
1660618942
1654327470
1654328478
1653292174
847981710
847985806
311114894
315358350
333098182
299543622
284863491
821737747
821737777
829143089
825079856
842905616
641710080
641636352
641636352
773766176
706653216
706669604
709807396
727698805
727666165
727666133
693968279
696205239
679419831
679415454
687804062
687802078
683489022
683483774
949822014
948711998
948707866
411836954
411838282
143424970
147110347
415611785
415742856
952540040
2017893256
2135068296
1845724808
3993080472
3858862776
3859002108
3858997868
2718016044
2718999084
2721350188
2738144812
2742341420
2708851053
2708818415
2750876094
2749766078
2724608446
3798350270
3798412446
3798283422
3806671070
1659703518
1655648478
1655578702
1940791374
834628682
817682762
299686602
291347146
303536714
844536650
844545038
855023647
855023647
855093311
578138175
658355263
622828574
606050326
759085110
759101478
725277734
729533734
716821807
716796188
735666508
727278028
689512920
672862712
674956792
679152632
679156443
687802970
952044122
951918106
949826074
948711946
411837002
411837002
143418106
143434730
143439339
143506873
1489942664
1494128776
1527683464
2047773576
2114882184
4262432392
4267475592
4263084760
3860501080
2786759400
2786714344
3055084265
3050857390
3029885350
3031982518
3031987618
2969121954
2959674594
2959673586
4058646722
4067043521
4067043521
3525982400
1378487488
1378485393
1382678707
1392181411
314332406
853341399
872198597
813273413
821735749
820687629
820688669
820624191
812170031
539801902
624728106
1715386410
1715398698
1849614346
1848492042
1848463386
1852792874
2129289258
2141868334
2108293502
2024473598
2028536750
2021130990
2017265215
1484724764
1488923144
1488398856
414525960
417596952
406061592
404554264
403517960
402924041
407118362
415557226
415547114
415612825
415742856
952540040
2042792840
2059569800
1791199896
4005805752
3997414072
2923672216
2785510040
2786558696
2788467241
2720309803
2737095471
2703507566
2774794494
2774860030
2758213886
2758148350
3831902318
3840814382
3769248062
1621637406
1621637126
1906849862
1945839814
1383752902
1448829126
1448788166
1380630726
1380630534
1372274966
1367917863
1352178476
1368955436
1371187768
1929030152
1987820040
1983421704
2117636152
1045987369
772309034
772337770
772464874
772464810
1862984878
1813663119
746195597
682183324
682195644
682196669
683157213
704127502
728244766
1785209134
1005068334
950534190
950665278
954859535
946486285
406394956
403188460
407644908
411855532
948745869
948408973
965182093
2076476044
1782884028
1782886308
1845996452
1845930916
1845673636
3858928580
3858923780
2719137836
2720071724
2720014380
2736796972
2699173420
2695241244
2695239260
2696155903
2696164078
2965115518
3019637562
3010986042
2993241114
4076546074
4076546074
1926895706
1926891722
1914316938
1914383497
1394286728
1393176715
1393176762
1460294058
1439482858
1971634734
1417986622
1418043918
1553441294
1553834508
3434931740
3430804012
3426290476
3424127228
3424327868
3423284412
3481936012
1334452367
1317679246
1317617834
1322008682
1309409322
1327172922
1276779274
203041290
203041290
140054090
148379338
144188042
144241306
161129401
161391096
161392120
156611800
219520152
219388316
252885404
235061148
239318972
373396412
1455526812
1451398108
1452446253
1471320623
4108559910
4100307494
4096100918
4096756518
4096625446
3157064230
3211382359
3195667143
3136959175
4210955091
4210823203
4206632995
4290523174
4240053270
4237962694
1557735862
1415059623
1427639463
1444416645
102239365
101264524
105573508
105577604
108723653
124690181
73565751
341934647
341942791
342070791
895716887
912308519
913352742
911255590
1712371750
1712831526
1712758822
1713303598
3879653678
3829285422
4100588094
4109042202
4108911130
4108854826
4104661546
3568843050
3568896122
3703048346
3700955275
3432523917
1288201612
1288364940
1279975828
202236324
201642144
202883296
202527808
202532160
221439761
236167730
248689170
517181954
517048130
1589682035
1589947360
2126818016
2123348644
2128330420
2136531644
2132292284
2134381225
2138575339
2112360490
2091385898
2091518014
2095716366
1558849550
476801038
476641359
493415885
511279500
375292300
373731717
373461397
113308071
113303974
113258982
46338550
47329582
47321390
30867758
1090328862
1090386702
16620038
75405830
75151890
1283041794
1283040002
1232764930
1273659394
1248505907
1244323937
1244352737
1244348897
1265353697
1240188897
1491709345
1491642769
1483253888
1483323520
2020252048
2045483424
2063108256
1786291376
3929776320
3929702544
3996565664
2939339424
2888947360
2899408608
2894102244
2894130789
2910908006
2927684198
2928736870
2935278438
2926529398
2939047878
2938791366
2905298374
2909291767
2766685303
2762562789
2766892261
2766892532
2759552724
2757306052
2769887940
2803442373
2769891925
2977431847
2977431590
2965110830
2965111838
2964993102
2426035402
2476406986
2476386507
2462812365
2455341260
2535177420
2535104588
2501566540
2501566524
3581862253
3621188335
3604367086
3604171454
3594586765
3594603404
3594610828
3590335708
2533367852
2483032124
2488668188
2226524942
2226005534
2226093614
2225609254
2376601126
2390230582
2390376966
2323276558
2331959646
2348605694
2314781903
2355661964
2355660940
2351536316
3426401428
3426657668
3426673284
3441418916
3709199012
3575116532
3575048021
3587616022
3501627478
3500574966
3504707798
2439830935
2469188997
2537112205
2520400556
2541384300
2515153452
3030980148
4238882357
4239140389
4108607783
4108632103
4117087335
4130784503
4128431239
1979902087
1912793479
1912695479
1644183271
574629630
1648436190
1918317038
1926697198
1922302191
1402208359
328990725
59588869
25969153
14447106
6152722
6268466
8305894
276740262
285120646
280922247
380536965
376277380
908891508
908898340
1982652452
1647075372
1663459436
3764805740
3768995564
3836104364
3837085316
3834933956
4120142341
4120142374
4107563558
4101244710
4097050662
4096608290
4100966434
2125396018
2125376514
2058280961
2055061504
1512034372
437149892
1478369524
941499373
945229550
949291754
949029610
2022709930
2021669562
1501572746
1589912203
507900553
507871896
507884456
373597096
1443147688
1459940268
386398860
322173597
321091229
321082079
325206991
333594950
333602878
300113966
299922478
300177470
291788826
325449754
304605210
305031370
36594891
35983499
41156826
47530350
66535718
31864102
31927570
15674626
99511554
128646914
111861250
246057474
250317314
225028947
205110771
202947763
474518689
482902432
483111328
1046127024
1041932432
975884528
975913184
976158816
976171104
690826273
678246422
678370054
1023359518
1019165214
1019157006
1016929990
1015867014
1015850678
1032626854
533504423
516797347
1447998113
1984856737
1934526148
1880009412
4028033732
4028099300
4034190052
4101262055
3050587758
3059483150
3055301134
4129038878
4133237294
4156048430
4122495014
4122564644
4156283908
4143633412
3594175492
1446703424
1446699216
1444635873
1427647714
337120434
341445762
14302338
16389314
12272850
1086054850
1085911490
1404667347
1392349009
1392349008
1382398784
1382399696
1982314224
1982179312
908455408
908553460
909057252
908924005
913113127
938147958
820719814
812130434
820520883
283848355
279645873
279645840
296699520
330285696
329642688
56939008
19194672
2384161
2368295
6631975
6690358
15074838
82255382
82128662
78965558
213170486
229947670
131435782
383157446
377389187
373260433
1445826704
1445376144
1982242992
1983296160
4080440992
4083126944
3791450721
2717705829
2717707812
2717444652
2750008108
2817187604
2800383556
2800366277
2926056183
4012376686
3979084590
3844866090
3831774330
1692870734
1705912526
1740507278
1990068362
915892366
377875598
382185678
114200798
13537302
13537334
14667810
14270497
284918560
276531748
291224100
844798720
846895104
909817860
908761092
908952580
908963893
640331839
640319535
774537262
791400559
694744559
703096301
686387709
678102013
677970429
677974397
677979965
677981759
686766655
682564127
683609615
952046155
949756491
948708043
411837129
411837145
143418107
147634153
147636137
407746952
474397064
1564903816
2135329416
1984335496
4141319832
4141843096
3800007320
2720760440
2720633384
2720571944
2720571945
2703812137
2691235631
2699590510
2699590126
2708020734
2708082654
2737442126
3811196366
3794480350
3798547710
1659440382
1655637182
1924006046
1925054606
1386033294
312222926
43842766
43825406
45988990
62897246
297706847
297710863
300858637
326014989
841988156
841787436
842836012
842831900
574260236
641372173
640327741
774561837
791335213
694764847
703154031
703141887
704190463
955848695
947468255
955852383
955983455
952055423
952046141
415175197
413078025
411828809
416031305
147072731
138686203
138734586
138721754
138788298
138911115
1481018763
1481018761
1497793928
4215707288
4274435768
4274496168
3200754364
3192304348
3054408444
3055190764
2990064364
2720580332
2749944301
2712170991
2695393791
2695443902
2691242414
2955479982
2955610558
4079884430
4063111310
4067305678
1928213710
1924005966
1924005974
313405510
314384462
335290447
299647327
291275263
299663871
299663871
299676031
333299071
845129759
845133853
840931357
907974685
907982861
1042201613
1044291599
1044029471
993697839
695918639
704364847
681166319
949548525
965240236
952706476
944453100
940512764
941559644
945757724
954154525
949952063
949945886
949944862
948699742
948707918
407642446
403465466
403502314
403700970
940490170
944676235
2018480009
2077204104
2060361352
4207845000
4207842968
4006450876
2924257980
2924061420
2920981228
2788864748
2804531948
2808660589
2708001645
2699589615
2699591150
2699632110
2691369470
2708081054
2741897630
2725128334
4067372174
4067376286
4075685086
1924007134
1923757150
1386947598
313074702
296301583
15717405
16684380
285185884
276662140
274501484
861706604
844937277
840808509
572364861
572364829
574535695
574532623
641639455
641638446
791605294
762298670
678413694
687719918
687691182
687683502
685588462
685588478
685588318
685719326
685715231
954150429
954154525
954144284
949813820
948699740
411837132
411837132
411837129
143418009
143439499
143114121
147299225
407345560
1560713608
2131139464
2118621832
4265973384
4140274312
3863384648
2787017272
2788983336
2787676712
2737345068
2707994157
2691231279
2699587438
2699565550
2691238318
2691369406
2687109534
3777632390
3815385222
1651125382
1659512006
1923748054
1923743958
851120326
314323150
314328270
48024798
39689470
56540622
276741454
275689230
284077839
279881999
816621629
871151677
845977645
842897437
910136333
909807629
775589935
775610415
775610415
729469231
736871727
703284733
686491060
686490036
679018932
947455380
943269845
947728085
956246613
951523863
950472207
951518735
412418575
411312655
411312671
411312683
147071531
147089259
138739691
138739099
138917259
432444809
465999241
465733000
507742104
507557544
507553448
369145496
906073736
906200728
907252408
913498856
392422249
1466028857
1399080475
1399068218
325336874
317009194
313336874
313471018
313413658
1387216906
1391312986
1446830315
1178446059
1176414395
1176414618
308271514
316457930
314327882
99549963
82711049
216932904
216933928
476998184
476863272
406645048
456976648
171487241
171671563
440107019
454721739
421167274
403352747
407611883
432712171
466262219
449480907
509133963
504905883
1578631355
1465521082
1423585962
1421488814
1421546158
1420306102
1151870710
1152919094
3300417830
3233345838
3237527870
3227226910
3222976014
3226054238
3234630398
3230436031
3230648989
3247373964
3285100188
2187240348
3263148956
3263076236
3526335932
3526143212
1378659436
1378856056
1378796616
1378796616
1378865224
305025113
288232665
271451647
275121151
279384919
279262038
279187766
283386150
6562086
6630694
15088438
1156467206
1152043526
1168869894
1319681542
1319678470
1252561439
1252561708
1239986476
1214816556
1479025964
1480206636
1480206628
1480210724
1513773348
1517996292
4208692548
4208493892
4199064540
3939017452
3934823084
3951801021
3951735454
3913994926
3909628590
3893887662
3895984558
3895135406
3899526170
3903724554
1756245002
2024743946
2024677386
414065417
415109640
143397432
143418984
135065064
135052728
1208335752
1476836744
1493605768
1539739528
3670445720
3733423800
4274366120
3200623273
3192365754
3058610926
3059712750
3061367791
3011036399
2708002925
2691230061
2691361604
2692411076
2692409028
2709516997
2738672311
2723993510
3797736870
3797736614
3797285110
3793221750
3793132566
3793128454
3799430167
3799426109
3782647820
3765870860
1614201612
1614202457
1614237419
1614023658
1685064682
1717574122
1726228602
1856251930
1856448538
783760410
784281610
788426762
779771914
775577631
729437487
737891629
737760125
704205821
704189437
676925917
676926425
673001435
677194331
954018395
949959226
949946906
949814794
948699658
411836938
411836986
416031274
411838058
143404794
143409114
143425483
142933451
143056333
164009356
155357596
188912028
184783260
167875004
172011692
172077228
180597181
197391807
256112127
1296301567
1279426047
1145183581
1153633612
3301117788
3313700700
3347259229
3330635614
3330668382
2256900958
2257027950
2257421102
2195489582
2195489646
2279379838
2237445087
2220663772
2220154840
2220346200
2239155064
2272688488
2255972712
2255971608
2255900937
2247545099
2224472906
2224546794
2228545519
2363285487
2354876335
2354941853
2405363596
2390222732
2322973580
2323104668
3396846589
3480577007
3711198191
3627348462
3625304542
1477960142
1476765134
2013638095
2026355150
2026347974
2068305238
1514598726
1515606798
1599488526
3713401406
3713336878
3704891950
3637783326
3382126862
3482785806
2394229774
2394358798
2394292238
2394898462
2392703342
2392646127
2396828149
2380038596
2365359028
2365367204
2356981668
2352786412
2352319356
2402716508
2385938700
2654121228
2666701068
2662506765
2660270383
2660560942
2656329838
2652110958
2671575150
2486830318
2491031038
2499422926
2499488334
2220374606
2216177358
2236147663
2273960397
2206900684
2206958476
2173535164
2160362412
2147808228
2148913508
3222716773
3289797989
3288739159
3288672583
3292862727
3318106375
2256947542
2256956742
2392219910
2392158470
2392179014
2408903150
2359058926
2363258351
2354891245
2350701485
2369645565
2319380429
2323559181
3404103949
3735322889
3735330921
3673465065
3644646633
3627928809
3625863369
3625855435
3625855690
3625922122
1490834954
3688649274
3667878442
3667911518
3667775823
3718021597
3431788972
3435423148
3422842276
3423028644
3422963684
2354468820
2379364292
2375243588
2379271941
2406533925
2385750895
2389880335
2398535182
3468003086
3736371582
3736371694
3740590318
3732168879
3728162973
3711369613
1544692124
1544692692
1543643972
1547842321
1547703091
1556096295
1288727831
3436570885
3436624133
3335952644
3331755268
3331753284
3468001732
2394194901
2410976237
2377442287
2356440815
2218031983
2234927999
2251692878
2255889742
2264277262
2260013326
2276737390
2243195246
2226414958
2230607343
2222246357
2218249605
2266428805
2249646469
2248597901
2252854157
2277897149
2223302639
2361714991
2354379055
2352270127
2351418142
2401697550
2384913166
3740717902
3736519562
3734291370
3734299563
3729023915
3741643179
3708143035
3691437451
3692554571
2086463755
2096949515
2113912075
2146342171
4284907785
4251353353
4248142169
4229267816
4245987628
4250247468
4292273436
3738629388
3738588445
2667447613
2675248159
2536967519
2507542015
2515931118
2645956606
2377462751
2377389007
2377405391
2377409535
2381604717
2373216557
2369014053
2402699541
2268515589
2272716037
2276909317
2260112133
2259976743
2259989351
2263135527
2254734375
2250558527
2251803742
2251701470
2234920446
2234920942
2484473582
2483506942
2487508703
2488068047
2513233357
2509091277
2542641565
2509087151
2514346927
2489172910
2218738414
2218741486
2216582014
2216634638
2215979022
2236954639
2279503941
2264294469
2260132036
2276901316
2243346884
2226619365
2226492389
2499063653
2489625445
2502207845
2518985045
2519117573
2519111173
4263952903
4268672534
4264390182
4264324646
4264058158
4264051950
4269359294
4286206094
4252639374
2084184206
2088444863
2096637677
2092445420
4240190184
4238093048
4242291657
4250679627
3713736010
3704313674
3704108618
3700953690
3432514106
3432526398
3367510830
3366466607
3370669103
3362341951
3409626127
3394937869
3403326796
3398086604
3403386844
3726150636
3745030060
3711479724
3709576636
4279931340
4158292428
4158301004
4158367340
3084431084
3059527340
2991431340
2987230877
2991424399
2991358142
2991382766
3009208430
2954776622
3023993886
3027134734
3035556638
3031169854
3182152254
3219902222
3194604814
3190408206
3191469294
3195757807
3195671805
3212448965
3208258709
3174638517
3176735397
3030065829
3032421031
3032221350
2495350422
2510053078
2547830142
2539424814
2271075350
2371808263
2369678341
2621385988
2625518884
2558407972
2566784804
2579317524
2579325772
2617107405
2608849519
3678192174
3676095018
3675014682
3675090442
3675073290
1540172042
1603225690
1574848730
1432276126
1367068046
1366939022
1375437198
1409208719
1124003973
1115611287
1132421302
3275059366
3241423078
3224642662
3228904759
3237358341
3231017732
3230980916
3348418356
3331704596
3333808405
3334332470
2397888550
2389196902
2384986342
3476619430
3426369998
3426415182
3701137930
3701207579
1553514024
1555606056
1559800616
1547209064
1547225564
1547390348
1547313540
1547576196
1547596517
1557545703
1419199205
1434502853
3602967108
3603163844
3334716116
3604462500
2526526900
2528481740
2528936141
2527887469
2544480303
2650317103
2633557798
2625171238
3157917202
3158048338
3158242898
2826360546
2909914978
2951774563
2932904243
3998283011
3858818306
3858771270
1711679686
1711675558
1646205094
3806005422
3803842718
3801755022
1921724046
4069025478
4069048838
3532178182
3537601302
3602620983
3602620949
3623540228
3699038724
3694815940
3694820052
3693759412
3698149804
3714335916
3747897756
3732152709
3738509767
3737412070
3650379814
3700909094
3702938678
3702410246
3702443014
3572354390
3699167207
3711745959
3743198869
2669653637
3188700807
3192764357
3201152789
3202266901
2935922468
3219754277
3211316517
3177806901
3173725231
3156947055
3090743470
3088777646
3101569982
4171118270
4171045558
4170996358
4171033538
3638339906
3629950978
3627987986
3644755970
3744366851
3727344385
3727352320
2653606448
2674574880
3169406688
3169340064
3169352064
3170400644
3168303285
2682023079
2525783206
2525308054
2530542807
2522088565
2468089124
2508144436
2499685908
2495489556
2494444052
2242449941
2275939095
2276987374
2274915758
3453504686
3427322030
3423180958
3423254670
3423267214
1276833743
1545136069
1545331573
1562308965
1595330935
1314308166
3468784654
3401803790
3401775390
3402038062
3737565998
3751122734
2643755786
2644279754
2677846984
2682038184
3139223208
3139145384
3107620504
3107627992
3107709288
3111698728
3110621224
3177722920
3177916713
3177851177
3211417901
4276833263
4276837263
4276705167
4268319366
3732534150
3728339366
3728368038
3594129623
3581542403
1424621573
1420297269
1420307492
1961437484
1961494844
1961707900
1952243693
1959585405
1967952397
2001568267
4145848843
4145849915
4152147497
4152199785
3086666088
3086633464
2549755096
2549818584
2511938008
2495156700
2495222701
2495230895
2495095206
2499293350
2222740646
2151468198
3241462934
3275147462
3258378438
3262573894
1119282502
1124036902
1140658471
1098449205
1094385924
1076564244
1076441404
1076460844
1076521276
19593996
57330444
65784780
45058717
44621497
49050537
36459433
1378730936
1379848632
1377743272
3554451624
3516704108
3516698116
3516696069
3516774006
3516638822
3516622562
3285923298
3260685474
3256487074
3258858626
1111369859
1108748673
1112811905
39086465
64289155
274114951
274115975
272020871
1344700919
1885634854
1885647654
1902420774
1931788054
1931795262
1999067950
1965963566
1949182255
2087333167
4259971373
4289331469
2141926156
1604870668
1604870684
1231564349
1210592047
1210669350
1210730726
3639265426
3636120706
3634283714
3684470979
1520214515
1513923057
1513804033
3661283585
3678060816
3627796256
4177061408
4172852773
4172868133
3117988357
2588719940
2588735940
2588884420
2588808388
2588803524
2613969380
2644181484
2629304812
2629313453
2629363645
2629349279
2633543102
2641923518
2670365854
3207240906
3207502922
3207511050
3207572798
3207393070
3173867054
3157141006
2888704526
2888766038
2900624355
2896445664
2912994528
2947597552
3197154368
3188761856
3187844608
3187846657
3187863058
3208830562
3185004386
3164357986
3166191718
3166269510
3170590790
3170497621
3162045524
3162073428
3174722260
3212471028
3195685621
3195684549
3203994311
2667324359
2600210814
3137172847
3147622767
3147623277
3114072957
3103644237
3103639117
3094856653
3090666463
3090428395
3090428394
3088331242
4162728382
4161414590
4241172654
2090408111
1824049295
1824041101
1709746317
1718266060
1718267212
1651159820
1651475028
3794580196
3794592420
3795657380
3795661476
3810263716
3814524836
3820821988
3819379831
3785765894
4054196230
3517194246
3521388599
3521385517
3504604204
3568698444
1167483084
1167483208
1167582024
3319128841
3319136058
3312797994
3290712362
3290454314
3307235610
2238130442
2279997706
2275803402
2276868890
2260095274
2257903918
2392645934
2392633702
2395767270
2395768231
2412545205
2370669957
2370413956
3708526988
3709510076
3709510060
1461380269
1998284943
1998285007
1998219743
2002450943
2012928862
1912339718
1912598790
1912573958
1904132118
1884668006
1901380966
1901907938
1942933170
1942945425
4069453472
4068782048
4072967520
3000274192
2991885572
2994187524
2742461700
2708907812
2708907812
2690027045
2757742117
2759839271
2759716390
2776460854
2906590774
2906459926
2939697430
3195545618
3203934258
4208592946
4206497042
3669624066
3673821442
3673907971
3690652419
3651909377
2561252944
2561194704
3169430224
3161172672
3156974208
3156970128
2905185952
2926091744
2791888096
2800276704
2792911973
2786665589
2803576055
2753170934
2757365714
2899975810
2897884802
3166515890
3166446498
3166445986
3170635922
2673611910
2651729094
2651745479
3725519191
3729778725
3751664693
3718073356
3717977292
3718247628
3718246844
3713790892
3709584300
3711550380
3711689605
3694880133
3692651766
3692569654
3443207190
3447340054
2406102303
2397705759
2393507359
2393589260
2393490972
2343095917
2343108589
2313743790
2284375214
2284766366
2285814238
2570490751
2568397613
2601559596
3138430468
3120674308
3120602628
2588192309
3670339110
2588292646
2600875558
2572030758
2623209766
2627403822
2629506110
2629309534
2629325903
2365117512
2381878472
2382083464
2382014856
2382031256
2348513721
3409578410
3390704042
3457826218
3456782810
3461006282
3470521291
3466306396
3738805020
3661145884
3660095284
3660102436
3660098340
3660228903
3661277474
3644513314
3627729986
3627729986
3699044418
3632001378
4244239201
4244234977
4258981568
4284132992
4249586304
4249389712
4249410465
4232636579
4232964195
3177110579
3212230673
3189129217
3192926209
3200262497
3196396261
3213230821
3180200613
3164407455
2623020687
2637699791
2637130107
3211651195
3200051401
4273858761
4271172747
3746848955
3709026473
3708944569
3692167353
1543656429
1547821613
2089872935
2089937430
2092018182
3705973510
3714418694
3727591430
3727574022
3727556610
3727556866
3664646754
2594841186
2645107298
2628264551
2628314068
2628293508
2649261444
2674436484
2653535220
2653658084
2653592548
2519399268
2523557668
2523538244
2541355972
2486961060
2491163553
2499682723
2495545778
2493318562
3567045794
3569662386
3558125014
3608330054
3591550534
3591546375
3591634437
3725613604
2651859756
2383423788
2400397612
2415006780
2411135004
2242773213
2276065439
2275942830
2275960238
2398674862
2390272950
2386275222
2252062614
2250933702
3307897094
3559563534
3563757582
3572015166
3572273198
3563892782
3559694382
3559698478
4229877855
4245575628
4245294780
4144959212
4149152508
3612220124
3621661324
3604884108
3623776140
3623769484
3755824524
3755798956
3718046125
3583828909
3587695341
3579134575
3344761415
3328123463
3269009975
3268948327
3266843887
3266839726
2197293194
2280335498
2221549706
2150259082
2150517194
2149960971
2162480441
2158293288
2175066408
2208620844
2208669996
2175243564
2246544676
2238680356
2238692853
2238621655
2238691254
2171402150
2171393958
2167228342
2167345086
2150587838
3225319790
3493751070
3493784846
3514690830
3514688783
3246240541
3277624125
3277635900
3276587384
2211201384
2211250472
2207122232
2207123224
2275292952
2279419176
2239524136
2239548440
2221657097
2229962825
2247002571
2247069163
2372701611
2401798075
2401812875
2406216075
2339037695
2347409902
2583339502
2583273830
2574823270
2553847398
2553974342
2553974342
2551834198
2551734998
2555912838
2563253174
2580029606
2576876710
2610564246
2346322055
2346395845
2404919380
2405186580
2415754252
2411674636
2394891340
2394367228
3472233957
3480684199
3480684198
3474261670
3407094454
1259611830
1226069974
1228170566
154529026
137817346
137559299
137551107
141794577
426884405
458603637
458733013
1527223685
1527027093
1531223973
1522843557
2055520229
2127543653
2120136037
2122233141
1988006935
1988023319
1988023335
1967047719
1950236983
4097442079
3560575759
3560641293
3581416765
3587716396
3583508780
3565748572
3565826508
3297387465
2224694985
2358914763
2360887915
2372717163
2368522795
2402281227
2385158923
2397675787
2410250507
2410316091
2397828393
2389244201
2385041449
2386286713
2386191433
2251956299
2281386187
3250192842
3233420266
3232634538
3232500394
2154564266
3240893099
3274496955
3257853323
3258884489
3260522889
3281293451
3281092715
3281097771
3285301291
3274762281
2201020457
3274860857
3323079177
3331462665
3331736075
3333866043
3333210670
3333223214
3324809582
3324805614
3341717982
3559826830
3559829391
3559820943
3565145741
3565145757
3565125309
2489085933
2497457645
2514232428
2543595580
2543652888
2545905944
2512023833
2226811673
2226872187
2364332907
2351750123
2368523755
2403128794
2386485450
3741245642
3737047242
3737047290
3757728106
3648741674
1496928570
1497186618
1497198874
1497130266
1497132346
2036100410
961538843
961469771
1003390411
1003258315
994349275
994357499
2068291817
2068226280
2068226280
2068293096
2034496968
4177788232
3640908120
3708242796
3745930860
2680567405
2677412575
2643788510
2627486446
2627551983
2493436671
2495609421
2499599197
2503792940
2537356332
2520608796
2518642760
2455707849
3554554251
3520991658
2447197610
2430356394
2421971386
2434660762
3543660938
3543590794
3547849354
3547722443
3521475323
3521471211
3521471338
2439343146
2472855595
2472855595
3530021899
3538412811
3605389579
3605525259
3605939003
1458438442
1584203118
1596722414
1546591422
1412311438
338569614
342769038
347932055
211030453
227811764
265560500
240181744
255059249
224591154
216243506
1289850674
1285789458
1554159382
3718681366
3752834866
3753682722
3684220193
3117985060
3088629220
3155723684
3711616436
3745126308
4128904101
4133094311
4143907831
4143781367
4143773173
4135382493
4118326733
4101679948
4101683724
4097478156
3828911644
3828918060
3829178669
3850166317
2784809003
2817802282
2813726762
2817926443
2918589999
2908165709
3038189133
3042252493
3033806573
3029350381
3180336559
3180594331
3716420746
3749979530
3754256330
3754424026
3754350298
3729716859
3730617641
3726423081
3726410795
3725370379
3725583371
3708183882
3696682570
3700867786
3567174378
3569140713
3569140140
3590120860
3611159948
3610963356
3610965404
3577410957
3577398733
3580806605
3564029277
3572489581
3572886885
3568624997
3583305077
3616858583
3621020119
1473720726
1465267110
1460798183
1427243558
1412636182
1144068614
1147153158
81799446
78654518
78906390
78921798
131580098
106332546
108429699
1182173137
1449625552
1449504720
1994763728
4133990352
4129789520
4130308720
4130177648
4130136676
3056427620
3073189477
3052156261
3031174245
3031174245
3048019151
4155385038
4159579278
3615368326
3615364230
3581822358
3581769110
3560760790
4097617751
4101877525
4101873173
4160589332
4139757060
4143953408
4135551489
4130914865
4130914595
4130926691
4151959783
3170518166
3166325895
4242156679
4233702535
4228394423
2483563941
2496339877
2509901804
2509835868
2545430284
2545430284
2276995037
2281275375
2264618943
2197477022
2195375774
2195243438
2455282094
2453180838
2469954007
3509490437
3492733700
3224265484
3224317212
3224184876
3224315948
3295549484
3299740940
3300786956
3300856329
3434873374
1286342254
3433827822
3424930030
3426076910
3426154702
3474386126
1309597838
1309335950
1321984398
1317790374
1317597862
1317597870
1317593773
1335404456
1299813880
3443231752
3308948488
3308952584
3342511112
3325602844
3325666316
3459952908
3480932684
3489321804
3451536376
3300410345
3569112811
3573508779
3563670186
3559443114
3560754090
3577538442
3577586126
3577520590
3577516542
3575423334
3575554358
3579769142
3588149302
3619606805
3619606804
3619673396
3623673124
3611085092
3611084836
4131248148
1983310916
1997990983
1998046406
1964429526
1964171766
1947395062
1951580918
1976812263
1972458229
4156569300
3611307716
3611305812
1464276844
1473708844
1469907816
1471939561
1471681979
1471688075
1168976266
1198463386
119870906
86004106
86036682
86032395
86159385
90350904
1164093736
1172482344
1436789544
1471462920
1471448648
1471972040
1572569753
1572520634
1559917226
1417159598
1411129838
1411186790
1411272822
1410781206
1427558406
1465307142
507898950
503818438
503822494
504297662
1582291118
1447871663
1473036477
1474286012
1440670460
1436475940
1559618100
1559520805
1551134245
1417112087
1148590851
1165363459
1199443203
1182600465
1182270499
1182277731
1324949714
1325031554
1325035906
1337639298
1287374226
1286195106
1286113186
1286382497
3433866228
3698108133
3711741669
3608980197
3608672823
3608603414
3608635702
3604299046
3602714662
3602841654
3602518134
3600355557
3604500964
3612890548
3574136276
3557531076
3490351556
3491663300
3491673412
3575489364
3579093812
1398059573
1406518045
1406550879
1364602335
1364601327
1413298350
1430194606
1433274814
1441664399
1441530253
1441006028
1423983388
350249772
350282284
351396396
363983676
395436860
533785897
525588777
1599248682
1599248666
1609795850
1609928458
1593149386
1581028282
1579979706
1579733434
1579930010
1597698203
1568334011
1555719337
1555718633
3719832009
3753402825
3485004137
3753439529
3757610281
3615065385
3581642041
3573191945
3569268489
3569256201
3581904761
3576481775
3611055535
3594269103
3594465710
3594461678
1456931326
1469518170
1436496654
1419716366
1419733518
1417538350
1144830767
1160756495
1596891471
1579778509
1579778445
1579909533
1580126655
1596915626
1433332654
3568298990
3568069630
3568074702
3567841759
3584618861
3622342764
2523508988
2519441620
2520425684
2520431060
3078523856
3082717936
3200091748
3200045669
3195822639
4265353758
4282266142
4230484782
4230481198
4234872878
4239005894
4239005830
4240005254
4239977606
3707284614
3713572998
3732578438
3740971142
3740963063
3732571236
4134308900
4142705956
4142772004
4142761524
4142772740
4151292164
4147106117
4114600183
4114501798
4097717670
4097720246
4097642167
4101314239
4055185053
4055187085
4088667548
4088675516
3535022268
1391733916
1383408781
1383473551
1390809790
1390805614
1390690862
1113899534
1130669582
1197780238
1164290318
1428601870
1428602127
1445369151
1448576317
1472566271
3586443261
3561344885
3557101412
3558161253
3289852789
2488675143
2631810818
2629714450
2680144402
2663170610
2662896162
2662900258
2667095590
2652413542
2652692175
2602442381
2602436492
2602442940
2610569388
3684311192
3684573320
3684639929
3411807403
3407351018
1262161146
1262103754
1228549130
1213752330
1217979418
1218163995
1220194569
1224381192
1224311576
1217954584
1218031928
3365512504
3368664424
3361377260
3424291836
2637860540
2671412925
2523498127
3605824462
4142694862
4143812842
4135444714
3057410538
3057460138
2990421642
3007198858
4081008570
4084996522
4088924347
4088925337
3552259208
3552190920
3551142152
3555402041
3278450989
3341553967
3345756478
3320591646
1168905502
1153238302
1285178686
1289415998
1278848286
1278786893
1144557004
1144565148
1159245212
1461294476
1461637516
1464787852
1473143709
1401844717
1402880815
1365197615
1362903851
3493656379
1349319451
1350413082
1358805530
1390316058
1390314250
1457439050
1457274955
1450967080
1446518824
1413161000
1413098536
1413376872
1425955657
1559087817
1554812555
1554813850
1608810938
1592234427
1592177081
1593222073
1602152185
1568597741
1551836909
1413228279
1413218903
1413219110
1417420838
1416896550
385298486
385241090
108449794
106087491
101878983
106011110
1163181030
1154780006
1423739494
1423941206
3587876423
3617235783
3332023125
3334112117
3606742885
3598370165
3594088817
3598213216
3606585445
3621265453
3571134509
3504210201
3495821577
1078920987
1078795803
1078802971
1078733627
1145858875
1145896779
1197260235
1182633419
1181648267
1450086795
1450086811
1458540986
1450152378
1467920827
4118716587
4095713710
4095518126
4095520174
4099383230
3042430910
3038105502
3073725390
3076793182
3085181742
3048022830
3047957039
3031179823
3031181085
3035440413
3580841277
3577334844
3610889244
3610893580
1446738180
1444636932
1444571413
1444559925
375002135
374997011
106561795
108658947
251285763
133939555
100267427
351909043
1157207185
1157338241
1148949888
1149212032
3292528528
3290922672
3296141024
2230664736
2226398753
2225350435
2225352486
2225352502
2226589462
2247904742
2281461158
2264724646
2197610646
3531468951
3524563135
3543433645
3510010269
3493245901
3492979533
1345495565
1949360653
1949361725
1949312553
1433540137
3589672745
3585477931
3585346619
3585895451
3585965067
3573412875
3571225871
3571352863
3571352895
1576965983
1602066247
2120058199
2120189031
2116001895
2116001909
2115932229
1846984901
1830207685
1815495143
1681195687
1684279982
1693717166
1689532074
1706307258
1972644538
1955871706
1419061710
3566545230
3571264782
1423188230
1423753990
1356710710
1100780326
1117753974
1117684420
1117701060
1115574148
1111301028
1379679148
1379215788
1461136808
1465197016
1465147848
1473560904
1473548584
1472508200
1908713256
1904247337
1887666715
1887605578
1891807562
3494045146
3557029994
3556931819
3574741227
3610380795
3598071769
1387545291
1387545291
1385452506
1384411626
1389158634
1376773358
1377758382
1396619406
1362009486
1345246606
1345295247
1345294815
1887293743
1895612719
1894523183
1894523193
1894590249
1894723113
1424701993
1417353771
1413286475
337383114
475271118
483706126
479704350
479704334
530030671
1586929743
1586929741
1582739525
1510310133
1510842599
1510924399
3746488623
3705329453
4238003757
4238052908
4237856300
3705189916
3742934541
3725124173
3725321167
3725255142
4262384102
4267622630
4292821238
4288333263
4254789071
4242468303
3697143759
3709355934
3575128510
3608682926
1465397742
1440350446
1419444590
1421423911
1152066821
1152003844
82542340
73961220
86542644
103520516
103726340
371950592
372015185
372080720
1445892308
1445900532
1463738596
3560906980
3560912356
3565109156
3569303204
3703518948
3703517941
3703321343
3703333614
3703366394
3715946346
3710422890
3711606650
3745164234
3728388042
3726176202
1578653130
1578657226
1578788042
1599763674
3751474283
3751461993
3617177692
3583566028
3583549660
3579355564
3558511020
3558523293
3495610245
3495548599
3503875815
3503861734
4032343910
4028401014
4030563702
4046370118
1898902854
1932443975
1932411207
1898910023
1882132787
1882001699
1894527783
1889809191
1890857525
1891443213
1358833164
1409170957
1459538713
1454213611
1454160315
1991031178
1995218314
1994950042
2129170859
2129170923
4001083753
3996819753
4265255209
4265271597
4265239855
4265291047
4269489447
4275705159
4275716551
4288397511
3988308407
3971612085
3971723155
3969629139
3973692403
3965302641
3828986177
3829256641
2687452101
2687447716
2687243940
2691436196
2766932644
2779585172
3064736132
3064739988
3064732869
4138611719
3601736710
3605864502
3324518438
1177034806
1160389638
1277836290
204081410
208222482
217672978
217702162
1291552594
1308263363
1333429187
1316718273
1332446929
1332450993
1551496929
1551427297
1551394464
3698880417
3698878625
3648546977
3749202097
3757595793
3751306391
3718046679
3717653111
3721847335
3742552615
3742384935
3725616439
3728794679
3733058591
3733115935
3733115915
2409028683
2375470587
2231159787
2222844923
2218774411
2235389851
2239521755
2247910363
2277462362
2277392682
2277314667
2280404203
3480041961
3476961673
3476961672
1295989128
1282881928
1291196297
1156711035
1156645419
1148195374
1144021806
1160798511
3341837375
3352324117
3313588245
3313633573
3246524709
2172784485
2172719093
2172669607
2172964775
2172948391
2160365479
2152042422
2147850646
2147727830
2147727382
2164520982
2198071302
2181262534
3254936966
3259392407
3267773367
2189772727
2189709207
2210679190
2202028470
2164279662
2164410686
3239214863
3245502221
3249759756
3249563452
3283115820
2207272236
2202062124
2198130029
2198227439
2164673022
2164722638
2177841742
2173009486
2156228158
2156357166
2223333935
2244301613
2244003116
2269153660
2403379276
2403379404
2403440844
2403834108
2235997677
2235995631
2244396542
2246036990
2237464046
2237455854
2220787670
2220798918
2220270278
2228724310
2220140391
2236914557
2232715596
2266294604
2265442316
2248603725
2182020317
2194579615
2190385599
2458686399
2542568367
2546763437
2269957805
2232179389
2501868221
2486583285
3559272309
3559270229
4100285783
4100324695
4101348439
4099185735
4111772739
4128549954
3591808002
3591828482
3596490034
3596487970
2531003170
2547780134
2514430502
2241735206
2241211910
2241209862
3314898759
3247752597
3247738020
3343158436
3338968228
3339164853
3339181199
3305598094
3305531806
3305568814
3515271726
2444642878
2175130126
2242176526
2242175502
2242171439
2239021611
2400502505
2383802856
3461865640
3462374568
3328154760
3323824264
3323693192
1192945800
1142614408
1411050379
1411309194
1421764250
1438601946
1437385503
1420067125
1420075301
1357161504
1344578849
1345623329
1343587089
1343652416
1343668928
1428034176
1463682944
1462570400
1462573217
1441609891
1437411490
1470967186
1454188482
313341442
44832278
49030950
49032487
310127653
308046885
320623661
269242429
269304029
269468047
273596822
273605558
13428662
26003366
59019182
42311646
42118926
1116909327
1387441945
1454419752
1457569064
1450548504
1580635401
1597949193
1530905659
1530874938
1501170746
1482370346
1491019050
1486758702
1486234158
1486254650
1485099627
1501598569
1497411032
1493215432
1493285000
2030155912
2030483592
2097608841
1594252682
1577994170
3739092650
3604947690
3604747002
3600548606
3616801726
3583271358
3566657967
3565597100
3566571948
3587474844
3574893964
3610545220
3609565188
3609634820
4112951564
4112967940
4112964373
4125548149
4155426549
4139598581
4138996439
3602645982
3606839550
2524716142
2536253486
2490251310
2490259470
2498681103
2427362829
2428080652
2495123980
2493031132
2543384301
2522402478
2518437294
2520517806
2520122606
2524319998
2545316046
2511758542
2645830862
2364550478
2350135566
2350320910
2283144478
2287345950
2293638430
2294033695
2309761301
2343328021
2330773845
2322384340
2318320004
3393114508
3407766412
3445514924
3436015268
1288465060
1280080548
1292684188
1175833996
1175905420
1175970956
3322209503
3322277150
1175878918
1165114630
1151483670
1084428066
1084360482
1084371762
1152463137
1150292256
1280311584
1276379424
1276526848
202821952
204910912
86933824
107578833
115908083
115907057
111778289
44677268
48872580
40416388
36216988
1110024380
1395237048
1396438248
1362808296
3512400872
3621448300
3617188460
3600344636
3736662280
2662875147
2662858782
2390437934
2385453102
2368610606
2356019750
3433435702
3367444054
3367321158
3365154375
1213476420
1226069316
1259786436
1243010252
1245629892
1262406101
1228594134
1211825110
1209659094
1213784694
1235018358
1251775038
1251906078
1251914623
1251914220
1251783916
1314695340
1326233772
1292671112
1560979592
1544219784
1544217997
1544210366
1549440686
1969141486
4124935734
4160521750
4139549462
4272206103
4272333060
4272333056
4268142896
4264870176
4245950944
4228134304
3960354209
1817066915
1822297523
1688078722
1956518274
1956522370
1442589058
1467760594
1450981346
1459434482
1454199378
1455215122
3267154466
3267147555
3281823521
3286215956
3261005060
3260740932
3269129428
1117443296
1402520736
1373126816
1343013024
1343013220
1343996469
1882898957
1882907148
1898636808
1936387593
1920526906
1920498218
1918393130
1649936874
1632373178
1636765114
1636238522
1938108555
1938034824
1922375864
1914118312
1377247400
1377247464
1376919832
1397884441
1169361466
1169193482
1152444938
1152444938
1150348042
3432096714
3432219018
3431170442
3432169898
3302085033
3289443753
3289438684
3308493068
3341200653
3592856844
3605438732
3601773340
3337590333
3325861423
3340291630
3339243066
3305686586
3582886186
3616440426
2676404331
2676403432
2340727032
2336536824
2332330056
2333067276
2299452680
2299422472
2313037372
2560235052
2560112236
2631407276
2354578092
2349335197
2353558158
2647384474
2644025514
2509799594
2516356282
2503846106
2503846090
2501748810
2501617738
2535106574
2535115790
2537161790
2675580974
2675581246
2684035630
2680107566
2663322214
2662810279
2662646437
2660561828
2664751260
2652143756
2667892876
2618708108
2618703048
2621319451
2624465722
2364287530
2225613370
2225875466
2242723338
2192507658
2192376538
3266691994
3266609577
3264516520
3260063912
3272638616
3239088328
3224556552
3291897096
3291883785
3291883787
3300789002
3300789002
2243824394
2411611658
2394800666
2394727035
2394206969
2325000680
2341777576
2312413352
2304038056
2282506441
2350848459
2235439722
2234137130
3240761898
3286772234
3282579210
1202193737
1185415368
1181221080
1177170156
1195012348
85356788
67301872
67154787
335577698
281051762
344109778
344174210
343976579
1438755458
1325570690
1174600326
3322022534
3322351350
3326870374
3332125478
3332120878
3348373550
3314819115
3298091049
3298075944
3302271336
3289680296
3305408904
3590756744
3591805320
3591814280
3592388744
3592274346
3591795114
3608552426
3579192106
3585483310
3567330110
3500155694
3500155242
3231720937
3231726760
3232760984
3236955528
3224371592
3291632072
3290579209
3290844427
3290712890
3290721066
3311692570
3353771786
3332789002
3332784906
3467100938
3467100539
2377155048
2358289576
2354096296
2349111480
2350225544
2216074376
2235478472
2248053192
3316285897
3316355563
2229904874
2221450730
2217326590
2217400271
3291141839
3307893455
3342480255
3346670431
3355124046
1203443038
1202656622
1206727982
1332487470
1329410330
1293685002
1293685002
1276977422
202310926
206062894
206070062
165208362
177901834
177901833
1251639624
1251644920
1255712936
1243130280
1243130280
1243126152
3392835465
3460023178
3471459322
3464115050
3480888106
3455722282
3434750750
3435004686
3432973081
3432255784
3432265000
