2720462307
2720456807
2724515879
2749813879
2695290053
2695032261
2695096989
2690972349
2686765741
2686732973
2737655533
2737787773
2725208909
2733597453
2733466395
2750248763
2985058090
2985058106
2968279358
2967935038
3035039774
3026651166
3026520078
2506439710
2506499102
3052544271
2511479111
2494763511
2494841253
2494840997
2449235108
3525081221
3525077125
1376660869
1913004436
1913004468
1917206589
1935069211
1885790219
1881582859
1881647883
1894103595
4037327403
4055140907
4068772427
3066397387
3058094794
2518045514
2673238890
2650153326
2645828902
2645829926
2645825830
2683571510
2667316550
2667532615
2667508037
2667573588
2652672340
2668926196
2635381972
3558254788
3558254788
3561422276
1413871575
1413769078
1413770598
3557039394
3558149155
3562489891
3570850929
3570849233
1459081600
1459077504
1451213697
1450099602
1450078946
1450058338
1433215522
1366041122
1366045474
1374437159
1409100613
1388194508
1387137932
1122831260
1122769341
1131156654
1080819942
1080819750
1148063798
82714674
83845426
83649331
1157555985
1308534529
1325303680
1324713344
1316328832
1314239873
1308997011
1577432999
3729043430
3745820454
3712266030
2622930718
2625027871
2490875703
2515899957
2549450293
2526511668
3063325204
3202323252
3202122020
3195847012
3208430948
3174948196
3158244852
3162435397
3177119557
3185541077
3176931319
3210483558
3210491238
2673685862
2640254326
2650674518
2650748278
2629572070
2629584118
2629694679
2629692871
2650586583
2637990903
2669460439
2669604551
2669602759
2657019383
2665411045
3198009781
3198009749
3202127348
3193751012
3206340084
3208637909
3208308053
3174752535
3177890070
3178119430
3177922822
3211490574
3211469887
3052999791
3036222701
3036232861
3027840397
2490969997
2490964639
2499742398
2495482606
2512326174
2527860238
2527883782
2259477302
2259476774
2259476782
2264678446
2256273534
2252082302
2252290174
2403215406
2373859390
2382240026
2365528842
2226732554
2226660874
2230855195
2230851131
2230863737
2162739192
2162726328
2162735020
2162802604
2171190189
2171193837
2273298927
2256428382
2256432190
2254365998
2262738222
2262804350
2256125791
2256051661
2272823756
2239400332
2239408524
2239408588
2237311356
2266753325
2266507567
2266774574
2166232366
2151559470
2164142894
2159936110
2159870687
2159821455
2159855245
2180811405
2205981597
2189409213
2185214397
2184690109
2251733469
2268511517
2541134109
2548474165
2544280420
2548409316
2541024212
2637448132
2620722580
2618694117
2618697957
2622892149
2631280917
2643803397
2375299845
2375308037
2358526469
2358534951
2295653155
2296313634
2355023650
2355088738
2367475186
2384383106
2388311174
2396693639
2396775573
2388161700
2249733284
2268624037
2218424319
2490031662
2498676286
2494420486
2493834758
2225448454
2243274503
2549462289
2538904609
2534708513
2534704929
2536932913
2520163891
3061229075
3086915075
3053422403
3044574451
3027817697
3162039521
3157814497
3208461537
3191815649
3124641777
3128835793
3136700113
2612467283
2582713859
2565879299
2565946898
2566077971
2576444179
2609965363
2592123953
2592383025
2592378977
2592375013
2597617893
2637989029
2637991077
2619246757
3155597493
3154569621
3154570129
3168205521
3181303489
3199648455
3203678835
3191095586
3189788706
3189904402
3189914626
3211929618
3186829362
3180538162
2647801158
2648049606
2648114886
2627667654
2358851298
2358783714
2291678818
2362973730
2354589554
2363174866
2363109298
2375696306
2275345843
3337879937
3325346176
3323232644
3323306372
1174840076
1448518460
1456777000
1985261352
1983158568
1932888328
1899923464
1948157960
3827206216
3827207400
3827279081
3844071657
3881235389
3866509999
3874898607
3874886318
3874828974
3866370982
3816039855
3790877887
3773183389
4037418893
4038475405
4038409933
4042534605
4034195423
4050972511
4050955551
4092892959
4074018591
4157908511
4116165151
4099339031
4101432119
3027689783
3027715367
3035972967
3033877991
3050659303
3050663415
3042305495
3042366919
3075921351
4149646407
4132805751
4132805671
4135377975
3061706038
3061802294
3061257526
3057587478
3074365206
2503876470
2491358822
2495553270
2495420150
2493265879
2493260183
2442944693
2174542053
2177683685
2170323044
2220131644
2220334877
2216098333
2216098327
2350311943
2350311942
2622942006
2673129766
2664727586
2664529987
3201466561
2588061824
2583863440
2583945392
2600725904
2617387701
2617387685
2621586095
2627144431
2626948847
2495349487
2512147455
2545701343
2516341087
2222739807
2218618655
2218683167
2221812511
2221804351
2217675583
2235305223
2273128711
2279481669
2241749061
2241196261
2241103073
2247394529
2268366051
2250683603
2250682567
2251202758
2252252358
2520704343
2505952871
2493369957
2493501037
2493378157
2493296252
2514267756
2549922157
3076295805
3059518557
3055453269
3055460375
3054952759
3054920486
2518102822
2533819686
2504985910
2497584434
2493394226
2495553398
2629574519
2629574519
2629599063
2633555799
2381897559
2373517143
2373582711
2642147319
2507847635
2507913169
2642001905
2642190257
2675825619
2654985203
2654960083
2654895298
2654872770
2675843266
2675650802
2649305319
2645037549
2645037549
2646103016
2683893192
2675484936
2637736200
2637867353
3158223193
3024001995
3045035979
3038086091
3038102219
3038233307
3038245417
3042337321
3044501289
3186910509
3182716189
3180619021
2643935517
2648064319
2648162663
2648031719
2648175095
2648170999
2648036853
2639645141
2673342935
2534799863
2518014391
2518146271
2518085839
3189174479
3210138063
3184981375
3168202543
3164077871
3165975871
3170166077
3170168893
3161772149
3161575653
3157513445
3157509349
3021360629
4095097799
4116064966
4116064966
4149554934
4149483190
4114417330
1971131058
1977357218
2107388338
1570055298
1602495682
1585724418
1317473538
1323200258
3335159554
3330991618
3466307158
3481839606
3750274981
2644030892
2644022700
2646115772
2506655676
2536081068
2537195116
2536412717
2536433198
3073271598
3077467454
3085856030
3085860118
3052358934
2516534615
2516534727
2514449349
2514314181
2505929685
2505397237
2505406453
2505537431
2505465751
2513653175
2496683447
2496691703
2488300869
2488300804
2490381588
2507158820
2247568692
2180398356
2281048340
2276919588
2260016420
2259956773
2259951653
2259947559
2259959855
2259992623
2264170862
2272559615
2237960703
2238027007
2238158046
2238094558
2239151294
2239212991
2239212991
2272705951
2272703887
2272703882
2272703898
2541075898
2503261610
2503342591
2503469407
2503371037
2503354652
2268539660
2268544524
2272735772
2278961692
2274767421
2241278765
2243166503
2243167591
2243169495
2246364639
2237975967
2238027167
2238166463
2238100927
2238098591
2238164126
2239084958
2272770462
2255927710
2255928734
2255666590
2255721886
2251404758
2251404759
2249450965
2249354564
2265066244
2231511812
2353150484
2361596468
2357280276
2357276164
2358322964
2224042277
2224034853
2224292903
2226408551
2163527155
2155646419
2154799091
2154804723
2171581939
2205136083
2188358803
2187826326
2184615062
2184625302
2255928734
2255924670
2255859646
2255814654
2266292222
2266267087
2232888781
2216044876
2215782668
2219981084
2228424508
2224359228
2224304924
2240815628
2274370357
2257597221
2257585957
2264155495
2280967655
2271530486
2238027190
2221381014
2221381015
2221389207
2222171551
2222173599
2238889919
2171780063
2171779790
2205396686
2203102846
2203100798
2198975359
2165568863
2165462109
2165709853
2165708812
2147891204
2152081684
2152151860
2177179444
2206668549
2189832965
2189762869
2256810279
2190737703
2194949479
2213859303
2171916279
2172639223
2172646391
2172646367
2239754718
2239755710
2239626686
2237528506
2236938650
2270550154
2265372810
2265086154
3322051786
3322096730
3338872186
1191388442
1191388939
1124149001
50337561
16795417
285330701
285334797
289666333
289518911
289512831
289508862
285318590
285449631
285448607
289913247
289913245
289913277
298302909
1372560829
1905235900
1905244157
1909958421
1912055605
1902620469
4079463989
4079463989
3508973109
3513181749
3497416485
3503752993
3503099185
3503098161
1355626803
1355749682
1078856978
1078858002
1145970946
69083138
69087234
92160002
124764226
107987411
107858387
116251635
49150865
49150869
49150853
49083804
1122808252
1122807976
1135390888
1107079400
1358734697
1375582571
1373546863
1398712654
1381936454
3529412822
3525292246
3525226631
3524694407
3541488583
3541440245
3507953253
3520346661
3516148517
3549702439
3549707287
3533509639
3537833990
3528278022
3528249398
3528233058
3536815571
3549332867
2442037123
2425259653
2429392565
2421020325
2416737959
2433232559
2467835887
2468030831
2464099391
2476549133
2174558221
2157785101
2157846540
2157850892
2157842189
2156219231
2160380910
2151992302
2147781550
2164702094
2185668558
2260919246
2260812798
2260746734
2260799975
2256610791
2273322471
2273324535
2243968375
2243972391
2235617063
2236794405
2245170693
2245108229
2245044181
2278602221
2278591917
2270529957
2270529975
2266339763
2232917459
2232874067
2232819715
2350260481
2349998341
2354192645
2308056844
2308049676
2341538572
2340424476
2340481897
2337319915
2333130747
2333119115
2667872923
2667938491
2672075449
2680464041
2680529576
2672284393
2673279723
2675380523
2540125226
2246379562
2246379562
2246510618
2246453258
2242258970
2376476955
2376336654
2411479374
2348597710
2348061614
2339410862
2339407854
2335279582
2335431126
2333534423
2298996805
2298981445
2303108420
2286859076
2294972996
2295968341
2294851569
2353588705
2349361377
2349336801
2349467843
2216307137
2272930753
2260600513
2192966339
2192573171
2192585699
2192597475
2196824291
2188431591
2198896767
2165551181
2147655753
2147919305
2152184777
2160970363
2156513899
2236336746
2265631322
2248813130
2254054922
2262508298
2258445083
2258579755
2274824489
2206466093
2177944621
2211482933
2211495221
2203102517
2169548085
2169610101
2168949495
2168949431
2168818359
2164644534
2164595446
2164661222
2165717350
2203461670
2213686294
2209491975
2192653379
2190490707
2194685265
2193631701
2193652181
2185353717
2198063445
2164705733
2147932613
2151868871
2160257495
2160126439
2160118247
2160118247
2176907767
2168514935
2169628981
2169755957
2205341969
2204363537
2204478225
2205522737
2171965299
2165805043
2164692947
2198320851
2185606099
2181403089
3255145681
3255809232
3540956368
3507400896
3490619585
3490619841
4094595539
4250900455
4292401894
4200192734
3929791182
3929725535
3945388909
3899194669
3907579913
3907579912
3907760508
3899372004
3896042212
3893945012
3944243840
3993658033
4006490787
4002285474
4002876562
4136963218
4160035974
4118101142
4101319926
4101463286
4109884486
4105561350
4122261255
3870598917
3870795284
3874985492
3866461716
3862791700
3862730269
3862819374
3862848046
3997049646
4001038634
4005232762
4021891194
3920113770
3903405177
3903461449
3899287753
3895093897
2016111241
2083206795
2083000987
2087195327
2095588015
2109235692
2107170860
4254655532
4260949012
4252936196
4282300676
4129982996
4134440477
4143679053
3866658511
3862483583
3862556975
3862519855
3861405743
3865583663
1726685294
1705648334
1962549447
1962554503
1954155927
1952123559
1960397479
1960368805
1960631941
2008919749
1992271559
1996338630
1987875190
1983692902
4131180646
4148158566
4118700390
4110312438
4106110934
4106045143
4126986199
4152154581
4152158708
4131252692
4131368900
4135564996
4158509596
4118663709
4118610461
4096537133
4100727341
4033618221
4042069032
4042066988
4043049004
4043115532
4039015436
3502154764
1354728537
1437110746
3613955994
3609824926
3594161854
3611229870
4152358574
4159500974
4154749870
4087624111
4058329591
3514179671
1366695991
1349984305
1366757393
1366687765
1366167863
1399661877
1399791925
1409181453
1407043405
327995357
25987759
294427631
1473051439
1448081710
1579084862
1511972926
1516101694
1515966494
1583005894
1599783302
1551549319
1492882337
1488499620
1488512932
1492709028
1482222308
1478027776
1478158848
1549445905
2097068049
2097122355
2012054579
1986691075
1848279042
1848279106
1848291538
1848291826
3995789026
3979046626
3962059366
3974629990
3987218022
4004003687
3869783382
4142412102
4138344775
4138350019
4155133121
4121871552
3585070080
3576296448
3610808336
3610816864
1966777312
4101695200
4110075537
4105817731
4103655318
4107818406
4099437990
4095227302
4112000430
4149948350
4143591054
4160429710
4160503454
4159465471
4159497727
4158977407
4154782045
4154847516
4159037756
3076907324
3072717116
3206795576
3206991160
3211184440
3219560760
3215960377
3182410542
3102514750
3094118942
3090006622
3090084606
3091129062
3174949606
3210502818
3218944946
3202221954
3202227586
2661103794
2661030114
2667321381
2684098596
2548971524
2515430404
2511266820
2511254276
2511114772
2242675249
2242413090
2221442018
2217263522
2485978274
3559790774
3559798950
3559815590
4151245702
4138138246
4138204806
4137980558
4142175230
4133794798
4133921770
4118209514
4118274810
4118242266
4116149210
3025621498
3034011114
3033879930
3035979067
3036010781
3036010764
2490232076
2490232092
2507011356
3077558620
3070148956
3069887996
3065742828
3069808111
3069746414
3061619822
3056436270
3861872734
3861885006
3861897294
3845054542
3833517102
3967732774
3976154386
3967634706
3967555378
3966248482
3840418406
3970507509
3987355284
4008314500
3874096772
4134012548
4130097076
4135343524
4143771116
3086839132
3087002892
3086870812
3220560156
3220622652
3187033917
3187549711
3187483150
3187483486
4189655278
4189585646
4188799150
4193009838
4193181855
4218921164
4195656972
4195656972
4262767884
4262767884
4262965020
3994463868
3977707261
4111879871
4108193470
3031895998
2981367278
3014919662
2998146430
4076086046
3530826254
3531022910
3539343143
3618047285
3584297988
2498563076
2230142980
2222836740
2487196672
2487135488
2499716608
2494202368
3031138865
3030954530
3047727654
3211305510
3207103022
3174680126
3156887134
3156876886
2888314726
2892500070
2829585622
3098221774
3148504198
3131735174
3131733126
2599085190
2590548119
3124273319
3124273381
3122180197
3944725524
3915312132
3923701508
3898492468
3960734244
4229177892
2081890887
1813320398
1681133550
1694238894
1690126510
1740564622
1721673870
1721738382
1989976205
1981579421
1983692973
1982742701
1999528941
1970153197
1908214501
1973160551
4120645197
4120669773
4160611853
3622823773
3622757717
3605984581
3623876037
3623867893
3615479269
3615479269
3581363687
3580184055
3563410934
3580192102
2506564990
2516006174
2490701070
2515817791
3623179567
3619542397
4156396893
3049239373
3053298300
3036452476
3025450621
2752888381
2752888381
2752888381
2753017407
2771838542
2805351114
2788521710
2788427758
2791572907
2796291307
2796360953
2795857096
2795857352
3085395405
3072747341
4112926061
4113978863
4118234367
4159001822
4159008862
4142264414
4142396446
4142331166
4134534430
4135443743
4135377949
4135449628
4135579708
4152324220
4252848380
4248703229
4236129791
4236117758
4243541750
4260200054
4289490518
4294766166
4261211734
4261212118
3187062214
3168175559
3159872981
3159740773
3159741285
3050689316
3168129828
3170132516
3170132516
3161805364
3161933341
3161851453
3178696237
3179100719
3153881406
3153652767
3153656863
3111736341
2574799876
2570597380
2570792052
2570718564
2570718036
2683963904
2410286592
2411659776
2277245729
2277253413
2277253413
2243695917
2246838567
2246842743
2246842711
2246932823
2238675287
2238578007
2171469175
2171458943
2171459071
2205021695
2205022719
2205022719
2204989947
2204989951
2171427167
2171566431
2171500879
2172550479
2181002591
2180871549
2178743661
2178735485
2170411901
2170403701
2170534903
2172500983
2206047223
2206047734
2205007286
2205007286
2188230070
2188230038
2185213334
2185215414
2183051703
2181986559
2181965901
2181965837
2265589788
2484746508
2426031884
2428159493
2428207623
2427224630
2444014374
2464718182
2452130150
2468976982
2418694470
2418686023
2419730439
2419730725
2432245028
2425954148
2157516388
2157452908
2157461085
2174238285
2214332997
2172508533
2172516725
2171468149
2171460469
2238569333
2238577525
2238577525
2238561269
2238561271
2238560759
2272115127
2272115127
2272115135
2272246719
2272247743
2272116671
2238562271
2238692831
2171518367
2171514271
2179968411
2171387835
2171374522
2170915770
2170997658
2171005915
2204560347
2205674331
2205675291
2205668667
2186794301
2195165469
2195042589
2194972735
2264199471
2272580909
2234862903
2234911511
2234919687
2373331223
2356488503
2356418871
2373912839
2248023301
2243830021
2243830021
2243703589
2243692325
2280394533
2213301605
2204944741
2205014389
2205022581
2171468149
2171468277
2171468277
2171468279
2171468287
2205153791
2272262655
2206202302
2206202270
2206071710
2205023134
2171452350
2238037950
2237775262
2220995998
2220995742
2237906102
2237904983
2237901061
2271455492
2267114244
2267233044
2267421444
2280013061
2275812645
2242843941
2377909543
2376863015
2381073783
2381088087
2372768758
2355999734
2355999702
2356000727
2356001751
2372778967
2372647895
2267806709
2250931029
2251193093
2251193605
2281596165
2277400629
2277269541
2247906343
2230863143
2222507623
2221639286
2221577974
2238430966
2238234326
2271787478
2263464406
2263857623
2264898007
2256378711
2252208469
2250242053
2254351381
2254351413
2262740069
2262678753
2522842257
2518584721
2501812113
2485034627
2485034627
2491342467
2491309699
2491170467
2491166375
2515283687
2548840933
2280405237
2246850653
2231117853
2231248909
2230725645
2226594845
2226389037
2230599975
2230616375
2230817047
2230826262
2364845174
2381626598
2641661158
2654833846
2654897286
2654905742
2654891727
2671655549
2671655465
2636851753
2682792488
2527607592
2527611960
2527645704
2527637576
2531827917
2523435261
2485748141
2485814679
2485816710
2486877574
2486925750
2486712806
2486975462
2508143206
2533239334
2529110551
2545692167
2277254663
2243702535
2247892007
2247887911
2247886967
2180713559
2180652227
2214220995
2214584451
2212487575
2212357527
2203975095
2170341815
2166114775
2165119263
2164669213
2164665101
2164666127
2177249039
2172919087
2172931375
2241613103
2275200303
2411566447
2399057279
2399053279
2407376887
2407317479
2407046119
2373573367
2373671671
2373532663
2371431223
2371561751
2371497223
2379885575
2379951159
2379758631
2381859879
2381892983
2372439511
2373688799
2407251421
2407116765
2405019613
2405149653
2405083861
2370546391
2370554615
2349533815
2366249527
2370449207
2370452791
2345284663
2342138935
2341999735
2348293239
2348318199
2348345847
2323511799
2390743543
2404862198
2400655574
2399287766
2399283654
2369924550
2378379078
2378379075
2244164931
2244173139
2244234593
2244266341
2177157493
2177227637
2178283893
2169878901
2169870711
2169805159
2169805159
2169805159
2169879415
2169879413
2203433589
2203449940
2203408980
2169838100
2172066581
2239109429
2247502117
2247567399
2180790311
2180778070
2213300310
2213403094
2188237270
2188220886
2188229078
2188229078
2188360146
2188376274
2189359314
2189359314
2189359298
2206136514
2206120386
2206120386
2206121427
2206121427
2206186961
2206055888
2473966836
2438315252
2434120892
2417343676
3020274876
3020340380
3020874924
3038703276
3042864812
3082636972
3081510588
3085712084
3077319236
3074370052
2541628164
2508073732
2499488260
2499489284
2226861589
2226652717
2224554799
2157445167
2226914351
2226914351
2225867871
2242644167
2246891719
2280495575
2272042455
2238551543
2238681591
2272244183
2271654903
2271654903
2271720191
2238162655
2222107358
2217982686
2217974494
2148702926
2148706958
2466426510
2449647246
2449977998
2449769406
2449786278
2467157222
2416864294
2416847878
2416782342
2416716854
2433496102
2479686950
2458779942
2458846198
2458391543
2257065365
2274131332
2237423044
2216555972
2216616260
2220810532
2228150308
2223824940
3435937804
3427544076
3423348829
3357018221
3373926895
3407497934
3407503054
3419100879
3465069261
3465052764
2391454300
2345378396
2337842788
2606280228
2614666788
2577049380
2646254628
2646258725
2549646375
2524744822
2520550614
2453577702
2990456550
2994650854
2801703654
2797378294
2784795270
2759637638
2754525830
2905516678
2938632630
2921659566
2921618606
2925793518
3999674478
3999674430
3995475982
4013301771
4252380169
4244445993
3166505512
2627672584
2627611144
2359110152
2358784584
2224866008
2224849897
2243723497
2247917737
2239530155
2235357355
2235463867
2235443451
2239637979
2281581530
2415800026
2415715934
2415702622
2414645790
2381287966
2381297246
2364385014
2625484502
2621408903
2619246211
2619315857
2618791568
3154571136
3154570688
3171347536
3200670736
3196210180
3066172423
3063100742
2526362982
2526354790
2543061358
2549352814
2547256638
2547783430
2539201285
2245600004
2241536884
2226849252
2226654624
2228758704
2220370081
2220431521
2236221557
2261650695
2257982727
2190894343
2260002087
2258941223
2263123239
2279899439
2272100863
2272231871
2272104895
2272113086
2233840030
2166862750
2150029246
2150037438
2151081402
2423710938
2440424458
2436131850
2469750795
2184587275
2184591641
2201881385
2212433464
2208042504
2174498312
2174558744
2174558760
2174690089
2174693677
2174497069
2176581935
2243739951
2246869359
2238480895
2238550527
2238689727
2372907455
2372908447
2372910494
2238692798
2234498462
2267987354
2268508058
2268507802
2534860426
2534827674
2534811290
2534875099
2505256287
2245209357
2243111181
2243107084
2247568668
2247437628
2243236156
2243363101
2276917533
2274635821
2276720685
2264155183
2281489711
2238498175
2221905247
2221848031
2221912543
2221257215
2221183422
2221183422
2221249470
2239149982
2239149982
2234957726
2167864734
2167926174
2165829007
2165730761
2165714377
2168859081
2202483544
2210741048
2210741048
2210742040
2211918621
2207723805
2207719741
2210148653
2176581679
2175549487
2179777903
2171391479
2154666487
2171583479
2171584471
2205073367
2205071319
2206118806
2172040086
2172105398
2171975350
2167781054
2165683966
2165817054
2165506015
2165501903
2168646605
2177002317
2177317724
2202282876
2199141180
2182356284
2186741052
2195062797
2207649805
2207604773
2207572005
2173993255
2178188647
2170327031
2172493559
2172632823
2441068215
2473047734
2468853398
2468853430
2469902006
2469787326
3004298942
3004399550
3004382622
3003332830
3003328719
2470586575
2478975181
2479036508
2478901260
2172795916
2172788748
2172789004
2239832380
2239763245
2172655405
2172663079
2239765799
2239761447
2245265463
2247379031
2247449047
2238183895
2238184927
2238177183
2238158271
2239075775
2239075775
2239083935
2172106654
2171844510
2171844510
2170797502
2166602142
2150803935
2167580959
2167580941
2167580941
2199038220
2203234060
2462250508
2458042892
2458370620
2189738541
2193932837
2210678565
2278842215
2272623991
2239094135
2247490935
2239102295
2239233495
2222456791
2222324694
2155215830
2155215862
2238053366
2272616438
2255967702
2255910358
2262201542
2262197463
2262138071
2277791989
2236897365
2220325205
2354477893
2354474589
2371253887
2379576191
2379539295
2379538815
2379539823
2379603455
2371309055
2406829055
2273070079
2254248957
2254387549
2254384479
2271159583
2246010143
2229203231
2229203295
2229203295
2245824895
2245296623
2270463469
2270481917
2232801629
2233456989
2233367423
2371775295
2371776319
2380195679
2413683535
2413617503
2413618543
2396818797
2254276989
2253768797
2249574525
2249717885
2249092189
2249090127
2232313167
2219729503
2229163607
2229159639
2224867063
2228016871
2228017127
2244793831
2269959669
2236612061
2219802109
2219736063
2353953791
2363390975
2380234591
2413625183
2413618527
2396317055
2396386687
2388084095
2388086143
2388462975
2388466999
2388475191
2405379095
2355047447
2363387223
2363389255
2358957383
2358888311
2363262951
2365362151
2373750247
2373770743
2373319159
2369223671
2369149943
2401140222
2405334526
2388553182
2396939615
2396317023
2396317055
2396323197
2396359005
2390083932
2251606332
2250098740
2250143764
2233363716
2216568068
2162042629
2157839873
2157905489
2157776483
2157731683
2160877410
2177650530
2202323314
2202392914
2177366866
2177891158
2177760086
2177694583
2177694583
2202393463
2202393591
2202368887
2202368887
2168814967
2168946039
2178317687
2161606007
2161473879
2228615511
2228541783
2222316375
2239093591
2239101943
2239093239
2272778743
2272786935
2272655863
2272655831
2272655701
2239232341
2239232373
2239233397
2239102325
2239101813
2272770933
2255993719
2255862647
2255862103
2255878615
2255870199
2251806965
2251717877
2251717845
2222357973
2222358485
2230738645
2230804181
2230607573
2230647541
2222259175
2220162023
2236939111
2245392759
2281568631
2273179991
2239625559
2239625559
2273180023
2273180021
2273312117
2273279349
2273279349
2272623989
2239061365
2239192405
2239233365
2239233399
2239233399
2239233399
2239102327
2239094135
2239094135
2222325111
2239233367
2239233367
2239233366
2239233366
2239225174
2272787798
2205679063
2482478551
2482355639
2482290111
2993995199
2994061215
2991963807
2992092863
2987897534
2987913910
2987864374
2989895710
4079362062
4029095951
4029033535
1889937454
1353071374
1420171790
1420167758
1152699086
3300691598
3321660654
3327964398
3462373502
1591648343
1593745493
1593221173
1593225253
1580584997
1578389605
3709153383
3692437622
3692439382
1549219414
1557608022
1284978262
1284969030
1152848453
1152651844
1152648772
1152665196
1156906732
3291806444
3291806685
3308763598
3342253262
3326057678
1178571902
1182765150
1191088222
1589547102
1589555325
1589616740
3741102316
3728003308
3725869292
3709211901
3558223311
3558222542
3562416862
3565623934
3298105950
3231002183
3230938693
3281781316
3267183220
3267150436
3332166245
3336344421
3326914661
3322781799
3339631702
3306093638
3289274438
3422967878
2349226710
2370207446
2412150494
2323934942
2323934974
2323967855
2323967343
2395397485
2395360573
2261140796
2254259500
2253149284
2248958068
2249056468
2232345044
2215556037
2215543493
3302916807
3297740486
3431768038
3431791718
2227992678
2349602918
2349734014
2349742430
2349739598
2286822990
2311857758
2324457310
2324489567
2324473181
2324673836
3398405420
2396884012
2388429932
3323757676
3323822308
3323912404
3609125252
1411278469
1344157317
1344147077
1358892741
815598300
815561580
1892445484
1884056877
1884087613
1628229915
554603290
554410874
558478330
1632143354
1640533946
1640614331
1640757723
1632529883
1632511307
558772491
810431259
810496811
810492457
818357049
818221849
281285977
277093752
277093464
8850504
8801352
13005896
13001800
22966345
90100057
100651385
100504443
134060027
116242394
116236250
116235770
107847162
107847034
107869306
103673914
104591417
1178234937
1178234920
1178230845
3313131869
3304833791
3300509431
3299464950
2226771702
2224938742
2359098854
2358044902
2362210534
2353797222
2349537350
2353936647
2353938183
2362322461
2363305533
2362205741
2311907197
2345444732
2324538876
2395977196
2395835884
2396818925
2254212589
2251850989
2249823469
2248843485
2265638029
2215306637
2219503565
2362101455
2358169295
2359152223
2359098671
2412014639
2386828335
2399474747
2367042843
2354460443
2361792091
2358072955
2358011499
2408375931
2391582553
2391648121
2395901800
2387513192
2249559420
2250017916
2249165948
2249110604
2232329548
2215569357
2219766477
2363376349
2627684093
2627553007
2627493871
2627501295
2647423087
2370590847
2353756191
2350545167
2354736719
2354736735
2354669183
2363025279
2361976831
2412307963
2395602427
2395721211
2261503485
2253213181
2248951165
2249004393
2249134457
2249072729
2215519561
2228120909
2223927117
2223950671
2223295343
2223307631
2227502447
2235845999
2269463839
2235970847
2237545791
2354986287
2363440431
2363241790
2378982750
2379015518
2412570111
2395846143
2395835903
2254211551
2254211549
2250103253
2250234197
2249128279
2265869639
2148429059
2152607490
2160992002
2160725762
2160791314
2160860450
2160868706
2160867682
2211191154
2194430274
2194463698
2194443250
2211224530
2211429202
2211425874
2270150226
2269765363
2269697779
2270746357
2270787573
2273017077
2281388279
2280339703
2280200439
2272073975
2273253574
2239641670
2237558086
2177820486
2177885782
2211242743
2194458583
2187118069
2187120037
2187122917
2182953197
2199796223
2149464543
2152606478
2152606478
2161982222
2161917758
2178694958
2178706735
2211798845
2203406101
2185546564
3327449428
3323304404
3323174228
3323182581
2382607861
2399385077
2370024885
2286137269
2294524565
2286004884
2550250133
2550659733
2282126215
2298886583
2336627175
2328309223
2329165110
2328111366
2328176902
2323983622
2340764950
2307216662
2291488054
2291516198
2295646055
2287259623
2289355733
2289322885
2285111685
2302024183
2333489639
2336631158
2336631046
2344955142
2340695318
2340695351
2340445495
2306919719
2312408375
2312408933
2312409061
2304085988
2306183156
2339871636
2339736500
2321914804
2317720564
2318899700
2316761589
2333534583
2332486006
2336648502
2311580982
2311585078
2345106774
2345106774
2344962423
2344962421
2346011477
2312387349
2287213079
2287798838
2287933990
2287943462
2298428710
2298305638
2314792022
2314796231
2415693255
2414644677
2322435989
2322440085
2340404661
2336209317
2302654884
2290022836
2289490325
2289499029
2356603863
2373446647
2371223525
2404892149
2404885892
2412029312
2412029072
2378495152
2235954336
2266068144
2266127777
2400325091
2402421618
2406886146
2414226178
2373397250
2373200130
2373204226
2373389586
2381710610
2375497507
2341496611
2340448039
2340448039
2306928183
2306932279
2311084583
2311375399
2344995622
2329269542
2329329958
2329313383
2329252085
2413068508
2371125384
2350285960
3692476552
3692996744
3708721304
3591289016
3592350105
3592154505
3591921803
3596186058
3606729706
3585757930
2495496938
2494382843
2494322393
2491215737
2487019305
2484897324
2489237052
3030298124
3030363663
3032264206
3053233710
3038548782
3038560558
3038625854
3021885518
3021877470
3034453485
3029274540
3029142204
3184331404
2681019276
2682071436
2682136716
2667457724
2596218109
2331783183
2331258894
2348101686
2314543398
2297782562
2295621410
3369430642
3368386274
3360022435
3360081297
3676209280
1511948416
1511761092
1510534340
1510795381
3642354149
3629836967
3634027175
3633171126
3649861255
3666633351
2323935943
2324066407
2325090343
2327184419
2397244451
2388859923
2384538643
2367952179
2352416019
2354457859
2361813315
2361817411
2361837825
2220345601
2239745873
2281672401
2193594065
2192946867
2190786210
2211757730
2199162530
2469695394
2453114274
2450955666
2450957762
2455171010
2471915203
2505452099
2488678993
2624929317
2624855845
2565080357
2577661989
2577870869
2561618964
2292790292
2296912916
3358084181
3359163613
3373957261
3372917133
1225433485
1531618701
1540079500
1539947452
1598601644
1578678444
3726350477
3726548175
3592352990
3592311038
3591766398
2538995998
2496860990
2494640686
2226389550
2225341990
2225348118
2361141783
2359036439
2361920005
2286438981
2303326791
2321215303
2323313991
2331693383
2326508503
2327372535
2327372519
2323444453
2319237861
2318713829
2404893164
2371281116
2378555868
2378491224
2361719640
2353318488
2365971064
2366077801
2366003579
2379107663
2408497230
2408501470
2340942078
2346037486
2337576166
2337574375
2337769927
2606149575
2605098821
2605163349
2571608373
2571608100
2550657060
3087359020
3087276092
3087284253
2568370477
2568370797
2614495837
2595622605
2594440909
2326004429
2326008541
2341483501
2341478765
2307073389
2307075117
2311067701
2312112437
2379483445
2371111221
2237122933
2237110773
2245507511
2264242615
2264702390
2398916022
2390592694
2389548214
2385352886
2385352882
2351880658
2351856066
2351835458
2351835393
2351247152
2351185764
2351202036
2387898052
2324983493
2323934918
2392123870
2392107246
2383919150
2621409326
2620034078
2624230662
2628429057
2628297728
2628297776
2620949728
2553857184
3627685024
3694801824
3744342688
3202750128
3198553732
3199208132
2666560004
2658200372
2591091484
2616257340
2612031277
2612224523
2612478730
2578924330
2582970862
2581856686
2581873078
2607141014
3677664414
4195662031
4194609356
2047649800
2047780872
2047784968
2053015592
2052768825
2119745738
2115526794
2114461866
2081042858
1948123822
1960709806
1956514462
1955924623
1957964437
1957981764
1962209036
1952498956
3563124029
3579965757
3581079871
3748853551
3755147055
3755073134
3738233438
3734040270
3734302670
3755407247
2648101311
2625013231
2625078631
2620886325
3179067669
3212617989
4269583620
4278103300
4268658949
4264460309
4264542247
4012437543
3962138854
3963225238
3896118670
3900259231
3908577967
3975686829
3969412780
3990386316
3982288461
3981763085
3983861263
3992299374
3987975534
2914241646
2782125126
3208869062
3208798406
4149358711
4149612589
4118217004
4109697324
4106171196
4106172168
4110366984
4101863704
4097636649
4113365321
4146895307
1986889610
1986888346
4134376090
4134384315
4151620267
4118066091
3044468207
3025595759
4118162815
4151655775
4134813535
4268172911
2129015406
2129003503
2128937463
2113736775
2097098775
2088252463
1014553725
1014541645
1012447557
752659271
677228115
676173363
940028467
2081927731
2081600035
1813156402
4010968338
3994266738
3997403362
4005791906
2793900450
2793791159
2797979269
2798569093
2790184700
2942100844
2944203820
2910713916
2893995036
2892946460
2758792252
3845084285
3979284685
4282134671
4265345446
2130584486
2126381998
2126448382
1991581278
2011507214
1978018319
1952901647
1424403981
1424328205
1961137695
2096412399
2104799918
2138866602
4285842346
4151706298
4151718842
2004230638
1970676079
1968451883
2001999113
1465132040
374610952
383059992
383178777
383162425
1456905243
315924555
307527883
320241867
269914251
337023439
339122511
875993893
1970702628
1744148772
1727309860
3866403892
3861225476
3878073092
3828253188
3828269796
2888791780
2888646244
2892775012
2762751589
2762751590
2712412030
2745972078
2729193582
2729193726
2997620894
2997686430
3014488218
2985227402
3022957706
3024006283
3021905051
2954792331
2953088394
2957287306
3033972474
3033968363
3027693423
3026517311
3026580799
3043423295
3051770975
3085325773
3069523348
3061137332
4130676644
4134995620
4134668196
4143125424
1995514304
1433411920
1415581713
1545613571
1277370626
207779090
216160002
213120258
211023106
210867202
227777555
1339202561
1316133952
1580371140
1580699012
1580567988
3728062373
3732730791
3715953406
3707720446
3707724334
3707593262
2633769518
3169609518
3165414702
3182230895
3183336953
3217005960
4283747720
4279551896
4194584248
4195563481
4195495417
2068983083
2071014447
2079339583
4193341469
4189311037
4222791700
3683758084
1540403204
1531224336
1497870608
1548137745
3704020337
3703987681
3696631264
2484473312
2486570885
2474516101
2457230981
2465683079
2461320846
2461320878
2461312682
3082069418
3048506602
3051717866
3076953179
3072762889
3072763144
3072763660
3072762380
3055985180
4151747116
3881075501
2790582077
2790776077
2803300701
2805914077
2810104021
2742994165
2742010005
2809122957
2775409039
2691637663
3765380014
2699902894
2699823535
2699827629
2699311612
2959354188
2984717644
2717249308
2746582572
2746720796
2813829644
2796855821
2797380134
2793186086
2788721510
2805711782
2805600678
2772055982
2905226686
2918062494
2913798302
2913736862
2913757390
2918049870
2893999374
2902373135
3187585549
3183321644
2952586028
2944196909
2939449645
2939617325
2939552879
2851484730
2851487002
3119917322
3094685962
4164233994
4164295498
4185264090
4189918619
2042114505
2075656328
2075705496
2076086440
4227702952
4197753320
2048172537
2048296267
2047981323
2046928650
2130951994
2097340202
2102580538
4233254250
4233347306
4109681066
4109758891
4109686667
4124362633
4124952201
4158564056
4158580472
3076441692
3078473308
3073758812
3040302973
3044427645
3044427135
4160050687
4143215866
4143281402
4143404282
4143437023
4143440095
4151828701
4118270301
4101489948
4118140732
4118148668
4118144573
4118242941
4118181471
4118239231
4126492158
4107650494
4107654302
4124439710
4124439006
4118082046
4118077935
4147241839
4147242815
3878942495
3878870799
3883126591
2817652519
2784028462
2784322366
3044504334
3178632014
3178628446
3044478318
3052740079
3050585597
3050647517
3050645324
3046586188
3214365964
3218429244
2681525292
2639590444
2505958717
2506089757
3051222877
3050952445
3046737581
3046745773
3050874543
3042506671
3042489790
3038295230
3072176302
3072177390
2788684894
2788615246
2805396751
2776028989
2759259693
2767672893
2759086621
2754901581
2754897497
2771877755
2809583979
2799160426
3868576858
3868545098
3889455115
3881066506
3843371098
3843493994
3843429738
3830914923
2765494825
3046525496
3046595080
3046436360
3045910024
3083641352
3075314188
3075392028
3084579453
3084415726
3086500270
3051880618
3043569850
3074045130
4112133322
4111085002
4111150554
1967865082
1909394650
1909327050
1942963338
1942869194
1927197947
1927197739
1667146779
1935442971
4045186362
4032736826
4031688250
4031609386
4077653546
2467038778
2454651706
2475557226
2426282350
2428379622
2428252662
2226918849
2231111104
2218051776
3474380992
3457579200
3456510144
1313221824
1313160672
1308964576
1308980896
252040880
520140436
503363204
503361428
503495060
503486868
2114099604
2114033844
4261517460
4228029380
4228029956
3561145860
3566339621
2494576166
2426676774
2426676774
2426413350
2443444262
2444492982
2441442462
2475158671
2479335564
2449909900
2466678852
2466679044
3004087044
2970528260
2978983452
2711532092
2711532068
2715722277
2702758631
2702721703
2736260774
2738425510
2741705142
2745899158
2745907350
2746104006
3019778246
3019779270
2471898182
2479107078
3284151302
3250588678
3246525446
3246533910
3229757238
3229757222
3229711905
3229638240
3233861488
3242495344
3271919856
3255212240
3255220416
3255216320
1107798465
1107795922
1111983842
1384547042
1401336818
1401332214
1367859702
1372061148
1422360028
1413888988
1409694428
1409752796
1409636244
1409578996
1543823844
1413513573
1417904151
1434620165
1468179725
1451421452
1183017500
1120016925
1388452415
1388448302
1381239338
1389626730
1390149738
1384907002
311169114
307040329
319631449
319648044
51361076
319665428
319665524
827101668
810324468
827167156
827170455
1363516054
1363524246
1392884406
1376254646
4061067910
4149149086
3050218670
3046089966
3045700863
3028852188
2760419852
2773002764
2769862172
2736381468
3810164268
3810148140
3810200621
3814525989
3823044725
1674516565
1666062533
587606085
591607877
591531365
562181478
830678998
276899782
1350574786
1082142402
1149270722
3296787154
3296778994
3296844402
3347177074
3464925762
3464934342
3465454534
2391581095
2391318949
2370342052
2216200356
2216200324
2218428612
3308955845
3241846855
3275402310
3271471110
3535699974
3264577590
3264532515
3327451171
3323322407
3340136471
3692432709
3692431941
3705014868
3699841644
3699653228
3632540220
3637257740
3628888588
2286502236
2303353340
2303418605
2345165230
2328421806
2320031150
2320039870
2336882590
2303459214
2370502606
2362105806
2357895007
2643181423
2648551213
2682101037
2656668981
3732638836
3598423124
3596203028
4128810001
1981326385
1981800481
1981740067
1964921891
1883112530
1886784962
1349984131
1358372499
1356144291
1356144290
1350835938
1350843986
3246730754
3281333762
3264704002
3264605714
3331718706
3331700530
2256835954
2261026275
2277803233
2235860192
2219170976
2219048176
2219015392
2353100835
2370000946
2403744050
2388011570
2388078130
2396910098
2396963330
2644411073
2631697056
2630132388
2621738660
2617547188
2617751732
2617686196
3037112529
3037128771
3038182402
2973156402
2976174114
3018088482
3018285090
3002486803
3002483009
3000369489
4065661809
3544453409
3510894901
3494121781
3494127911
3503045439
3570211391
3570358911
3587177055
4137663053
4137256524
4273570380
4277764892
3996693028
3996688932
3996688932
3980043780
3963268612
3962227220
3828107620
2754369636
2783737956
2779568228
2762932068
2762931776
2762931777
2767191747
2758581986
2758580966
2758597606
2804734326
2804742486
2939091326
2939091302
2939058550
2943171014
2909552006
2909552022
2892641190
2901029810
2897154450
3970699414
3970707606
3970183326
4104596670
3568773198
3566610446
3302369294
3319212302
3352689167
2258097673
2257961481
2258404152
2257355048
2257355048
2257355112
2257356392
2278330092
2252704493
2248514297
2248645339
2382806731
2382823131
2386849786
2411998714
2412194138
2403743866
2235959402
2244349039
2241201407
2174091471
2174165135
2157195711
2163491239
2163524543
2155205631
2154166143
2154150202
2149951802
2151000378
2151524667
2468256011
2455673609
2999887368
2999820808
2991362600
2987164200
2986902056
2987148908
3004108389
3005156967
3006072934
2980845654
2980919414
2444049526
2444049526
2444047430
2175743054
2154722638
2155773823
2155837823
2161997951
2160949375
2160949343
2169313615
2204055887
2187277647
2187227213
2195615869
2195682413
2195577965
2212288621
2170345597
2169346141
2165307727
2165308495
2203024479
2203024487
2211396967
2211387751
2211388263
2211265367
2211199575
2211199607
2211265143
2211265111
2211265367
2211314519
2211232215
2211756503
2169878999
2169878935
2169878935
2168961687
2471475861
2471475893
2534251189
2534251189
2535316149
2535358381
2537434351
2670603311
3211671599
2649700415
2632525839
2566531087
2562338607
2293894765
2293763661
2293765705
2297964233
2306354904
2300141417
2304461177
2304469321
2312726859
2312759803
2346293739
2348518891
2415625627
2411438987
2411438751
2382148269
2373223085
2350941933
2351013439
2351159871
2367826462
2301766414
2333289486
2597528590
2592330778
2592592910
2324601934
2341046390
2304280679
2285407329
2284488001
2284562368
2301354944
2636801920
2670346112
2674544513
2682932145
2678575009
2679429025
2650055585
3176440821
3172246525
3172239117
3172249101
3172248095
3207985710
3208044334
3191227694
3195404590
3195469886
3220439134
3704889439
3705087253
3705023764
3705028368
3428257536
3436530945
3704921089
3722292225
3739139139
1449036995
1451132035
1451132307
1450087057
1446949553
1446994593
1983652517
1983653284
1983655076
1945906412
1941724396
1908366540
1912530124
1902085452
1934988636
1935062285
1937159439
1932969239
1932904230
1902638702
1902597887
4041627391
4038547167
4105504445
4107536301
2513709036
2505322349
2505326397
2648120863
2650152462
2641763854
3455524630
3367449910
3367837750
3366461494
2292772902
2309525551
2301133037
2301133197
2301144461
2569644941
2569644687
2569644750
2582379230
2582313582
2579166766
2579165486
3149578350
3149431022
3153625310
3211305165
3207112136
4265328600
4282047096
4013578808
4013570616
4013633048
1832527384
1681531672
1685979416
1692139803
1691107578
1686949050
1686931642
1955109018
4253587594
4288519306
4290678922
4290687370
4294877595
4284408234
3206406638
3206534639
3172913647
3179201871
3044984655
3044931397
3044929525
3078488052
3078487525
3061186037
3061306837
3078019015
3044460375
3027681814
3026633238
3034829622
3034637606
3034637350
3051680806
3077882918
3212170263
3212240151
3212244789
3220622901
3187002903
3212107287
3212111639
3195399478
3195468854
2935395607
2935457047
2952107829
2910172724
2893526548
2889262932
2889348212
2889139428
2752791780
2769573028
2771793060
2775989408
2767589280
3837218481
3837222609
2763484867
2763351746
2767577410
2919096342
2944233526
2927449142
2927566134
4001185575
4017695269
4017633828
4026277500
4017894988
3982239436
3981779612
3981865660
3980808837
3980445319
3988841878
3988841718
3984653558
3850761335
3885415511
3889609799
2790706678
3057571182
3055474518
3055540054
3076376182
2807878190
2784846382
2780656430
3049083678
3053212943
3053249631
3051187453
3042933940
3177077941
3176533397
3176598933
3042391447
3050780055
3050583254
4124321014
4107543910
4042665319
4055244053
4055195412
4092876564
4084491540
1932812564
1916035348
1930916116
1930907956
1896153892
1900872236
1892614781
1892627065
1892513369
1892446169
1893530073
1425856715
1424984267
1424922762
1441701002
1433384330
1433253850
3580868602
3614353403
3605963629
3605439341
3605389692
4143239484
4134916156
4135055397
4130697319
4113851623
4097271782
1947655926
2102841078
2136329926
2119478855
2126817559
1854188565
1858446391
2119676951
2115432510
2048802878
2034106414
1748895230
1747848958
1760497326
1756184238
1755916006
1756897894
2025349971
2090393923
1012621761
1008223441
471362785
337279136
354048144
922404993
851102081
1925155200
1924959616
1924632000
1927714305
1994760721
1986306593
1998905895
1697407527
3827836454
3828037158
3974700326
3970452518
2829665526
2829645262
3908625870
3900239310
3900222958
3975711973
4240229476
3166584948
3170254916
3027640396
3038126412
3071752172
4131814376
4140260072
4135975643
4068797066
4068800154
4072981210
4061447034
4061447034
4130751322
4148060490
4114490634
4101915935
4105848191
4105949566
4105810266
4105744666
4244158234
4233672250
4233866810
4233883450
2082028574
2081954878
4229434470
4229434599
4235873445
3976119712
3971936944
4256674432
4271219328
4275413952
4265718016
3725717553
3725795363
3727892514
3732218914
3739487270
3752593702
3718908358
3706338702
3706333070
3437908943
3433793228
3703150300
3703094908
2650581544
2673650216
2652679736
2652812872
2656998089
2535244718
2501652910
2501640358
2484998310
2484998311
2490765473
2511737008
3583381824
3585503489
3568689923
3568610850
3567561250
3563362850
3492579874
3492384306
3493495298
3510235718
1933062855
1916273575
1916407975
1920603302
1924793526
1989809302
1989750918
1434985614
1418224782
1422519498
1146006798
1147054350
1147071758
1146615062
3572990230
3568800534
3586097958
3602747685
3602489716
3602550980
3060433092
3056309412
3056184804
2805574116
2772216620
2772285996
3846027821
3881696813
3860689471
3862893070
3862893326
3862761774
3996651566
1852310638
1856572670
1856642270
1823096262
2091527750
1018834498
347727682
345567681
345567392
270065824
1343799456
1343915152
1362820736
1383783040
1391118979
1386859202
1390992978
1382602534
3526943526
3526943014
3556503854
4038767399
3032135204
3030031924
3029961332
3155741396
2618875524
2501535360
2503615152
2541290147
2541486754
3061055650
3069444262
3064201382
2527558806
2527488197
3601262597
3597133828
3324377876
1177016852
1445905925
3597550087
3605774902
3735666978
3739807778
3731464226
3710551490
3693791107
3694888579
3699086993
3707477745
3703151329
4239964512
4244154400
3170413665
3195577569
3189416129
4129214595
4129177730
4129228178
4078902694
4049419174
2965191334
2965183151
2965125775
2495360717
2499551756
2508026396
2541507116
2533147173
2527642407
2528682286
2528682030
3069754414
3078129710
3174729822
4248475663
4248479757
4013599756
3996689432
1715003416
1715102744
1715078265
1731792303
1685719983
1694108334
1694121615
1692344973
1692148365
1959011261
1971594157
4152639980
1988379468
1938089549
2005184077
1468329679
1473768431
1461071342
1428033006
1413350878
1413367118
1412350230
1953493270
1953276678
1961666310
1978510942
1995410119
1988070023
1981656725
1981671093
1981506229
1983582637
1735983341
1709703405
1693189357
1961700589
1962224892
1961958748
1978752268
2008145676
1469089292
1452323340
1452319516
1452319548
3599872831
3532829694
3537278894
3525217710
4061842862
3004877246
4047174030
4029344142
4029411210
4029408907
4033868425
4033696505
2959885033
2959397737
2984633641
2967862573
2963602751
2980363550
2980363550
2980558654
2964235054
3052319278
3044004414
2771239743
2754400063
2772425021
2772367661
2776623481
2818145243
2790817738
3059226570
3055026634
3055223034
2988142702
3053023278
3032404031
3032412428
3032409612
3032333900
3036453628
3023866532
3073674148
3057047972
3057057188
3059144085
2790707655
2799100759
2799035175
2790581031
2809458999
2809525527
2809582877
2943809405
2943868909
2941636589
2907987965
2908061661
2908056927
2916443455
2916369455
2916373567
2916447263
2908185614
2907860318
2907860334
2916306799
2906738559
2906742607
2906678863
2889902031
2890033135
2898447855
2898382319
2910903743
2948627871
2948621711
2873124237
3909236621
3909236205
3896653292
3906012524
2899381564
2899336477
2899373839
2916148751
2916132382
2915088366
2915080174
2948634558
2948700094
2948849054
2940403102
2940401838
2807232751
2809318447
2808515645
2808513805
2808455948
2808455692
2791745052
2789119532
2793262892
2791165228
2791169340
2808077597
2808012047
2807979295
2810135934
2810010990
2773841406
2773972446
2782291422
2782287838
2782349310
2778027903
2811524447
2815749407
