1105279998
3287431470
3285334318
3281135646
2190484510
2189497374
2206273566
2206208318
2172912942
2177109806
2160332606
2160855870
2160876350
2173458726
2177653111
2177751383
2178799957
2203965813
2206161237
2205112661
2172614999
2172615510
2170518374
2177858406
2177727335
2169338741
2170386756
2172483908
3321747780
3454900564
3454909940
3446521252
3408772516
3408770477
3408772527
3391994254
1244511118
1248697222
1252374966
1253423542
3400973718
3417486791
3386025461
3377497460
3627460564
2551623620
2551623492
2555812676
2572458484
2572462564
2572527716
3105815652
3175009589
3175009573
3179169572
3187627812
3187435045
3116168805
3116160608
3119831012
3142901716
3138706757
3138775367
3122065203
3122062887
3142735382
3109160454
3109109254
4182780470
4182784294
4183033895
4191422511
2076182588
2076652557
2043027469
956706829
1027997740
1007949101
1014770949
754190598
627964279
627964279
627964279
627964279
627964279
627964279
627964279
627964279
627964279
627964279
627964279
627964279
627964279
627964279
627964279
627964279
627964279
627964279
627964279
627964279
627964279
627964279
627964279
627964279
627964279
627964279
627964279
627964279
627964279
627964279
627964279
627964279
627964279
627964279
627964279
627964279
627964279
627964279
627964279
627964279
627964279
627964279
627964279
627964279
627947895
627948919
627948981
627945909
661500341
644723127
644723647
644722878
908440766
908441790
1998960886
1948629110
1949759574
4030134614
4043238359
4037005013
4037002884
4087267972
4072657540
4076720852
4068233828
4061934124
4129039149
1981030443
1997808682
1683306538
1691748410
1840662538
2126432458
2126039178
1051231370
1047036298
2116587930
1814737306
1814995962
3966673642
3976111979
3969756008
3968641640
3972853368
3976487496
4010017480
3976594168
3826135784
3839764457
3837004014
3837004030
3837004030
3851688158
3848105166
4145012942
4111392910
4115063174
1975927734
2110064358
2101611046
1560545830
2101836342
2111762199
2107286548
2109383700
4189750276
4185492484
3675819060
3675825188
3659259904
3675922432
3675919108
3705274916
2627600999
2627554022
3163835054
2495400622
2549926814
2519435662
2519389582
3593105806
3593089935
3525850029
3509068204
4033356200
4033424808
4033439928
1911060621
1902696589
1399638159
326027407
322854030
288828590
355738855
343291381
350368340
346223152
1420988960
1425048112
1416667664
1466999568
1450222864
1448328465
1448254787
1444055506
3591543778
3591568354
3593652722
2469809426
2439987474
2431385906
2427199762
2427199763
2427334948
2427128100
2515011876
2238187796
2272209164
2255383308
2532309532
2544665100
2511110860
2511110824
2444006057
2481762990
2457633454
2453443254
2990453494
2990469486
2989478958
2989422634
2989418522
2691622922
2691623242
2758736586
3832466122
3840722634
3836002474
2762264810
2896457966
2892247278
2888048727
4164299847
4181077365
4227216997
2059339317
2057896501
2041057813
2095583813
1546150597
1547431573
1547233925
1551411853
475573133
507172237
372904397
371851532
304742681
846136105
853877289
870592041
833891019
867437195
318000011
315902363
315968905
318230665
40366217
40366267
41349547
41345514
57057594
31886606
10926094
11331630
78407726
82667823
342784285
338562637
339609172
336863860
341074476
341074476
860971576
844321545
303288601
303154489
324066617
289458555
1346423099
1354877195
1086753547
1083607627
1153428187
1169745579
1186489019
1186661003
1186857611
1190003115
1177301163
1177297067
1194074367
70115535
338534607
338665671
876589391
880651551
620595487
553486621
1626314757
1650886661
1646434308
1646440452
3793911812
4129374245
4130546529
4113703457
4095869473
4108586529
4238608929
4238616913
3215403459
2661689539
2661693634
2388740290
2385595618
2383429090
2387617762
2412847846
2408657654
2273391350
2273326838
2239774694
2245009378
2236813266
2219970370
2228376899
2228315507
2230347105
2230381921
2230377825
2247347152
2271398720
2204326480
2201041424
2201041424
2201041456
2201168673
2178033969
2173839619
2173050115
2172980499
2206469411
2210663715
2210662695
2211191079
3276544295
3276540215
3243051349
1074731349
1074739524
866628
883060
817476
20740420
355227973
627964279
627964279
627964279
627964279
627964279
627964279
627964279
627964279
627964279
627964279
627964279
627964279
627964279
627964279
627964279
627964279
627964279
627964279
627964279
627964279
627964279
627964279
627964279
627964279
627964279
627964279
627964279
627964279
627964279
627964279
627964279
627964279
627964279
627964279
627964279
627964279
627964279
627964279
627964279
627964279
627964279
627964279
627964279
627964279
627964279
627964279
627964279
627964279
627964279
627964279
627964279
627964279
627964279
627964279
627964279
627964279
627964279
627964279
627964279
627964279
627964279
627964279
627964279
627964279
627964279
627964279
627964279
627964279
627964279
627964279
627964279
627964279
627964279
627964279
627964279
627964279
627964279
627964279
627964279
627964279
627964279
627964279
627964279
627947895
896383351
359513589
359510519
74297779
74297778
342733746
342733490
342733490
1433255606
1475197622
1457896374
3606493574
3596007879
3591810511
2517995357
3074205500
3044337452
3034969896
3036010280
3035977516
2490635580
2490642708
2488545552
2497130848
2495754593
3569430817
3300921633
3293904913
3296067585
3303432193
3316047875
1168608514
1134856470
3538717542
3526138598
3526146734
3593256590
4130117258
4130112139
3056439993
3056579243
3060785899
3070091626
3070030122
3070029882
3086868522
3053380666
3170788383
3170792463
3168752927
3168557039
3176953839
3210498543
3193786807
3210694790
3219058822
3177112726
3177114807
3171875287
3171854791
3171855173
3210194437
3218444821
3201683989
3195327285
3193197349
3205789541
3210046821
3075964263
3049604455
3045410167
3078963543
3079131479
3062227063
3066356983
3057968375
3070551221
3037656213
3020838277
3025027975
3034464918
3034399422
4108088062
3033818750
3044306734
3077859626
3061172538
3061307659
3061180745
3061116248
3075797848
3042300744
3042341448
3042333561
3050713963
2513780014
2515802414
2516322350
2508003350
2508139846
2508153158
2541408582
2549793223
2545587141
2543424212
2543362788
2505614052
3038293740
3040475884
3040607212
3039549932
3043936637
2976829277
3010450189
3076837901
3085234717
3052725037
3044369197
3044421997
3021342045
3025536463
3159827678
3168543982
3166442734
3036415230
3170835662
3160292558
2631280846
2631346638
2631215582
2647949310
2681493374
2656310030
2522166030
2531205406
2258592046
2527064111
2529023277
2277006716
2247645644
3340257740
3256568268
3258603596
3258612812
3256569964
1377357933
1377407189
1377538501
1360704389
1343922823
1411032775
1413189319
1416202975
1424616303
1961683247
4106020911
4156320815
4143713391
4135392511
4129235391
4280103311
2099196831
2085557935
2085430958
2093756086
1556885239
1574776439
1539194629
1538002180
1538002196
1542208820
468548916
426704144
1500443920
1480192816
1480106784
1499050864
1498059216
1498124689
1531491491
1531493539
3678968038
3655047270
3652884582
3652889622
4187661574
4259218694
4249650455
4279027495
4279031333
4279199269
4228784679
4161679927
2013860375
2014851590
1477976406
1490556030
1486358638
429590622
446306383
446310415
182081549
175686925
171491613
439931709
437908281
436855592
973660972
994632492
961051493
952654461
952720125
969607933
969554911
994720735
994655582
994590038
994589814
994606199
1003093111
969522293
969521492
969522004
952744788
952744528
701217520
1774959344
1758116576
3905665760
3897146096
3909860080
2836110048
2836111072
2836111073
2836125346
2836124322
2840281762
2840135586
2841183650
2883128486
2881162422
2931427478
2931427478
4273617038
4143589519
4133103757
4128909453
1981426829
1983392927
2000167358
1970828270
1962562286
1421529726
1421627918
1354515975
1372868151
1465732646
1444814630
1449010487
1180573975
1325281551
1304298253
1153304328
1153306120
79432232
83638824
1146890536
1411180904
1461511369
1461497995
1360822410
1075675578
1075614122
1079804334
1079823790
1088379814
1369336502
1386146454
1388244613
3535725461
3534520740
3530072292
3525881900
3525881916
3525877772
1361896453
1345190917
1349410581
1357788725
1353594405
1420756535
1423716919
1155343111
1163809542
1163903750
1163691782
1423738654
3570244959
3567171935
3571366365
3722291708
3747196860
2671359884
2654569100
2653520628
3194716900
3204444901
3204309990
3204211190
3195822230
3195818150
3193914534
3212725414
3086928055
3053447573
3036213188
3036214980
3036193476
3044581957
3044794967
3040539174
3040544038
4113041446
4146595878
4067170342
4067309590
1928215557
1927951364
1927938820
1392181836
1366913788
1348003580
1346957020
1355325397
1355324903
1372108007
1380761826
1380237394
1392853186
1359368690
1409692630
1423320006
1560161990
1556024006
1421675511
1421613991
1423714733
1465657741
1449084813
1457504909
1457504925
1381880509
1447862959
1448911855
1448911214
1985323054
1988071486
1937014798
1898288142
1898429454
1882126366
1949202703
1887312143
1912213277
1945702009
1945644777
1995976425
2004362921
2004379323
1962432186
3573072606
3572482766
3565060686
4101935910
3589644582
2543101222
3079964439
3079120501
3079054068
3074859668
3037127324
2500252349
2533740461
3075754473
3084155371
3052829151
3052354014
2439777502
2439779550
3010220239
3010384095
3010383997
2976817213
3781592076
3781606924
3764890124
3760499228
3761548861
3778342415
3776192207
3810265006
3797681326
3803972782
3803518126
1656172702
1672880271
1907499215
1894916415
1358045999
1348494879
1356918543
284211983
275818766
1347594511
1397922127
1380093765
1380353604
3528884740
3528950308
3530859300
4147421984
3042238752
3042365744
3050763056
3050759011
3053273826
3044807394
4117706690
4113436098
4117712114
4125886690
4125886690
2011962546
2003577987
1999449219
1462117505
1428563073
1428559489
1415988883
1957152483
1973736998
1973724710
4154764838
4154764583
4133993511
4129723425
4131292208
4131307520
4129214720
4145955089
1964917043
2082420067
2082352610
1952057842
1959463378
1956191155
1436106641
1452881792
1459300224
1450907520
1181681072
3329047968
3337432545
3337432547
3334412146
3317433202
3300676434
3299664454
3299848902
3299316454
3303323623
3291787237
3291787237
3558125508
3558125508
3574902740
3573858293
4116156341
4158558103
4087254918
4087281542
4093638326
4085043878
4080824998
4045152998
4047315670
1898258710
1935937575
1940157479
4071085109
4071027716
4071007236
4075201804
4067923468
4080436764
4079388184
4045725304
4045680312
4045741739
4033285546
4043048106
4038852778
4036956314
4036894858
4053721162
4055885066
4058885914
3505171226
2431429402
2506406686
3043794206
3044839710
3086844222
3086926126
3183399278
3183407462
3170890086
3162332499
3157088593
3157253072
3175021264
3212765904
3204378560
3204445568
3195916417
4269330675
4281921763
4248379634
4231934402
4229838786
4231937650
4244445730
3165395494
2644777510
2661628422
2661625350
2661627662
2393955662
2393935342
2396302575
2664735997
2656351436
2652209292
2652352940
2652283564
2636051108
2619273908
2622907028
3696717556
3696520164
3698653284
3748976676
3598043189
3593459717
3593397255
3593388039
3727311111
3727311125
3748291429
3707446112
3702208480
3702202356
3702066132
2632453076
2628275173
2628319653
2645093799
2666114494
2666114494
2657990111
2654975967
2656481813
2673320501
2639311412
3178280468
3174084149
3173379877
3173513504
3179269153
3179203585
3179172929
3179168961
3178911107
3170579890
3036233122
3036165538
4101780898
4118548898
4152299922
4135481798
4143375686
4143445254
1995766791
1987374117
1983179813
1983341629
2000032013
1949697805
1949697547
1415448111
1356668525
1352415980
1354513388
1354251676
1354237324
1085817220
1085985412
1085993616
1151001312
3301499873
3293112163
3305934179
3339619651
3326531010
3470194114
3465720770
3465777618
3671097826
2587927970
2587930086
4215318726
4223772743
4223907893
4198668341
3926300677
3927350277
3927356421
3927347223
3994452087
3944120806
3910649830
3981827814
3989863150
3989863086
3981515438
3964746374
3960549254
3960483250
3962576034
4243590370
2092109042
2092048146
1555174914
1572025858
1303389699
1337058881
1330828737
1330877841
1330888081
1329846705
1296554387
1296554451
1297602899
3304442146
3303341858
3320112674
3345277490
3345478146
3345372738
3345354690
3345419730
3346082274
3320920290
3320921186
3299947554
3299882258
3299878162
3234866979
3234873123
3226802946
3243641602
3239446786
3277195538
3277130018
3352567074
3331597602
3331597586
3331811074
3336431379
3353138977
3309883168
3293089120
3293099360
3293094240
3288965600
3289096592
3289031552
3310003584
3310005648
1196079508
1179359636
1179621780
1175453076
1460596692
1465837316
1465901629
1467347501
1467278125
3581206828
3562513180
3495343628
1346752012
1342458428
1342192173
1342454335
1363556926
1405512734
1385611358
1388167390
1386918078
1381671071
1917493397
1917363381
1917354149
839680165
839839999
839807134
823009454
1880498346
1880499626
1886785178
1888684746
1888553722
1888492154
1351625226
1367354890
1406416394
1456878346
1184244506
1184236335
1200949039
1200373029
1170483505
1157900544
84359424
84352256
84215040
84280592
117833984
117843201
117847297
118885633
125241603
124209491
124602707
99441011
99449203
99441010
99481970
133167474
267368786
267360722
233150962
233150962
233150962
233159667
233159667
493333105
1562880593
2099747409
2082966129
1814534755
3827809123
3827805155
3844468643
3777314465
3814989473
3798212257
3806599073
3798209969
3824431282
3820232866
3820237986
1671836786
1638280198
1638885638
1638722310
1906883078
1906940445
2011733564
1731763752
1731757864
1847117608
1847248232
1847492712
1860075641
1855960189
1860015231
1784462415
1780004879
1780389951
1784588335
1784589423
1784603847
1780408455
1796722821
1830240423
1813344679
1812279974
1816474278
1825912510
1825914558
3970972334
3969923758
3835701967
3836046157
2779114253
3081043740
3081020956
3085738552
3077354044
3073372717
3073036847
3077206831
3077386534
3078362214
3044871398
3042839702
4116056198
4115011974
4115086742
4157044182
4157990214
3755270150
2673665046
2642207798
2625633574
2633947430
2644433702
2644074038
2610435606
2597852679
2589524597
2606301925
3679982565
3648787685
4185132277
3648457877
3675674759
3674597574
3674531910
3674536054
3641039350
3645308918
2576285686
2643130087
2375796453
2409201396
2409135844
2415417956
2272807460
2271857188
2280386404
2242506084
2494162372
2225845380
2229898677
2222770599
2218543974
2217482790
2217687574
2235443974
2239637782
2277325862
2276982822
2260414670
2260283534
2260217997
3471327372
3458777228
3458856076
3458856392
1329331464
1279159563
1277061898
1281260298
1285482762
1285400954
1285339631
1285340604
1302102412
1339916684
1578008972
1577488780
1577497476
1444324292
1461117797
1463034663
1441866542
1425412910
1425408299
1425345851
1425291545
1416919049
1412823305
1412798793
1429707209
1467319753
1450476361
1458929945
1459065132
1459073324
1448468780
1460936805
1360276901
1360411063
1364605319
1375603590
1371474566
1370297990
1370235550
1407509438
1407508910
1399103978
1399103786
1365288766
1344314942
270596646
270547494
270941750
6698291
10883105
27656241
61747200
65934336
58592256
35637312
51153377
51166643
21988738
1129219462
1406046598
1405989030
3620511974
3616317486
4153180206
4153249838
4153057563
4120552233
4261062441
4252553000
4248423224
4248463704
4112132552
4147789000
4080931977
1920926875
1929184443
1945975962
1946103178
1371422602
280892059
1353585325
1352929964
1357140604
1344594492
1344578092
1344579116
1881451052
1906620956
1923529228
1923529229
4066806351
4062480014
4062479022
4063019694
4079833518
4084080878
4058652902
4054524147
4054528209
1911165121
1911164993
1407856688
1407919408
1382624004
1382627845
1399413253
1350392357
1358720549
1358722599
1358722807
1358722999
1373390247
1121928369
1121862800
3269379200
3261003072
3260982544
3263013168
3556549392
3518866176
3518989843
3552413218
2526584614
2522389798
2518191462
3055193302
3071986822
3038669958
4101925270
4110359462
4110229414
4109697974
4101247894
4101251990
4096795110
1953702178
1415783714
1558194450
1558194946
1470114566
1453734662
1454259970
1185563074
1319813523
1336467877
1290330533
1281941925
1278797292
1278798196
1278994452
1295968260
1568139284
1568000309
1441974039
1471332871
1471333062
1452393362
1456530850
1447062946
1379953059
3527867824
4081505712
4082533344
4085088804
4046230068
4029456908
1886171661
1617729087
3773807151
3773741357
3782121517
3798960173
3793651917
3795760269
3795771533
3794456717
3861529023
1718244270
3886643111
3886579559
3870832931
1727801603
1713122563
1646144962
1916419986
1933184690
1936328322
1911227010
1890255490
1890136754
1890068134
1890069238
1890069278
1890068783
4041762861
3504924713
3534740488
3534419212
3538547460
3261645317
3327705633
1187594787
3335140898
3465165618
3486398562
3361614050
3357419714
3359508674
3359529154
3370116546
3364676194
3364676198
3381191526
3414750318
3414816814
2337851430
2333657158
2369374406
3443189895
3430591877
3434784404
3300561588
3299377812
3572007572
3564667540
3493365396
3492450020
4029324068
2955520293
2972297222
3005921286
2993331207
2989151239
2989113349
2452291893
2523410983
2528059942
2527993382
2544634662
2477541670
2448214038
2473511942
2473501702
2481627141
2477432836
2481581332
2535995684
2233994021
2234190375
2235174438
2230989334
2224697910
3231191842
3233288546
3233288353
3236437120
3223910528
1076410496
1143576960
1194245504
1177462144
1177461120
1177453441
1450018674
1457823522
1457827618
1449454370
1466198306
3613817142
3622197366
3535162615
3535162513
4088811904
4088582784
1911603876
1899029156
1899033320
1899024952
1899029800
1931536426
1998645290
1969346602
4125591610
4108765194
4100441098
4234428682
4242817354
4255531499
4256621033
4256326636
3752880124
3754979316
3746619284
3746625428
3708941236
3707957684
3691238869
3695234517
3712019797
4258392421
4292012327
4275198294
4268969302
4266679766
4266685686
4266882302
4283659518
4283528446
4249908702
4249908670
4241586111
4258494399
4124270527
3612416911
3614448271
3597744799
1450388159
1475493533
1474508444
1407662028
1373901308
1357135980
1416414252
1412224012
1411687436
1428466956
1428593949
1596360975
2137426190
2130086174
2146826558
1543367726
1509941295
3648933949
3632152892
3632152892
3642749752
3645764216
3687642840
3683449544
3683105481
3649485515
3653671919
3691809262
3709635806
3711734990
1597931726
1580630238
1580642374
1584853063
1446428755
1446498547
1446473954
1446326498
1444163810
1465131426
1440032678
1419132598
1421233798
1420250759
1420156549
1419837061
3567316885
3572629429
3572559333
3580948455
3580915174
3623040374
3589477686
3571516470
3563062310
3563066422
3563332914
3571803954
3584484898
3618551329
3601698368
3601370816
3597242048
3593178576
3593125200
3727340656
3727402080
4265190497
4282033249
4261319761
4244538689
4244539201
4244604417
4243961361
4243911201
4235485735
3161744167
3157534502
3161921382
3160280550
3187477950
3220769166
3204126862
3199891855
3200220559
3200118239
3204245374
3204244254
3186418207
3035623999
2498679343
3035558429
3026737005
3044572652
3072854188
3057326252
3057334461
4148051085
4118164869
3581292935
3572696007
3572511543
3572523799
3572524853
3589596965
3723880245
3723949829
3723941647
3724445455
3722284895
3755249663
3737423871
3729038831
2655370665
3193300137
3193169081
3192112573
3208893885
3159521213
3159519903
3159569150
2630955758
2630955886
2633044270
2633236774
2650015014
2683577631
2684103965
2679974749
2684304380
2667338748
2656323996
3730103705
3725718681
3725848731
3725844635
3742621886
4279480510
4249073151
4249075551
4233346831
2085863183
4235443485
4117212477
4150705199
4150690879
4133995551
4268082239
4264674623
4281517887
4252161567
4260550175
4243834431
4241782319
4241778555
4250166779
4250342907
3176596971
3109494202
3109502970
4182974202
4191362682
3637583386
3637524234
3637519626
3633324314
3650154558
3684085791
3667367004
3667168476
3671895260
3659303068
3659438236
3659439516
3675707356
3642152916
3631629780
3698329060
1550855652
1548758452
1548828596
1548957364
1557213876
1553019541
1553019807
1553019294
1557140990
1280342382
1546713390
1550891790
1558227718
1554030086
1554158086
1575129614
1583514382
3660677422
3658522926
3658542126
3658578990
3662812271
3688240623
3654747629
3638376425
3638233081
3638054873
3654873032
3753437128
3740902856
1593504200
1580909000
1580926408
1597574584
1597717929
1566190507
1549417455
1171856863
1205343502
1190663438
1182352654
1182384446
1181262118
1189655398
1186567158
1169855430
3300558726
3299512005
3299576549
3295189536
3291015716
3442009636
3475726852
3463078156
3739926589
3740877869
3673707561
3671616619
3675809915
3625969739
3632197579
1493065353
1488340632
1488209576
1481697192
2014373800
2014369768
2014375896
2014375773
2031218463
2035545390
970191918
995382334
995376158
995376222
994524207
2077635885
2077636141
2046244397
2046123549
2043698701
961575437
943733517
968891165
968956733
969023277
969029421
969028908
960706045
960845197
960796045
1027909005
1061463453
524662175
1598535067
1606925758
1606859262
1606859038
3747019022
3312781630
3312847150
3321763118
3451785534
3434742046
3434742606
3367589845
3367530420
3371985828
3376171428
1261750716
1261619660
1511179724
1511170396
1515299188
2060493287
2068882663
2068888759
2047130806
2047192246
2047261878
2048310502
2052521446
2069290854
2046221951
2029518365
2029477468
2029214284
2020629084
2020883004
2064661292
2052266284
978786604
450313261
450182205
452736013
444358669
440233999
440070159
171634703
157991247
141214095
149669787
150587291
217966267
217966331
484241146
484241082
484241050
350088858
349034426
340580267
340586923
357351817
390940041
375346520
375221560
377301289
1467754795
1600941354
1567485194
1576978186
4259283802
4257842027
4253594155
4287144488
4288193148
4271481596
4275610284
4284019372
4279767725
4246419119
4246410414
4231597230
4118351086
4126870590
4125772814
1978330126
2011932687
2003409757
2004590557
2004588445
2000418745
1998443449
1730003865
1698154475
3849749803
3857100074
3840256318
3970215182
3986994958
3991187982
3984429582
3980317230
3978241903
4011474415
4015667365
4286187685
4025158837
4290450581
4290457733
2140676237
2107138511
2094589391
2086268278
2086386999
2015214903
2015210775
2031985943
3948324629
3948328756
3956711220
3952451092
3955531316
3947150900
2835660324
2835658284
2887168540
2887168557
2887696941
2771665453
2771125229
2775319469
2808873913
2808943497
2801735051
2935831690
2931566778
2931566762
2864527594
3938007162
4206509066
4206502922
4189724683
1488859931
1560224555
1484599851
1477775914
402985790
407122810
943726906
952115514
952152411
1010938185
1011200841
1006929753
1006930937
755862521
793742267
709802890
706653066
1779869578
1798754954
2066891418
2064782010
2064786090
2076320746
2055217646
2055220591
2055219311
2055219325
1518413917
1535260748
1501770824
1216491849
1220677961
1212305693
1212404009
1212190761
1220583467
1484825659
1484826651
1489017147
1526827898
1510185690
1577237198
1577238478
1979875791
1981202687
1981202669
2002186477
1951850748
1682366716
1682436349
1950668013
1946179821
1962953193
1996508075
1983974059
1992433322
2122520318
2105873102
1551966790
1552032598
1553097558
3700613954
3721582529
3738558400
3729062800
3729062832
1581501360
1582451328
1431711360
1414997652
1416958645
1886458791
1884304550
1909515430
1641065638
1673567422
1665178765
3812670668
3808472332
3843075596
3845373468
2804066860
2804058668
2804076076
2808503852
2951093804
2952005166
2851078638
2848981182
3897557178
3897757946
3906085082
1758670042
1753229386
696264714
700459018
700524554
969095178
969028618
968949771
968884506
1002565930
1002545450
734241067
734245243
700559707
692171227
692163579
692101103
687905263
687978671
721533183
721615087
704838895
1795323245
1799504685
1804780333
1804714813
1771108125
1766909199
1762716935
1762852295
1762843567
1808944047
1807748015
1799371679
1761618831
1761750670
692205246
679609966
680527662
682628398
682634254
699411470
967851022
967869454
949060631
952210775
952210901
943822813
943832829
675527389
943897309
956476103
956558070
2063760358
2063736166
2046956646
2051150966
2076316734
2072187958
2071999542
2038447430
1501642566
1501773638
1505976054
1505810150
1505801215
1539421133
1539551692
1535357436
2072032236
2076227576
2067838968
4211130328
3976436728
3976370536
3976370537
3976378715
3976367563
3842412505
3877033913
3877009336
2786476984
2792817080
2801074601
2796826797
2813604013
2817815801
2784392393
3857081549
3857147359
3890574687
3890607486
4159173998
4150775662
3882209054
3882217230
3882345998
3890738959
3891262221
3882864925
1735213373
1865155885
1832856893
1814964495
1814436622
1819150906
3971746362
3921436442
1807271194
1788396570
1788403738
1792598042
2124128314
2124083240
2126135528
2121925804
1999112332
1948785548
1948924604
1881803452
1627261588
546643604
545547924
545302164
1623237588
1673560340
1669366788
1670491159
1657907254
1712564518
1712499238
1712491046
1711425046
1711411718
1711420166
1849688422
1842611366
1823345846
2091784582
2091785094
2024684166
1559051142
1558722966
1554527414
1571295398
1606144182
2142933150
2140709037
2140710380
2144906476
2131270780
2131268668
2097786908
1948184588
1948147724
1948135436
1612056367
1618872942
1623132782
1621953262
1940396686
1923624590
1923621519
1382630285
1383809981
1381511597
3511165863
3494388711
3503043367
3503112466
1352585474
1354686722
3502220561
3502021921
3552545012
3539896516
3527313540
3258828932
3257159092
3525652916
3525714940
3531481837
1405035247
3518767854
3501990886
3499943398
3504137702
3491530198
1344177606
1360962383
1396613645
1396626957
1395052045
1395083837
1395931694
1395927854
3614717998
3614735406
3539263518
3539779598
3535765582
3533340878
3600461966
3600458125
4137266596
4143495588
3862469028
2804517292
2804587356
2804590108
2804589084
2770919999
2754372158
2888639006
2888704542
2897096486
3165390183
3166438629
3216769220
3216777412
2684166340
3716100317
3699258589
3697163469
3705542861
3696679311
3696671183
1551285711
1551210255
1600161551
1457553711
1457889647
1449501935
1983242415
1981096111
1981092269
1997865901
1947677373
1960186541
1956053997
1957966653
1956965645
883206413
887400717
912439565
1042450701
2116192525
2116191244
2049017116
2050278701
1802625837
1750196781
1758544397
1757430365
1824547567
1866491623
1849781927
1715607203
1711408770
1979844226
838870418
843066534
847256742
847382710
864160910
298986638
282461318
284672471
283636599
279307071
279732541
279733020
279716408
284041752
275649048
271450648
271389240
275527208
279715624
279759145
1420593177
1420658889
1357748361
1362069896
1362075529
1399756425
1945023113
1924051611
1928258218
1928143530
1919689130
1932341418
1898262762
1629750510
1629560006
556936390
559089095
595804660
562160084
566289604
566275268
558935237
553683989
805356861
823640125
827769148
863936777
830383881
1902938681
1912379945
1909754413
4036336252
4036467405
4104107727
4158632653
4132876877
4135514655
4143866158
3606011942
3605803046
4134015010
1982332966
1982529542
1965686863
1412048457
1018038856
1017530952
480758344
413645384
430221897
443854649
443867179
441770026
977621034
974024746
437133354
437133354
441327626
440806670
172300618
155658698
138873678
1212615262
1216690798
1216687854
1284451998
1285164686
1285099149
1287130796
1282956716
1276669100
1326017676
252439692
218867149
203073295
69907991
82550289
78166544
78166800
82356496
338274768
1412139408
1463455104
1444590976
1379574144
1379828608
1379844833
1378412131
1915512355
1932289830
1902404902
1889957166
1889985855
1889989903
1906636045
1909775629
1929706877
1929706877
1914174845
1918301501
4065771805
4076749151
3547795807
1366766878
1365194014
1348287774
1155276086
1151154486
1151286066
1151286819
1153169009
3354966000
3329794960
3325600640
3325731712
3325723264
3324674704
3345732336
3580453601
3722978147
3722978598
2649237798
2649499950
2650609694
2407340043
3346348363
3344382409
3331667336
1184117641
1115960219
1116201387
1184145834
1179947178
1444184238
1463264462
1411819534
1948690446
1948690446
874875146
656705850
639929658
1849134346
1853265194
1784071467
1784079661
1784442125
1780296732
975059004
979245116
979240988
987634700
1004408076
1004473612
467473692
466435869
462372413
445586965
445405717
445442645
449637205
172878149
172947525
185518149
185518165
185583733
453888357
458095461
432925541
434105173
417319237
410896727
410896471
404617335
408791399
407759207
432860007
466413927
466413943
458221655
441079895
436934743
453580919
956905847
944388711
954075879
949881559
949816007
411859655
416050007
416049511
423913831
973367655
978282855
978221927
1003313767
952990295
415955527
415943495
415942983
457759079
440985959
440985959
440985959
441186679
457898951
416217799
416189383
415926735
432654591
457734383
453519599
453519599
956967023
944388991
952765023
411699791
411568735
411576959
428370543
445148015
440936567
436746359
437024887
403634679
407830151
416192135
411992711
411599511
411607718
411607726
432580270
424197806
1481226942
1481292438
1481309143
1489689461
1490962724
1507607860
1532784916
1518334213
1518269189
2053018311
2068615927
2030874278
2030873510
2017962406
2085009846
4232498566
4233545094
4228150662
4228134398
4111758702
4116003951
4154399853
4156431741
4156438476
3518845644
3502031548
2432492204
2423846573
2419646189
3510160751
3543974959
3530342439
3530485767
3547226118
3513655302
3492756535
3492694375
3497937383
3506326471
3554045831
3537236941
3604267981
1457307965
1450997037
1585196077
1585195053
1568417853
1551514655
1559893002
1023018250
1014580026
2088301098
2088280618
2105058842
2138613322
2121836495
2134421918
2134413758
4279865774
4115300782
4123689390
4153067502
3079602158
3079564271
3084675967
3076030287
3072030029
3038474701
3026022861
3026014684
4108212204
3567149036
3571391453
3587976157
3613141973
3592236501
3592361431
3529441751
3531538679
3539931383
3267310038
3351192962
3348508034
1205288850
1205194658
3344228258
3310741490
3312969026
3312968962
3295016210
3294934306
3294930722
2221385490
2229712386
2225505794
2226030339
2225898785
2242704673
2389493088
2385331664
2251249616
2250724304
2272687601
3321259505
3302255859
3570694370
3423922338
3423922338
3426155714
3426153666
3699294658
3757032275
3735679585
3735675488
3735610912
3739811424
2666053216
2674435681
2636687201
3158090547
3172835591
3206455558
3210653974
3067516215
4132949223
4132796647
4061468861
4061993117
4062054797
4068345228
4068410269
1928082365
1937535485
1886253373
1894241597
1894096141
1894033679
820291599
1902426135
1915141127
1915150341
1915142149
1916158005
1916207973
1937183332
821432884
347476485
347542022
351614486
83111206
83111206
81538358
81663750
77464078
79168014
129499661
111673928
44696408
44719960
116059128
103344616
237545963
103324074
103321018
103318970
371758010
384340922
330871738
295285674
277590953
277455848
810266088
806070764
807070124
807065996
856358796
839500684
844071821
839824269
839823757
839692717
576490607
603769135
569211199
837692189
837693199
829301519
288239903
270336230
269230306
269222130
4980850
12980514
8795954
9856514
1083633154
1102506498
1118219010
1190036738
1185907026
1185776471
1185714812
1186771564
3355223660
3564939884
3694963692
3694958828
4097673372
4101932172
4146495629
4129722509
4129722767
4129485743
4130497189
4130546341
3876595431
3847236335
1641032430
1636837802
1672755386
1656035466
850868362
850803850
852979851
844402939
846508345
1919189276
1919189308
1919197476
1915004708
1914996512
1916110384
4078863937
4045324995
4043236226
4039010210
4037887458
4104932838
4109131046
4117523462
4050480142
4079971342
1932491790
1933466638
1899645966
1903838303
1912210927
1910047727
1893208791
1415062231
1414013681
1414075105
1414202081
1422590705
1418330833
1419388881
1472097665
1455348165
1458489799
1181583830
1177848230
1446307238
1448403438
1448403326
1456959803
1457459497
1457262888
1457272104
1440557416
1425947640
1425939080
342755976
74320520
74194568
120325000
254034344
526401768
526639148
534962220
497279252
497148183
497083174
211837734
148992814
137500462
137830198
137632534
135543554
136063250
139213090
139140370
140116034
209322050
74056002
99504450
116289875
116347249
116388177
116389204
107985236
107854204
107854201
107788761
107788777
376216042
376282298
376352906
372158602
372158618
371896474
1579856026
1563095230
1416296110
1420491430
3568884390
3568888486
3566792342
3566789254
3617313175
3621437879
4133142949
4133347748
4131250604
4064269788
4064189772
1915202572
1931782428
1613015340
1613019436
1617878044
1617347596
1625702668
1617887500
1886197533
811939365
812072483
812981794
821313074
280236338
278200642
327418050
311181442
42778754
38700418
34511746
38705794
1121884802
1403951842
1370078818
3500713571
3501761377
3522732404
2472182084
2467989440
2466957264
2468274164
2539544420
2516533029
2516336485
2514758983
2514759503
2514823039
2498167663
2499084798
3027550718
3023368687
3023368557
4097291613
4111855372
4279561804
4279365212
4148319869
3611428446
3577938654
3561096186
3561160938
3570410730
3297776750
3432057950
1284713678
1301554255
1341416461
1312670732
1311736844
237669644
237743388
237611292
237742092
254721100
490636428
490176668
1563722156
1968214959
2105647790
2139267750
2139202214
4286886598
4158097158
4147547446
4146522167
4146554909
4146472988
4150659116
4160096748
4154199980
4154205853
4087095949
4057735823
3495715583
3495781103
3495916398
3504161070
3523002686
3522485306
3522476314
3514153230
3577592654
3575642702
3575569998
3575273230
3564781830
3697868822
3697881122
3697942562
1558847523
1554654465
1571425024
1538853632
1526274560
440076864
1513687616
1245251553
1513624487
1515725222
1490837678
1489555630
415809710
478724334
210626009
1284368729
1284434809
1302264525
1308547789
1294913485
1193591755
1193591259
1182056937
1184158185
1186363352
1186868169
1324231515
1315776875
254548203
222037226
403968058
403714074
135278602
139543338
419668522
423666222
423666230
461414982
1535153118
1535357342
2038673820
2038668472
2034342056
2030344424
2031585512
2034141688
1765715416
1797169992
1809679179
1775010650
1766633834
1766630763
1766630507
1763288105
1763439641
1763364889
1796919337
1801109801
1801110891
1809567739
1801060314
1800978426
1784197114
1784264602
1784403338
1784271258
3931763131
4015781803
4026193835
4018132905
3984455593
3984449449
3849178537
3832532473
3832405337
1684925773
1680729373
1613751613
1613746477
1613578540
1617772844
1634562556
1634693624
3815660984
3815197624
3806808760
3802516217
3819293435
3819231803
3819239947
3823429130
3810844938
3794067738
3794165806
3794161702
3810918434
3781558562
3773242674
3836181298
3836107538
3836102914
3853408515
3887032321
3874317312
3865927984
4012851665
3962438545
3895330451
3895401138
3907791522
3903597538
4172033378
4189009154
4222488834
4201583938
4213777890
4201130914
4205325219
4206373281
4204284288
2056810368
2061035136
2117984976
2117497584
2117497840
2117276900
2121270501
2119183527
2119183542
2119384214
1053961438
1065491006
495061534
496324110
1572621838
1604907534
1323933966
1323933983
1517920301
1513652268
1513652716
1496890780
3626614428
4234854024
4235902600
4097494728
1950043848
1882721880
1899514729
1923898730
1923888234
1923879018
1919156298
1932808398
857202830
823107758
823112870
827231366
567183493
1674488772
1742645956
1736289876
1736289829
3846026789
3829187125
3829162517
3829146151
3829150567
2755399910
2766931110
2779514022
2779645078
3048092806
4122879110
3569298822
3571216291
3504142227
3495753095
3491526021
3508490645
1396573588
1379796357
1382948229
1382952325
1391274405
334244325
334297445
316972055
317035527
316973109
853844021
845455409
841453585
841121797
857915653
874647301
874711653
875629293
753937135
749742827
747645627
747645899
680529355
697565531
730153243
1002853130
990241566
973398830
973381934
985968750
986480878
986563802
986573002
969926730
432715867
428513289
433756424
964267784
942186040
958969640
960017705
695907355
1809495167
1876862191
1851110575
1846771871
1711440831
1711457957
1711531685
1711301284
1715495588
1723949732
3801117164
3803476012
3819205660
4042135564
4042131461
1886066967
1953372438
1953372502
1961762630
1957037766
1958691542
4290626278
4273513014
4277708295
4000886533
4000885508
3996690996
3996690980
3996696100
3862615860
3862582580
3861525536
3878294560
3832417312
3840542721
3836348611
4104784834
4105902834
4103658210
4102618722
4152931907
3599283777
1455986240
1598615137
1544055521
1544038883
1477060770
1478367394
1551780994
1554432130
1419956354
1470337154
1592823938
1582342546
1582539698
1582560930
2128083622
2125986471
2129984239
1878842155
4016892187
3983337530
4259904538
4259901450
4251529226
4230680606
4230684718
4230684710
4234814242
4239004258
3182052066
3182151296
3215502976
3198724736
3190340224
3190340244
3190340580
2922101100
2923146284
2801509416
2799407160
3864649816
2786648312
2803691688
2904442028
2887671724
2891845308
3838250652
2764386012
2765368924
2761176668
2763273789
3031701293
3031700781
3048484103
3180603655
3083282455
2546411829
2537962773
2547389717
2513912085
2513813813
2497495845
2496435761
2420934225
2420934337
2420934337
2421087953
2488205043
2488200163
2504911331
2513295843
2546948563
2546892739
2537973699
2538006467
2537878003
2537879011
2546269411
2546327011
2546392531
2538012355
2538005187
2537874418
3074740706
3041181922
3049574630
3049774294
3074881990
3037133254
3037194694
3037063671
3038248407
3050750407
3046560711
3046634199
3050697463
3084187367
3059017190
3054822498
3054847074
3054960754
3054899286
4128645206
4128646390
4083039478
4057864582
1910377350
1910446983
1910341519
1910306719
1910297535
1910280890
1641916010
1673504042
1677500458
1668063290
4079804443
4079755288
4046336056
4097708840
4101899816
4108193320
3030125112
3181144584
3214731784
3200035338
3200039450
3204222762
3128722282
3139273178
3105521818
3108696234
3108692138
4224442538
4199216319
4194991309
4263193797
4263194052
1578772448
1599739872
1574831009
1560150913
1425945475
1157511041
78579329
78055057
79107761
78911217
83104369
7398961
7382293
7449861
57916741
40016981
35819733
35819717
36159693
36028493
35930143
52841775
6715950
10971694
1084521082
1084544586
1084539594
1134854858
1185317851
1185325949
1185325933
1185195308
3336873260
3324290348
3324302632
3324499224
1445384973
1445380879
1379320670
1366586334
1349542878
1349546910
1350038942
1358364078
1358331310
1375161758
1374948814
1139025102
1130631278
1097605166
1081024574
1080959254
1089352470
1085149975
1085228597
1084530229
1089511205
1131450165
1110621956
1109561092
1177782532
1181788196
1181854756
1450353696
1450364928
1450655744
1383416161
1384006117
1400791527
1367224791
1415517639
1414290887
1414322647
3570195431
3566201453
3230558751
3231477326
3254523598
3288072926
3288150710
3321701030
3300659622
3300413606
3300454566
3321754806
3321801863
3623271557
3606086837
3597705444
3593707716
3593646276
3593568508
4264600940
3191057964
3207768620
3187010092
3182750236
3181667853
3181736525
3185984071
3169207142
3169796582
3160696038
3177473122
4284833842
3597037570
3592826882
3609341954
3577094146
1412834658
1146568290
1150623458
1150557858
1150557858
1150629570
1086265027
1085753281
1098154449
1126207969
1126281488
1126347008
1130529024
1113642273
1109421411
1126395363
1127620034
1094059458
1107034546
1086071222
1102914487
1103045591
1106211607
1097155381
1096828709
1130393381
65104708
65166284
39930812
40954284
36758956
36872588
36864140
36930013
35684718
52469798
6333478
2140198
2227250
14906386
1084379650
1084363266
1085407747
1085342209
1081091617
1093676577
1127361475
1131547011
1122175363
1122258054
1114426550
1114420406
1123004822
3265769926
3265311606
3265307430
3265307182
3269632543
3269628429
3346040364
3342135085
3308579629
3291937149
3295071373
3304047757
3303850399
3311714719
3311846287
3311850127
3312903159
3354648935
3353403685
3353469236
3353596164
3345072388
3340824932
3325158244
3325223764
3606233540
3533161876
3532965300
3532975533
3528781231
3525107630
3525267390
3527298462
3526251982
3530495454
3538686462
1407988222
1403790846
1370238399
1370230205
1370297773
1374565804
1429090796
355406116
354751237
337650439
69214982
69224246
207706422
216234302
217311614
227797398
243699077
243708300
243708812
381981596
370454892
354726188
337943852
270903596
270645567
270784846
1366481098
1397901514
1381125322
3530737098
3539394906
3534070314
3534008874
3517223470
3500450367
3232539229
3237799677
2218777261
2218674861
2485025197
2541643940
2524378292
2456207557
2456207367
2200289543
2166637334
2154047014
2154048038
2162567974
2158901542
2209224998
2209221639
2277311687
2277245317
2277299189
2247918325
2163180117
2163053175
2179244839
2246353189
2237837604
2221118228
2216722964
2619405844
2620485204
2620551108
4231195029
4252412071
4004874406
3869542566
1721926790
1726132422
1714532358
1714483253
1714647085
1664229421
1613900840
1613957416
1626343976
1622411816
1639189064
1672748745
1672771273
1670689481
1670681321
1942466987
3788353707
3788289279
3779894463
4049180862
4028283302
4028300966
4112147110
4112130694
4112130694
4126814854
4105705383
4104652965
4037548193
1358444757
1350510791
1350445059
327033859
318128402
313966850
313561347
43032579
38899761
33587236
1107332132
1107790132
1107745597
3259493165
3268700973
3269216575
3285828875
2156561358
2492109519
2492117735
2627310183
2627252835
3707277667
3694698529
3694776433
3695055089
3695064257
3692444801
3692445616
3751218848
3733196448
3666095744
3670027907
3401870022
2391267926
2659711526
2676812334
2627513962
2629338346
2628288746
2645065865
2682880136
2670305420
2653671580
2654654948
2654867823
3195937134
4278067710
4290522602
4294719914
4252764586
4231809723
4231944907
2105470667
2147477193
2147280841
511456729
507258025
1581196461
1597912509
1602094781
1572733613
1572651759
2091680270
2095882766
2104271374
2096084543
1957662527
1957596461
1978570792
4247693352
4282288152
3994983433
3994983433
2786510712
2790703848
2777936616
2760103576
2761055880
3033533080
3027503784
3023310568
3040755565
3186500879
3182047502
2645037118
2645046318
2678596646
2682789942
2414485574
2410291398
2415468694
2365087911
2222506157
2221654173
2221589901
3296456653
3313102413
3342592557
1178266159
1178487326
1178491662
1177447694
103686159
237830367
221184151
141426822
141214854
419073462
419400374
1488952854
1487779335
1504487188
3685523492
3668484132
2599985188
3143165220
3137873452
3108638380
3150581423
3147434671
3115911847
2561149623
2561162882
2289839490
2285120706
2284928034
3357674530
3357677618
1228023810
1257383938
177350914
176360384
176409472
176215456
234926496
251691168
202473620
201437572
469803397
473990550
348233174
348371414
351451479
1441967367
1398973701
1395032325
1395572997
1395413311
1361977647
3496878383
3505263918
3568246078
3299679518
3316391198
3349945630
3333250846
3333277455
3467429647
3467428125
3471626281
3462975528
3458785324
3459866684
3459936332
3476746701
3426411405
3430671005
3434862239
3434858143
3435120287
3434923695
3298097070
3302287342
3293898622
2215968542
2215960350
2216031550
2220221758
2228740126
2241327118
2241826830
2243789087
2247656429
2239268524
2272822948
2272888500
2256181140
2256184724
2256200852
2252071124
2252009812
2268001044
2272158260
2280612404
3471062564
3472111396
3472112997
3464436855
3460172894
3460236382
3460240462
3476762638
3445235982
3436847710
3432718943
3432986325
2359113429
2359056039
2224838311
2224838311
2229027751
3252425142
3277656502
3273208214
3273339071
3239653565
1075389884
1079584156
1079588748
1077630812
1076745996
1076163848
1080354061
1088730143
1105630238
1105363998
1105364014
3248723006
3517162518
3517158423
3554903093
3596784676
3592597540
3592654868
1445187589
1446187269
1982988582
2115044134
2085626662
2093033062
1820483278
1820760781
1820760780
1837931212
1716296648
1712097608
1713079368
1714323545
1714274538
1713656042
1730425066
1697067178
1684418730
3840810922
3836689082
1689066170
1689000587
4104665739
4104662667
4104659595
1978167947
1474966411
1475223963
3605931002
3338544106
3330221930
3330092842
3346540826
3313056030
3304798590
3300394494
3300401567
3300402061
3300414357
3317416869
3337257893
3257566115
3257566195
3257574162
1110156050
1114153235
1118347308
1118339112
1198108728
1160397832
1143604232
1143618568
1143615000
1416522296
1421724217
1421642250
2092743178
2096938506
4236019658
4250902938
4284392393
4135498696
4135486216
4131308328
4131267368
4131138860
4131138028
4143716524
1991052462
1991181486
1991512254
927994014
335548814
335545230
335696526
339915470
348299978
349218411
349219371
357611819
894540059
902928395
905173003
871520265
871503307
870711755
846070185
846603177
840246189
860107193
843108793
859866617
855682329
823373083
812822330
828548666
836931354
836865290
829721630
1937026110
1930738750
1931382222
1934526407
4149907399
4158306293
4158369636
3187207460
3170429972
2625338372
2621062164
2621117712
2625181491
2633576994
2494247650
3047686818
3064493746
2527655570
2528689793
2524495488
2537076352
2503517828
3023808468
3024006948
3024005924
2961103655
2961177382
2956741478
3010939346
2994097346
3002483843
3002204305
3019064561
2977190945
2973033505
3019367475
3064456194
3064325122
3064921090
3060452354
3056226258
3073001138
4117382818
3035170470
3030933230
3030936042
3081267434
3060275322
2519205898
2519209994
3727309834
4268418602
4272611882
1856672302
4004155935
3987444236
3970466884
3833365700
3829173380
3828647068
3828675772
3828770732
3828754089
3844997802
3802990250
2729197290
2729191978
2997365018
2997364761
3014141960
2963957768
2968186056
2968171912
2431357576
2430112424
2421724840
2953627305
2970406574
2466701054
3006726134
3005676582
2984569894
2980342822
2980861974
2980960260
2444156420
2473516548
2452542980
2989475332
2989344276
2993469216
3014437923
2980874274
3031025682
3027945474
2486851650
2487098434
2503619778
2537170418
2527737314
2527661538
2528655843
2528655829
2264415684
2255189444
2255152020
2263523988
2548925060
2491187844
2484375492
2484439508
2483525716
3020400660
3021908020
3172902964
3195987221
3204334343
3203924502
4009239078
4026017318
3984070190
3967354414
3975742270
3840409950
3840475359
3832230344
1697129288
1965614664
1932054088
1915468328
1927936568
1923742488
1923709977
1990947930
1990942842
2120953978
472776922
472776906
473886922
478061898
1022868794
2096150651
2104535145
2121312360
2115013880
1711440024
1732423816
1698865289
3829588363
3829592746
3770863274
2698087082
2698037930
2706430602
2702202571
2719248969
3792970248
3794084392
3794018604
2732864556
2729182453
4070907061
4070972581
4037425285
4042664069
3490847108
3490909124
3492879157
3505400614
3501207342
3500434734
3500466222
2477031470
2445049910
2442954070
2441645958
2446035591
2504690309
2534058645
2534058741
2535107159
2537221703
2540364614
2548724598
2515157798
2540585318
2541568103
2547799285
2547805396
2547837172
2522675444
2522799300
3608870093
3608864205
3613054287
3613119823
3613382007
3613218159
3581769069
3581900157
3581638485
3564795863
3564853207
3573112791
2497214455
2497209847
2513987063
2509894007
2516308823
2516308821
2516178805
2507724085
2541346101
2520620341
3594501461
3594501461
4131372119
4131239383
4135581175
4135515638
4152284598
4150251966
4116664510
4114444510
4097405151
4097405295
4118491437
4034479917
4042806844
4122508829
4122508829
4122508877
4126768717
3589942989
2516203517
2514236927
2514227582
2229080382
2231316798
2231316798
2231185726
2226983230
2226991390
2361209118
2361341215
3435003149
3454831069
3479996828
3391916440
3391981704
3459226760
1579594888
1579593880
1579589784
1580392603
1595040170
1561338282
1544561642
1548760682
3704698414
3700495918
3568391742
3568366093
3568624396
3303314188
3291465484
3425603340
3425622540
3442403852
3475959356
3731746332
3672950284
3672687128
3668498216
3669616425
3669615978
3673744618
3665322222
3677896942
3644522734
3627946078
3627425798
1478370054
1489904134
1217144321
1216622080
1216617984
1216749312
1216756800
3365538896
3455667440
3475623120
2401995968
3471482240
3400181376
3400115857
3467154103
3467166374
3463185062
3458470566
3458347950
3341951166
3308331182
3291488425
1148200073
1156590792
1152396360
11744328
11957257
10895370
11419658
7192890
2934058
2938154
3138826
19849994
53396234
36618506
40879386
40893946
40724922
40659386
40696251
49151419
49652122
49648026
41255322
41386490
36024618
23371823
14983215
279224365
279959576
279632136
279616264
1374329608
1391102425
1382581387
1377362058
1377362058
1377354202
1345995306
1345979946
1350118955
1354249773
1354506812
1119695640
1119748360
1115308296
1092275980
1075415573
1087941158
1352182054
1368953894
1455067190
3732570326
3727327366
3660218758
3391779458
3408537282
3359254114
3694666278
3702006574
3567793390
3500674234
3501067403
3232704649
3282840712
1114427320
1109689736
1109889928
36156296
35890008
304128808
304128296
304128297
304329019
308445194
308772875
309690427
316440617
48033833
46989368
63832136
13500616
1155413896
1153313433
1152268971
1152219818
1085078170
1085074058
1139574410
1122734682
1122751034
1122570794
1122513515
1382556585
321396905
286793897
269028524
269074573
806191245
856522891
843940235
847152587
846108682
846178362
841787434
1915525162
1378801930
1345223178
1345216014
3572418062
3567927846
3567805218
3567804706
3568889954
3585863905
3283804544
3262800256
3257533312
3274376080
3240829872
3224053152
3232245156
3232245100
3232242956
1085091084
1097715469
1106091789
1106089741
1106089229
3236793631
3236793663
3245313326
3593387310
3593446718
3593449742
3593158918
3593142550
3593089078
3593084966
3731497254
3753575718
3753453367
3667403484
3667419868
3399016860
1255719052
1243119756
1326104732
1275737276
1275735484
67775117
348793485
344615567
345635519
1419284157
1455989384
1443668872
1444778568
1445823000
1445757480
1445766696
1449446952
1453706793
1453836074
1471431726
3734258734
3738460206
1582653502
1310188574
1310121998
1310089222
236348422
240536838
257378646
257280358
257816934
1316869502
1316852174
1199411662
3615461838
3564012222
3572471470
3568156334
3568171694
3568163518
2498526910
2506893038
2519470702
2519470126
3597406255
3605868584
3601817704
3602899144
1465901256
1426968716
1409930396
1409938604
1409897709
336139374
340398126
340398094
349839630
349840922
345656858
345754186
347851483
398039785
381204905
377267352
370974876
353157308
336019620
335942052
335700640
474146464
479383264
1016171121
1016106497
1066443779
1049927683
1048354850
1043308579
371904611
371851507
371851443
388567971
342434467
351871717
347800101
347603461
280507909
12068357
16264965
8023813
75159309
75138829
90998605
124551645
107774429
107971039
107991295
107868671
124645759
91218283
359654251
393209723
385859547
384810459
384802267
384603353
392991929
359432381
355307709
388952255
393142703
1451155887
1459511734
1459048854
1457996742
1474774006
1441093606
1441130470
1375006439
3522555607
3522682565
3589654213
3623208661
3623204453
2524247845
2524767525
2522669351
2522640694
2530832678
2543534886
2677735982
2644050670
2648183550
2639820731
2639849915
2642012345
2642131161
2675620040
2671484104
3212415304
4286100296
4286096073
4147766009
4114227883
4114227115
4097444266
4101638574
4100536734
4109118602
1977886090
1977967050
1977799002
1977848094
1970320158
2003870270
1997578798
2001773871
2001843261
1997714492
1980953644
1997947964
2000028764
2000557276
2000044013
2012614381
2008485615
2006191871
4120147662
3583305414
3721717574
3696677142
3699299606
3699299606
3716044082
3723433250
3723244834
3707249970
3698926883
3699049507
3696888947
3696893267
3445259587
1306262979
1339664323
1603838931
3754472417
3754472417
3754471905
3754669552
3755654608
3730487760
2652543472
2654652784
2537278832
2541441905
3086741857
4121547047
3048796263
3052957799
3044570229
3071830101
3072027132
3206212332
4284145404
4292495052
4254679756
4254679757
4257040351
3724105710
3715919342
3715902958
3711776094
3716034894
3716034894
1568608606
1568485886
2111628790
2111679926
2111678903
1977399743
2001517981
2001511885
1980674509
1981710669
1981726991
1981546543
2132022318
2099062830
2113808686
2109610286
2109606670
2042170958
2040014542
2040062606
2107241146
2089325246
1556669374
1548281263
1549297837
477640877
494549420
359541156
393087380
1449596884
1449521936
1449521937
1449439489
308588545
