2712022567
2712092206
2711887406
2749632062
2989231710
2989231454
2993175678
2460489790
2477332543
2444892189
2444916748
2426071052
2426120268
2430187764
2446891460
2971179460
2971188709
2971246566
3003810790
2735637494
2718343638
3792101878
3792040446
3791933918
3775155662
1615153486
1624119630
1624124174
1624123678
1625123086
1625053198
1666991118
572145678
572137550
572137806
584795007
596181615
814289647
810036991
810035919
805845751
1892383725
1888088044
1619588044
1989788364
1991951052
1459271244
1449829932
1445520932
3592971820
4264060463
4268279082
2129183786
2126222382
2126222382
2126156870
2138747974
2100995142
1010476099
1010545747
1027268849
1060823265
926577057
628818593
620298919
754910855
1022824070
1022823046
2096437950
2090154734
2090084910
1553738270
1553739278
1604068878
1587049246
1201164598
1200123925
1166549204
1082729632
1078541472
1075447968
1094323120
1093275264
1139414656
1135477377
1136476801
31774241
6614563
6613539
15002147
31828787
317627411
1382978563
1378780163
306086915
303860947
839682211
839694759
575511983
592360879
592356269
558801833
588227048
588035352
1665959192
1666026760
1667219208
1633527564
1881138717
1881036301
1879969551
1884162910
1892551150
1888291310
831327614
864761102
852107534
852189470
843673885
843707740
839580108
856287644
822634924
537419180
537412524
550388632
830886586
814183342
813716390
281075170
268478498
268544018
805545986
823372034
844342531
844529920
842432576
909017280
909021632
1060014544
763333344
1826470625
1822206499
1820896038
1859693606
1851305990
1847296006
1847107606
1779998758
1779999015
1763352101
1746586213
1813695191
1817856726
3833154550
3833071782
1635255462
1668821182
1668886686
1643851950
1639580078
3770353327
3770359485
3770165849
2696423944
2700634632
2715314700
2979817996
3013363212
3013591581
3013526077
2476733161
2543674089
2522624683
2518419899
2518632682
2518607978
2531260474
2533193738
2524736522
2269077514
2168385550
2155790909
2428420644
2428405284
2495392288
2495392272
2625415488
2636101968
2636105712
2636006080
2619212482
3697160930
4229706338
4164695586
3895204642
3899455522
3908679698
3936004098
3936004098
3930762562
3926562499
3926427379
3927475937
3910897377
3894066912
3925520096
3921202544
3959084096
3927598144
3927780448
2853972064
2858158176
2858289252
2932742212
2911776196
2894997188
2761827989
3030320807
3032223398
3032239790
2969328318
2960939710
2507995646
2550069374
3085887758
3085937934
3085282574
3076893982
2791611694
2791606318
2792196463
2792786231
2788604677
2788605445
2789189380
2789139764
2789139488
3879728160
3845999712
3849259248
3790477552
2699966672
2699967424
2699958976
2716732096
2716737088
2712614464
2712417888
2713478752
2713515620
2713517671
2713492342
2717686230
2742851798
2738658518
2720005334
2719906966
2721987734
2721986742
3799922854
3803061430
3804108214
3787338646
3767939718
4036371078
4040566342
1895120406
1894021926
1894017846
1894050054
1944512774
1944516870
1928760583
1926597917
1649181996
1649182508
1649252124
1649390876
1649261869
1661773103
1661772070
1628369718
1628328758
1611547438
1611612974
1611469102
1615665519
3771537535
3767490652
3767466316
3784243660
3801021388
2718750412
2719826636
2721993436
2734584428
2728342124
2727097068
2727097068
3012305833
2984015787
2975615418
2977749434
2977814714
3011508410
3019897050
3019896842
2986339339
2986272009
2977882905
2977882923
2971595578
2971497278
2974577966
2974303470
2705968302
2739652790
2748045462
2748054926
2748054926
2748050830
2739662215
3003870597
4077591893
4078570773
3810203671
3814598679
1675507733
1671305236
1671301124
1640843524
1632423172
537890052
554599684
588161348
571258341
1644991653
1644989605
1644464292
3791952020
3791969156
3758496404
2684762868
2685282932
2698915365
2695637543
2695637286
2695637030
2964064294
2980907047
2444101652
2449430532
2434635780
2433588484
2416942788
2416877252
2983182020
2978586245
2978585254
2475276966
2479487718
2535029494
2671458902
2670344726
2603494166
2573871158
2577935398
2577927206
2611481654
2611549198
2347291718
3374881989
3374890180
3626544580
1479125444
2083236052
2083170532
1027258580
926607812
639299012
638250452
587921381
587921381
591972327
567068663
546082719
550346655
567132047
1632501647
1632632725
1666183157
1666115581
1666115565
1674508269
1674573821
1674444765
1674444127
1632483679
1666038079
1666038079
1666181439
1661927199
1661886271
1661869887
554508093
554442549
554442557
554450221
554507565
567086117
562891813
596445223
596379655
563873863
565971271
627964279
627964279
627947895
896384375
896382453
896382453
896381364
795718068
1869463220
1869200304
1873394608
4008557296
3933059696
2871900720
2871980576
3107861040
3091079700
3095265828
3103523629
3098280302
4172021866
4171504746
3635689594
3365152842
1213540426
1209412682
1209410634
135398474
139673930
156488059
156365179
192016731
175620426
183944538
174511610
170325498
170190330
174126554
174114266
182507002
183628026
173241530
180446714
180446714
180448761
180383208
180368744
180363560
172041000
167867176
167801640
436249384
436249384
974168552
1060406765
795721151
1047379383
1047378870
1047378102
1047378102
1043183735
1043183735
506328310
506392806
506360038
1602101702
1560150918
1554871942
1554873990
1554905734
1555954374
1555954375
1555950309
1570564964
1591273764
1591532596
1579009044
1578876932
1579077636
1579053073
1581080675
1597923682
1568556006
1560216278
481103558
213719750
482179650
482175507
480111137
480045856
534309168
509121552
504987648
505118784
505053377
507179203
507244674
522965410
1550447522
1559053986
1554845334
1554979526
1556036294
1556036167
1553738357
1436298853
1452813796
1389893044
1381565844
1109069188
1109008260
56246148
24788913
276637601
276641265
275579153
275595539
283963697
283943713
283943712
812430880
830245408
323848753
307136915
307140754
303037618
386740402
336990338
336998594
339091522
74850850
79111714
79056386
212322818
212109826
246188546
250382354
246189074
112037939
384430197
375992420
304820332
371863916
372906604
356137581
475605615
479734350
479817422
479773390
210289614
214745582
231522407
265080933
265197024
533637056
458138240
189702785
189573009
185380273
151825811
151956610
219073666
487507122
354407586
1432352162
1442838435
1405011665
1387251392
1387251648
1386858304
1390996768
1382608160
1399351588
1365842228
1365973271
1886072118
812594470
808190246
807142182
810304294
818704918
814543366
814535175
277661253
281921235
1347405491
1427046050
1428123298
1163734962
1172057234
1167928498
1150692482
1150692482
1083583618
1089866818
3236891954
3232529954
3232556578
1085056546
1102025218
1135314435
1189711104
1189645344
1315478560
1311479856
1512741888
1512741888
1512805424
1512747808
1512743520
2066408417
2020205506
946361222
2020165526
2020298406
2028690086
2025356262
2023254951
2107140501
2111565185
1565191553
1544471937
1428047233
1428047745
358561713
358426531
368845219
368910834
351221075
1424967443
1424838162
1424874002
1420687890
1420671490
1470737170
1185525042
3328807954
3594240002
3727409154
3731521554
3668611106
4205556771
4188572704
3903359088
3907815620
3898906836
3894778340
3894591204
3894589156
3895636708
3892568804
3892372068
3892372052
3892372317
3892405550
3896662830
3896642094
2831358494
2881628750
2864855630
2860862286
2861843918
2863939791
2863980796
2864046316
3958526956
3910292188
3909301956
3942723316
3942657508
1778396260
1782651943
1803750438
1770144822
1753412678
1753408582
1753457862
1757527190
1749063846
1744951718
1749207719
3913468581
3938601637
3938655893
3930076807
3925878726
3925878038
3930267686
3938660390
3952161126
3902087639
3902759812
4170119044
4170043012
2018019972
2013846148
2013850180
2031839748
1763584516
1765681975
1031212326
2146698278
1053900854
986726406
977293318
977301570
440656114
440558066
448947698
427966338
411442050
1216760451
1217284737
1485556369
1489555168
1481174752
1481221841
1532665665
1247452481
1249563906
1316606994
1312313394
1312313442
1580753122
1501258210
1492803506
1488604034
1555811203
1555680129
1555676097
1559866832
1601809904
1580834160
1580842336
1041870176
1041804324
1041804324
777757716
775598085
792363013
758837269
758825005
742114351
742083631
676924718
752420718
752555998
620443278
620310174
888744638
882457278
815475342
814426766
814426765
277423756
278672028
280769196
283910828
283386604
300164716
333774652
333756700
308656412
308652316
308657212
304122941
304122941
841063453
841202717
909294623
911391774
1041411118
1040362550
973255702
973521926
990823446
957007206
962315750
702150615
769221509
769222549
878274485
878258871
878258871
811150006
810101430
811154102
815471286
815601334
817641142
817641142
279717622
296546134
296529159
871218433
862960896
862436368
593865780
593999924
577214516
573020180
573020180
572959765
641115173
641131557
773772325
773735717
718933813
713690693
731581127
698031814
954154694
945628806
1012213430
2094278054
2094280102
1954819478
344271750
344009350
343943814
276834965
276905621
281083573
273731237
271618021
270577525
861971765
853783857
853775376
845385744
841192496
908301344
908237856
908310564
1042475044
1043523620
1041430823
978483991
986073862
1003374855
970870023
970706247
964414805
1030477301
1064007089
930834353
897269649
813383315
813251251
821639858
821639862
284760726
280959638
278740662
280768166
280768422
279195111
279244119
283421959
283487495
1353170706
1135065890
1117894946
3265312802
3261118498
3256940578
2250471478
2255677446
2408769846
2290260774
2558955062
2559872599
2561969877
2556727029
3093602021
3089473252
3090527972
2819729120
2818616944
2818632560
2819091296
2818997088
2818968096
3897428497
3947768579
3931057474
3930856514
1791755378
1787641057
1787768032
1787768276
1803841220
1774513860
1761930948
1795485396
1795485670
1778449638
1782701158
1791155302
1803738230
1770183750
1753478214
1753480390
1753406694
1757595875
1757563552
3905047200
3905030896
4223863488
4194377344
4261426816
2113943169
2113941138
2113941426
1992370594
2004892070
1954551975
1954561172
1954806916
885243076
873503748
890538004
657758260
640986140
775797788
775851071
775588911
773504047
706390062
705357886
705419279
705386511
705321311
709516655
717886958
784991134
784991110
902432646
886769542
888740739
880360083
813251251
821635761
817441457
817621713
314309121
313064193
317516819
304921635
372030499
371913763
506133527
522865671
493489415
417926483
417931219
417933266
417933202
417932978
216607478
1291397878
1287203574
3431545430
3431553558
3431758358
2358046246
2374280486
2407833638
2407829542
2407826791
2378467175
2304216823
2304149237
2299967205
2602020581
2601822956
3137727228
3121081340
3142052348
3117340924
2841561180
3894369612
3893179724
3893178748
1745822828
1762600044
1762405484
734821468
730822093
701428684
684716748
684585677
684585677
684552911
676082266
940324442
940392218
940455994
416159866
411961434
413011146
414647498
161742985
161480840
157356172
154292381
1261593501
1259496127
181559999
176251550
192963294
194011711
227566141
212890413
207640365
203455788
203545900
203595013
204641605
137528775
158565830
192382422
175545590
1249295478
1244118070
1244636214
3391971378
3391954966
3404603430
2327716390
2325684774
2342265382
2291693094
2291977839
2298269439
2289864445
2288879349
2289538807
2289542901
2287316725
2287250149
2554637301
2554702804
2554833860
2571545284
4212059716
4212049476
4195272516
4195177828
1796007012
1796009068
1766632556
1766696060
1766764668
1766822232
1761980936
1761980937
1745203738
1745187370
1745695274
1745687930
1745689722
1750014186
1754138858
2022574267
2023622792
1488325768
1538526344
1256199305
1244737675
1244799390
1242718894
1250124526
1249927918
1233150574
1216406079
1216377389
1216378660
1276137252
1278299428
1144442116
69653828
3583428
19303877
40209863
48729559
48733431
40350966
40218806
36040886
37216702
34956206
306472878
310668974
327420587
277695401
277695929
278689017
272375933
270803005
270737429
337780757
337781553
476210721
498230832
529624576
444623360
448821760
440498944
441662224
441662261
457326391
457585975
424113462
457495846
465876327
1002747367
1002814933
734444932
726121876
725989556
705018036
705018036
705019093
705084501
705082391
705082414
705092654
772721710
776882222
727582734
727648590
694094158
696066015
746403759
754791079
620704439
883897989
884686469
817576597
815348405
814230199
814230167
814231190
298329750
333198774
326895078
293359078
838634983
820354421
821469013
813078293
863475477
846576949
846506023
842311719
842315831
842373175
909547542
1043790854
1043735554
993932294
945687574
945752374
956107383
951917173
949959285
949432020
948186756
411315860
482619044
473983652
490797733
893409959
893606839
859986871
860020151
843234742
844281078
854637686
853576758
853837878
853907478
845592594
1919334418
1986500626
1998821426
1965201458
4230134834
4231177266
4166164530
3095498786
2826997858
3900756198
3904949479
3896625637
3892464340
3892710004
3977120372
4011395828
3994562452
3862439301
1712923783
1734028438
1905929622
1904885398
831207041
831075968
831009412
861460148
859360884
858295060
925411588
929605636
938190853
1030405126
1009431574
1009431846
690663206
725265958
710458134
718051334
709662726
705017927
705084486
704822342
771933398
637684918
570559654
557975975
552929719
552929973
552942261
553069205
548760213
548797141
565557783
582261527
586459191
574400549
574404661
573487125
573487125
590268437
661637429
762169719
762182007
762182007
762182007
762182007
762173815
762141175
762141175
762141174
795687350
1030569910
1030569910
1022181302
1021933234
1017738898
1017771670
1017771670
2091499157
2092546708
2109254356
2002299380
1998104820
1981790452
1998519540
2000608477
1970718111
1970787775
1970788271
1970664111
1971188479
4127060989
4127061885
4126992157
4110282525
4110417693
4109360445
4126002493
4126006591
4151178623
4152194559
4286019583
4118239231
4118169565
4118235101
4109719517
4109727741
4109657853
3035916013
3027592957
3159713535
3159654143
3027588831
3027588815
3036501983
3053212926
3053208830
3086796030
3078614238
3078614526
3078618622
4152229342
4152223054
4151633247
4151603325
4118630653
4118761980
4118761836
4118697324
4152252252
4160749388
4160748804
4160617749
4160534327
4252809015
4236091967
4232032798
4231976463
4097695551
4095540583
4116511975
4157983991
4141305047
4275459270
3193394310
3210704118
3210634598
3219029798
3183365686
3183218199
4108857095
4125632341
4117436405
4252631477
4252565941
4286054820
4294451620
4294469092
4294694388
4286307588
4118667012
4118605316
4118674964
4118724117
4250859013
4284405255
4284401430
3747403574
3747407158
3747376438
3747445814
3713891382
3722402854
3722331254
3583919302
3583931783
3583862677
3587991204
4116473508
4116533940
4114596788
4114600380
4047368444
1899799676
1933376541
1916591117
1920855071
1920392494
4076786990
4143895358
4160668543
4118791039
4102018591
4101957127
4102026774
4110220854
4101828406
4102022966
4118762806
4152313142
4135404631
3598537813
3598668884
3598709780
4269798452
4267701556
4275565429
4292268631
4259304022
4244489086
4236038510
4236113278
4232052190
4236205534
4235812350
4235750766
4235732334
4242027902
4258804047
4259148127
4292821887
4292495231
4275828317
4275693149
4284083933
3747217356
3612997580
3612931996
3612919212
3612919212
3620337572
3621516725
3587896773
3581604805
3581600581
3563844417
3580490103
3580612967
3622520167
3622655078
3622599910
3615256038
3581771118
3716111742
3724402014
3707567438
3703367007
4244612469
4244608885
4236085045
4286351157
4269782325
4269712693
4269733169
3190674737
3190649139
2653761843
2653827382
3173913974
3169716214
3166390167
3166304151
3166300053
3166218133
3164123109
3159928293
3172830711
3172850039
3175087478
3174727670
4248450774
4251588294
4259971799
4261155493
4261159597
4261159853
4259062253
4254585055
4254516423
4254371271
4258573765
4257525589
4249206101
4283874581
4132865300
4132881716
4132880433
4135514163
4135546931
4147933411
4146865383
4146996374
4113440134
4117106054
4108783255
4109721270
4105459446
4105446006
4109640566
3572785462
1433825574
3581309239
3590198599
3590274375
3590160213
3589634941
3581409837
3581398829
3614754589
3623153933
3621052751
3600134399
2543186159
2543841455
2550068655
2550035887
2541637599
2541510519
2506891047
2506628407
2489918741
2498307349
2229876021
2225813365
2242518741
2243563157
2245857207
2245808055
2237416887
2266288567
2251813367
2251731287
2251661591
2272567575
2549392693
3589586229
2499262517
2507577397
2436811029
2470365447
2470054662
2472160006
2455445270
2203655990
2203850022
2178680110
2157773102
2157785406
2156671262
2156672286
2156659998
2156662038
2173438327
2177649015
2177718695
2178767269
2170386853
2206169524
2172615092
3246225844
3242031508
3239934340
3238918548
3239967156
3242064277
3241015751
3241011526
3253594390
3249400118
3249535286
2175785270
2175781158
2175781174
2175658294
2175641911
2175647031
2175634751
2179828029
2213398845
2213398831
2280507775
2406177663
2339068719
2305506095
2305440061
2305435917
2305764621
2314022157
2313967901
2305050941
2305116519
2304104807
2303060343
2303060295
2303060423
2311432661
2311436789
2311424501
2311949781
2412744181
2413794725
2380240813
2222817957
2222950068
2222950068
2218237620
2218245780
2218240660
2232875428
2266396836
2266393781
2534812869
2534810821
2471895111
3254067271
3254002774
2180062302
2180188510
2178091390
2211593022
2211588894
2194881310
2192574222
2209354014
2209358143
2175807789
2159022380
2163491108
2163494180
2155137333
2153249041
2153179443
2178870563
2169494834
2169488658
2169488722
2169492819
2169372019
2169362775
2169493847
2166217047
2199779670
2183134038
2187247430
2194584262
2190455495
2194453159
2211230381
2203878060
2165085884
2165088156
2198715292
2198780316
2164697532
2164697532
2152115612
2152918404
2161274245
2152938919
2169716199
3272752422
3272744199
3279041799
3287426307
3282116913
1117791205
1139808165
1125387701
1124339095
1108085127
1124862358
1129056662
1137580990
1138638766
1140731886
1139552126
3249287006
3249301782
3249371414
3249404214
2175785270
2175752486
2179815718
2179815718
2179815734
2175629574
2175629590
2175629606
2179815718
2179844390
2171455798
2171455767
2171459847
2171459863
2171459895
2171455863
2171459925
2171459925
2171451717
2179972437
2171583845
2238692717
2238692669
2238692637
2372901661
2372901725
2373959677
2373959661
2407511981
2407510457
2390144409
2390080920
2386340248
2384243100
2384308636
2383325597
2400120783
2367580111
2354995998
2229150526
2229221182
2224370991
2226462055
2226478197
2230600789
2230633557
2230632789
2222289237
2222420309
2222334741
2222863157
2222920503
2222786359
2222790943
2222799135
2222864655
2248030478
2243835151
2277323023
2276200719
2242642269
2225914349
2230112749
2221183469
2221708781
2217645533
2217655757
2234430927
2267981261
2272179661
2272244189
2272047613
2255270397
2272245212
2272171469
2255412733
2268069359
2268065279
2238707167
2238706143
2230301151
2230301015
2230161781
2246938981
2238690789
2273242580
2269052245
2269109333
2268679253
2272875893
2256237925
2264621413
2259378549
2259366229
2260406613
2264469621
2281182567
2247636262
2228762406
2228823846
2228846118
2245656118
2279325526
2281348930
2281413954
2264501587
2256051505
3329866800
3598564400
3527261216
3525153840
3525284880
3525227537
3525239859
3527304227
4114484326
4096592742
4109179622
4104985334
2494380790
2494380758
2494315254
2494315238
2230090726
2238478710
2234513782
2507078518
2507061879
2549004885
3605969477
4139628884
4143757396
4131174468
1983690820
1983887444
1982773364
1714354292
640604532
657414647
661461494
1710045686
1974417878
1974418262
4037884758
3505208182
3501013622
2427271766
2427271766
2158836310
2158770806
2158770806
2158770807
2158770775
2162981463
2163014373
2179775461
2204940789
2188179669
2188179669
2205120757
2171484397
2154707453
2154707583
2163096175
2164210287
2164013695
2164013662
2164013646
2164096846
2180808542
2172452334
2170330607
2170396127
2203950535
2203950469
2203950469
2203958677
2187312533
2186262965
2186197157
2186197173
2182003893
2198797717
2166286229
2148984725
2153179029
2152129941
2152000917
2420440245
2147534997
2147666321
2147675011
2152884947
2180329170
2180329170
2213887698
2212829170
2196571618
2196506018
2192381107
2192389553
2192326097
2196536656
2188172564
2188173076
2188246804
2213506837
2179940149
2163161383
2158967079
2163030310
2163018022
2163018086
2179795254
2171341078
2204895510
2204637446
2255174918
2255121670
2406182663
2405986069
2347519765
2347552533
2313997589
2347621741
2348146157
2339749357
2337783277
2337795549
2336745933
2303715789
2303715781
2286873045
2286573909
2286573909
2286643543
2295037815
2295070583
2311843687
2345269095
2413414391
2413416405
2413415829
2407058869
2373503413
2356763061
2222553527
2222668211
2220566930
2220517778
2220882898
2222964594
2272771858
2254941443
2254679299
2254543889
2254539793
2254473233
2255525936
2251331616
2251462752
2251487345
2268215409
2217875571
2222070642
2364676690
2360482322
2358319650
2358262306
2362468898
2412800534
2396383751
2396317957
2387892228
2389968964
2385316052
2405832916
2221292021
2230467317
2226273013
2224036599
2227190503
2227186423
2218814423
2218879991
2218818407
2218811253
2218810229
2244049781
2244045653
2235660629
2235648373
2235653493
2235769173
2151817557
2160206685
2160276349
3250672505
3250610025
3242314601
3271674235
3271936378
3272071498
3272080202
3271945034
3271871818
3280258426
2206519786
2207109610
2174734827
2174153193
2241311208
2274734508
2281026988
2281026996
2272629940
2237108388
2236854436
2232590501
2214764981
2214764959
2218962383
2218961615
2218961486
2214832702
2164562478
2199357966
2199293518
2182587855
2187104446
2195488942
2186056878
2253227182
2521219518
2521219790
2529620550
2546360934
2543149799
2509527012
3590090212
3581675748
3577481364
3611166852
1463695492
1446915204
1195254916
1199509655
1199317158
1196695974
1195647718
1195377190
1338245662
1335312910
1304338954
1303357194
1286192443
1554552937
1424529832
3559426728
4230523528
4113149576
4113147528
4113146568
4146836072
4146831656
4146847784
4146787369
4084089901
4088284189
1907252239
1908292623
1906182479
1910377471
1969170941
1971272189
926891261
926881021
926224605
924061773
894714143
903119407
898999855
1972677183
1972677135
2144643599
2144120335
2144117277
2110575485
1955484141
1960448175
1951990959
1884825775
1879771583
1883965838
1884097422
290265998
323426190
307635086
309732238
375796718
380399982
380431662
1185724719
1202497832
1168936760
3312039432
3291194904
3429610040
3433804328
2360074796
2225852972
2359935533
2360038703
2364228718
2381991150
3363527926
3359202422
3359636502
3359564806
1212081158
1211557126
1211557646
1528745246
1516035070
1516042958
1514958478
1515058846
1582166718
1582289599
1603244975
1604096237
3751575788
3751584892
3604458508
3726617604
3592404228
3592338693
4145986821
4145974549
3984493863
3992894773
3992821013
3984446773
3984413045
3980211063
3980207079
3979817967
3963032493
2888900524
2897222060
2895120812
3968875404
3985664652
4018204300
4286637711
4266734334
2651980398
2654143022
2652962862
2652909606
4276105238
4271902726
3735101446
3669058575
3398559757
3397605405
3405928749
3356625693
3356887563
3359512074
3371901450
1220018747
1218970473
3383250409
3383335401
3379276009
3375082729
3677066491
3660161227
3664355471
3668484237
3669533868
3665405092
3659183268
3743061380
3709519236
3155871620
3160297397
3168751589
3164360167
3168562647
3185372485
3219121493
3219060565
3078608629
3078473461
3078476789
3078484471
3045028311
3045020118
3045020022
3581883254
3715577654
3723974454
3723843383
3723779895
3749468949
3749542677
3749539349
3749606933
1601835269
1601830917
1562902597
1562902645
1567305845
1559901285
1572485607
1572436967
1301867142
1308143238
1299748494
1564051086
1564050142
1551729246
1553957166
3701440551
3619463205
4160528420
4282183748
4282306756
3744351413
4247674789
4252901029
4261224103
4256970391
4256966279
3082576519
2679431831
3220497399
3220502487
3220498295
3195397927
4269070119
4134860086
4134920255
4134871071
4131205151
4114550815
1950224415
1954418989
1423841069
1557925437
1553738255
1423452943
1414019847
1147100935
1155454726
1151239942
1153337302
1185850838
1118811526
1114408086
1378387158
1378452663
3525939364
3531186340
3531186412
4068057196
4084842508
4051226652
4034520365
4034590503
4034551398
3027914470
3027977958
3036239526
2514048647
2648407751
2673568709
2640144756
2642209060
2650667308
3187539772
3183334940
3183456796
3183448604
3187184172
3187184172
3177743981
3173566189
3207120559
3207284415
3207231167
3207282109
3211531453
3219915967
3219981566
3181842526
3181781086
3187023942
2515935438
2507613406
2488745174
2488744086
2505537686
3579214982
3579214982
3579737223
3581919621
3581792725
3581792749
3581473645
3581532029
3581540159
3614043951
3614174527
3614174559
3614168399
3622557135
3622425055
3622425085
3614036461
3614036460
3614163308
3615217020
3615028604
3615026556
3615026493
3581670719
3581564214
3580510518
3580563766
2506691894
2506831158
2515219766
2548708678
2544530886
2544588678
2544392103
2510873509
2515067301
2516185524
2516309428
2541278644
2469971428
2469000564
3526356309
3543035205
3543018951
3509468630
3513649142
3505326054
3501017078
3500963830
3505186806
3505186262
3496781266
3509565395
4079925075
4066809617
4066809617
4066743604
4075140148
4067210292
4146983972
4113429540
4096685109
4096685109
3827963183
1693124142
1688800830
1688804894
4104732190
4104666719
4160241239
4143458263
4135072213
3596423636
3596554620
3604681084
3606778172
3606667068
1458129436
1458194956
1458235917
1189865758
1189674030
1181282542
1445707918
1463435406
1144713358
1413124502
3564805782
3572211366
4105018021
4104960980
3031281156
3035602452
3027025444
3022843428
2955701796
2955685420
2976661036
2985039148
3018063916
3014066223
2980454430
2980470878
2443701502
2444024214
2449263494
2436385670
2468039062
3543825558
3543806102
4079628438
4079628422
1919557766
1919444102
1382567414
1382668662
1391049022
1928051478
1995160342
1995287318
3874074391
3874076439
3874206260
4016812596
3979055668
2888466944
2888487681
2888450929
2888501153
2888305575
2829585319
2829846949
3903588789
3953998213
3953932423
4226561095
2070687749
2066706469
2066145317
442949639
444050435
437557249
436512816
436513840
973525201
973516992
1040626116
1053197044
664176340
616532676
619486149
612145493
742234159
740079663
740074542
740089898
756473898
756437038
745930990
744554919
752943542
754004886
751900342
742469266
750791314
1015032498
1015097890
529996322
381095426
380420609
380150528
384541696
376085504
908757056
1026197584
1009616944
1009550369
1009627170
942137378
958866466
707018018
712249186
721227490
985272034
985276146
985298625
985394880
1002023616
997763904
960014592
960018464
943437856
742046752
742036545
742048962
1681899682
1680688546
1684346530
1709446818
1956910754
1956716194
1952587394
4100337282
3571924690
3567529698
3567529699
3568068577
3584845697
3601757568
3605677440
3328788352
3324524448
3345758116
3614191012
3580636645
3580173663
3580189966
3341156102
3345346054
3345284614
3336627718
3332765206
3332895542
2259120422
2259113062
2276279399
2280475767
2238536774
2238471446
2238541110
2238672694
2247044918
2247049014
2246909750
2246839606
2246839606
2246839590
2246908966
2230267190
2230136087
2246851863
2246856471
2246889335
2213333879
2205015031
2204950005
2204997077
2171580884
2171515348
2171511260
2154799580
3245191580
3509294492
3542848700
3542727848
3543792040
3526982024
3541969288
1365117832
1885223593
1348349547
1358771739
1353458186
1890378250
1907139386
1672257578
1668194350
1664005166
3811216390
3810048455
1661766596
1661767380
1661899460
1661907652
3809403509
3877528173
3849610543
3853798446
3852733502
3837088782
3835581455
1691227151
1678648527
1678650847
1964911495
2105412262
2143095462
2142047926
2142117766
2142123398
2143170950
1610559991
1576808741
503063328
503128624
905786932
903624228
903620132
927739429
927743541
927735607
860736887
827248101
835685885
567052756
567053124
567053076
567249716
600747829
592359223
588230438
588037926
588107062
588204326
588122470
554572134
558840166
567228758
567164230
567228230
562837335
562855415
562855415
567041479
558635463
625809879
625884023
760101717
768489797
768489797
801650996
801642788
780737908
797850948
797932868
797764965
797764973
768125295
633977198
625842302
554551422
554551390
554682462
554355070
558811502
592398703
600791423
600660831
600660815
558717791
558857055
558857183
835681247
298811359
298679799
5111283
5109235
5094835
13483954
13482930
281918450
273529842
290372546
290372546
320777154
304020355
304086675
839745443
839663523
638332323
642006435
666896806
662706454
797006102
801241350
700558614
696364318
696364318
696362014
696353886
679575764
948015316
2017563872
2013453409
1476528162
3624011810
3624020242
3628214802
4202887730
4202864131
4202857024
3197469376
2931589536
2931597472
2927408292
2923203748
2922220709
2939083682
2904963746
2904963746
2904963826
2892053074
2761960210
3030394882
3047303170
2543990786
2543982594
2275424259
2259740961
2528160032
2544941412
2477833164
2180025036
2180024989
2167769775
2167753454
2434603566
2436831806
2435717422
2985240622
2980915245
4054587452
4054648844
4058843212
1363003532
1896716676
1880079252
537836436
537833364
537377717
1623300788
1614846676
1895864836
4076976644
4077038080
3858950944
3867339040
3867339812
4253391904
4236545123
4236549346
3695986914
3692824626
2350778674
2350791458
2618699298
3696651890
4273401539
4272852867
4272786306
3199044226
2930621090
2930551458
2921638562
2921642594
2938408454
2888228371
2888199459
2887920674
2892041250
2900559906
2896300146
2896300114
3198290242
3198294530
2661431811
2661296673
2661313312
3198216480
3198195728
2543880196
2544142340
2548406308
2535839780
2435127396
2435127445
2972588213
2972588967
3786291878
3786300086
3786185382
3787242142
3791436494
3776756302
1628219918
1627892494
1627826191
1627826237
1627883565
1627834407
1627839527
1678136419
1682313635
1682838195
1683952275
1826173619
748498611
748432051
747973555
748039043
764816257
768765313
795997569
795926977
794878305
803333409
795047216
2116236560
2116236544
2116170768
3730971696
3739355188
3735095348
2661301044
2392862245
2393187879
2393190958
2394161918
2410971838
2380300970
2355138474
2220923310
2485172654
2503190726
2503125062
2501028870
2501026822
2618499346
2618368546
2500993570
2538746402
4138861282
4138012595
4138489984
4137998464
4070869120
1914996928
1916114944
842443776
574006276
590783492
555147316
538374180
558120997
592199973
575144301
583730175
583734235
583742427
583545754
919085754
919151354
898511562
881735370
815155915
817187531
816175835
820308699
811903691
812690059
543201179
572572635
573817819
588694329
591819561
558195497
558129965
541353261
541347125
554453269
558713143
567269671
566950183
566885239
566802759
591961415
592026975
592157167
600480231
600553959
592030167
587836359
588118983
588250103
588143463
1628314471
1632533351
1640921959
1636827111
1670176711
1670160327
1670168007
1665973703
1644992983
1645190119
1645124071
1645148645
1645148517
1649311077
1649306997
1657683317
1674460501
1674460628
1640963524
1632442836
1615665620
1623923188
1619737085
1636515319
1636531606
1669922182
1653142662
1657316486
1644737670
1644729494
1930155158
1896799382
4044257718
4031654886
4040637414
4036378230
2962695767
2425692741
2426233428
2426233588
2495379188
2495381172
2499574436
2502707621
2535999717
2536130789
2519350343
2523800582
2414748678
2414552322
2372613938
2372484642
2356690482
2365072946
2375574322
2375807970
2243544035
2243478417
2242413440
2229831556
2171117476
2166917540
3274410404
3274348756
3526012356
3526012356
1378790724
1382923605
1987878135
1987874039
2002619639
2004800597
2000581655
2099651606
1562780726
1546598182
1550726694
2091849254
2091390486
1555571270
1555587782
3717784244
3717772196
3757671332
3749217716
3610807684
3610873220
3577392004
3577408468
3564825557
3572161492
3505114580
3504981364
3513369972
3513373044
3547050324
3555370756
4075468549
1927978786
1927842086
1651021862
1646823462
1713936438
1714070534
1731108870
623828998
607014919
606994663
606929327
745280426
753668778
749543083
749017787
749148923
699734747
733227595
1056189003
1047848203
1043759113
976388120
2054324284
2054398060
2068882276
3897599716
3905071824
3901131328
3901195792
3906978305
4166894101
3157787175
3207078438
3190293294
3190369326
3211335934
3186100410
3165325466
3031042186
2494187658
2628443275
3702101385
3752376232
3731399656
3727204972
2653479484
2657805068
2666193196
2682963244
3161050148
3156855076
3156974356
3161103876
3161112068
3169379860
3165185572
3186128420
3177722405
3211264742
3211264998
3177975998
3186364602
4255977658
4256118010
4294916314
1599940826
1595746442
522004618
488253578
488515723
473301385
140706201
149029787
166867643
183641006
181429222
181461858
173251842
175357186
200523026
150124802
145931010
162904882
194292514
178038050
1251520545
1589293104
1585098816
1597669568
1412071556
1412074628
1412102276
1412045188
1416235925
1357842095
1357132527
279196207
279183915
1420041787
1436871483
1457826091
1445308479
3592787983
3593307149
3324936205
3337257373
3567948476
3567973028
3299504804
3299360480
3303549665
3312986979
3325705251
1178275890
1178542082
1195253762
1161695490
1148063298
1156467394
1152240322
1152170690
3299646082
3316225938
2393420722
2393416610
2393486242
2393609122
2393412515
2397610723
2271799015
2234150623
2217359967
2217360223
2222602551
2222663991
2230937655
2243558407
2277110791
2277093639
2264502647
2264499047
2256109927
2254280039
2250102119
2266879271
2267012967
2505572215
2648145535
2648145535
2631237247
2362719871
2354327551
2354331647
2354396669
2354394589
2363307485
2363307229
2363440221
2380217437
2379562079
2379560991
2371319831
2371321095
2236960071
2236894534
2278573910
2278675830
2261971319
2194858343
2195169765
2195042725
2213839036
2213840060
2171373756
2168232120
2168256696
2168322232
2199804297
2199788363
2201892362
2214535690
2209096238
2209096238
2209096494
2175547182
2175012646
2246332183
2239029075
2221252433
2221391184
2221914576
2221783504
2217539664
2217531504
2217724017
2234402819
2251176195
2188257538
2259558146
2259623474
2259499554
2259429923
2259429923
2246842915
2230061863
2230147959
2238544247
2238478711
2272057719
2272123255
2188245463
2188245463
2205022679
2205022711
2171566583
2171566583
2154789335
2154814295
2154683255
2154683191
2171468055
2171463959
2205006103
2272107861
2272107989
2272108021
2272245173
2238690709
2238627733
2238627741
2238429885
2234104509
2234104508
2234497980
2502604788
2485838644
2222646064
2230985520
2231051024
2218274577
2151168275
3224967267
2167015587
2171209858
2175405186
3249145218
3249095042
2209042818
2192568690
2192433442
2192367907
2192351525
2192351533
2209129256
2498535208
2490206760
2620295992
2621090168
2637801945
2654599626
2317944266
2586378698
2586444778
2600088554
2327454570
2327388969
2344100156
2310546700
2293771548
2289573164
2284343092
2284441428
2355746757
2380900278
2376704934
2376700326
2364047782
2229831094
2221509766
2222701703
2233118085
2501553869
2518335069
2520419917
3056507407
3056511502
3056446766
3056372846
2789012718
2789208318
2793296078
3879612623
4114493903
4114556895
4100927215
3035511407
3031370287
2494369311
2511091471
2512134927
2277253391
2275397919
2275382557
2510265693
2514458973
2505935213
2535229741
3057485837
4131296269
4131299341
4131368989
4130201711
4130300143
4130218415
4130210727
4134473382
4155316918
4121770742
3584900807
3501010887
2427267013
2431464901
3237820413
3237947132
3237951196
3237822028
3237296700
3237231149
3235134269
3235130139
3243519258
3256187962
3256144954
3255091258
3268198410
1116520538
1116591210
3264140650
3268337002
3259940206
3243154255
3251552077
3285106509
3536829788
3536632940
1376558316
1376558308
1376558324
1376689620
1376714628
1376681604
1376663189
1394481063
1407005095
1371349423
1354704271
1354710415
3502054343
3233618902
3237817206
3237816630
2164074774
2164072214
2157774614
2225025558
2225037846
2224939814
2224877862
2224853094
2281472231
2189198493
2188168349
2184042684
2184083628
2185111980
2185112252
2149460620
2153654925
2162042509
2157859533
2159858285
2159850093
2158801773
2162725733
2154337125
2154338149
2150210549
2150292341
2218453269
2235197719
2268735767
2251962375
2255365127
2259558407
2259554310
3333751079
3333685295
3335798831
3323249711
3323451403
3340232777
3288721753
1409723099
1409723019
1141280394
3292825226
3235168954
3319006122
3352561130
3352698154
3465948462
3465948462
3468110862
3467914254
2392599567
2379750447
2287537455
2283425535
2282409615
2283376271
2287513551
2308484575
2325261567
2325331053
2325396589
2396948589
2383906925
2249689341
2249632157
2231806861
2227612300
2223419020
2224459404
2157235900
2163526317
2149903013
2149903015
2149902758
2204924070
2196274406
2197511286
2196397062
2188000262
2183800839
2166958087
2154507063
2162825767
2158889511
2160003623
2159806999
2210155031
2197604887
2197588279
2189211959
2189228119
2189293655
2256427093
2273204677
2357075911
2357092295
2365511319
2365372327
2231154599
2231154607
2221718975
2237962653
2250611101
2251598237
2249583005
2249599373
2248550799
2248551759
2232821550
2159424302
2158363438
2158297630
2158244639
2158244655
2158248745
2162478377
2204944697
2205022553
2200959353
2200942907
2201918794
2199818698
2199826826
2177671563
3247215035
3230437801
3230504873
3234855852
3222207420
3222207428
3290360645
3307202839
3326078214
3329155142
3329155266
3329118338
3329114242
2263761042
2275825058
2226613155
2226449379
2226448674
2226186530
2247157783
2263017479
2263022647
2262911271
2262911525
2279803429
2280852053
2247113541
2221939541
2222000407
2222131511
2230467383
2228366134
2245077814
2245016358
2278586662
2272545078
2239187223
2222346071
2221327319
2356134877
2355991517
2355926009
2355934201
2288828408
2288892280
2288892280
2553133176
2603460728
2586749000
4197366984
4197363912
4197355740
4198396077
4198375589
4195754151
2048270822
2060923618
1586962034
1586960914
1589066242
1321155075
3468442135
3338451463
3324550663
3593111111
3610940359
3564867991
4105802917
2964888740
2969148836
2956843428
2956729252
2418809572
2435726885
2519082542
2527930150
2527867174
2527866930
2494313490
2225608706
2225785027
2231093699
2218314451
2218318562
2234129090
2251960002
2256152386
2264409186
2260218914
2398622818
2414359799
2364092613
2364158341
2364146573
2364293821
2364327593
2355945385
2221726633
2217532329
2217441721
2150263192
3240782216
3258675080
3257492360
1114305420
1122685324
1123000748
1122804204
1110216813
1126465833
1092979977
1344768265
1344710921
1894230281
1357359387
1348861243
3492795706
3509469738
3577611818
3709669946
1549537882
1555826394
3367968186
3367378089
3367467177
3365992617
2284910765
2333187485
2315433615
3389170382
3393364558
3464754022
3464689510
3481712102
3349066918
2275332278
2247672999
2235090087
2232994983
2232969367
2215274951
2216585479
2237536518
2277396230
2276344583
2410668807
2409947957
2376393508
2296693292
2284634668
2284703260
2352642572
2350541388
2350525005
2366122959
3469288911
3465154762
3331981451
3334078603
3266904219
3261858987
3275507882
3272919466
3238456202
3272076170
1137040266
1132773770
1133887882
1133994426
3249938859
3233161643
3224789931
1077343211
1127190507
1110227418
1111263563
1123855817
1119847752
1117691912
1108779016
1077325832
1143373832
1143395352
1147296040
1155598888
1151351340
1156610607
1207261750
1179940630
1175777366
1176355014
1175371974
106610882
106611010
100270867
82391603
1156129330
1156113954
1148775206
1148774758
3304626678
3354955143
1203274117
1304072580
3434787716
3439244228
3439241156
3697258469
3697060325
3713837415
4267686215
4265511110
4264463558
4264460486
4264030438
4263997670
3206885606
3207869678
2637440878
2647993902
2677476910
2677476926
2409045525
2377913860
2376873476
2292987668
2292981052
2292977020
2297187813
2313997797
2381090215
2406255031
2402130327
2402270359
2268052661
2269101461
2266930564
2236542404
2244931540
2240728932
2177845541
2170358071
2168260926
2167867694
2199337262
2199337758
2206539534
2172915214
2172980750
2240155438
2241146670
2247376694
2239498006
2171356959
2205015325
2188238172
2187893196
2197330316
3262753212
3262889388
3256589756
3256524188
3272512652
3238958212
3222117764
1074577284
1342737108
1355479749
1351281346
1351248578
1356476130
1364800994
1377317026
1377378482
303636626
50865282
34085011
34080913
307906689
307915201
317385537
313189889
313176577
313438977
334463236
271351852
271360040
808353800
808240168
808242984
821873192
815258152
815196744
278227657
282360459
271863179
3198122
1089664170
1102241950
1404211342
1387434182
1458807590
3596853798
3592593942
3592859138
3610163714
3610151427
3710601747
3710455587
2573730599
2579050855
2612597093
2612539749
3652728165
3652726069
3629657373
3357031709
3372756253
1225273103
1229465359
1229465438
151535614
151526910
151535006
155729294
156073358
164492687
164606363
407875995
403681723
1477219775
1208795102
1280098078
1289726494
1289206302
1289132558
1288883726
1288850255
1287802077
1287797997
3384945829
1505762484
1539339412
1514336644
1514320516
1510060788
1509995236
1526768484
1476436772
1476443953
1548794129
1548794131
1549007155
3708975395
3746717170
3729937859
3738322307
3734126979
3734032819
3734036899
2680218595
2646779891
2505213779
2505278995
2507202103
2507206199
2536533543
2541125479
2541112678
2541094134
2516010230
2515857526
4126466167
4101301271
4118144279
4116180231
4116048135
4078270743
4078377271
1930893622
1930828118
1935622134
1944007591
1939805093
865928108
864813468
869007752
827064776
286015752
268748040
1420056
16099864
15051288
15182344
15202824
29215243
43798474
43994538
48110762
39728298
35270794
35532938
35532938
1978762
6168986
6169530
16540590
28075942
44888038
44888039
45022037
45021524
40819028
36624724
36623620
36630788
53404428
7238408
7238424
3035928
3035416
3104024
3012920
2943273
271378793
275564987
285002122
872399242
863486346
324505994
324506026
324251818
324116650
1366402538
1366402394
1366533918
1441965598
1169397278
3449933374
3483642414
3483709222
3399888166
3420855334
3421373478
3422290982
3420206326
3385601423
3385599375
1229747597
1229771165
1225642392
1225650617
1225651641
1212542329
1213593915
1215691035
1231415579
1214769418
1214668046
3370538246
3369489686
3368357170
3368361458
3368361442
3368378354
3368452034
2294710210
2311473026
2329298306
2398211507
2398211507
2397101475
2397101475
2398133665
2398197153
2398201249
2398136225
2398136288
2397086688
2388699104
2405479792
2401344816
2653001780
2586032180
2587015188
2587011092
2654201140
3191226677
3191214893
4281742063
4252435179
4124249771
4258466555
2109741771
2134911691
2134960395
2118231055
1985118222
1450606606
1446805534
1578951718
1578658854
1594492950
1498024274
1489649362
3633194707
3634242193
3634303664
3365749408
3634152164
3642536685
3658262125
1514973769
1523362107
1523431471
1242535983
1242486831
1310592199
1310589062
1329463430
1160643254
78513826
212733618
212668034
212665986
212669059
212169649
212132257
203743713
221028641
221031457
254642177
254781444
518371344
1583724560
1579595776
2116458752
2116460032
4264985088
3996353072
4017132064
3982599700
3831670583
2753940582
2888060070
2888570022
3961926838
3894813846
3899008390
1755788982
1755594406
1823752174
1822703454
1822895886
2091330318
2109008393
1073004057
1072999963
1054123546
1054716202
2128458863
2128450669
1987939364
1983876116
1983810580
1983822868
4148077648
4101693632
4100616321
4100681858
4100653474
4100527010
4100720290
3572238050
3572309586
3572448770
3572312578
3303811586
3303815730
3304004114
3316259602
3349808914
3349873618
2259252099
2410169217
3488137904
3488207536
3446399696
3446305296
3446357552
1298672416
1298671909
1294477351
1328031846
1311336670
1311347854
170754254
440369358
444498703
1054704431
1046257957
2114495527
2114497590
2030744646
2015015110
2014986374
2084177062
2084179366
2091535014
2141801061
4272441892
4272441876
4276668932
4265340420
2654639636
2637878836
3157935620
3158003204
3162099204
3166424673
3166228194
3165179362
3165179362
3165179874
3202932354
2586541714
2586459794
2586457990
3123328214
3144290550
3148550374
3198890230
2679857302
2679726214
2641912967
2503541893
3560574348
3560582540
3560582028
3697949084
1558907292
1609304524
1592539917
1592536863
1315710510
241967662
241705534
224997694
141193246
149610518
149586967
417892449
460892192
976791584
974829824
974825728
974826753
976917763
792364035
791381091
791250147
791393505
1865415905
1869409504
1844212960
1827492068
1828131012
1819747268
1815552724
1815428836
1819613792
1827936867
1840265826
2124691810
2125737186
2125821122
1994839170
1450634370
1597410962
1568115378
1601673906
1607851746
1465185890
1465147923
1981768193
4135469601
4135274016
4142487328
3606672592
3589824640
3564646529
3564830849
3564769459
3506307491
3501131426
3501002406
3500957414
3500957430
3505186758
3513640775
3547317975
3513747191
4033844991
4034764543
4051537775
3783036783
3783044381
3816597005
3799881273
3795818041
2789201465
2789209657
2787898921
2787702569
2926100527
2930294847
2930438159
2846548047
2830819407
3908755525
3900436709
3896112357
3895194981
3895119309
3896166861
3900492207
3906791855
3906857371
3922680715
3922550458
3914077867
2836665003
3910406874
3912569374
3912503598
3907784750
3903665214
3904580622
3904515278
4187696286
4187543743
4220037567
4195917209
2115541897
2115550857
2117641741
2117838364
1730847268
1697292836
3844776740
4046374180
4047423781
2977810693
2983971271
4056828359
4052646342
4052628806
4052627830
4052558694
4035715951
4039910255
4031521770
4098634218
3561753002
3561757098
3569883290
1440237706
1473890698
1457166730
1459201418
1459134874
1459192313
1929089384
1920574248
1916330792
1631168296
1629140776
3759840552
3764029736
3771239720
3771237640
3788023560
3775439368
3775525432
3775607336
3775541800
3779999529
3788377899
3851225598
3884808350
3868784782
3868767375
4143493261
4135161997
1983558028
4131317388
4148095692
4148062796
4148120428
3085756716
3081562476
2813130204
2779759308
2766848653
3036299918
2967163566
2966959846
2692234982
2691180262
3760722158
3781689598
3790303438
3786105037
1638523020
1705746636
1700504648
621392904
822660104
822413320
806496267
873605902
879913518
1035139630
1838403110
1853915846
1853924230
1853923463
1845661829
1845662085
1829932688
1813416672
1813363233
1679075879
1683286823
1685384239
1734660159
1651294271
1651261487
1646969903
594199615
595479901
561859549
1669167828
1652391668
1660884708
1660752613
1725772535
3873186511
3872137934
3884724942
3851295450
4104010474
4104006634
4105714030
4105705806
3571988815
3588762957
1438327756
1476006876
1375408612
288895460
320348640
320415168
319368512
319557376
324472577
332823811
64366850
55847202
21256482
21252898
29805314
25623299
25619203
25492259
25988451
59559267
1133501795
1099880802
1095727458
1074755938
1074690402
1078802770
1082932055
1082940279
1099717477
1099725669
1095629796
1091426804
1091426804
1091434964
1104017868
1099823565
1099954653
1104148967
1091500519
1091562487
1129298886
1137679238
1405983638
306559651
302365347
1376238291
1929886273
1929813569
587641345
587637329
555197025
1628807927
1612022487
1611105935
1611111103
1611111343
1611045871
1611053423
1632041791
3779591951
3814056719
3776307999
3776308013
3781153069
3822964013
3823077687
3822029063
3813456663
3809255191
3809253175
3809326886
3809334567
3809465639
3813662055
3780107751
3779984629
3780074741
3788463333
3788406261
3780017621
3780062677
3779935703
3779927551
3822017902
3822025086
3822020958
3821856846
1674377295
1674369099
1666174043
1666112601
1632625993
1632632185
1632558957
1632558959
1632238975
3813174735
3808982493
3813307820
3779732908
3788124076
3888855740
3867740828
3867691660
3867957965
3868031871
3868097598
3869076534
4007404582
4263257126
4282261506
4248698946
4230873539
4176413634
3635353250
3634970274
3635097234
3635101318
3367581382
3367581390
3432526558
3432523759
3432525288
3451394392
3450358104
1307101448
1198057496
1194058792
1178525736
253653276
252629327
252113359
84211119
356814245
365202853
364938644
366122372
368227268
393388868
370184053
906013477
838904103
570468839
570603686
570621078
570578055
558235783
538574983
809119879
809120695
812327591
816390831
547889902
547896958
564718090
866691594
866692362
829013003
824881163
824872971
824868875
824751145
891856169
925560616
912952072
1995083544
2125368376
2130494504
2115780808
2097954953
2085536649
2089480874
4238009002
4170736298
4187513514
4190644170
3674744266
3641255194
3629793083
3638189625
4172959288
4172891672
4177065496
3656971224
3680023033
3680022969
3658015161
3657983483
3674813819
4182392635
4191821611
4254732073
2109411195
1979195227
1968713163
1964516747
1997088154
386474170
390602942
357118398
291115518
274354686
273215838
273203582
273190718
281779006
277588255
278571853
280668877
327069388
1378795084
1445955084
1445301788
4129593132
4130121005
4142768429
4138631437
4272849677
4278108685
4267295273
4246231019
4165495787
2824530411
2826881258
2901264602
2901007562
2951278794
4269338826
4265210058
4263190698
4263059883
4284096941
4292482476
3852341228
3852405612
1704741660
1641864972
1616766733
1616814351
537915406
806219802
806101050
806101034
805840942
805963822
273550118
277744166
361634310
244260354
243864130
244970177
180007552
183153040
170561680
170569872
153727136
149459360
150516132
140009893
1208492967
1208493990
1208560550
1212824550
1222249334
1289238870
1289235206
1291330822
1325297926
1319551750
1319608935
1320526573
3465851564
3465850796
3477384108
3439638956
3691415996
3557199244
3575547340
3613376972
3548304220
1400797053
1383737125
1383802663
1383670566
1928925998
1920545086
1937322298
863580474
825839930
823713083
826849659
1908967673
1905100937
1938528393
2009701513
2002358665
2003407753
2003555160
3723113256
3723371048
3719176745
3723371051
2516321850
2507934234
2215979802
3293866490
3298097338
3298069642
3300163978
3317076875
3338048140
3324940940
3324965604
3257848292
3257589988
3257590004
3546964300
3521789260
3572124491
3572091242
3572017514
3573066026
2499329082
2960687114
4049109322
4049174987
4049244377
4049252605
4112179452
4145766828
4149813677
4149945773
4149878767
4158328687
4152166959
4118552351
1971072783
1968707343
1968918811
1977250111
1977180206
2111365166
2111370622
1440271743
1472809471
1472879551
1473133461
1473128837
1406086533
1406080469
1372459255
323891511
323907895
308277543
303882551
303868983
34383927
34375735
34523142
34473990
34479362
17700610
14561874
78607970
212662130
212661699
212713921
217022849
216969616
208581616
241820400
107492080
103354961
103489045
107616823
100211502
83388718
79194494
100191566
133988814
124289934
107647630
107656078
116044230
116044278
380284135
514566240
1588176948
2130229300
2117647396
1849207860
1849336836
1849597972
1866379300
1763676260
1763164260
1746359268
1813459620
1813451444
3967091364
3975938725
3971744423
3970437807
4240126607
4240058253
4239992205
3703061965
3707250953
3581422345
1182472735
1182730814
1182666254
1191081742
1190969638
1190977574
1182638134
1195290626
1144696835
1144684609
70945985
71026835
1143654834
1164664226
1441338786
1441280419
1441276851
1424565185
1152066245
1151996628
1157366509
1174150895
1174219502
1199524782
1132256170
1400679338
1467792778
1451000202
1458405834
1454281723
1471587113
1442243368
1417028396
3564580652
3564583788
1425480684
1557207789
3721494255
3746579150
3725648590
3724595982
1577095471
1598136359
1573101863
1569973557
1570199829
1289046279
1558006035
3696937074
3696945250
3697191955
3705569281
4294939392
4276068944
4263420480
4262310464
3725361684
3725391399
3725072934
3725068838
3726248806
3747231974
2646292630
2628326534
3702194310
3433693317
3433697412
3450478740
1298671584
1332219872
1198000608
1198008736
1165503908
70788277
85524877
84590989
84575117
67798989
337162007
352103207
904702759
938256679
921156879
375817229
304250885
305299461
303218741
386019361
873603105
873603365
877789743
817234543
817234475
280366603
279775754
296487498
32271210
7122427
6586827
275218827
275153289
