2173186365
2156401668
2156448768
2157485169
2161678817
2172160227
2171508946
2206120146
2201663938
2201663938
2201680578
2201648882
2470018722
2434299558
3491263399
4040749479
4036554903
4052530311
4048329863
4077690245
4077689733
4061117325
4060539789
4060539599
3016157711
3012976190
3012828974
2444502830
2444502314
2444502314
2478777386
2478771246
2212236334
2170293278
2166098958
2170363150
2177842446
2173509391
2206996287
2190217519
2257338671
2391556399
2346504573
2296238429
2289947996
3363797468
3358997340
3358997336
1209417560
1208366856
134619912
134619912
134489864
402927480
402926440
407137129
407337801
147258699
164091211
163693019
163697087
155447743
138671535
222428583
255917479
113376679
105119127
37936519
306435223
306443415
306410679
307330215
309616103
291850599
812010263
820411157
820869693
820838189
820821805
862764845
845987119
846044542
846040414
846171358
847224030
327130206
289315855
271464461
275658764
1349396796
1085155884
1085161004
1101925932
3282837004
3266065932
1118572300
1119620920
1117542697
1117604137
3264071979
3264204074
3268332858
3259929882
3255735578
1108317498
1108186490
1112379470
1112453198
1112469583
1091498185
1074688200
1074663624
1078858184
1087256408
1083129464
1082932840
1087127081
1087125034
1078752122
1078948682
1078883786
1074615771
1074585001
3238845864
3272408456
3285188488
3280992136
3247306648
3247240104
2173563817
2173563817
2173531049
2174579641
2180868011
2181000618
2171562410
2204989866
3278731674
3278732746
3257782602
3257782538
3257774362
3257770298
3257770282
3263017258
3271529786
3288243482
2170470174
2149489182
2148440606
2152565278
2160888414
2156759647
2223939197
2240724517
2374889253
2346458917
2340167463
2340232487
2340296999
2348161319
2314619255
2314492231
2314533191
2314516823
2306128759
2306194294
2306325366
2304228214
2304215927
2304113495
2304109127
2371317463
2371817205
2373783525
2373926381
2382047741
2382051551
2381928655
2381961439
2382092543
2373712383
2373564895
2373696463
2306580431
2306714327
2407311991
2407377446
2407504679
2407439159
2407528725
2407524628
2407463700
2273266516
2239306452
2235116244
2235247572
2172325348
2178747620
2174491876
2174508261
2161924311
2164021702
2155698518
2155830134
2168027446
2168011030
2203794694
2212113414
2212129846
2190113839
2190006623
2206784333
2212035149
2203900493
2201832061
2168347439
2172550190
2247781422
2247715886
2245533022
2237140958
2202618782
2185976734
2187028887
2186897557
2188929156
2189252804
2188335300
2189424724
2189360500
2204003700
2169989989
2152037237
2152156119
2161068998
2161101654
2177751334
2177742886
2212342822
2212277270
2195500102
2187103687
2203946885
2203830916
2165987988
2165979828
2149202852
2153396644
2153720164
2164074516
2164206596
2164206868
2159832356
2157772069
2178206517
2177157941
2177682293
2169359207
2170542887
2170486567
2170482487
2170482455
2178805575
2178743751
2177682855
2170145191
2170280374
2172582790
2172579718
2172579718
2168385494
2202000854
2203966838
2186865782
2186864726
2185816390
2185877831
2181811543
2181811543
2181758213
2202723605
2211114263
2206973239
2173213990
2160641895
2152253415
2152433639
2160760223
2161835453
2161703341
2172131565
2167146621
2167212063
2167307583
2180966191
2176771903
2176624446
2275182398
2279376894
2273087487
2273156759
2267922069
2267922069
2671754932
2638151332
2637626276
2637621748
3159812420
3168200960
3168186112
3180766721
3218514450
3193229878
3188998694
2652111398
2652112230
2652189798
2673222742
2647011406
3180200014
3180216399
3213878473
3213666520
3080501416
3067906232
2805500312
2772405128
2754518664
3828257416
3827729032
3827794601
3760301033
2686509551
2703287663
2707484527
2707550061
2707553069
2707544893
2707476287
2741100319
2808217375
2808215359
2808207166
2808209214
2774662974
2774662975
2774793023
2774784895
2774649815
2783042005
2783050197
2783050197
2774662613
2808337877
2808246775
2808242559
2774757695
2757824831
3965780287
3965785367
3965791543
3974179127
3970111538
3970369554
3970309123
1756771331
2025201667
2025205763
2046177539
1509823811
427755331
427106131
435494771
418723187
414520691
146085202
146043202
146137410
163033410
167227858
192778706
457019890
1514116082
1585428450
1585428386
1585289202
1585305554
1581086707
1530886129
1501029873
1484121440
2044048416
2077533216
2060820496
2060951553
1794609153
1782022403
1782022419
1781978486
1779955174
1780295590
1795958694
1766598318
1758279326
1770731151
1771779983
2107192717
2140747165
2140877981
2124379341
2124375245
1455289421
1459471485
1451021677
1467864557
1434179421
3590046559
3573142391
3589854055
3581473639
3615089511
3615122807
3615118679
3598337479
3623491015
3622524294
3588978070
3580458414
3581507503
3564689343
1417213343
1442379231
1475992895
1467612463
1466494255
3597266230
3597333782
3597322006
3597322070
3614065622
3614065586
3614118322
3581751731
3581747635
3573490099
3590271379
3590271890
1441232598
1457880822
1457843814
1457844070
1449455423
1382053663
1113810701
1113751049
1113984536
1114050073
1109859865
1109857819
1109721914
1181487402
1206673722
1156571338
1152308362
1152370827
1152354491
1152358589
1152367772
1155900860
1148510628
1148511204
1161093988
1161159460
1429447461
3614614805
3589778704
3589650692
4116027668
3042416916
3042351892
3044449813
3044509207
3044393526
3074282038
3208454694
3174839014
3178770918
3187146918
3181905062
3182040213
2645175428
2650417348
2373658820
2373658628
2373855492
2407409924
2415799556
2411534100
2394780468
2394812983
2394731110
2394731238
2329462510
2321075886
2300173302
2356931058
2356816082
3429574786
3291162755
3291159681
1143870593
1144968321
1193186689
1443210625
1443147139
1443282370
909547778
913618978
1994696994
1986300194
1445283878
1445334038
3727033394
3727037474
3756397858
3651405154
3650369474
3650367106
3380997761
3414687376
3385118640
3428077040
3426486768
1278609808
1144400256
1143089536
69340048
87166608
393463424
1448118144
1455466400
381724065
382774627
510699811
388081971
354662658
878807314
878937395
1961005345
1961013536
2145554464
2121498624
2047913984
2047912960
973137920
989915937
2031254050
2027321894
2023115526
4239672774
4241756294
4233433222
3695587462
3703976326
1552753317
1552688804
1552689828
1418476180
3562801796
3558345604
3308915860
3258605724
3257589964
3261763596
3261628684
3265831464
3534267944
3551047209
3500710442
3500706346
2431421034
2418904554
2435828922
3543037066
3544081550
3544064142
3581812934
3581550598
3581554962
1417228595
1417179443
1417176339
1163476803
1197083330
3352955586
3336182418
3470334646
3470274262
3472385814
3468226854
2410262566
2225844258
2225844274
2225713171
2225639457
2230092833
2267842400
2251277040
2184069680
2452509237
2452255268
4067161644
4072204908
4038650360
4042840264
4033382536
1881708680
1898508424
1933144200
1645871241
572395691
588145578
1636495022
1619708590
1619905174
3767312006
3767312966
4030505222
4046446638
3006227502
2993581102
2997237806
2527463470
2527987742
2662074382
2666281295
2666343081
3740171944
3756967592
4242915976
4234523276
4230329996
2082776396
2083826700
2083825724
2081695788
739518764
758393389
691419695
764812847
764872239
1837893583
1837909902
2089600398
2093786510
2085596566
2018486710
1477421494
1494198710
1510865238
1515190550
1590590742
1587182610
1587168306
1587102753
1589242912
1320938512
1316680704
1178256384
104480960
54149248
20582528
4063408
271516064
275580576
275590800
284129924
347064964
347458180
347400916
349201957
391127591
370151958
504504334
517087278
449850414
444868646
444884998
449177607
449244421
466016004
457623300
453395252
419828565
403047253
403112949
407135205
952394151
952164783
411099566
411103646
146863518
146931094
138508790
138492278
147208210
143013890
143006722
143000834
159793921
194400768
181846720
1245020881
1242924977
184851875
151301346
163899619
193258659
177140097
248394112
242876800
103416704
103416752
103494576
125773796
125644604
24981272
7614264
7616297
7365930
74499338
72862986
72796426
72272170
80718190
76252622
1166705094
1200263622
1201308102
1303024595
1286251313
3433801249
3455625761
3464014433
3461917649
3470433729
3336209793
3327688880
3325853856
3342832032
3577673092
3560849280
1413360560
1547446945
1568418466
1593716626
1593193362
1588920818
1455165542
1605132326
1604886838
1554555653
1554552340
1420336692
1558817316
1546369828
3693775140
3576335392
3609908289
1462432833
1395279107
1400769863
1409157607
1409026471
1409101237
1400771973
1400766869
1409089943
1406947735
1373426615
828167142
828131118
811364910
813638207
284041759
284041993
284059417
275606825
275545385
276622653
274500877
274629901
274632972
276754700
8315148
8287036
8274492
25036316
124657165
107887111
107481607
124258343
132668453
82334757
78176260
82501700
82506560
82506433
78312178
95146402
1123586466
1115201954
1110168962
1114295682
40553346
50256514
50198946
316466594
308060323
1933353191
1933549639
1664524549
1667675396
1667668240
1668586272
1664395812
1664390692
1665106452
1631470085
1883111943
1883111970
1886979426
1895306466
1890061538
1890258114
1353325762
1370107078
61750342
49088770
50187010
50109234
41725218
39626018
39686195
47812657
47948016
47882368
58364032
20627584
2818224
2822304
271529377
275722145
279916259
279911159
280762999
29112887
60583175
39738375
37635075
37635075
37684275
37561378
41887010
50213394
46023170
113164802
111919618
132727618
99210226
78239715
11131808
11139488
15301040
19491216
53044608
36369280
36340611
57377426
15569586
11386530
279755427
279751328
279751344
275754640
271491716
288244356
825033300
825037348
807675685
543435822
564406318
597961770
648885258
648967178
917357578
1048085738
1012434030
1012438382
1021030374
1020962535
1020961507
1023123939
2138611825
2054787280
2119873600
4267354112
4267620352
4263414576
4280195616
4116422176
4124672564
4124627461
4103655942
4107845986
4116447330
4114353378
4080868578
4080942242
1920873650
1929257090
1459499138
377423234
394202498
92154610
96397922
364894770
398039554
381191682
381195025
381198624
377073696
1446686960
1429926324
339358124
338378668
1009466280
1013529259
1017719466
1018112666
1017580446
362823950
379904270
379891726
384606254
372023341
103735340
103686156
254426316
220859324
142215853
146475694
146348686
212601486
212599046
216530998
216539174
229122343
262808096
246030896
246034944
262734340
267912948
225984252
209350604
217767883
75075066
70813034
87590250
121150970
1181261274
1189977546
1181662618
1177468314
3324819386
3324548010
3345794042
2277430138
2260624170
2260607274
2258460974
2258133295
2258170149
2262679925
2262615029
2270987236
2371387813
2354741669
2363143589
2355080612
2350689716
2350681492
2350878084
3692997828
3558794436
3558761541
1411261445
1415460151
1415451943
1423836982
1425934102
1425999622
1358913282
1367166786
1398656594
1113444050
1121803862
3268888071
3268888071
3262464806
2189222182
2187124774
2195480614
2190274598
2190262310
2257371502
2257502574
2391691630
2388414831
2405192573
2355034077
2296047580
2296016844
3361505244
3424407540
3424438260
3423589316
1276011456
1276060608
1275863872
1280075121
1288070515
1288107331
1171703107
1207354691
1122880835
1122864451
1122998643
1123002866
1113975282
3262500050
3258303730
3258966514
2183094738
2187268946
2190283298
2190221858
2257330979
2257352481
2257347873
2392352096
2396537188
2348335588
2315239917
2298409405
2289951165
2285171196
3356869117
3356935621
3355894853
1208413253
1208445957
1208315141
1212542215
1279721223
1279712775
1147061763
1098893057
1107150801
1107277297
1140774323
1114490258
3261908370
3257783698
3263092210
2189354466
2195547938
2190223142
2190226982
2190242342
2190242607
2257412911
2392613165
2413576557
2415510013
2382021085
2382074269
2373513660
2352543148
2350699956
3424574852
3423530436
3356387268
1208903492
1208428292
1212424964
1279615764
1288058133
1305871623
1207307271
1207388230
1206274262
1198409974
1181318294
1181283718
1189663126
3330003894
3330011814
3327713958
2261312166
2257118950
2257124902
2257112870
2274051879
2275279639
2415796501
2381140277
2364526885
2360332644
2296697316
2289353196
3358900716
3356788188
3356933452
3355897156
1208413188
1208314885
1275358469
1279714629
1288107845
1153876677
1171703493
1106757573
1140301269
1132436849
1115675891
1110310354
3257726422
3262116854
3263095526
3261067878
2195542646
2190217762
2190217762
2190242598
2190243110
2257346919
2257346663
2396836069
2397028565
2413740165
2413740165
2371674276
3423891940
3423884148
3424024388
3424020036
1275471620
1275537156
1279550725
1287972117
1288168709
1288099077
1163824389
1367313685
1400872053
1400880373
1382915285
1382909143
3530539479
3530478070
3530453478
3527090534
2455319398
2462593574
2189959718
2206741038
2173320782
2174368714
2241338298
2247641514
2281212331
2272826763
2541527435
2505879961
3038548392
3037499880
3037116268
3037111836
4145980932
4145996292
4145951253
3877306903
3776648047
3791324655
3787001071
3853060351
3854118223
4156108109
4153943816
4158141192
4149756280
1997017321
1963469995
1951078586
1883900042
1884163466
1422796170
1418027242
1955917866
1955889211
1972416777
928033032
906012712
906274859
1443215406
1443334174
1443250190
1443233998
1444806854
1445605798
1470763682
1437143712
1420374672
1151935104
1151870608
3290984080
3292262020
3290082949
1075493511
1079548854
1356381094
1352186278
4055481766
4072321445
4075332044
4062740493
4062937103
4062893103
4062783599
1915300078
1898654126
1621757870
1689911998
1958347421
1958544061
1957437949
1433150477
1563224077
1998891021
1999022093
2003212559
2145828383
2112271931
2112651835
2105311803
2099044923
2098734651
1964580587
1968835241
1704606376
1740274088
1740164488
3886597256
3815276680
4079591560
4046103496
4046104088
4046106152
4045975080
2972239372
2955854348
2968437276
2963948332
2963996975
2980586542
2985045034
2473077802
2457537578
2465860634
3556379658
3619306510
3355125775
1164453988
1277704436
1277901956
1278923905
1547272321
471564675
1025160066
1071293058
1050325698
1052476931
2058925600
2049486368
2050535200
1849224480
1865036833
1831735329
1814954083
1827602658
2091516338
2091516802
1017779906
480918018
480852483
350775827
346614307
397977893
381199621
385384453
372998341
372932741
372936853
2117775605
2117771493
2132795621
2086658149
2088751381
2088588085
2088596069
2088580719
2097102575
1962743535
4110227102
4110161805
4125885900
4125887560
4125693976
4125702440
3618319144
3618188840
3601344216
3601347209
1453851274
1459094186
1450705838
1446773166
1396117686
1395798150
1935814790
828534918
837004494
866167007
866167020
854829276
846379132
571643948
1647481884
1914732556
1914732556
1915134271
1931928102
1881563686
1948660262
1949173302
1954418270
4105965550
4240181742
4240267598
4257114446
4292733262
3730618974
3730620014
2656855594
2651587082
2651521546
2655654458
2660900910
2660769838
2677538862
2409107486
2308448270
2308531210
2308562298
2312690042
2304297819
2300103497
2300563017
2304698056
2303648392
2311578552
2370171048
2370093224
2353384632
3427137688
3427133596
3423070396
3288787391
3288788926
3574757022
3610408654
1449227854
1449141774
1457532446
1180712750
3328195886
3345036590
3346265390
3312555326
3589309759
2511373597
3048320268
3081875212
2811275804
2944437820
2940307180
2802025132
2785182440
2785460969
3859219946
3860139114
3862825006
3865708590
1995053110
1990867974
1455039746
1471816451
364585473
280749633
280673985
283806657
283871619
275483779
271417555
271438035
271413491
272576613
807149677
810297197
869022312
915147497
378284762
378284682
378284682
114042250
248184970
1299841162
1287270798
1286218654
212558510
1286136556
1286121060
1286123108
1282973220
3695020596
3560213028
1410378276
1947314708
1929558592
1912770241
1912770179
1912788130
1912632482
1913655458
1913782434
1645609110
1650328710
587095234
602701106
551874358
547743510
547877150
547835958
551833661
540291132
538189864
537339176
537792040
550373928
545917561
545934043
814272138
815326858
903403402
895193530
890954666
1041901483
1582967737
1585064921
1593469945
1589374441
4143751657
4269584857
4152132043
4110320331
4106125935
4103971431
4103908897
4099716641
4027897376
4029992480
2703674656
2720450608
2724653056
2728851456
2728709136
3797206096
4060364996
4060352903
4081464230
4090373798
4087230118
1943814054
1945909662
1937520782
1904097422
293219470
819668366
819484303
281576108
281584300
819503868
838378108
837329452
828940844
858497593
858432010
925541642
925559850
2003478570
2137688090
2011867146
2146150410
2145957066
2003337659
2003338153
2003337897
2003489465
4118471609
4152026047
4060039166
4059919854
4059854318
4050395518
4042072414
4042068446
4043117023
4043117052
4042872296
4051226600
4051296124
4051230284
4051238412
4126729741
3623450142
3615176478
1568356158
1568292158
1568546110
1567493438
1575617855
1424699677
364589852
402142012
402141980
391653132
369633132
369632744
386527704
285929928
286179720
21873081
21286891
54840170
38132026
105355530
105359630
247834894
249341198
249331982
1335460638
1285194718
1285202566
1285202566
3435044483
3439102627
3424431011
2349640099
3423381927
3742280903
3734938631
3602812933
3601498117
1453884452
2133386276
2133343268
2133462060
2133462076
1866079084
1866082988
1872457388
1872619196
1872011916
1872011916
1870693004
1862304412
4009993836
4009994788
4009929252
2937235748
2910251044
2783332388
2762343493
2762867142
3032359878
3036619494
3036427238
3025416674
2488545522
2497060930
2492932146
2494836786
3568574546
3298633154
3302895555
3227404931
3242118019
1132185987
1115211927
1115475094
1115481222
1111388294
1110339670
36581398
36581687
317535013
330049060
279768612
283950644
1345175236
1882044292
1881441156
1932820916
1914143380
1915925004
4130513420
4146245132
4112624173
3043027502
3026246186
3034893098
3085225258
3201650906
3202314458
3200250074
3204345931
3204346061
3195696621
3208308717
3174760413
3161099741
2892729437
2902035487
3992688670
3992694047
3992691997
3980107828
3963211828
3963187221
3962052711
3962123494
3962440870
3975023014
4021173122
4004392578
4004914822
4273415814
4273284790
4139001574
2543072998
2509516486
2513710919
2538872150
2538935606
2538951990
2530572054
2530735959
2530604407
2530596213
2531038325
2539443412
2535245012
3575575764
3560334805
3291881429
3296071365
3302364885
3302303347
3302237987
3293849379
3293852979
3294442771
1088371987
1088232721
1090395457
1123712961
1122697088
1122731648
1122599568
1114408880
1111261604
3256124836
3256190332
3256281359
3264506686
3266587438
3266653998
3287689006
3237880302
3237872054
3233693846
3233599633
3233583536
3237774752
3224145312
3223621024
3274087872
3525750016
1378266369
1382454545
1382538549
1382317349
1382300965
1919170860
1937128748
1903590716
1970722108
1951897364
4101354260
4101812992
4101808656
4097614369
4097606179
4229808866
4250809010
3749585538
3741197954
2662743538
2595490018
2595489890
2597595154
2664785926
2664885254
2660672518
2660667735
2660729796
2677310164
2614407844
2601829028
3641983716
3627422564
3627426084
3625328940
3646038365
2043813066
2073500042
1539578266
2059725194
2059708811
2055514505
2060228043
2059960587
2054783259
2066383659
2032829227
2032722731
2015897391
2017139503
2019171301
1485445540
2039089572
2072579456
2123915648
1587339648
1583124640
1578991845
504229943
387279879
353773574
875706374
875960583
874909479
821559855
815268429
814236365
344539789
348680879
336097007
336128750
352906094
373991454
379238414
381323278
381584399
381530375
109027605
104783877
238960645
238682161
253362273
1327181920
1306137056
1218057968
1220220560
1220105857
1219090049
1286102659
1286168194
1151958962
3299420322
3300403366
3321374886
3311942822
3341485198
3307872654
1161372302
1163600574
1103717102
1083766574
3231223086
3233320255
3521751309
2469112588
3005913868
3056241164
3061549580
3084430892
2814946860
2802431532
2768978476
2769945192
2769945320
2772246760
2776371432
2780628200
3835566296
4103006408
4102924488
4107118796
4040009869
3494743183
3511599238
3545153718
3528335526
3529384102
3529384374
3539874706
3350603458
3317055042
3299085843
3303806771
3295422243
3291227443
3291424019
1143880962
1148082434
1164888386
1198492099
1189985729
3332745168
3333727216
3606090596
3593508644
2517669668
3053495844
3053495844
3074593284
3082977799
2974204454
2971091494
2971411942
3040623782
4147906734
3867084990
3875145870
1727671438
1994268814
1994137743
1977381023
1958527487
1958579583
4109282063
3563956750
3563891230
3614223934
3605914142
3605926495
2527990383
2544238957
2443509804
2430864428
2430863372
2422564876
2422532365
2431772943
2440276254
2170002750
2165802814
2165817886
2202386958
2210678302
2206467630
2207716646
2274784551
2274782439
2410958053
2414136501
2405731733
2405731780
2405612997
2373103445
2373102453
2372987431
2368784935
2368948790
2366782998
2366779158
2370972982
2412971110
2411005175
2411011287
2410960021
2414100629
2405745108
2372190676
2356408780
2356339020
2356342108
2356177708
2356169517
2350058301
2350005021
2339515151
2322736399
2331443471
2331312415
2327121982
2327392302
3405276206
3395874030
3391655086
3458761910
1311412358
1311416710
1311351175
1328062884
1164505252
1147696357
1147829285
3295311909
3228199205
2154416437
2163796753
2159595013
2174255621
2206892613
2190119621
2190124773
2262429541
2256067937
2256033891
2256042083
2272865398
2230987894
2365271158
2365341030
2298219878
2288847126
2305755910
2347654930
2330984243
3403808561
3395335440
3391131968
3391128016
3390083569
3389428177
1225171843
1208397698
1489415042
1489938822
3633248646
1284168583
3431616391
3449423493
3315140245
3352039085
3343658735
3477875694
2400004590
3473874174
3474785358
3487040526
3484942346
1236795675
1235902840
1235902956
3383355372
3380127725
3409479661
3407449517
1259974141
1327083407
1595518863
1583065485
1587193996
1591457972
1465489573
1426689202
3574256882
3508154402
3510240546
3240757026
3245030930
3282713154
3282714306
3282704003
3282567808
3283624608
3350749860
3345532908
3307785532
3291191580
3291130124
3295389981
3303582526
3303583274
3295254058
3480846890
3478749930
3469255578
3486033294
3452544407
3704337572
3693053156
3693053300
3695019780
3694046724
3710299653
3743854085
3748056582
3757032966
3756803686
3724280550
3703309222
2629706150
2627625126
2627695846
2497563879
2488650951
2539056325
2264311748
2263806532
2263761476
3337421404
3328709164
3345482024
3311932457
3295157291
3429575738
3429510154
1294609418
1294627850
1294647562
1282064714
1290527069
1151918444
1157128552
1157112168
1098532856
1140475896
1123737560
1118538633
45059994
49061306
1378399658
1379434730
1379696746
1377677434
1377804539
1344185224
1346282124
1350497924
1415470756
3570675364
3570673316
3570673125
2482320419
2460353538
2191918082
2191803410
2191844386
2191844390
2191831334
2191954207
2197197069
2457633629
2518450860
2518205096
2484074169
2416867978
2417629898
2417638090
2490968666
2489854490
2498248474
2443706650
2477527098
2209112107
2209144875
2209148969
2209124457
2214035693
2205582837
2199306227
2165481431
2232598471
2231549383
2235741655
2235757783
2504192247
2512646389
2513695189
2496913885
2488362973
2484371199
2484411119
2484542190
2501262302
3608620494
3545511310
3537645710
3554422943
1402810557
1405038780
1103044796
1098473688
1077428504
1144640792
1160764680
1160621321
1428990747
1475189562
1605143321
1520749320
1525141000
1516658184
1517695512
1523982904
1250177576
3414434603
3385073962
3376685098
1229333550
1229331502
1220807694
1216618575
1216668108
1233367432
1216524680
1212319160
1208191400
1224772521
1224780427
1526835850
1522772618
1589834378
1577456266
1578501034
1312162026
1311645802
1315712046
1324099590
1332029446
1281779718
216456962
212258306
212780546
212717057
212663648
212626532
258305108
171330624
238472452
504794916
504409636
1058055716
1037083173
1031844420
2109769412
2097186484
2130816676
2114054820
2114075556
2118269348
2122455205
2122451110
2140211366
1972381862
1959800238
1951610798
1410553806
1427395150
1433723406
1164232254
1164771110
1173186854
3354338598
3488555062
3450744854
3433975838
3433992222
3299774733
3300295948
3568666888
3560213288
2486471528
2503248248
2537457992
3594433864
3592347976
3592384888
3592303464
3621659497
3757974379
3719889258
3718776106
3722975290
3572103450
3572152586
3569003342
2499324622
3027799706
3023602362
3073020554
3056251534
3056251534
3056267942
3068711590
2796049381
2812813669
2779522085
2766941191
3022788631
3039565879
3039702078
4118686734
4127073550
4120514830
1972896543
1971855741
1959272472
1950905432
1946733640
1946802264
827062617
826988889
592102731
575324619
575312330
1649119610
1648997226
1648932714
1648932714
1665711930
1665914650
1665914683
1665881897
1632311161
1632310649
1632310649
1632179561
1632179577
1732841979
1741234650
2005606810
1971987355
1971925913
1418204041
1422418825
1422673816
80563544
214895880
231617800
501099784
534654216
517893432
511273273
374884667
370724666
370722778
370787274
370799498
924361659
890807211
891003307
874226091
811115691
836536554
869636314
860273098
927378890
1963371978
1967564234
1959179662
1959101951
1959560431
1967961325
1984806189
1716431909
1850647589
1851699236
1851633701
1847386149
1847189559
1832808471
1816007622
1814431374
1814367918
1759779502
1756379818
1753234090
1753229962
1770270410
1803822794
2051289673
2051478233
2051342825
2051866857
1003225321
969679064
952918088
953147464
415677448
407279624
939890744
1007007800
1007073288
1008110860
605455885
876512782
1949206222
1999536798
1982759606
1982722742
1982345382
4129820838
4134015142
4138283175
4138348773
3584700900
3567920980
3567789636
1157113348
1291400964
1281105205
1306271077
1339833829
1314799047
1180581255
1182664070
1178402966
1178337462
106651838
89809334
80404919
76080099
81323873
1155049251
1146662178
1159238962
1178240258
1178240258
1181386498
1458214722
1454028755
1454095857
1455009248
1459137760
1446554724
1983476772
4147712292
4114100517
4097647407
4101902895
4104061550
3565946606
1418473350
1552690054
1284254086
1284245894
1150175639
1204702677
1179567429
1579065604
1581228292
1581228304
1580574000
1578413344
1595191265
1594142691
2097458850
2080675490
2084996754
3972957651
4102979681
4104056865
4110180384
4281081872
4281278464
2133729280
1999505237
1965952741
2092763879
2092178150
2090085078
2090085966
1570008654
1602602766
1590134030
1581756734
1581769022
1577574711
1581674863
1598476783
1598411181
1564763053
2101634493
1564765609
1564863931
1564932489
1564920203
1564986843
1465185754
1465181514
1465176906
1473745722
1453240874
2126427950
2126167335
2130218021
2138610704
2100864000
2084102145
2084200449
2084180737
1547305667
1546258050
1559170706
1604655778
1588866722
1585721058
1585719267
1585718773
1585458588
377490588
398461112
386009512
352717224
352725896
352595848
285483912
289719193
838124025
837072169
837676329
837807405
862976317
858704157
858443037
589942045
589880639
589090111
592301375
591777087
591781231
600178559
566615935
558227295
558225375
826660863
826791918
902289406
348517846
482737494
474316054
474425622
205941206
80112006
75922311
76434055
260982407
244081543
244081078
248377518
248377518
235795562
236845098
108910634
133757226
364415803
347702792
364479240
494444808
521773080
505147432
504029480
520774952
487468600
365836840
344918569
344739355
344782603
282887498
291341514
320767178
324963802
316587514
316581370
1382003098
1381863818
1377538443
1379566475
1396343705
1395323561
1365927593
1350051501
1358701225
1893474985
1893544875
1892943274
1892943018
1358183658
1400188154
1400188107
1383167050
1383317834
1383326490
1123144250
1121014330
3264565818
3334299434
3334232362
3331877163
3331861803
3466068747
3466088969
3449348617
3432694377
3428484073
3424290283
3558508715
3558574233
1410971785
1460250760
1443408008
1443396744
1444421768
1444479161
1383727531
1923748650
1403662890
1353589290
283910666
275542538
271566346
271571515
272423465
270326713
274520473
299682955
316654731
312394122
312365450
314991514
315979694
58015726
23411438
23866110
19671758
52770510
52826574
23990342
11419654
11419654
11289635
11299104
15477028
7088484
103807460
372161988
372146628
1446412613
1985249589
1995739429
1995219748
1973723692
1961730604
4100957756
4230981148
4232048156
4234038829
4233764399
4107928878
4109894718
4151902222
3598385166
1446641738
1446651082
1450845322
1459293578
1457195914
395987867
396041881
402155193
1475896313
1466442616
325788472
317596472
334374184
334458728
300777448
1375010728
1425328025
1146454409
1163297163
1163038923
1163047038
1439735854
1475650606
1475650862
1475849518
1476322606
1199469358
1199182623
1199178511
1173033821
1081803261
1081804269
1077886141
4012221
2046349
1973645
22483853
39125897
39060441
307495803
307496235
310123818
317463850
316960554
296018746
279311114
346149642
351322890
340838187
339799913
339963881
356678536
374493065
370560905
305581449
309708201
309625257
317751721
299929977
346071353
346136873
350462253
1424205101
1425255717
1423158053
1439861509
4140997127
4132867591
4131294727
3057552967
3057553238
3057647462
3055347046
3055362542
3076461054
3011384158
4059763678
4054397934
4037554665
4037542120
4037546200
4041744584
1345855560
1343807560
1360569416
287083593
323782746
323865050
324979146
324983690
392097674
1476289418
1476150154
1442431899
1442698217
1425847273
1423745324
1423746364
3588070669
3623722269
3596393783
3596467494
3592353078
3592311255
3592290695
3598320007
3581542837
1424688549
1424563631
1424564159
1424768942
1424765870
1424778239
1357177691
1357377817
1357246744
275021080
275003704
270809400
271006040
325458377
308679049
309723545
41230729
39080328
51675640
1091866920
1079294760
1089772328
1084599096
1101507080
1134995977
1118223050
1118716554
1118700202
1382941610
1378750890
1395536042
288305386
271331354
271328266
271345675
271382809
3144457
7265033
7243275
284066315
284066315
820871691
367821610
518818858
518821930
510572554
1580115977
1579871240
1579896904
3727180136
4251570920
4239053480
4239037096
3165172408
3166216891
3166216878
3159928494
3155724974
3021703918
3023736566
2755579526
2772330374
2805867662
3865973902
3874364558
4142795934
4142795966
4142806206
4138607774
4155449566
4155252990
3584844271
3584844253
3568067916
3572491580
3564029220
3564002340
3564002325
3564002311
3563748615
3563683127
3714606375
3731583285
3731550469
3739926789
3739993429
3739803509
3731417957
3714608103
3697830823
3697967015
3572135335
3572384167
3724362167
3757450631
3732287303
1584802563
1583692051
1600403746
1600395558
1566842151
1551044917
1550930197
1544647445
403759893
419488732
419474308
423664533
432102327
432020391
406862247
406992295
423768391
424816911
459473167
459285807
442509615
443562287
441481518
1002495278
952353054
952275278
1019331018
1010882026
1010871530
1061267690
910355674
906388683
906375243
373702937
315085609
331858472
331712041
332171833
38578458
34375754
34572494
34506958
34505870
102678670
1163846030
1153344134
1153073879
1421509349
3568861924
3568865892
3562578788
3558385020
3575248220
3574128092
3574091165
3578464687
3586791850
3586801130
3721281530
3721352778
3588055563
3587727885
3570942748
3587753452
3579372716
1467542700
3598380220
3598357900
1920632205
1918612895
1914348974
1916712430
1915192702
1914736910
1931535118
1898013454
807547166
807538990
807797039
820314411
816263467
816189707
816190731
817108747
278195977
299151112
299339016
290758232
291278552
1933346440
1933543048
1932430984
4079912585
4084111082
4067210730
4076659178
4076806314
4137562298
4137562298
4141756846
4158009774
3712229806
3695255742
1548948734
1414989150
1425280262
364127494
397680910
129790239
129790269
129528632
31019832
22764840
1825064
1825080
1694985
1622283
1622282
6112010
6123786
9261338
9260331
9259817
26135401
42916809
38714761
35362184
36209032
36278408
36352141
54178189
3842445
1745372
6010364
274251128
1960618792
1977396008
1721543464
1723304472
1859489305
1849000473
1848934971
1848939067
3996512297
3929989161
3927859240
3940205612
2845499596
2827674316
2827641356
2827710984
3092853256
3101169256
3094874731
3102223338
3169585386
3165390986
3165591690
2628467850
2645241994
3619172490
3602526602
3600425615
1180639900
3325829796
3325822820
3325826348
3308727340
3291966500
3564612612
3503406341
1351718151
1351910934
1082426982
1082427362
3230043618
3225839842
3221367010
3221366914
3221366914
3221366914
3275893378
3264355971
1116868225
1119094401
1118045841
1122269089
3261378465
3261377953
3278155189
3521490399
3546660143
3542584623
3542452031
3547174159
3530400782
3525947418
1378571306
3526038570
3525973034
3593082090
3605669355
3601475209
3703256715
3434747531
3303673421
1156451853
1156566540
1156378140
1151921704
1302916648
1315696440
1311427932
1245433244
3390621096
3390890985
3659326249
1534362139
1508147995
3652620587
3652624425
3633685545
2558830601
2563553372
2555231212
2551093997
2550811373
2567573199
2333737678
2388267726
2398618094
2394423398
2394488934
2394559606
2411277382
2377657414
2360929350
2365101415
2355660647
2368242661
2369295324
2400953164
2400887308
2370478684
2378870396
2374937196
2379082349
2370583407
2300315754
2300513386
2336097338
2348680202
2310934602
3384418506
3384485338
3380094634
1295521450
1293485707
1293447049
223897497
232320424
223927464
219929772
219075740
203351236
471245060
470983444
475107892
475054629
491831846
487834166
454182662
457338134
465643878
461380070
494934510
226507199
260059036
243360652
264434572
1275249044
1275298292
1275106405
201370917
1288743223
1284619030
1337106183
1320584967
1324779270
1312198406
3727986470
3658788838
3674532838
1539796935
1518753159
1518752133
3666264229
3661906151
3674214503
3640681493
3640845623
3646088742
3654737446
3650440710
3649314310
3682871814
3418634790
3415162150
3382588519
3384672485
3454927028
3446096004
3473981581
3472928909
1308665229
1308667295
1312927582
1606589966
3720781318
3721837879
3588000813
3571225645
3579417645
3713717277
3747247117
2673493263
2639923167
3722053614
3721922542
3696759534
3695719118
3561693903
3318358669
3314164364
3314118300
1472784812
1465428396
1394256268
1377470604
1914342540
1914537148
840741037
857518191
859631663
824598590
1881546798
1881614126
1881484846
1902578222
1941768766
1939671566
1921792590
1384922830
1384956879
1401717212
1368166908
1355063532
1342669036
1342603620
1342604596
1342418196
1342286080
268691777
805460419
1879460243
1879461809
1900466097
1922496433
4069963664
4069758592
4069627584
3530601985
3526403618
3525371426
3542098466
3513127458
3504734738
3500540178
3568042018
3299606562
3316384802
3354133571
3476948033
1295920192
1295968320
1296029776
1296030160
1299840464
1299953616
1341891280
1324983281
1324921333
1316811223
3393189334
3409901878
3388627494
3365493286
3365415470
3365432878
2291687742
2291679262
2304262262
2287546614
2287624631
2286576561
2295004833
2379996832
3487170432
3470419840
3464119680
3329966481
3329839521
3329782245
3342361061
3289915684
1142628612
1142826756
1142830852
1157498636
1089804060
1089738045
1089738111
1098122715
1131742683
1131879866
1121351610
3268896698
3270796954
3270820826
3266626394
3264513322
3265049898
3281823018
3248399146
3248390747
3252327389
3355160988
3615204508
1446876340
1444775092
1443856564
1980584180
1980330340
638247781
643490796
1872422892
1838788524
1821944460
1821944460
1817820812
740163228
756299772
622073325
621807087
624047470
619847022
615648766
615653326
632307150
632301006
932209038
928039310
927191502
889381374
873623918
873673518
271655215
275980575
275915023
276182287
14105885
11869469
11864861
11881277
12046093
11964164
16680708
14648148
14652404
31437808
22983377
58643153
54411858
120510322
86947170
92253282
100576482
100574418
67080386
48529603
35950739
103272627
103158179
103167971
104211169
116859617
397763429
295035717
832406797
836537613
827099453
593271597
1675541039
1734322715
1715250907
1715241627
1714209435
1714291387
1714295466
1714172586
1742999726
1688474798
1956919534
1956984839
1421228039
347482113
79112193
82261009
82194433
74326017
74317825
204341523
208556403
216987619
217034483
233683667
233607123
267161043
250451409
107982993
103264401
103133363
103125171
103256499
121042595
87453346
68562658
1519314
8199874
15468466
11273378
61617314
44917906
45076610
44548226
48611475
40227091
56979761
23359776
6562084
6563620
6713100
23522060
91130636
502106933
486316405
485271805
1022133471
1064075423
908558495
908234903
572698771
1647505569
1645404833
1645438625
1649418912
1641095840
1624388225
1618088577
1625621125
1621361639
1638147311
1671703786
1654929642
1654929626
1927682250
1931872395
824577419
824338313
828465913
828404729
828429305
828428651
828495211
837018922
836889914
870447386
870407450
862131482
862064923
811733275
811807035
283194153
350304041
350306105
350288415
341883679
341884695
350401799
342012163
274759923
276070563
269844641
269930885
85078404
85077828
353511940
340994597
347105893
363916263
397470087
312509831
316703111
304185479
304332951
371380631
372379815
376512934
376447458
349253986
349385490
78709522
78647858
81797922
81815346
73661714
73595142
73570626
1155959234
1152289154
1152222610
1153209265
1153213408
1174184804
1199366692
1178427940
1178214948
1178220068
1383730996
1400441125
1366821165
1366826077
5778511
73036879
75124815
75317254
8323078
8257558
6172726
14098726
81211171
79048211
95829507
100075075
99877569
125043537
91546417
91611445
92206389
25082133
57579985
40864145
40667281
40410289
40407223
40751286
36622775
36630934
37679798
25092838
14443046
14426919
14429989
14433063
14498597
14560033
16657153
8265473
8258819
6799635
23449939
57463187
40878514
40812979
49201587
49271217
49279377
49279377
40351184
56993040
23373109
6597925
7646501
32810277
24616981
121016333
121077773
121406589
255827197
524204511
526298071
1994304183
1990045367
1989980823
1987871366
1446806150
1428058774
1411261111
1413358307
1412768355
1416897569
1420037153
1352927281
279386305
10893440
27667584
44516481
40207253
40158103
39928727
39915798
56824118
23286054
73461030
98610470
98610439
132561157
384207109
376342804
371955796
371768404
505983221
1043050709
1043247351
1043263734
1043263718
774566050
778818466
782818978
648583843
631881365
1688845957
1685710469
1681482373
1681594021
1681866405
1681731237
1684285863
1688221863
1688210598
1688405126
614610118
883122182
899719430
937473335
920693783
1046525973
1042331701
1042331697
1042394129
1042740227
1025921027
473825731
477823891
477696691
486089379
483926689
480060065
347550353
347543169
346246785
396479121
316726199
308341687
375433655
376483303
913421823
921802047
871400750
853581102
845261862
857908274
891466770
891715602
875003922
875008018
879665171
888045600
1039056928
1030471696
1026408512
741196016
606950880
606960288
611269296
619657857
632102547
648902291
1726772871
1718384263
1717884559
1726257327
1721809135
3869292591
3852642319
3856835595
1730519305
1730470697
1730634303
1730548591
1696990127
1684801455
1692666799
1688541631
1688410527
614611087
631387279
933240974
916480206
400613390
358658350
341879854
341879846
341878823
342080565
342011921
337809665
807568129
858948097
1920374320
1658296881
1658166065
1658165553
3793008913
3793010434
3860787734
2805879334
2772304614
2754347694
2758283950
2762479279
2762481069
2762480060
3031972228
3029872516
3034066820
2505584004
2505716901
3613275302
3614904486
4130422950
1981994182
1981998150
1444998150
388033542
354483255
354581511
341990661
341970693
350359121
350424691
350322419
351334131
368094931
938589763
930256451
912426755
912426003
644056115
639734835
639743027
656449571
656465954
623042594
757264418
740737314
770982882
771610354
1841166038
1839066823
1872604876
1872620252
1801190092
1796958924
1866017484
1866217196
1864634861
1709179114
1688207534
614469822
614601870
613563534
612591750
629337782
646088327
646091463
580092485
585400581
572842085
572793965
589638893
539110893
543309549
614598381
614531695
882909709
882909709
346038797
73479997
73611045
74594101
74587397
74583303
82904103
15807494
31878146
23513090
53381522
24025490
24034707
32486323
65843635
49062833
48739249
40276913
40341921
308384161
308326817
308338785
308305957
316682285
325267501
291647549
274858265
2233627
73612058
73493306
81902090
346208782
346462734
481069582
480806774
1038652406
535401462
908768209
908767616
908747184
908730528
908800160
908857504
870584480
866587040
832713349
295843397
279124493
10492447
10496559
10496814
14707006
6337806
6590478
7831558
8032342
274370806
828030161
844806288
643479696
641382544
1714203824
1714204816
1714196880
1714328292
3861295845
3878085221
3827590693
3831787245
3840175855
3856946943
3857499871
3857506198
3856977046
3856977046
3848591479
3832019061
3848730869
4012304581
3878054085
1717988325
1718030053
1726287543
1659188919
1658859959
1725964471
1742742710
1709384886
1688352134
1689403014
1689394822
1621188166
1889861126
1889840662
1907140390
1638635295
1638569740
1667937612
1663694332
1630065916
1630213292
1630420140
1630407853
1634075837
1642215327
866267870
832778846
832795150
832631310
832613894
836807478
568637494
585414709
577017908
572955652
573485060
573472964
640336036
1730826660
1697190566
1680606886
1684282022
3836033702
4104403502
4104927790
4104665614
3584566798
3618185742
3618251270
3316335335
3316171685
3317232044
3310933180
3239597196
1092293768
1094587784
1093022344
270688840
270788104
283176505
278965034
278964538
283228442
283285518
274891854
270958734
322879630
306053519
305533373
305537957
846604205
853946285
849558509
849354556
849348364
329261848
283124520
274936632
6624024
6558488
7619369
6063401
14526763
14657819
14596363
16693515
8297739
8291595
41779659
40715259
40792859
40792859
40825659
57587503
7122415
7122351
7114173
8357005
7246221
65974669
48690061
48632719
48371615
48447423
39861679
308291055
308290025
325067033
325067017
325063433
291504937
274735915
274736427
275851562
275978522
284297674
282200458
332560778
47341963
39047563
40944011
309379563
325108011
291561771
274785579
274753835
862026043
845322507
845322507
845319435
846497067
852787691
852263322
936219818
935695530
889566442
1023910954
1023926398
1008197838
1008103886
1037984431
1033822895
1066256029
529329805
1607265183
1582099390
1443692462
371094526
385749850
396755722
295960859
10752281
14811448
6693160
2499896
69680920
2569736
6567432
7607816
32771848
33443225
25062795
24927387
19711162
19169706
6460346
6468506
15967135
13669359
13673325
298885933
315728428
315810312
376579592
372639241
371527547
304884203
309143722
316946602
853855370
871415946
334528905
334533017
326218169
292659689
325165423
304275758
304247062
304235782
308462870
316835126
317164838
871667750
829724694
827635719
806784069
805733508
822509700
822526084
890651028
890634900
873932453
607202979
619719399
614476519
631521255
666113479
917774543
911237199
907276559
923972359
894615350
619882790
615614502
614508582
888185910
892379143
1058459653
1024851973
1007554913
471742048
475994656
480057888
347868704
364644033
381624961
113189505
112051073
116229009
107448209
40017811
23247507
14941878
14745254
14738158
14738222
6349094
274907398
274776359
274784547
274769185
283292961
284460320
282886912
290357508
302944517
303989061
843023733
859610597
862765029
871296741
862877261
892080909
925630735
925708335
908992555
846078187
854471882
850333114
850266538
330251674
330055050
296490378
300683706
23335355
23474619
325465019
325460985
325460761
291767081
300214057
300197673
837134137
870757145
862946061
863863613
828211773
811504181
806204967
806132262
806144802
806246706
806239266
274604066
282992690
285085698
284037185
280892368
297677536
297734880
331137728
314345152
310156864
840743765
844999543
1927194983
1654630893
1658633645
1646039965
1646051981
1646088841
1646146233
1648243371
1651909290
1654928554
1654922410
1671699626
1671773387
1671900363
862203081
824192473
807550425
811753435
820139738
820134650
815842042
547414634
547414650
551614043
543225455
539029103
555871981
589493981
572691165
1650688509
1654685796
1671467044
1637921828
1642116148
1612754196
1612752644
1612891700
1629880877
1663435630
1646396910
1650593198
1658916014
1654855870
648157342
648035722
665855370
900735947
896717513
905102169
903992169
937486185
937487721
937486715
929167819
924998090
891428314
891425178
878858714
887243082
883081498
882954538
887137578
887139626
887143706
878885898
878875659
895717401
895652120
925012248
1060290872
1060307256
1060190008
1026633528
875702872
905063097
900860586
901058458
934569866
380670346
384860314
1449164986
1449365755
1449308285
1461887277
1428349741
1428420389
1412650543
1416711999
1414619006
1423175038
1423179135
1439946205
1439942093
1475597772
1473370076
1389414124
1406420652
1391791805
1391931071
1391931311
1400317358
1937179054
1937178798
863441054
829755598
828642318
836786190
828434446
287369246
320989470
354673950
358835006
350450222
347161134
344990254
344993582
75508214
25303446
58853764
58854788
42081684
33566116
50382252
51430812
17937804
53579140
321949109
326215143
863151415
846365959
846365959
862164743
828614167
824618503
874950151
1948696071
1680120359
1814350374
3978610990
4284794926
4273395758
4273368126
3193318414
2651988998
2651005206
2647008038
2627088998
2627142311
2629059236
2628567692
2628028044
2640613260
2669976972
2670041276
3744906412
3711364348
3711331532
3711315151
4235595246
4252370350
3715564974
3722184094
3755745678
3751633866
3751737178
3753891610
3723296538
3589074747
3589140283
3614373659
3613841177
3613835545
3614818617
3597988153
3598045497
3612730152
3614828344
4151704376
4151827256
4118731033
4114532681
4114532553
4030710985
4030525577
4051472827
4051685803
4051166125
4048908973
1901344445
1934892981
1935019957
1918250405
1920279989
1919362461
1927689183
866517887
832898622
832853534
816097034
283419914
270569482
337678362
1411417118
1411417406
1416793390
1557327678
1557294622
1574047262
1574051358
3654684478
3690401599
1542786335
1542733085
1542728989
1542726716
1498494012
1494225980
402654524
402658620
419505468
419521853
457302839
457307094
440513494
1514386822
1514378646
1539347894
1539347894
1602270654
1602352542
1602420158
1606565295
1606560237
1599151613
1599151576
1561533912
487724377
471209289
341118792
341110616
349484920
349479704
341090568
353677320
387428360
387379224
323154024
293785064
1367591848
1367460523
1401064106
1388481210
1375899274
1108444874
1110495818
1109418586
1109402602
1113661610
1122377903
1134964925
1085145228
1089339532
1089139852
1089449944
1357883912
1353169416
1352964363
1369742378
1390715946
1919197226
1932316714
1898889514
1898840682
1897530091
1900675771
1904738971
1904751242
1888166330
1885151466
1344020602
1344015370
1079773450
1088248330
1086138938
1153314314
1152262666
1302880778
1252573482
1252556842
1253740649
1257936968
1513789640
1513732600
1513662968
2050533576
2050531528
1782087880
1866367225
1813414121
1813422315
1813176831
1946616565
1946419941
1946428013
1967399533
1975991855
1956067631
1956452646
3566028806
3565877254
3498674246
1351128277
1405653204
1444839620
1446953156
1445859780
1462645332
338047525
484851246
481569390
1018440618
1035217306
1055783050
1047300234
980190602
1047302842
778941099
775205547
1848943595
1848947054
1848942638
1849008422
1832313638
1815507490
1819689474
3971367681
3971368192
3971237924
3971246116
3975473188
3967211524
3914762756
3957230149
3940406854
1784476230
1780273494
1780306022
1780437094
3927929062
3930857974
1791763398
1791845343
2077194143
2094954382
2090749327
2092584910
2029734734
2029587215
2021137214
1484532526
1484532518
1493113126
1492786454
1492799746
1484411138
1484439810
1490796914
3650650594
3684213217
3683164576
1520162176
1511606656
1262029696
1262160880
1261050720
1265249056
1307118897
1571295235
1303912449
1291395073
1291411457
1299899137
259712513
241864257
241798865
250187473
514366899
1588108513
2124983525
2124982501
1869261021
1698348237
1681560781
1681428693
1679331580
1679651052
3827179948
3829278125
3766295205
3769895585
3769043601
3769507458
4038997634
4039074434
2965169842
2969087906
3009989026
4062894210
4062899331
4063129809
1919758368
1919758372
1651249213
1647059003
589570091
824519979
820394538
816188010
817171082
833882762
328527498
38830218
35819738
35827738
304260154
308716602
317105438
312930622
45400111
45891887
58532157
20853508
87949845
87687729
121311841
127407077
59257317
8921340
8978572
14305420
5925768
8067752
7940792
8137368
24918664
52707992
39862712
44089512
44085419
45129898
311468202
43098286
38007918
34065454
1125567774
1140247306
1139665674
1139600186
1131195194
1462741567
1459533341
1455260420
1453097028
1453097028
1457365052
1595334700
1427513388
1410727960
1410731272
1409706552
885451305
1015388907
1821674186
2140441226
2125761418
4268524730
4264333546
4264341754
4264980698
4147519978
4118160106
3048612526
3031921317
3165934244
3183279764
3187470212
2501691780
2501807508
2501834181
4280214855
4286193926
4286067982
4285015358
1533749294
1533688126
1543182653
1526274877
1526282781
1526216220
1526223644
452509957
460881989
410628339
406560947
406496385
404413571
203036883
203110626
219752930
240806242
516620034
378195714
378046210
378048290
1468571235
1435089505
1951051472
1946855040
2081071745
2082124675
2082132371
2082147746
2097682850
2097686946
1816730019
1758399392
1771506596
732955364
984625948
984621836
435167500
139469084
135323692
139566141
147036439
142842118
142842118
142777158
1271053254
1246142406
1243513734
3392046038
3395990230
3401229014
2593759975
2593694375
2592648871
3112741541
3116931757
3175714476
3205074860
2941945244
2807735772
2943987069
2808645423
2804663854
2771014254
2754220782
2771063518
2804429450
4012646794
4016906426
4021226681
1856964857
1873676377
2108561481
888023112
338569288
70002632
342626952
346817176
364139176
399794860
374662052
307683748
303218049
303207809
305234417
304120161
845185836
853586472
316842553
316777017
274769435
270703115
270699018
270961418
284133434
346594362
1470677002
1453867211
1453998473
1458205320
1474966200
356132520
339223464
339223432
343671177
343671161
276037931
274990122
6630442
6433850
73542666
81996810
82054410
11275658
12324250
12541338
62316426
44234632
44233624
40104888
35705256
35692968
35693032
304128296
841002280
862038312
811833627
811829530
811767818
807637002
807436298
807452874
875717034
879911850
898811563
2005043880
1921157800
1922280008
1920051976
1914738440
1914995208
1931784728
1898242619
1886839338
1886809706
1886808554
4042717418
4042705102
4041655502
1902436422
1898237958
1345605638
1349795887
1375019308
1404444972
1387670844
1389767116
1381370764
1376586396
1380715176
1389124283
1372386954
1355592586
1347203550
1346347326
1349300271
3496779820
3505168684
3501106476
3517884988
3522099716
3505310213
3505244886
4033675174
4029440430
4046217390
4079833307
4063936891
4063938104
1920615964
1928879628
1920476877
1920738026
1920738218
830214570
809369786
807796874
812004426
283522074
279192618
279191594
329523211
313937929
313966600
47677720
64263464
30713128
22316328
32868120
16160520
16163593
11969291
348095274
352093162
1417512874
1967037882
2000599450
1983822218
1983818890
1915524234
1647083690
1647095978
1647276202
1647194283
1647190959
1647190701
1660891813
599524007
596914879
563356619
563355721
550773817
542582824
542582840
559228936
559172360
567758345
597086731
599249418
867467786
831815978
299148330
289712170
1459914778
1997510666
1984604490
1994041338
1989837501
