1956919342
1420048390
1421290502
79045638
83238919
83165191
100417863
100516182
133075254
133083958
250586934
250455862
250394495
1324138365
1340653565
1340716733
1340716733
1600894653
1579784125
1580040375
1580159143
1579618471
1580609762
1563828579
1551246115
1555456615
1555558007
2109057861
2125969861
2130020549
2054458567
2050261191
2050273367
2067050615
2016833575
2016813351
2016814887
2021465638
1757159014
1755061990
2040084166
4187498182
4224214726
3662209782
1514709982
1514907598
4208627662
4208643574
4204526823
3669748965
3673945333
3663315157
2669494469
2635989191
2618700118
2622895910
2492925478
2492737059
2494850593
2428298816
2428288704
2432208592
2419625632
2973273760
3006840480
2990187984
2990187728
2988283088
2719778017
2785869157
2802843237
2773409319
2765008423
2912857655
2912726583
2914828071
2910620966
2889649206
2889870338
3963511810
3963495474
1832780834
1849560102
1849560118
780011542
1056839958
1051658755
1051662851
514727491
447641155
430961346
413962946
413958786
418222994
405770642
1478922371
1478685075
1478652919
1483964135
2026908271
4173343342
4173343338
4173343739
4169165001
3649493128
2575747208
2575781000
2580294824
2345412072
2345038328
2412659676
2392736749
2394833391
2394481126
2394734822
2405220583
2367521247
2350822735
2290003791
2290018895
2290018943
2357066478
2352761830
2352303574
2367034758
2366517638
2404196742
2412519846
2408391078
2409046438
2392215975
2396307927
2390000965
3476327685
3474241821
3474041103
3478366222
3748833294
3721567246
3579233342
3579199726
3574923437
3578069436
3578140604
3579188908
3587573412
3579070132
3579115220
3612649044
3612648980
3612653108
3579094580
2507974197
3045041719
3177103158
3177094438
3210317094
3192423718
3192633126
3193868839
2942206516
2841626116
2820468228
2819943988
2820459300
2820491620
2822654837
2843610951
2876905026
2876977730
3128439138
3135778915
3152547939
3153604691
3120046273
2650416321
2646224257
3753511297
3619293571
3619229107
2528670881
2532860065
2537054436
2503692500
2486891596
2484776204
4099582732
4107897629
4102852142
4107046446
4098657838
4284456750
3994981422
3993939006
3993953286
3994017798
3994017879
3993956583
3977134499
1683882883
1685980803
1684999811
1953303203
1956911779
1957968546
1957968818
2108959874
2125540546
1592861890
517022802
517022738
515961106
1589679922
1589675814
1522575143
2068098855
2034544421
2043002644
1770954260
1771028020
2072882724
2052038180
2047757861
2047214887
2047279138
1510211618
989863970
407052322
411185266
411177795
411486915
949390017
951552705
1000704387
979667123
975477939
974434449
705994997
705093861
704782701
1796350829
1762853421
1777338925
1773144685
1771313839
2038705039
2038705038
1501832590
1502491022
1502479246
3717071758
3718136750
3724329454
3715948846
3714379071
3714361608
3756501256
3756169480
2674034952
2675149080
2672921896
3175321896
3184755240
3167846956
2899423789
2891031086
2890969638
2903541286
2903543334
2937167414
2904022578
2906117650
2839008786
2838876694
2838820630
2843014934
2826227062
2826751478
2825242838
3899054294
3900111046
3983997127
4017552583
1851155653
1851138245
1851138261
1850089701
777393381
785779941
787876213
917965335
917965330
380570114
380513794
397337090
481141314
481067650
346849922
1420394899
1424725123
1416270977
1546302865
3694130593
3693963169
3693948577
3698077219
3568053027
3568052515
3568052481
3568183297
3572372736
3354263808
3337503264
3337470576
3472741056
3470742208
1188974275
1323190742
1314474086
3480778790
3447203878
3426231318
3426381830
3426414918
3362443974
3367695078
3384455846
3684217526
3667436183
3670579125
3663244775
3663244783
4216958317
4225475693
4225429544
4216913928
4212658185
4179107929
4229576168
4229569193
4244261547
4240165515
4256754314
2109255307
2143061385
2122104969
2117529753
2117492921
4264960171
4264961450
4269221354
4294404078
4290245214
4256682510
2141499918
2142020125
2125243196
2129436984
2116874280
2116829224
2116878377
2133725225
2083403067
1009653515
1013845515
1022299659
1017974331
481048105
481043979
413931083
145491915
149899211
141481931
141481947
149739515
149723130
149723002
200192346
1249288538
1247191530
1247126510
3666125566
3666191006
3666121391
3666649773
3666649764
3754746532
3712696740
2500461733
3574203553
3578404001
3613142193
3596362881
3604898945
1457451137
1456980101
1448403157
3591414869
3591485751
1396161319
1365740086
1374145038
1357306382
1894185742
1894186766
1886830863
1897386031
1897717805
1897717805
1896669228
1628237864
1611448441
1611451897
1615711147
1624152747
1619966634
1636743866
1670240907
1670176459
1926095819
1981735291
1981440043
1981440043
1981489199
1981358135
1984442647
1992831239
1451753751
1451884805
1468666629
1435120397
1422540349
1348172375
274455111
274258638
274246590
276344238
293118095
322621581
320520332
286965940
269414820
272957348
1954872037
1954863655
2006047255
1991438086
2129846534
2117591310
2117587294
2117501422
2120189931
1791791019
1791798185
1875685353
1867296521
1829545225
756916488
757051673
740216873
739688495
605438063
738596054
739056774
1006905478
1946495382
1959148198
1954941605
1418922644
3583190720
3616744000
3348419072
3333722624
3333726752
3334251043
3601834530
3605892898
3593242982
4063004902
4080830694
3812526158
3810437391
3793661709
3792615196
3793724972
3793527340
3793281580
3793285677
3809002029
3775448623
3775481455
3779675759
3779860479
1674321375
1674329598
1741650166
1724348662
1724053718
1724119238
1858206790
1854133366
1854050310
1858265094
1799610374
1812422710
1812340086
1812863862
1816791910
1686768422
1687767846
1704487685
1721263436
1725489356
1711857868
1644806380
1644744876
1645015464
1649198056
3805138680
3817556537
3767228987
3767261723
3772410587
4040846987
4059771530
4093117066
4072145547
4072146347
4089207979
3791415530
3774180382
1617421326
1618337806
1613996046
540270654
538042406
553870374
587619366
587599142
583992166
579404519
596128503
545797007
549991311
810103695
810253245
818928277
814602903
1888328375
1938209415
1921432199
1927196359
1919857158
1915724342
1919935014
1919803687
1919705121
1919471649
1647890465
1647964209
572239921
575243347
591955187
558663155
541824209
537580997
537556289
537536065
806039137
810102307
818417187
814223203
814220610
814290242
277484803
277480707
277546753
13182769
4793633
4795665
21708545
55250755
46747074
46777746
46772626
46773138
46764946
109679539
126531507
127844241
265725841
225945041
1295298864
1295315232
221573153
225796129
494887969
478028849
475993345
341574929
341579043
71903027
71972611
919298
984322
791826
4993299
21758291
30344051
63898483
63903603
31266577
31266065
21837073
21837073
21968689
13571953
30365265
27252433
27104913
27107216
66953104
50183568
318619024
1451081648
1448457905
3604329139
3598692898
3598299682
3597169186
3592954402
3580371490
3572049698
2632523042
2628262098
2629318786
2629311634
3487171714
3470393538
3336175618
1201356803
1169739825
1152967712
1152936992
1144548576
1077512352
1077578112
1362791296
1379831424
1379307136
1383175824
1458681776
1454486320
3606094368
3592479264
4146094624
4116734496
4108514083
4104553762
3836054626
3837037682
3830754370
3826625538
3843468290
3843468289
3846081584
3879636256
3878671664
3861639984
3865793312
3874439713
3874292339
3865903827
3861123810
3882096354
3856932582
4104395254
1958034886
1958161606
1419715782
1419584706
1078789347
1079838113
1079969680
1088312960
10437248
27050624
33346192
58569394
321888674
321757410
321761378
321893410
321893378
321711106
321711106
288304130
288242691
271453539
275713697
280831649
280831665
331163265
313389697
312836737
317031057
308786096
1919390512
1919259168
1919193632
1931780640
1898226224
1881580036
1881559556
4029023767
4029942062
4108060782
3032225902
3031238766
4105049166
3584892942
3618377738
3601400074
1470771576
1470768104
1437085672
1424509928
1143491020
1076492748
2846156
3743820
3735556
3805461
4067621
12456225
12456209
12456707
29295363
33358611
33379123
33420051
33403667
58701171
58693106
58562002
65902034
49124754
40744082
40744082
40743090
50327730
50328034
50328035
64840673
64825329
56440784
18822992
18823024
6104880
6104880
14513936
16732944
16503568
16372240
7983632
23843344
24101457
24068850
23921650
23926242
65877218
66925794
67056850
65877187
32322881
23934289
23949585
91058449
99578129
99578673
99570483
99603251
91091763
91091315
124645715
124637650
124753394
124769778
124640754
124616146
86848978
91043282
91043187
99561843
99562355
95367987
99431185
99447569
99479825
99479825
124768625
124768624
124768624
124637552
124645712
124646224
107836240
124614480
133136240
133136240
128810357
95180149
95179127
99381623
90993015
91189623
91156822
124769622
133166454
133166454
99612022
91092338
91025906
86831607
86897111
87028183
91214291
91223539
99612146
99481074
99481074
99481074
91092466
91092466
87028210
87028178
91214163
91214163
91222387
99610929
99611441
133165361
124645649
124637456
124637488
124768560
124777264
124778288
124771920
124608080
124608080
267149168
233600369
233600499
233599223
233599222
233664758
91189718
91222486
124736982
124736978
124736850
99448178
91059570
90993010
90993011
91222355
91148627
91214163
91215219
91083122
91091314
91091314
91223410
91223538
91223538
91215314
91214291
91091443
91091313
124776817
124776944
124776944
124776944
133166576
116389872
116359120
128810961
128745425
95190391
95188342
82605430
70021478
70082930
70152530
70177106
91214162
91214195
91223411
91223411
91092339
91092339
124777811
124769619
124769779
124776947
124776947
91222515
91222515
91222515
91223539
91223411
91223411
91084115
91084115
91091315
91091315
91091443
91091443
124646899
124638707
124638707
124645873
124646737
124646737
133035345
133166417
133166417
133125425
99439921
99439921
99480881
91091251
91222387
91223379
91182418
91084146
91083122
91091442
91222515
91222515
91222515
91222929
91091857
23974833
65927089
65926577
65928627
32505331
23985651
23983603
23978355
23912787
23974161
24105777
24040243
66056499
66056499
65925491
57528659
57495891
57496915
124736883
124736883
91174227
91043155
91043155
23950707
91058547
99578355
99611091
99471859
32494067
32494067
23958002
24098162
24098163
24098163
24098163
23966067
57520499
57512403
65901011
65900755
66041075
66043123
57654689
57523633
57523633
57522065
57653137
116363696
116240784
116253073
116383921
107995379
107991346
107840290
124036642
1566879270
1566879270
1568456470
1566354694
1599905798
1516171270
1532645639
1266286869
1299841825
1283011104
1291331104
1291331360
1289236256
1289301824
215692608
81483073
75481411
92258643
53473651
53338483
53343603
53433719
57628119
66016727
99571159
99481075
99481586
234722290
234730482
268415986
242070482
1315944338
1311487634
1311489682
1315675826
1585159922
1593423586
1593354086
3734544678
3734544678
4271611926
4275810325
4284199024
4246319328
4229529824
4229661920
4229600672
4095407796
4099602164
4099499732
4101598932
4101718004
4101574116
4042067060
4042079349
4037882997
4042011975
1887253831
1350514498
1367283570
1434402594
1476214562
1472017778
1455231234
1455247618
1459474498
1191039346
1199432178
3615416770
3615151042
3623520210
3623589859
3623460835
3606617969
3598237552
4135103792
4130909489
4130972977
4149916021
4116353397
4116693093
4112306405
4095595749
3827258597
3848174805
3848224213
3881647573
3999209461
3999217397
4009177813
4009177821
4025840221
3891294845
3885033069
3851479037
1954574303
1958768079
1950366942
1946238134
1946360998
1946551462
1900430562
1942406642
1922552643
1922929217
1922937600
1927188736
1920892928
1916768256
1966974224
1949298209
1949236773
4097822247
3841805863
3837558307
3837552385
3839681793
3839882257
4125017201
4133387729
4267670977
4267144339
4267136179
4267114658
4266983590
4284223670
4259148214
4242531055
4238206509
4238140957
4244434444
4101566220
4096320772
4096455964
4101691181
4101916207
4116645406
4133426694
1985950486
1914639127
1914503455
1918370111
1926852969
1922823657
1905982409
1956289417
1956354953
4107902361
4107842729
4098396331
4044144810
4077711530
4060504490
4131792814
4140183470
4141231846
3063219958
3063681559
3084673813
3053249284
3036260100
3036331268
2967124740
2967178004
2967178036
2967182949
2715408358
2715309990
3783001510
3778806950
3762035874
3761706146
1614165154
1626534386
1622315282
1620082691
1670423553
1649452033
1645388800
1645388800
3792888096
3792048676
3796239916
3788375592
3767473720
3768530456
4036830794
4036830682
4038866090
3501989018
3514353802
3508045962
3607804042
3608127882
1443667849
1980744396
1985925644
2137973260
2112807469
2112545327
4251509038
4281920558
4263033966
4261977334
4261973190
4266196038
4282967111
3696846039
3562677717
3571070901
3566864037
3583902373
3550286513
3533439639
3549958871
3277349223
3241701415
3225105438
3223989262
3223988238
3228186894
3236633886
3232433422
3249340875
3283878281
3283928504
3284123304
3250503352
3555110588
1382330108
1378124092
1378123836
1378127917
304390187
304504858
304488458
287706122
338561322
342821610
346819242
346569390
346568334
346567310
78172815
95072652
90878860
86684540
19572260
388754980
388558372
371779116
388818460
925648637
908871083
908869802
929579178
1055576202
1051390090
1051374794
1051373034
514371311
535342702
477687310
473626126
405411334
472516103
472515878
501749027
531111969
514134064
514211840
513982464
535986180
491814964
469806116
469805095
469809446
335780134
1413652326
1413662678
1346814854
1372477318
1406822278
1392148374
1455128487
1458339237
1458333076
1458389396
1450000820
1583665508
2099569964
2082532652
1008773405
740534543
744656190
1819444518
1834062118
1867555174
1866506739
3976245745
3959461344
3959482336
3959881440
3829817056
3856010864
3889565248
3804106240
3802926883
4071103522
4071115810
4088089618
4051334146
4097499138
4095385602
4112163702
4115235447
4123952709
3848191557
3848187461
3982339685
3982290789
3990677357
2908549436
2942124300
2938007836
2938007852
2944357676
2952779052
2948584745
2946357017
2946254667
2950461274
2942244458
4014945882
4279189210
4245503962
4245503402
3965525418
3969717434
3986509978
3986018442
4254388426
4292120778
2135986379
2115150040
2115167480
2115134696
2001871596
2000880360
1967129192
872415752
1006641672
474031624
475147320
481765417
228997145
262551561
245680138
262966538
262968814
149729518
409514214
405451222
405450946
225095746
237674610
103507042
371731682
305671330
305739171
318382752
296358560
279577216
279651968
1353313920
1356376704
1079552752
1075362336
1360562724
3554453012
3537805839
3607024142
3602792974
3602798182
3602656486
2684107938
2650016930
2622959746
2618712198
2617696454
2617700550
3712393510
3720782882
3717643315
3717694517
3751582804
3757881668
3749247452
3745008044
3728361896
3728362925
4265234606
4269428878
4294447502
2113429918
2096686014
2096866047
2088408633
4234845720
4100626956
3832068876
3848842012
3844648764
3844734477
3844757071
4248700623
4248700398
4116125158
4107732454
4103471442
3971096834
3971212050
3971003187
3970999123
3985678657
4005672001
3993013249
3993078033
3858997009
3859002929
3860259365
3860259365
3883876909
2818065213
2815964509
2816294141
2816358621
3856541917
3973982429
3974053335
3973930455
3974057942
2899795910
2908190166
2941673942
2933318614
4275557330
4002530259
4001481459
4022399971
3980453345
3959745761
3959867489
3964061745
3965110272
3848161280
3867035648
4064090368
4064099616
1916744992
1918697744
1927099136
4089393683
4038988322
4106028642
4105981922
4108115426
4110997442
3607655106
3607835330
3607770754
3712630402
3716823719
3753393317
3668468900
3668467884
3668500620
3673727180
3407459405
3691681895
3691682022
3691678182
3692747158
3571116930
3569254018
3586015875
3622781569
3605873329
4133773985
4133806497
2732909728
2732893408
3806825792
3798380036
3794052612
1646585348
1646544445
1646528046
1646733098
3794166826
3806839850
3803155483
3819867145
3819416585
1671801865
1701284873
3849751835
3877014890
4011244782
4011255022
3877004526
2803832046
2774402542
2784888830
3835631327
3852412621
3852428996
3890177748
4158486260
4150031060
4150027204
4145836869
4112467285
4099888511
4108318078
3839882622
3856652126
3856652110
3856652238
3848271310
3848138974
3843879162
3843880058
3843882090
3848140842
3831486762
3839875882
3841447486
3839226382
3830772239
3830829647
3843543677
3880121068
3888440812
2797955492
2798082196
2789677276
2785417692
2785483212
3071612749
3075736553
2998735339
2998743467
2998743470
2996662687
2996625823
2459738559
2454487445
2970530197
2954802517
3024006167
2754521095
2754390023
3828131862
3828332854
3828272422
3828008214
3845784918
3877569974
3860673959
3864860069
3873247653
3869180852
1721717716
1721626956
1721540620
1738320909
1683991563
1679730746
1681623082
3829124138
3829122346
3828958746
3827893851
3832088251
3840614057
3970505389
3971550893
3971747469
3986432900
4015809412
4015714724
4015715300
3883594277
3882612245
3882477057
3882411783
3882411062
3999824934
4016643174
4017753318
3982101758
3831107038
4099606510
1960523774
1956328158
1958220494
1958220358
1423459927
1423468407
1415114097
1549331536
3696878672
3563057216
3562979396
3587604740
3602286340
3601239572
3601173044
3601119783
3596921382
3593776930
3577008498
3558162642
3558736006
4095611058
4118687906
4093263282
1927945090
1923746754
1923680771
1923620369
1923901217
1945953063
1912382246
1887216438
1880928278
1879868434
1879870546
1879870674
1879870642
1880001699
1884225185
1942945440
1926127296
1927159488
1920548416
1915305744
1916354336
1918381856
1943547681
566765351
549988150
541599542
541602070
549978374
562577670
562938183
814543175
818722143
810335615
810391895
806353223
806254919
806238535
269368663
273560919
273560919
298726743
294524759
294590291
294485841
332169073
332201841
307093363
307158483
307164611
307230163
307024355
307024355
290255331
273544675
273481187
273473507
281927667
282064883
13563857
30336449
30340545
30331329
5231057
5042528
5042528
5108004
21951236
55473932
47087116
47151644
47020589
47004187
46930442
46927194
64749674
274485482
273436922
273445102
273469678
273535462
323932646
307163590
307163587
307143107
315400679
315405799
332185063
273464807
273480183
5232983
5168471
5133635
5125379
5124355
13578547
13514547
13514499
13524801
13557569
5087057
5019633
5083601
22000083
290370435
323924611
1380947603
1376753299
1376763570
1376763634
1376763635
1913517795
4133250659
4133249827
4140589411
4140590577
4123881425
4099809217
1885227393
1887325315
1895683235
1889300643
1906077859
1942753410
1917792450
1913529698
1914580515
1918774819
1927102001
329004561
295450129
277640977
1355568433
1347174704
1347174704
1078935856
1095655680
1129214720
1120802560
1120800516
1116658452
1116657972
1116715317
1116583974
1116519526
1381806318
1377599678
1379828110
1345229198
1345237382
1882101174
1895668902
1625079015
1615636837
1682746725
1682747137
1695457025
1729027392
1661885632
1661810880
3876531424
4145948064
4250272656
4254466752
2107056640
2089034245
2106860078
2107385454
2107124714
1603799274
1598556330
1594480794
1545204874
1545118090
1547215753
1546236872
477803512
486194860
351973036
368832156
402271885
309987215
309985678
308872366
1382630574
1382671598
1382605854
1391239438
1928110875
1928115003
1944949274
1374650906
1353613866
3501049386
4043066666
4032563498
4028172330
4027190378
4031397067
1892295881
1422464457
1422394701
1430874109
1426712319
1460268702
1393127070
1397323422
1401439126
1401537463
1368023476
1368023484
1373332988
1394104692
1127770420
1396271412
1396304188
1383656476
1392230413
1404748047
1371193615
1371181359
1373434671
1348256555
1343014441
1342982713
1343126073
1414429401
1431202763
1439624075
1465708426
1465709962
1460978074
1460961706
1464893870
393314814
393408774
393371910
358752531
337781027
276246561
276115489
276037921
282329364
282394900
297890100
314760460
314740492
314747400
314685961
843102747
843094651
575971178
575966442
592740586
593264890
593465562
588165242
588165226
588161066
554624043
554624043
554529853
554652925
558773741
592324015
600782767
600639167
596444831
596448927
596393727
596393599
562917151
558722831
554462479
554466575
554458399
558849343
567213359
567270759
600656343
600591815
843898327
844092919
860811735
860774742
827289975
810291575
810360151
827276151
835533669
332143461
315571029
314980677
306593029
323425541
289879301
273053525
281442135
281409383
281343975
834967015
834964983
826580455
827104743
827104614
827309430
860798294
827237702
827254086
827188599
827129191
827121125
592240101
592436725
860804581
869201367
835614023
827159879
810292535
810358071
810432279
818882357
835532589
835532605
869213965
315585869
306992589
307023325
307023359
323853759
290364830
290364814
281984910
281982862
281917374
281850798
348976047
349041151
365782503
365767975
391064869
525216549
525283109
525086517
533472789
533537557
533668629
533468021
499652071
357047782
357046774
357243222
357251399
399063319
398998807
315110719
315176253
306918685
306922783
323569023
319341934
323535358
290050526
21623242
4977114
13218266
13220218
13474175
13601143
282036565
827308293
844085252
844010500
1913552964
1913557056
4061048896
4128149952
4144943856
3156087520
3156161187
3168286370
3166189222
3166191270
3115859110
3115858070
2612820102
2617243782
2604575878
2604051591
2601952644
2669061508
4278625668
4245071764
4245137076
4245141220
3171399396
3172333292
3172857452
3179148844
3212662572
3212594477
3212647741
3195878717
3204398397
3204396351
3200193822
3214229790
3180679518
3164041566
2631357950
2497041902
2496978414
2488589822
2488587742
2484426183
2501342151
2539025359
2547409789
2547480447
2547859327
2541493567
2541492510
2541558046
2541689118
2516270362
2512074010
2511941914
2511876410
2516087098
2516111674
2507702654
2507965951
2514257885
2547879836
2547879868
2539634620
2539562388
2537530772
2537550228
2503930260
2503897492
3560859029
3577636279
3581830631
4127029222
4156323639
4139578119
3601659663
3622627103
3622629182
2507012414
2502940990
2621327678
2621328734
2642040158
2648330590
2646294878
2679718741
2616730452
2573738532
2552767268
3627750188
3631886636
3640337724
3640142124
3635968300
3656972599
3690526742
3405490246
3405423814
3397025990
3395977670
3392046022
3392050114
3676746194
3711215074
3694437795
3696534947
4240811427
3167200129
3162945409
3167717297
3168570785
3168570359
3179281223
3208637190
3191106086
3190038054
3190036006
3194815022
3219981094
3215479079
3216560181
3199775860
3199775940
3203968196
4269452484
4263153540
4263153301
4280011415
4246301366
3977916134
3963228142
3991472111
4021027820
4004320228
4272755540
4272698116
4198245636
4181470512
1479960864
2016827395
4168534018
2028390418
2024643634
2041160706
1806349571
1793757441
1794867456
1779990560
1778966560
1795711012
1762340909
1762269294
1763313902
2094926310
2092829334
2092829318
2092893830
1555632774
1421357959
1423455188
1415144416
1432053472
1465642672
1448802945
1448860289
1448987266
1465683590
1465749142
1968551606
1968674486
1971159806
1979495215
1995218989
1995218988
4142702636
4268617748
4264046612
2133340180
2083140388
2083140133
2096759335
2092564998
2092503558
2092443142
2092494614
4244154678
4252608894
4269517791
2121972621
1853593484
1849197516
3996942827
3996967274
3996082218
3996000298
4012781674
3975020778
3971875326
4240315326
4238218908
3164158612
3164109508
2631465668
2503510724
2537196101
2520442439
2524897799
2533356086
2533347687
2545275104
2511655072
2496975008
3025450112
3025643397
3021387413
3076429479
3057579750
3057636886
3056453142
3073140023
3073142055
3043256367
3035068479
3047585854
3215359038
3199694094
3201659214
3193258462
3059040494
3068096749
3084849404
4125036632
4099740696
4095483192
4095687480
4095633944
4097763851
4110412378
4103905098
4108096970
4116480394
4115431866
4249715114
4233008110
4241412607
4234047973
4246675812
4217185636
4202304804
3673818421
3673818389
3669570819
3669500931
3673695235
1509647378
1215976466
1215972355
1215896835
1215835473
1264134993
240794448
249175616
249171536
251201360
108598080
104403200
103534864
107710321
107972195
1189977842
1206689490
1156353666
1156353682
1156421298
1148040882
3564107426
3565021095
3565020581
3590188517
3590188516
3724406244
3724013509
3698851653
3698562885
3698447637
3698390055
4233159719
4229032999
4229102886
4233551158
4258782519
4258133271
4258063381
4291601525
4291671157
4291794036
4283430256
4279100788
3188581744
3206501472
3206415392
3072200048
3042905936
3051296464
3049199313
2511943379
2545505970
2544387766
2548889270
2523723190
2536373686
2503867798
2503996806
2485118342
3558335942
3579167207
4115980647
4285916453
4294305079
4294309143
4292214021
4292209933
3747086109
3746974269
3744943677
2671201813
3212789269
3218953013
3185369397
3181175093
3168657493
3168785783
2623272423
2622094839
2622062071
2622191063
2623223254
2631611862
2631480822
2631407078
2564300134
2564627814
2564765526
3638507078
3701417543
3718211141
3717846996
3724053972
3749219796
3745025524
3728254420
3728319941
3728449991
4131034070
4128936438
4128937446
4145661414
4149005799
4123844071
4125089135
4125023573
3051282181
3210536213
3193759028
3189564452
3193955380
3193926709
3210695765
3177061575
3160292806
3162377942
2633830054
2633578150
2633512678
2631415526
2644272758
2679959415
3736923473
3739014208
3730632768
3726430416
3726102768
3742822640
3709268176
3694580928
3698773185
3707230529
3707238741
3707206421
3706027543
3705962022
3723783718
2683598382
2658625342
2667574046
2665468750
2665337694
2682123261
2682118908
2647451292
2639066812
2500616124
2500681709
2506055663
2514452334
2547965214
2527057166
2528760094
2532896830
2524500014
2656620590
2656817215
2673529887
3177114885
3177115447
3159808551
2622906134
2622643462
2621512966
2621518870
2621514806
2554410030
2629842030
2625971694
2626101230
2359103231
2375814879
2411466455
2398883543
2398973511
2399104775
2398906198
2407331687
2407450615
2382272213
2382276480
2289866624
3363360144
3359165840
3358312912
3358260208
3359304432
3376081617
3397054019
3405442818
3405434114
3405284386
3665343522
3673728034
3673728231
3673730213
3738873013
3738877332
3746531220
3741812404
4245063349
4093806231
4093806295
4107513375
4103122477
4105219885
2967514396
3009477900
2988690748
2988854572
2988838701
3006664493
2975270447
2966880831
2962625037
2961588805
2961658564
3028613076
3032804772
3024420004
3041184932
3041381589
3074880711
3074614470
3204605382
3205916150
3210180582
3210179558
3218428414
4292735454
4292210957
4283944972
4250391836
4250266940
4246006588
4246006588
4228245836
4228315588
4245869780
4246061525
4252352981
4160143988
4160156276
4142326352
4133973568
4133845568
4133780449
4133780705
3069464807
3065270518
3048698054
3048661446
4109791574
4109850422
4101332542
3560193830
3576966438
3581159735
3613202439
3621653574
1457396806
1457468502
1593648502
1593783126
1325290246
1325318918
1324188434
1189982514
3622679602
3580736531
3706293265
3706293364
3702234212
4238974048
4243174624
4234716640
4230604512
4231001699
4230897250
4247738978
4281293346
4000151826
1862039554
1862032387
1862233089
1851712512
1847522320
773772384
773834081
780094707
779967699
796745203
795729395
803593203
803601267
803601265
804649809
804780369
762838353
796225009
796228977
796220785
796217201
795303795
803692147
803733363
771096403
771094851
1031133523
1014356467
1014364659
1014491635
746060755
1022876659
1022873587
1022746579
1031140819
1031267827
1031267763
628614545
628477329
628477361
617996193
611707617
1702324945
1970760385
1970752083
1970620978
1977966386
1978957106
1978953010
1962241330
2096586514
2096516866
2111031122
2110902770
2101403890
2101403890
2097407170
2080564418
2080558578
2084817890
2093337187
2105924209
2139483904
2143676160
2135222080
2131093360
2131224416
1997981552
1998016336
2002210673
2004180337
2012560753
938818833
896873745
1014314259
1014314291
1020605747
1020736819
1020736787
1018639635
481760579
503125315
503125315
503124305
503124305
502206801
485299057
485299057
485298801
233666161
166557265
200144577
468508609
443326417
443399635
443137491
443135447
443135479
443135223
438940919
456782327
456913399
423289314
408642530
408511458
416900066
417031778
486241874
477839938
477839954
485085811
1441387250
1475926002
1459224050
1459218866
3606805426
3596290706
3598257858
3598259794
3336122934
2258186790
2258116902
2258116646
2274897958
2274906230
2243461333
2365096404
2355660756
2355730384
2351677008
3426397968
3694832912
3694832656
3692997648
3693059088
3692999696
1595864064
1595856128
2134819089
2122301747
1054331169
1062597744
1062597712
1058405456
1058511984
1041734000
775395664
779607248
775281873
775288017
775287009
792158433
762802400
762794464
628577264
636966896
905412336
901216976
1975515856
1975515856
2008940368
2013132113
2004735063
2000547927
1933570295
1900015847
1899975911
1887262183
1954373543
1962761911
1962761911
1975352983
2008383446
4139087350
4141118966
4141114854
4132725094
4149555575
4115870037
4099092949
4099088853
4098958260
3561039540
3569424053
3498122933
3498122903
3498065558
3229626006
3246401238
3250611910
3285308230
3285549894
3251930934
3251943206
3243620134
3272971542
3608646919
3608655127
1444327445
1460138261
1426452756
1409806612
1409704736
1409708320
1409750321
340067601
340215043
340182291
349623603
366466370
400409922
394036546
377324754
373264627
372699239
372764791
372625749
926283125
928507749
936896293
903345781
932566613
936761175
939382103
930992215
910020855
910119159
926626023
825897191
830157223
284897959
280695479
280957590
280958615
297629383
331148999
335326933
326942037
310156373
310162525
305967165
306163837
306106495
842977399
842985575
842948711
847148391
855594615
855627381
851433045
851302213
855503815
310243783
327021047
293597671
276780519
276651495
285048823
276658135
813528775
276813783
822072279
821948754
836526418
827614578
827794802
827733298
827725074
827790615
827602743
827598391
827663925
869668405
865534525
865337917
865862205
865882665
869062457
860659513
810393451
810524267
810530554
818919390
818786782
818722206
1892521398
1892588982
1892588950
1934540758
1984868290
1984867779
1984341331
1980216433
1980085281
1980227617
1728503857
1862721569
1828910369
1833059633
1834108177
1870089489
1870093649
796224849
1064662289
1062671633
1029116209
1029124401
1012347155
1022832915
1022833971
485823795
481630067
482285377
482285377
482154305
212670273
216864593
216864593
216872531
216872531
212680275
212680275
212623059
212653779
162322387
166245330
199864786
191476178
191599090
191607283
191541747
191607281
191608304
191608304
444313072
444182000
439990256
456774641
461099633
1601954403
1576657762
1574561634
2144964066
2136578211
4267292851
4267420803
2119939201
2119942529
2115584913
2132345587
2101031458
2088314658
2096639778
2096639266
2091396146
2109436930
1593504834
1517995202
1515963587
438040051
509338979
525952035
534257697
1031348241
930755589
926549269
926814005
931073573
937369108
933099013
899461653
831300197
831300199
827097575
822903031
806261975
806270163
823047379
823063635
827256131
828304707
870251843
853540183
845143511
845020631
844987863
844977655
861238759
827683813
827618277
836047733
836047700
869610324
868562772
331820880
332349296
328154996
294461300
294395764
1368135284
1368151677
1368257151
1368240894
1368175342
1372361646
1363973550
1397530038
3595344278
3595409558
3595279831
3595238871
3595232597
3613025589
3747226929
3757780273
3485154577
3485416753
3468637491
3472691507
3464233251
3476881714
3441824082
3425056578
1281766978
1282874962
1282751090
1282751058
1157052994
1157054018
1157043779
1156912705
1157453393
3295540945
3312320208
3354237648
3333266384
2259001328
2259015536
2259022688
2259022177
2260005217
2260005153
2213867617
2163504225
2155115875
2155339095
2155339095
2155863511
2155863511
2151667159
2151675863
2168322039
2170353623
2170345439
2178736095
2178809727
2178907005
2212461437
2212446077
2212446045
2214410077
2214344573
2197559151
2197559151
2197624167
2197632375
2264675703
2263635319
2263637367
2255248759
2255256951
2272098679
2272098679
2272098679
2272098679
2272098679
2272098679
2272098679
2272098679
2272098679
2238544247
2238577015
2238577015
2238577015
2238577015
2238577015
2238577015
2238708087
2238577015
2238577015
2238577015
2238708087
2238577015
2238577015
2238576983
2238708055
2238709111
2238578167
2238578167
2221800919
2221915607
2221782487
2221782487
2221913559
2221912535
2221912535
2221912535
2221912535
2221847007
2238625167
2238627215
2234432927
2368649631
2368641487
2351348175
2351365446
2351363910
3425100566
3425067798
3426181462
3426185591
3442962801
3478614481
3478615488
3403146704
3403153392
3419922128
3419799120
3386238548
3377588181
3453089781
3486798247
3419685030
3414442150
3418624422
3418629030
3393463206
3389335190
3389400774
3389406726
3393670934
3420249446
3453789286
3701252309
3701317764
3697053836
3709636780
3743257764
3742274756
3725503685
3726552405
2522339109
2547308068
2513815076
2499794484
2495534644
2629817892
2629613092
2631178037
2622803475
2618674770
2618740562
3709230418
3658888274
3658952786
4195692626
4200018002
2056401106
1519526130
1518544370
1518350162
1505766215
1488989015
1488990037
1489059669
1480793925
1480726359
1480791926
1480662882
1228947298
1228942642
1270885682
1254171954
1249981746
1249972530
1249923874
1249923939
1266700901
1237340788
1212159988
1207967732
1207966692
1208039916
1208105341
138559309
146945871
146961231
146886991
146855293
138474853
138476901
138540405
134469460
134370116
134370052
138547973
138547460
146937140
146830628
146830628
138503476
138573060
138559748
138559748
138494260
138436900
134308132
134702340
138822980
138855748
138921813
155572053
155711447
155699158
156747734
156583378
164975090
167211378
166936946
158548343
192237909
192246132
190145908
186082676
186082676
190145877
192202069
225231189
233619799
99467639
91214199
91222391
91092343
91092343
91223413
91223413
91091317
91025783
91091319
91091319
91222391
124711287
124776823
124646773
124777973
124777973
124646869
99414485
99414485
99480053
99611127
99545590
258979254
254784950
254785462
225425302
225285782
267162262
262968214
263042038
1336914806
1336848934
1341088295
1332552230
1328357942
3476885798
3481075750
3472830518
3468628046
3333226575
3333226845
1185682301
1189950316
1189950268
1206726968
1156330812
1147933740
1143813420
70202684
70201612
69997388
70009677
70210399
70152574
86929750
86930774
120542550
91059542
90994007
90992983
91058551
74412407
225407351
225276279
158167415
158331255
200275319
200275319
183500278
174979574
174979542
174455254
174421463
174420343
175468919
173306751
172254061
172253549
440689005
440692079
977567087
994409823
994409823
994409855
457569647
432403823
415628647
415751543
415620437
415627637
407239031
407239031
424147319
457701703
440851779
457628995
457694535
423935335
423933287
415543782
147173879
147296647
147231111
138843527
138788247
138721447
205847713
206044337
71726209
4609415
5658503
32919237
65294053
48262885
48260693
65164035
23216899
73614083
73417507
207908642
207908642
233071906
199651586
182866178
174473475
192365843
155453731
138684769
155461985
180627809
180764481
180749125
172360517
172295029
168059233
168059233
168060261
440728935
457694535
466083143
465960279
465959271
457505127
457570663
457701751
457693511
466083143
1002962245
969210229
960821605
960821605
960887669
994574149
994500423
457703239
424015223
155513190
155513318
147173878
147296646
147296646
147307911
142981559
210106789
210090405
80148881
96925057
38195585
39240065
57065859
56935911
23391591
23356775
23159079
57045255
23482631
73811719
73682727
216296231
216296231
233137462
199684358
174997767
191774983
159335223
139231079
156003169
197929313
181217621
172916037
172900677
172376389
168116581
168092517
168092517
436528997
436532837
990377543
424148807
424017783
407172454
138735974
147189990
147304646
147239303
143044999
143111559
143457703
143456677
214957477
80672133
89026949
55460229
55985541
56968663
56909287
56913391
56944111
23519567
31899919
98976007
82134295
216300839
233073959
266626855
183395079
178672391
178667783
182927639
173360423
184838439
184838439
172255591
172391749
180769093
172376389
172442485
168096613
168092517
436527973
453310317
956692301
940040015
944200543
944077679
944077167
969242991
1002928479
986086735
986117583
449302927
448893359
440447406
457224622
423727534
205754782
79925646
79928734
79813022
12679615
12810687
12745151
13788559
15881039
14828301
14894853
73432357
73427237
224422181
241391925
174200069
170004741
171066117
168837925
167800613
457206565
465623909
449043269
448976197
440587589
440587605
973143397
973139821
977337199
994171775
994271055
994213199
994277759
960588143
968915311
968972671
432134623
432266655
432272799
407090614
205632934
205567414
79797654
75602326
75749782
8649095
8583559
12778389
22179749
53635029
52643397
19089157
18964245
23083813
90188069
400570661
518199573
509746437
442643717
438523157
437282087
436235559
977328423
994105719
1002559831
994310487
994310487
994310519
994179943
994114423
692181877
692181333
692320599
692320631
692320631
960625015
960600407
423730646
457422230
457422230
440644022
448901566
516001982
516002974
377724063
377731229
394442909
327350461
331545021
318929341
303173085
305464589
371654927
371654927
392509239
484779815
484520741
484651573
410128901
410129933
407907901
406874669
432040749
1002490221
968940025
960747977
960692169
943912905
943847417
943749035
960528299
960593855
960724959
960691679
969145855
432057855
432059903
432050655
163811735
146977159
138584199
205758647
205632679
214031543
214064535
214064519
79839111
79830979
72484355
7407107
6297107
23073299
31470389
48575253
40309013
107368725
103170317
237389085
241517853
241456441
241456425
266622313
217334763
217371643
217437147
209048027
208990715
527823355
519434747
519566299
511177691
511013851
443896699
979653483
1047819115
980709675
997486907
729051419
729141531
729141561
729150777
729150777
729108825
695685449
695685449
695669083
695669083
702878075
703934843
703951227
703951227
703951195
703951195
695554395
695554395
695587195
729149787
728101211
728101211
728093051
728093017
728093017
728101241
694546809
963752441
963752441
1030862235
493991354
493991354
477216186
485604794
2096479674
2092414362
1823970746
3992359354
4025922281
2927534696
2927534632
2923340332
2923340308
2923344420
2939991584
2871586336
2871544612
2858944804
2867792245
2859351511
2858822854
3932564678
3933279478
3941598438
3935511782
3935506678
3952161990
4185990279
4169231493
4169329028
4173507204
4190276244
4190214805
4219779831
4219780839
4224169830
3143012662
3143024950
3141521718
4213002262
4212995110
4212929582
4183628846
4166977590
4177401878
4175304966
2023627522
1486561027
1489516307
1481122563
1477189955
1494094275
424543107
432932739
500042387
499911607
365697957
390867876
910961580
843986828
852116364
855360396
845730796
845996844
858546477
824492334
828624938
811790378
274920490
274847770
275810570
1356044554
1423092250
1436002826
3600263690
3600200458
3600711946
3600711738
3604594730
2522374186
2522374442
3042628585
3034235624
3032138408
2985870024
2973287112
3040401096
3040542424
3040488168
3021548264
3034385128
2495482344
2629703912
2629110905
2627993625
2376347674
3451265098
3451265230
3451134134
3451151778
3453258914
3440479410
3440542850
3474109570
3457330562
3457330947
3725831937
3606099249
3606098209
3606376743
3588551975
3564011302
3572124198
3572156950
3572156998
4110015446
4160264374
4132998295
4131946628
4127752324
4127764612
4129071268
4111917221
4097237975
4097196646
4239458854
4239402534
4239666726
2629052982
2629052966
2629175846
2629700150
2360936966
2377657862
2415470086
2415588103
2398876487
2398679927
2398663655
2398663149
2398664172
2398666156
2390531516
2252115340
2252180876
2252328332
2252274844
2256430239
2273207806
2541643246
2550060526
2650787134
2649619742
2649603358
2624372487
2624368391
2620757783
2620884757
3155661621
3171922791
3205477735
3209553255
3192710455
3200906615
3217683831
3218830711
3185194359
3176797542
2505641326
2507749742
2516138350
2514164222
2547850718
2547783118
2547859917
2548028356
2543760084
2514461428
2514261748
2505346676
2668927604
2668998004
2669080004
2671705284
2638111936
2642281649
2633962931
2629636514
2492806050
2496934822
2488547302
2505324486
3579274566
3352715590
3348590871
3348492597
3319060261
3319055653
3562392852
3562380565
3575494997
3575627253
3611205589
3610941317
3597304708
3597321092
3597267892
3593069028
3610042852
3580650853
4100744549
4100881667
3565055234
3572987218
3572888914
3572889458
2516047730
2549534291
3537329745
3533012593
3532928880
3535024420
3539214628
3514048804
3493200132
1345192721
1344673059
1350372643
1350306258
352090242
351578242
399936898
382895490
384991618
1592951234
1592954930
1584443426
1580245030
1594941478
1544762418
1544687922
1544687907
1549140257
1553336161
1553321697
1555401664
1589492672
1454152645
1450019013
1982700757
2116923605
2116854007
2116870383
2118017199
2118000815
1832788909
1819738861
1828128472
1824464392
1824472584
1690119704
1958487576
1960584713
1968988745
928573387
910874010
911987882
853329066
853329066
1943847131
1887408331
1954461131
1952359802
1952312686
1432153390
1432145230
1599001678
1578792398
1582985550
3734655766
3667580519
3669554789
3669550692
3673745220
3661162332
2587490293
2604328391
2551866822
2564453334
2560509926
2560428006
2560366566
2564568823
2564583125
3638324948
3629932148
3646771028
3681950980
1261841412
1259804672
1259670576
1241791536
239149104
239214608
239497233
239522067
257851714
1333693890
1299876226
1282116498
1290373810
1290387122
1558819474
1492710098
1484284518
1498948135
3646434596
3638044708
3640145956
1501108244
1534729284
1530533189
1513751367
1515930198
1518895910
2055775527
2055775271
2072552533
2077799636
2064225428
2064355732
2030818212
2031039404
2035233708
2017882860
2017883688
2110967337
2102446617
2104551947
2133895695
2133966415
2134171278
2004141982
2003584174
1995130030
1995076782
2129290398
2130584710
2012619990
2003117174
2003117174
895497254
895492135
878715189
879964532
888287972
816992996
814927588
818990068
290502980
286304580
322026501
322077959
1362264583
1366458887
1375127078
1471473446
1471473447
1471663383
1456917847
1456917975
1464200631
1459940533
2130992277
2130789525
2130859157
2130863325
2135057917
2144432109
4287688301
4287688317
4275105373
3738304095
3729907519
3728789311
3746584382
3721754494
3700910062
3702973926
4239848871
4240282023
4235494305
4231299985
4097081793
4097025349
4096961541
1949480966
1966262278
1965250566
4146210870
4150410342
4159045734
4154786158
4154721149
4154729036
4154745356
4155893308
3623210556
2540997140
2541005316
2507451908
2641798661
2641793551
2650718734
3179135534
3179037294
3179108334
3212779006
3202161919
4275312889
4266932392
3730061496
3746966680
3713410445
1549149071
1557537430
1557476022
1288975030
1288970934
81031158
97905090
134134082
115784001
1189584192
1181193473
1176997889
1193775395
1193706787
1093059842
1097789186
300898818
334453299
334192161
1374279460
1885926756
1886957796
1612226804
1611183220
1611170868
1879868725
1879955255
1896752686
1376661054
1377712646
1389247030
1384975142
1384647462
1384652086
1116229958
1116336323
1091215555
1074442371
1074442369
1074443393
1145683361
1149874080
1166782112
1472966288
3595284100
3595079332
3595339684
3536102820
3582254492
3582385548
3586555293
3578210733
3573889965
3709288111
3709218558
3713410910
3717673246
1505046846
1504448542
1236008974
1235755038
1237115182
1224516394
1211991022
1209893790
1208848271
1208854916
1489479812
1506261140
1595381908
1578536132
1578549700
3593884484
3610649156
3622175460
3584364260
3584306084
3585354148
3621005756
3603295629
3599683983
3600716174
3551298990
3521940974
3496783342
3492592126
3492788694
3509501766
3525748226
1915151890
1919251235
1919169827
1914971442
1378292818
1378225346
1399197059
1357254019
1353059203
1353517777
3500952272
3500989024
3500994400
3622629168
3622495536
3622495024
3588936496
3572093489
3567907378
3572225586
3563963942
3559705894
3576486950
3609500710
3597007966
3598052687
4132760911
3596086733
3621189117
4159886845
4126328319
4126654719
4118135039
4101489151
4101435743
4101497181
4100319005
4096128829
4100324669
4117101885
4150746428
4151663965
4151801165
4160188751
4126495102
4127019374
4110225774
4110226414
3573495518
3707715278
3724491470
3724352223
1610365951
1609906671
1517632575
1517359135
1512116239
1528893454
1528832286
1232085806
1240490798
1238383406
1233132334
1233193278
3414563326
3415111070
3414880654
3414925726
3381170588
3449323964
3451421100
3438838124
3290989868
3291192348
3291133964
3291129868
3291130124
3307907341
3312356414
3622667478
3748442246
3744235926
3610218902
2503914166
2503910070
3042878182
3051201254
3080496871
2814158567
2797381349
2801579757
2788996717
2721889837
3795636009
3812444201
3812042859
1664424187
1664552186
1668677786
1635127450
1618878622
549331630
549388966
815597158
815532546
278690305
328788480
47753472
37398528
104522752
1177215233
1311392706
1311393410
1340741282
1303979746
1287136994
1287136226
1287135714
1287153122
1287185905
1287235776
1307216064
1298827520
1462405392
1445628176
1915403344
1915399360
1663743104
1630178432
1613728913
1613729697
1613733536
3761094304
3764713184
3764680484
2686723372
2686723388
2707826236
2716218981
3785754358
3786213054
3786159806
2716608414
2985049246
4058908878
4054190094
3550881806
1403267078
1118055431
1122313237
1123430661
1123418881
1180647952
1180561968
1178509824
1161471936
1143639428
1143574404
1147767700
1157209781
1157232303
1150842542
1150821102
1423450862
1414031150
3562007838
4099849230
4099909662
4049447999
4078808125
4062097741
4062089932
4062151372
4080845548
2956463844
2955419236
2955426336
2963811360
2963809312
2980659216
2460667904
2461720577
2461704514
2455488146
2184726178
2469924514
2436374434
2440699298
2478710194
2461941122
2459188354
3528735874
3255839938
3255839826
1108356114
1175546898
1174758402
1179115522
1187442690
1204195330
1172209666
1104838914
1088062787
1090162624
1358667664
3496582836
3559440036
3559702180
3576540852
4114599573
4117710847
4151055854
4151064046
4150534382
4150534398
4058452222
1906446830
1957892462
1418723631
1422921997
1414537485
336601357
70410509
275927311
275957003
299355403
316459291
315476315
315607499
374983051
374922651
372798907
371732923
371798459
342503851
343552427
351941039
282796527
282599781
278413157
13135845
29977493
39545733
39512461
307953037
307940493
315375789
314859948
314622312
810730248
811786760
807576120
807446056
811641384
551594793
547404587
565545738
838109898
830310026
826184330
1933484682
1933484794
1932960106
1933410346
4085023790
4049452070
4049512246
4099843590
4099859973
4099860240
4099917152
4233952480
4233952480
4242527344
4255051824
4261343264
4286439456
4282212353
4281753859
2134251378
2134314594
2138377826
2129989174
4273806870
4273765895
4273499653
4277791237
2128255493
2145099329
4242128467
3965236599
3977818199
3994661078
3996889334
4013617314
3845800354
3844735654
3828035254
3827903150
3840412334
3836479919
3853256935
4155246789
4155389125
4156448965
3613352389
3609183223
3609182630
4149659110
4160140518
4156013814
3853827350
3837044254
3839141439
3826561565
3829183007
2889671199
2889741615
2889643046
2893810726
3925806182
3955113175
3938329807
3938334669
3940947661
3932493404
3932436076
3941889896
3939794409
3938774473
1858397385
1866786009
1862792443
1829762267
1695503579
1682838763
1682904299
1691290859
1624050923
1624061435
1624061323
558723977
558748553
634241688
633717432
633664184
658825912
658568185
641814841
643199019
911615034
913648666
913648666
913714202
368977178
484323851
480121355
480117259
480051723
479479323
349495146
366054394
517114830
1590857678
2127792078
2127598590
2119213546
1862312298
1862312043
1862377515
1862443065
1862448185
1862451241
1862451240
1845645352
1849823272
1858273576
1859191096
1875910936
1833969417
1824730649
1824668203
3969255978
3969190426
4237561418
4254357066
4292633162
4283724618
3730051930
3746894826
1564947434
1556488682
1556554223
1556424095
1556424079
1548182671
1548176527
1564953759
1598184863
507669903
507673999
507577823
508563949
504373741
504455533
525525309
533909821
1607501629
1473296173
398503723
381725247
382910238
1389559054
1381424398
1381483758
1380241582
1380307135
1397150109
1405518220
1372487836
1908703420
1883537580
1883292908
1883495740
1884482109
1886546479
1885481518
1881156158
1345334814
1427121950
1448219710
1452409070
1384530078
1384431758
1389150358
314868134
1371968135
1351007877
1418115716
1418111876
3570707364
3562319844
3581190884
3614872068
4118188549
4051681845
4033659439
4029441838
4033636398
4033763374
4033759454
4059957390
1375603854
1408565390
1391722703
1391726703
1391730733
1383407661
53949461
2569237
2565397
6694661
15087107
10896899
10995203
11306563
61638514
49063282
40743282
103649619
103661843
120570165
73265445
341615973
1440526181
1440657237
1474203335
1449100999
1448379102
1444205310
1444213630
1985471854
4132892010
4141311275
4141113643
4141114123
4141695561
3604824697
1469592168
1972896361
1956135785
1960440939
4107906155
4116298987
2001320138
1997252810
1980410058
1980411018
1981478299
907936683
910033641
910111449
859771416
830407208
819933736
815539752
278674232
278198536
294959369
315922763
383551946
383550666
377454730
377389210
373199002
387883230
1411293438
1411375334
1414291942
1414277094
1414278886
1414278823
1422737319
1422536081
1418341825
1151023040
1201288000
112873984
117031424
103383552
103388689
372883253
305768741
325036133
870235333
1943962821
1914667205
1930789013
1932898485
1899487653
1897276069
1880503975
1616709287
1627129510
1622947478
1890330254
1890067870
1890073758
1906916558
1908096078
296297487
300426527
300443439
300475691
300741930
325903658
327021882
307598650
306545018
306545114
868336090
868274683
834793961
826504680
809727784
1950770984
1413900040
1413887752
1430679304
1430743816
1460136312
1464204152
1473039352
1401734872
1401733705
1401782857
1401795195
3536692075
3545080299
3545080299
3507343851
3490563019
3494888395
1347371979
1355707339
1355703642
1347316842
1431205930
1461610554
1444834314
1444834378
1450825034
1459143642
1475920634
3588063978
3588133866
3588137978
3588203002
3588072958
3587548671
3587680253
3587618549
3579238132
3574985716
3575468532
3611182548
3615364308
3615374804
3615440372
1465136612
1465136564
1599349173
2136023549
2144592381
2144597375
2144386365
4258311485
4124093245
3587287357
3578968381
3562249525
3562130743
3561014562
3569406258
2496057634
3028718434
3029238626
3030221794
3042477779
3057360513
4131035840
3861547712
3861547968
1714411680
1647077536
1647062176
1648108709
1664495797
594944181
594686373
603128493
598803132
565192388
548432388
547416576
815835648
1889573377
1893763585
1952617987
1952625155
1428308482
1446117890
1578313426
1589847970
1585907106
1585775010
1585709218
1585709222
1329859654
1275357190
1275373570
218408962
256354561
248421632
248414464
239763712
240812288
236642640
236614464
253445971
219766370
1276668642
1289251554
1303935970
1303923170
1303956690
1304088770
1287315907
1157292481
1157357952
1157161360
1148838320
1148763296
1144568228
1463331236
1446688900
1446680772
1445825604
1445232644
1445244972
1462034472
1412375336
3565036073
3569230443
3567203054
