841137295
841002223
841002093
841391165
841399556
862368772
858232084
858035492
1915533092
1915664181
1919858197
1945015831
1945034518
4092579638
4058307878
4125490486
4125553719
4125545495
3043410181
3178615061
3178524981
3161748775
3170205479
3170713382
4261223206
4260634406
4285800246
4269111062
4269176582
4269207814
4275556615
4275429393
4149518384
4110721076
4094465108
4027501764
4032744340
4041132692
4041099927
4042873526
4042806950
4051202990
4084749294
4145574382
4149764222
4123582559
4056474709
4039691332
4039757252
4098527172
4106926804
4124748404
4154178069
4143577875
4135419138
4063042562
1647051810
1647121442
1629885478
1614156838
552994103
546774807
545725975
546061911
546061895
562826951
567068623
558732767
558805422
550417838
549828030
549756310
835501462
827178398
827324318
826687374
826687446
809905750
281422389
344353588
344324404
365213972
1044688132
1040491524
2114363648
2114363648
2115338336
2117371104
4263806369
4213620099
3946233219
3912675250
3897945826
3973446370
3969752034
2912803170
2919029811
2910641171
2906416211
2906415319
2906595751
2889757351
2906522295
2918122135
2947286695
2947309231
2930564015
2930571741
2951538701
2939004941
2905516044
2888738828
2889784620
2889844524
2889871900
2889806348
2887774748
2891732524
2824623653
2824603173
2826704501
2843481812
2877033924
2867334357
2863204597
2863274199
2863282390
3132761286
4223279254
4187562134
4170719382
4242088094
2086326410
2082128010
2084159706
1010623498
1010592779
1010174985
875707659
875703563
873670427
880215579
905184795
1035731483
1034683211
1068237643
531370955
535564763
527241691
527315289
527381369
518861177
518796153
518861657
250491225
267350361
267153753
258756985
225235321
225300857
225431931
208523643
208523643
208531835
225300859
225431899
258994523
258994523
258994555
258863483
258797947
225309051
225300859
225300859
225300859
493745019
493745019
502133627
502133625
401469817
393212249
393195993
393195993
393065465
359510777
359527161
359658235
359658491
359494651
359494138
359494138
359608698
359477594
393048410
334328187
317681915
317682139
334459355
325874107
325906875
392982971
359420347
359485947
368013691
367948059
351170843
351166747
342843675
342713147
359486267
359486267
401429307
401396603
401396091
393073019
393073147
393081211
359657851
367964507
485405147
485471643
485340602
1013759418
1013825466
1013823418
2104342458
2104340922
2104471994
2133832122
1445917114
1445863850
1450846123
1459234733
1459304356
1459159972
1459093908
1450717588
1466458453
1433133317
1416290567
3236622599
3236548406
3232553774
3232561966
3232553774
2225916734
2243873038
2248072526
2248077790
2248012278
2226954663
2231148964
2239534004
2235401104
2267973504
2267994064
2251223024
2251222881
2523852307
2523557378
2523559682
2523617042
3613946227
3622326503
3588800741
3584677028
3589926324
3589926292
3577593732
3611268564
3611279700
3611152436
4148031549
4113424445
4251935805
4251924541
4251916349
4294921001
4294859305
4290772537
4273259033
4273259017
4294214473
4292120957
4250902893
4246708461
4246595061
4245677527
4094590359
4098756502
4107144886
4108263094
4041039782
4040972214
4057757590
4074730375
4076852101
4076852165
4067214132
4067218212
4067190564
4067190068
4084167717
3555611687
3522053158
3513402390
3513439238
3496668422
3506175750
3506036310
3506298615
3590315767
3580745429
2506999509
2541605829
3078616021
3078616871
3086341413
3085237541
3219451173
3211060997
3211191045
3211195141
3212198199
3209970023
3217846511
3217913071
3176029695
3176028621
3176856525
3160140493
4233687005
4242077433
4250457801
4250457033
4283982847
4284174831
4152053871
4151922927
4152180975
4118692047
4116598991
4125024719
4107138430
3033390974
3034570558
3034570270
3036544542
3035495966
3052264974
3052263263
3077534207
3077521901
3078439357
2541568445
2539614655
2539546079
2539546079
2522834399
2524839038
2532955198
2532955422
2532955422
2541351711
3615187487
3714740767
2641089055
2624312127
2632570173
2633882749
3170753629
3160407117
3177184349
4116698617
4116568057
4150065145
4150067113
4150060969
4284278701
4284347325
4250784223
4246590431
4246655839
4229878558
4102022974
4110247230
4127030590
4127030398
4118355166
4250473694
4250621150
4259018238
4256888319
4290500575
4155102173
4159239005
4150911517
4151046716
4152218168
4114371128
3846009401
3846141465
1698527529
1701607465
1676462315
1675946123
1675938955
1646642315
1664008331
1664012699
1668207273
1672377001
1638884009
1643914141
1669080461
1662783677
1662992557
1667121391
1672892782
1940287518
1907105798
1961631758
1953243407
1882075403
1882068505
1886260776
1890519592
1621973544
1639250456
1672788744
1659931657
1647345738
1645248698
1645256874
1661051306
1661116842
1661387690
3809346218
4081977226
4149090186
4124979150
3569231726
3569099054
3702268174
3703316750
3703509257
3569238280
3569141048
3618408760
3605834056
3597568456
3593374600
3593310107
3593242522
3593241498
3610018458
4147033002
3073303466
3077497838
4160709630
4143937502
4143792127
4159974143
4151651005
4083627708
4050064316
1902379452
1902379256
1903448184
1903292441
1970338841
1897983263
1902417182
1910887711
1374146847
1374671627
3523166985
3523102536
3523103720
3588123064
2510248377
2510150075
2543639978
2463929338
2463929098
2457633306
2473447978
2439635562
2431247338
2431382445
3035355068
2507752860
2537047452
2537112716
2520433869
3593106447
3597364238
3622399038
3588975934
3588910862
3589176910
3706670815
3707586301
3707557812
3707561460
3699171796
3695038804
3711815988
3744325941
3748651317
3740198165
3740237173
3606870501
3615243236
3615308725
3615367061
3615364997
3615359383
3723952607
1576337726
1575753006
1575777327
1575773247
1575543837
1575649309
1609203997
4286284607
4286165615
4281901803
4286099131
4286103179
4286225289
4286241689
3745172377
3745075165
3745214429
3716054365
3724498271
3724363069
3707596925
3573506261
3724468437
3757765077
4277846485
3740914037
3732431733
3732431679
2134405695
1966617149
1950286381
1954481705
1954293289
1960578585
1960595209
1960598473
2145344395
2122205578
1585334410
1584204986
1584153770
1584152826
1600680026
1610276922
3753566250
3753549870
3753419109
3753419748
4294484900
4281906868
4281900732
4279881692
4279959548
4116344173
4118433070
4118629694
4118379806
4118375694
4116309262
4124702671
4124885981
4056728253
4056793788
4056794044
2446182316
2479224301
2546462189
2546462207
2547508734
2522313726
3598143998
3594473950
3611259086
4152291535
4118738143
4118797693
4102027647
4101861183
3563874079
3580633358
3580702986
3563455242
3563455294
3572964910
3233102382
3233102630
3233028390
3231451142
3235712006
3235774466
3252551682
3283750914
3266973714
3333088033
3332940320
3332944420
3337390820
3329002412
3324808108
3325008776
3324951432
3593189000
3592991368
3592983224
3597636265
4142838507
4159611883
3077562875
3077366271
3040666863
3044928751
4116610303
4116593119
4116650461
4152237533
4085122941
4075754365
4075631485
4071433053
4075643869
4085019629
4084525037
4078233533
1933952973
1917240797
4064737277
4065781631
4065716063
3595887886
3613259022
3581861150
3573472542
3573472542
3569278270
3569345854
2498553166
2498552910
2490352863
2491334893
3577626725
3577610517
3577622788
3563925788
3563856172
3563859244
3572312365
1426012471
1426000374
1425885574
1475863942
1459061638
1450673030
1450685335
1446355925
1444717029
3592202093
3596398445
4150177389
4261318239
4127051342
4118582878
4118607454
4114477662
4101895038
4116574575
4116279407
4126888045
4126753908
4118500468
4152063060
4151997909
4135216597
4143874005
4143800279
4141633223
4133314247
4152301255
4118688511
4101976685
4101780013
1887187240
1886654760
1895047464
1349790776
1358178360
1356654601
1352501258
1889437898
1973324938
2011137418
1981514122
4131033994
4131037898
4131037902
4131037790
4128826223
4132988782
4132972014
4284102142
4292489631
4292546975
3757768911
1476071630
1476079643
1476079675
1475949609
1442348089
1437333768
1437248264
1437239880
1441369736
1466467977
1467515546
1467777722
1467777450
4148154538
4114538730
4097761530
4101924046
4101957070
4101952478
4110406366
4110206847
4126987631
4126991726
4152159358
4152192095
3613338750
3615366526
3615360831
3573416479
3573355063
1425814069
1425814321
1157566721
1157574916
1153294645
1157478165
1207868229
3330181829
3330247301
3598551957
3598229437
3598226861
3598226349
4151874477
4114265067
4114523119
4114538862
4148093214
4282277918
4269692030
4269741182
4269612158
4286389359
4286395499
4294911865
4290716376
4288615128
4271194840
4275357368
4265932729
4265928601
4282771099
4249286299
4115055322
4107715546
4099920346
4118803930
3581764862
3576179967
3710397695
3697880573
3706339196
3702132252
3702130196
3567846932
1424495108
1441280789
1600860469
1315647799
1311322167
1579708471
1596481589
1563978796
1547237436
1551673612
1558100492
1557563980
1574342216
1599898312
3730604793
4275864233
4137460650
4136412074
4141655470
4280085934
4246656430
4112433294
3038663118
3044958542
3036533551
3052201518
3052201534
3052207678
3052207647
3044007455
3045053981
3078604381
3212703580
3078448476
3078435132
3078361132
3086745641
3019837545
4059967963
4060034458
4059897275
1912412347
1910315195
1943812251
1935436939
1937539211
1935966347
1931850059
1898291995
1902486075
1885643305
4033652265
4033848875
4100894251
4113493547
4113563435
4113524075
4117648639
4118692959
4244522063
4244587551
4244591647
4243579959
4109231415
4109231415
4127176503
4118779733
4152330197
4135441397
3866882805
3862680245
3862647477
3862524581
3862443693
3883417517
3849858479
3858242751
3841473743
4127028302
4110249990
4110315526
4109299718
4121878822
4159563046
4159694102
3731782918
3732823303
3615378711
3581627703
3564707633
3564650289
1417162609
1551642097
1551642017
1602172321
1459487104
1459487104
1459487168
1459552564
1459122468
1470653741
1437133613
1420356139
1961404986
2087300666
2100991562
2100986762
4112023946
4144529834
3620503979
3586966505
3571077721
3562676745
3562677048
3573162280
3568960829
3568897147
3566742778
3587718298
3613084810
3592047754
3594177930
3594175882
3598423962
3740836523
3736642217
3736642233
3736646569
3740840425
3749425261
3208294447
3173684543
4247514382
4247514886
4251708950
4251647542
4286209846
4286251894
3747287510
3747287383
3747287095
1574895669
1558122508
1558126604
477832200
477838648
473505080
473566472
92146952
134153480
132908809
132907803
267174267
267178491
267186683
267153915
242045307
242119003
242119003
258814331
527201147
502035323
502100859
502035323
535589753
527192441
393073019
376295803
376303995
376303995
929952123
1064169851
527274491
460174842
191739322
141409722
141409722
476887994
485277626
485341114
1554887610
1504162458
1525068442
1517728410
1513546474
3660997230
3665764910
3757858602
3719059499
3702052905
3702048872
3706230984
3698043016
3710494088
3710419848
3609952664
3610939820
1465840045
1465836013
4149731669
4149666885
2004212823
2004146423
2004154597
4151836133
4118214357
4118200901
4117840389
4096840221
4099990077
1952571951
1977640495
2011459118
1995730718
2130144527
2121716815
4135568413
4135371837
4135420988
4152336444
4118716428
4118708748
4101408268
4116109005
4250402525
4250271407
3176459950
3176464047
3218360239
3186967517
3220525389
3220517148
3220447292
3186892844
4252246061
3581288477
3564515353
3564508201
3570797611
3570731227
1419061450
1419208842
1419229322
1421118858
1572111802
1575256234
1600422122
1596362874
1562812474
1562796137
1563828732
1563833252
1595282084
1582699173
2126783143
2127308678
2123132358
2122956038
2126232838
2141953334
4289249070
4285040445
4146642460
4280856124
4280852076
4282044141
3023720175
3023701686
3028158390
3028166054
3036427430
2495351974
2495552662
2512202951
2443979861
2477585428
3547119620
3542909188
3509552388
3513750788
3555697684
3513771044
3543061541
3544073461
3540927623
3540921486
3507228094
1372327598
1368137390
1368080062
1368012430
1436165775
1438393276
1433146796
1596724652
1596730748
1596795164
506343196
506341148
518767389
514429727
1604956991
1604886847
1541972254
1533586718
1495895038
1497074622
1530641054
1528494734
1494908814
3631906206
4177200559
4240122093
4240113916
3702079733
3714602197
3743995095
3728239815
3728223366
3726126558
3743301630
3583907567
1438515885
3585409724
3585356428
3316916888
3312730856
3289695593
3424028729
3694569483
3694045194
1550756110
2096016141
2091816460
2095940108
1764524572
3929768812
3926565036
3926566060
3926652069
3926875303
3943636134
3892714982
3964018406
3969259190
3986032262
4018213507
4286587585
4269826769
4265670113
4261446881
4127235265
4127239233
4139887619
3867384838
3871579158
3862989846
3859057702
3859258671
3997609261
4005995565
4002858029
4009082953
2856076488
2839289033
2820553657
3894028971
3906607851
3902474875
3902346783
3904643598
3904643598
4172554287
4172546159
4174398567
3628157127
1476470977
1476471745
1208036033
1480727505
1547836641
1556230369
1422016659
1414774915
1447202946
1178837378
1178707858
1178713010
3594631602
3594631666
3594567010
2529471779
2459207461
2476704268
2459873804
2461967900
2483009068
2541539117
2507984175
3040734574
3040832638
3040818302
3074371838
3078557950
3076461055
3084321246
4123342302
4123278686
4098116878
4098223382
4098876702
4107264287
4108251461
4040069572
4031612356
4027354596
4044134884
4077705700
4061132244
4061065541
4065218823
4065226806
4065275942
4081852454
4039913526
3503099198
3498969918
1351490174
1352547039
1373452943
1398622861
1381879693
1381991821
1918742684
1917628604
1913434276
1930211748
1628222116
1611642529
1612625635
1612703714
1631348706
1630349298
1731074002
1730547394
1743130178
1738935921
1738546976
3986695456
3986711604
2107696132
2137187332
2133998852
2133932884
2133867237
2121476774
2127706790
2123500966
1853898902
2122375366
1053925390
1055957006
1046519838
1059102759
992072758
941831222
941764646
943076134
953553446
948306462
948183562
411836938
495726155
529279944
529152408
113924248
101435832
1174976904
1176014216
104378760
377074105
1459332009
1459266347
1459598122
1996460334
4142895150
4134514726
4146503734
3559301126
3559321606
4230398215
4234561511
3161722789
4233374629
4241763301
4174851069
4170660173
4192025421
2078022413
1516048189
1515524668
3663016508
3662754364
3661640301
3661681661
3670057367
3682640279
3380646327
3363937703
3431045539
3699620259
3703814563
3708278947
2399586739
2652789123
2652798339
2656454034
2656420642
2658980130
2657924374
3215762694
3181946166
3165168422
3169432111
2624160293
2619916884
2619885252
2619882068
2619947808
2502432800
2540178464
3605726257
3605676033
3618562051
3623780675
3621684803
3613366019
3747460405
3746346277
3730617637
3608999213
3575606751
3558223759
3560312734
4101443502
4109387438
4103107258
4119917194
4152681099
4156859097
4156859244
4148471084
4115979564
4114468157
3493756173
3493747983
3492676878
3497919766
3573416246
3569299766
3567198486
3571393799
3587910919
3621469445
3336510725
3336379413
3336376357
3327922214
3326881830
3326898230
3335319654
3347948006
3297748886
2492442503
2492436100
2492304020
2488110740
2500632276
2500695780
2535364324
3055478500
3072255957
3076441557
3076474343
3076347111
3076338919
3059561973
4133430229
4066190037
4066194133
4090246871
4090247015
4057740646
3499889774
3504100478
3520623694
3519675598
3553353166
3536510414
3595482590
3595548126
3595548127
3595482463
3613316445
3579745629
3571430781
3571315837
3562857709
4099728621
4099794175
4112504319
4116629503
4116600559
4116670079
4118636063
3590153749
3573379861
3573305621
3564918069
3564991797
3560865141
3560889685
3581857733
3623800517
3604858565
3596403413
3596415733
3596411877
3596477413
4160611685
4127057255
3585994103
3590192471
3590313047
3581891703
3615429879
3615429879
3615430135
3749590455
3757981111
1607942038
1607810966
1607806918
1601517014
1601254742
1567634743
1567630647
426796309
426829077
424736565
424736565
424736629
423679991
423745510
423878630
423845878
423705982
423639358
423704862
433273119
466762013
466762077
466820572
465581468
457191868
457183676
452989372
188764604
138498548
138539284
139587892
141684020
149006644
149142293
149142294
1219738390
1272093446
1254268678
3401746182
3401810518
3397489270
2323690086
2323691110
2323949166
2340808430
2312003567
2313031151
2304707839
2304707839
2300513503
2334096607
2338221150
2337271134
2345463566
2345461262
2345526815
2313016959
2295973631
2295879405
2296217581
2296190381
2296186045
2304704700
2304704684
2338193596
3407814808
3407159496
3410256904
3410290952
3478235416
1561573656
1561573641
1561431305
1564521803
3711992011
3712057595
3741483247
3741488623
3742795757
3746991941
4285972293
4294346581
4292186421
4292649253
4284326205
4280267069
4280283453
4280284461
4146033965
4148122927
4152300911
4127000063
4110222815
4110225871
4110234575
4110382047
4110317279
4127162079
3049127935
3084713983
3084709887
3076325343
3076380639
3038630623
3045053046
3045061238
3045024598
3053417302
3221185894
3204281382
3069727782
3069727862
3069793367
3086709973
2507896004
2490989780
2486918612
2491046740
2491054868
2489024020
2514056724
3619254836
3602412516
3535287203
3539473314
3531084194
3526885794
3577348530
3560586626
3560581570
1349135106
1349335810
1080834818
1089218866
1139222802
1118176514
1118175490
1119224579
1117193072
1117524324
1121739108
1092411692
820540
268995844
269125892
273329428
298558519
306749470
302809098
1376683083
1376700619
1377753225
3577666217
3568233129
3568893608
4105749129
3566768777
3582517930
3603489450
2518212778
2518281390
2518571174
2537441414
2671660166
3749078150
3713520086
4250399062
2102518070
2104549686
2113200446
2113708058
2096997402
3900291114
3896096810
3912812586
1797834778
1798007578
1793788491
1793786504
1793655448
1869152952
1747784360
1747268264
1750282664
1753419948
1753248900
1770056837
696298500
683783940
672313860
741532189
740483645
1814185515
2100367210
2134915562
2139371690
2106013886
1552906375
1552840901
1557093445
1549386753
1547416881
1551540785
1576706561
3735978561
3735454273
3735454272
3740631905
3730108897
3725877603
3742638375
3692306735
3692438831
3562409259
3567126747
3569162715
3585939867
3334281610
3334216074
1186751882
1182318746
1194885374
1160282174
3291058214
3291066406
3291062562
3291128627
3303711232
3433734656
3451564544
3451552448
3455616688
3446179488
2369558176
2369762272
2367005667
2635392802
2635384354
2667900434
2667866902
2656463110
2526423126
2258503894
2260470998
2264665302
2254183542
2254255166
2254315838
2262704662
2258510358
2258510390
2392592934
2394690086
2348548886
2340177167
3379287244
3379158156
3362388124
3429497260
1277868460
1277864860
1143647116
1143581580
1143517116
86549932
104374716
104506453
306095127
309767222
309693474
309648674
307514663
324470055
274597173
273556228
274604812
274608652
274551320
274256424
274256424
291014184
282627384
1356373048
1419295768
1153170505
1153094859
1153062026
1153057930
1156449690
1156454330
1147942570
1080833726
1076654750
1080971934
1131311839
1114464973
1114497613
1122951757
1122678365
1135269501
1090050031
1081669103
1075634671
1075635183
1130361823
1121633227
1390068683
1390051659
1451211883
1446815787
1446815851
1937549561
1937610889
1920763273
1981579657
1914667401
1914630589
1930830255
1897276327
1880494503
1895186790
1889846054
1637914422
1654696711
1658891015
1646307607
1646377015
1646509101
1647477805
1628602445
1611039116
1610790540
1677913772
3825329901
3830456941
3832549675
3840159771
3781435467
3781435643
3789952234
3836610986
3836611258
3836676750
4105972366
4103875214
3567022030
3579368670
3612919038
3596141774
3604739279
3606738117
3606734260
3606718116
1476015780
1442453232
1425753680
1417430832
1413276960
1949606176
1949414192
1949479440
1947382272
1964147200
1979811328
1979756048
1979756272
1996553952
4110483105
4114960039
4140715686
4137601190
4139642022
4138597558
4142849222
4135494726
4130776070
4130857990
4265014566
4285953318
4285997862
4252242742
4248113974
4236194158
3703509358
3703440334
3636070342
3636008639
1488463533
1492663996
1549282184
1280846728
1281043336
1297772424
1293875084
1547600781
1547010959
1412727126
343179302
351314214
347321639
1441183508
1449563652
1915127308
1915129356
4063137564
4067330348
3802970156
3871123692
3889990904
3876356504
3876471432
3843961480
4112396968
3074306732
3215729325
3215730093
3215729821
3081528525
3082806477
4122993871
3587683654
3572929910
3564546022
2490820582
2486685142
2503466438
2503998918
3042967510
3076388822
3084777462
3084899287
3086996437
3086874453
3078481268
3078487396
3078610276
3043876724
3043880789
3043878229
3044013429
3052393831
3086468455
3086471511
3086479702
3076907094
3072716902
3040203878
3040298103
4118170711
4252466517
4252446549
4252313429
4252312389
4292293461
4158063447
4157932919
4160034174
4160040286
4157959519
4157996383
4124377053
4124360653
4115972044
4099260316
4099249596
4116026797
4116025581
4149596415
4145533023
4135055407
3061313830
3086477094
3085956663
3186619927
3187537415
3162373639
3158310406
3158007398
3162197990
3162047910
3170436278
3187216534
3187224726
3220779223
3204149463
3204080853
3204083157
4277821269
3607060309
3623647061
3590088535
3590156639
3573371263
3590148975
3581761391
3581753215
3581683037
2514232669
2682074397
2673808669
3747550557
3747290585
3755679193
3717814781
3717783021
3701257709
3703353775
3707023855
4231041519
4231037935
4248011647
4279478087
2131881735
2131913477
2098338337
1951533665
1962281699
1962153875
1962161027
1961886083
1957838979
2008203459
1991423045
4138772500
4142967060
3807423012
3799034404
3799038511
2721156634
2721302026
2721432122
2721333802
2737045802
2993422378
2997616682
2997822494
4071238669
4071237644
3601532940
1449723908
1579878404
1445600004
103430916
103432004
120225728
355203008
342488960
1424593552
1424593552
1357484688
1353290384
1353422480
1357643392
3505093249
3505207986
3496749986
3513526434
2464950502
2464951334
2465082382
2192516110
3266143246
3266110526
3266098238
3265823775
3265823772
3337128988
3324546108
3324611692
3324697836
3324656892
3324657094
3307875782
3291098054
3299543766
3299416822
3299417782
3433641654
3433576102
3433604781
3433610924
2632489644
2624101052
3160972028
2838075932
2838215196
2871705100
2871698956
2938807836
2939725356
2939727596
2904084141
2906246063
2910407087
2766866879
2783578519
3874106774
3874434454
3874303222
3874299926
3874037782
4008386590
4004208654
4004143114
1856662538
1755998219
1760197129
1760168648
1751845512
2020412056
4168892152
4177012328
4174930216
3096993836
3097026596
3097026868
3097027380
3101221428
3101226548
3101318708
3101301301
4227473206
4210691382
4209706038
3672702998
3672641566
3673694238
1534599230
1482186874
2019090522
2019074250
2018223306
1749727690
1758181962
1774959178
3947543114
3926825674
3926822602
2920122010
2923201195
2787951273
2787918504
2791899816
2791904168
2800234920
2817274024
2779522221
3836030190
4104464622
4104595566
4037437446
4038522886
4040600582
4032146693
4031102736
4031159872
4048979520
4062086720
4062069248
4064154128
4064215856
2994471201
2998677798
3015450726
2963016942
2963017118
2425113998
2437727694
2467289037
2198794508
2454643976
2454613272
3537791032
3533600824
3533600891
3533666478
3539762350
3531371678
3527164058
3544076442
3493753230
1346298510
1350492878
1354605143
1890362975
1890363007
1895607854
1895091759
1886833963
3495349291
3562433563
3564529674
4101470222
1968531470
2002119470
1995877934
1994298926
1994228494
1984463119
1980268615
1980420341
2114642149
2097816805
2082094501
2086279861
2094664407
2094729942
2090404470
2090344166
1553474230
1559765910
1574461846
1574482358
2111350206
4258835863
4254772149
3992632052
3858405940
3882523156
3811219988
3777814020
3777764884
3777365556
3777369636
3778283044
3782484007
3790864422
3785097470
3767517342
3767500942
3767506062
3784150414
4086144652
4081958540
4061117084
4061047436
4061031052
4061015532
4078841068
4059497647
4055762062
4055776398
1905536158
1909721326
1900808438
286136390
291400710
333374470
314482691
855416848
844931104
1914217504
1913160736
1913226288
1913356656
1930068416
1879753344
1946818177
2096761522
2024356514
2024549090
2024548838
2024548838
2028221918
1484132814
1500914062
456467341
437576632
436511128
436511160
436506040
440904136
1565436680
1549711881
1550760457
2095757833
4126051849
4159472137
4151083867
3061810155
3212829675
3212665839
3179229950
3162388190
3162381918
2633894454
2633960230
2633763110
3170114582
3186893830
2598723670
3669422294
3667251861
3665876612
1501572752
1480596144
1476401824
1476462688
1546849376
1545735392
1415710848
367143040
385017984
114473088
109283712
377523360
1451271328
1401987552
1356964384
1348903456
1344766497
4029646386
4029651506
4084111922
4067334950
3798898790
2724628726
2724706742
2725755542
2723667598
2736054927
3843351181
3845448413
2770653805
2703540525
2749680687
2745485358
2745497663
2712647703
2716772359
2775493125
2754535941
2888745477
2906374677
2906182181
2905104933
2871548773
2884110565
2863401205
2863470709
2863609975
2880320598
3149803590
3118342214
3109953894
3109619430
3101234926
3097040558
3097024447
3099105165
3111687564
3107499912
3107565192
3139153624
3122309848
3193613948
3193614205
2933820525
2925364271
2807874686
2803746046
2774457598
2757689022
2757686974
2757646014
2755482262
2755154583
2776134309
2784556389
2783464484
2817018928
2817156352
2792056065
3060424705
3060428995
3060663506
3086894262
3086994599
2783890679
2767100743
2766842375
2766711303
2758322719
2759372335
2759374639
2772029743
2906329407
2889552159
2889420903
2888307943
2833780135
2829715879
2846498711
3114942102
3149473670
3130811270
2592925062
2588714230
3658275886
3658279966
3659295758
3676185614
4179240206
4177146686
4172940073
4172875320
4172832264
4177066568
3694713544
1561901752
1595649976
4279940284
4267356348
4141519004
4157272220
2009723037
1439191279
1430847855
1347289899
3561890331
3562677785
3573165593
3589888793
3590125881
3590106457
3585916363
3585906122
3622602186
3597501930
3593381354
3594446314
2520703386
2524897678
2533314974
3586052542
3569021366
3569021349
3568890340
3573080420
3563648300
3576232252
3609852172
3610176268
3610143492
3710811909
3694083911
1550649111
1560085047
1559564855
1572156023
1610048119
3740459985
3740520897
3732111569
3729883377
4265652449
2134941925
2134941925
2101403765
2101506165
2097295463
1964376174
1431700990
1440092158
1373047550
1369246462
1369250462
1402747790
1402748298
328995211
333210521
1398596536
1359262376
1879552760
1880536696
1612102205
1614068269
1626638893
1638697485
3807292941
3794706957
3794706973
3861639533
3861446831
3878355119
3848929446
3836346534
3836346814
3836351439
3836359179
3853067785
3891030552
3865967416
3865684792
3874007832
1718134280
1713955336
1730724360
1814970888
1815003689
3974823914
3970623722
3970480298
3987257482
2951261322
2922026378
2922283657
2922283657
2922287784
2925982444
2926932716
2809422317
2784240735
2784324702
2780253294
2780780654
3852299374
3885823102
3890016350
3864916174
3877560526
1730045063
1729002933
1695489765
1699546853
1624048213
1623925252
1691034124
1960452616
4120519176
2008757768
1471687416
1471687080
1605904553
1337460891
1287193738
1152188554
1147519114
1143373850
1076007178
1076012811
1096986383
396405294
383822654
371632398
505924958
506200254
506204334
506204330
1059000746
1070216106
898310826
898117306
898121354
361295502
478717597
210609052
227513224
219054989
1292338525
1293393215
1161275710
1148692758
1172801798
1173264646
1190058246
1325061394
3472539682
3470385186
3403272211
3405402113
1249538048
1249559856
1315479264
1315552992
1324072608
1466679216
1563007364
1563266180
1546640532
1546091701
1546075319
1547121854
1546984878
3698622446
4106022446
4105170494
4104881677
4104749772
4104688284
4104696492
4096321196
4097312428
4112127916
4047117485
4047373487
4050011359
4058136590
4120965134
4120944654
4120945947
4154769177
4158963513
4151228969
3043932729
3178139193
3179009641
3178820333
3212334079
3176682383
3172938142
3042848942
3042841774
3051227326
2984130694
4057934214
4093454734
4093388190
4093391262
1937322143
1937314011
1933054057
1903697960
1903721512
1902922008
1911351816
1936587288
863341129
829784777
823427403
828162059
828338235
811032619
829910313
863435305
855570969
855570953
847038985
310158793
305438873
305430715
306102458
1378762890
1344947082
1357566654
1353438758
3500736038
4037603119
3500732189
3500715532
3500779036
3580556824
3593127448
3727412892
3190606509
3191638447
3201611951
2927926426
2944836747
4022771977
4011237647
4264997647
3878973743
3879477551
3846120558
3846048942
3833466030
3841592510
4105831870
1958347166
1956385678
1419522958
1419519950
81558830
94165285
96319797
515356928
519485696
1581169920
2118029312
2117382160
2050400256
1849073920
3979772608
3960832673
3959726753
3959743137
3959693991
2885952175
2885951150
2767456686
2762737823
2762737887
2779535583
3853449295
3886983181
3874400269
4135496716
4135558236
3862799484
2786894964
2803753204
2770202868
2753459044
2759741988
2762868262
2762737190
2896963126
2942838294
2938648094
2921860702
2938636670
2913487066
2896742616
2896795848
2762909768
2767170312
3846022664
3877478920
3793609240
3793707753
1645687022
1651835054
3806594222
1623000242
1625176210
1615734914
810432642
818289282
814103171
278277777
330704515
318120579
40244097
1110835584
1115111392
1122265632
3282348576
3248794144
3299650048
3568283136
3316561409
3484390147
2678887458
2666046502
2654522598
2652588198
2669283462
2635734662
3692703366
3705284230
3700961959
3700958895
3707252175
1551382543
1547450399
1546397726
1563699230
1568089102
1307717902
1305674014
1271992638
1262686510
3401585466
3397404442
3397445387
3397566232
3481712504
3431825896
3428352936
3426255800
3292038024
1144628104
1142678424
1158405608
1409993065
1411287387
3562445131
4103514186
4105481546
4105474315
1957986889
1970766412
1915667148
1915622029
1915359917
4062843567
4062722991
4142672046
4122753178
4105975946
4105976970
3585897546
3584356618
3618103562
3618021658
3588661306
3588668462
3722938415
3757344813
3738479645
3671565324
3658924036
3661512772
3661496516
3677749744
3644207584
3631424480
3637584612
3633386228
3632288324
3649070668
3682659149
3682642767
3749886830
3754081258
3746991066
2671740810
2670232458
3190326218
3191374794
3191439851
3195789803
3195789673
3212403065
3220795865
3218805209
3185198569
3051245037
3051310573
3051216381
3177051599
3177051471
3210731855
3076514079
3076450111
3076519279
4158608879
4158461183
4124841151
4116452527
4116520111
4101971391
1417550815
1425939039
1426001437
367803933
367797764
392962564
325853956
321663764
321155364
321184045
841777637
846049725
846049721
846050233
325431993
287684281
270908089
270908089
270973577
812039049
1894099337
1894024329
1894154376
1910931672
1936110457
1936106025
1395057197
1395089967
1395078974
1462703406
1466895407
3589082159
3618589805
3619669469
3619545541
3590300229
3590226439
3590227798
3590174566
3581732838
3611062246
3592386518
4133373334
4133373334
4141826471
4070326693
4074267109
4091044301
4083118429
4078784877
4045170031
4049418602
4082899258
3546024218
3554479386
3537765658
3537772826
3533529114
3600306266
3617080411
3583626585
3573218120
3295341064
3291167257
3291167262
3426432526
3443208718
3487248942
3315401518
3297575398
3298582964
3432292788
3432292756
3694166420
3693117844
3711013268
3591549316
1443013964
1443013900
1981000989
1985133903
4132632958
4151757166
4118170986
4116075978
4101378378
4235596042
4244570378
3707506746
1555566633
1505240104
1508385832
1483218184
1483282184
1479149064
2016073224
2021316104
2021367369
2111540939
2143850170
2127343290
1850517146
1846325914
1846334138
1846366634
1863192746
1699348651
1683620009
1683557549
1708866748
1708883340
1704515468
1637393036
1641587661
1616684365
1618979861
1613740069
1617280293
3781666599
3810694679
3810968087
3810968071
4046340630
4080797222
4082635750
4056420582
4085843174
4154066103
4137294989
2012887173
2146052484
1600792980
1600990620
1567363213
1546391757
473174303
1551188775
1559556647
1555358247
1555359253
1553250053
1558163204
3755908548
3738079172
3739126724
3739127748
2667415540
2667349988
2667356516
3204243823
3204309486
3195855342
3212370414
3208627694
3208564158
3175020702
4282284190
4286478542
4135549070
4141115583
4141114557
4141097101
4145488269
4044751293
4028564397
4028044205
4043272685
4037927293
4037861384
4037845000
4037845256
4037447208
4033251883
4029123115
4029516330
4029471498
2955929610
2955830283
2960069640
3035299964
3036283884
3036291820
3032163044
2964927188
2981896919
3015537366
2998727270
3002900774
3002892334
2994512926
4064128014
4080904458
4078807626
3844057802
3876575982
3876573102
3796878782
3868184766
3869167807
3869167868
4005491140
4278117700
4265567556
4264523044
4264506405
4281275429
4251780151
4234613782
4242945342
4175845167
4172727839
4170503695
4174702351
4173652238
4165234751
4165809210
4182717498
4212792618
4216983338
3665431146
3673829082
3669573338
3669505738
3684181898
3382191497
3365483976
3361608185
3430285805
3430024124
3427935165
3318949549
3334549165
3330296748
3330329020
3330337212
3334516108
3325072844
3257368908
3257839900
3257836844
3547178276
3517951269
4054755639
4041653526
4029579542
4029645590
4029649414
1613754895
1614672443
1612476971
1611401835
1665665771
1669863851
1653094554
1723603082
1722554506
1739329674
1735725194
1733447834
1708319658
1703060394
1703125818
1703970058
1710263306
1735697434
1734849562
1701745689
1697305624
1680497512
1697270504
1697319592
1697192616
1730771644
1667790493
1676464335
1643429895
1626783745
1893917456
1886839296
1886773776
4032622180
4082911972
4074261412
4069181588
4070238343
4072340614
4071551110
4088189022
4050436142
4029538858
4045923882
4079839790
4063058494
4064234254
4131282190
4129193222
4133385478
4158473494
4154279703
4120635157
3835225892
3969443364
3965248036
3961176636
3826958860
3826958860
3759723224
3759690472
1628964520
1652297128
1676479672
1638865051
3769530506
3769530506
3769530506
3791579274
1669262474
1650369722
1658626218
3801923802
3817652427
4053782811
4051629865
4148064041
3594398505
1446525759
1381506318
1381498886
1405747398
1373257874
1356521618
1358620034
1358622081
1357618560
1357614464
1374657936
1937548785
1916052837
4061443879
4078216998
4048858406
4032298287
2965657637
2965641268
2974029829
2974170901
2471372327
2464023094
2459566662
2459644630
2461545126
2998431910
3015229607
2985870524
4047032520
4097438472
4028297736
1881039368
1612588552
1612660248
1612474920
1700063337
1737804025
1737328779
1721609355
1994236041
2002624905
1998500297
1952362729
1960747241
4108181609
4108206111
4124987439
1977511983
1985355835
1981165851
1981223179
1981027083
1979974187
2009216555
880944683
880807499
880816074
343935114
343984266
343971978
345021578
395349402
382960570
376865722
305566650
305574907
305439723
305439211
842506730
844555247
1926672879
1925612670
1909763134
1884661774
1882630158
1614194702
1614265374
1618449198
3768418859
3768369704
3767026216
3830977080
3826786856
3877318184
3860470504
3862518696
3875031179
3870869642
3869819018
2007683210
1979379850
1954209995
1949983003
1950229291
1413293867
1417490218
1417092890
1423248650
1419513098
1419529242
1419574347
1436548169
1472185548
1459531996
1451160028
1585345116
1581208124
1597837884
2101088877
2101305966
2088529898
2096650490
2146978010
1861863626
788191434
788198602
716874329
989389352
2050515496
2067280440
2016948792
1547313704
1550461225
1420363818
1420560478
1151862982
1286084806
1286157510
1286221954
1219113090
1269444754
183116209
183116160
174801280
170626432
170626000
170629952
170567956
438937884
505982332
511223017
1056485545
1043902633
1043887273
1060650153
473644207
473575335
1023289059
884343331
883966467
883995139
883991041
936551171
919774467
1053932594
2118228018
2115016818
1980800102
1980814566
1983266990
4131259310
4051575466
4043244203
4038926075
2428246779
2428250651
2428250379
2159814666
2159885322
2176602122
2210193674
2193391898
2193391914
2191032682
2195227113
2198389224
3239580152
3289986056
3290315784
1144929288
1149118728
1157507336
1157380939
90983370
36473482
36474778
40671130
49058202
49263514
49181594
40776587
54407817
37626536
37627816
35399592
308082088
308052136
855408809
850301065
871280843
552509450
544124218
1613544238
1613544239
1613543727
1613543725
3777870893
3811479597
3811491885
2737717293
2809008621
2817394415
2783579903
2766868182
2699762374
2699569862
2699570678
3774364918
4042857622
4042929286
4042929542
