1047377598
2120857534
2120859070
2120857790
4264409274
4281268394
4265539754
4284377994
3219025563
4259301049
3180118665
3168592520
3034441352
3036141560
3026572653
3022837103
3022812479
4096009534
4096206110
4251333950
4294335534
4290214957
3215457340
3186089228
3185804556
3178332940
3171975692
3170939452
3170935340
3170951791
3171084014
3175243758
3176286382
3186903214
3185855646
3186052238
3052303502
3043910030
3073270406
3073258198
4134277862
4135334630
4143718950
4142675262
4088208446
4088334399
4054714397
1906710540
1374033932
1362580492
1393869068
1393869580
1929687868
843375404
868536109
868535087
864930094
596539694
567175214
554581054
554401038
537558286
537619718
541671190
541592886
549980518
549996910
566761854
558438750
558446943
558463325
600570749
596310885
596360053
600357189
558405959
554211407
554276989
554424445
554383724
554318188
554318700
558512748
566901356
566835804
566762316
566762316
566762317
566836189
566852575
566852559
566819791
566885343
566868991
566868991
566868959
558480351
558479839
558496255
587824127
587938687
587938173
592132477
592124269
596318509
562772285
562641181
562772301
566835535
567028047
570182471
627964279
627964279
627964279
627964279
627964279
560839031
560840055
560840119
560838071
560837055
560837055
560839870
594394558
862830014
858634686
858372542
824817598
828028334
1883960487
1883825397
1892175044
1355443396
1363831252
1397451188
1380675476
1389297284
3536766596
3536766596
3532572309
3532650149
3536844533
3554661909
3514693173
3513575207
3496796454
3492602166
3492671806
3492139055
2421473325
2445590573
3515663384
3549418760
3549357320
3553535832
4115654649
2500841467
2484981178
3021785594
2956839418
2956905418
2956906314
2973459978
2440651534
2449174846
2428112934
2428178534
2427981926
2432184546
2419604707
2417641827
3491388227
3497712131
3506084355
3505299011
1374528081
3538727537
3526136784
3525869776
3526934624
3524816928
4060622884
4060684332
4045024268
4040846104
4036688488
4103850728
4120414875
4154236554
4141675914
3594277306
3611103658
3560838126
3560846062
3573424750
4036961070
1889280798
1888234765
1351444812
1390344652
1381927372
1379764364
304383132
304402604
304402664
842879480
824062841
273556073
281554537
277359147
277367678
344508750
394979406
383429710
375039046
375034054
370835670
370909431
370843857
907718864
907710704
924422624
1679336932
1683602404
1683733485
3831077759
3826817918
3825777198
3826040366
3842830894
3881751086
2816393774
2814267951
2814128429
2783720575
2771130447
2955806926
2955806910
2968390062
4037873582
4038922942
4038861454
4038861709
3518818188
3514598812
1362922652
1363000516
1363059908
1363060164
1883154244
1881114148
1885113893
1977388581
2008849975
4139689478
4139688454
4139033094
3730104870
3742757414
3742814246
3172353062
3038202934
3050706967
2509654020
3583925252
3583915268
3571266308
3692823300
1545340444
1411321388
1415457325
4124994159
4154318847
4143743951
1726775695
1718388383
1714194095
1714198187
1730957999
1730556575
1730294431
1730289835
1969365163
1973560491
1973553227
1973446667
2007017483
1470146571
1453570314
1457689610
1466335242
1462206522
1428611134
1428611111
3559301415
3580278563
4127100707
4158557697
4141780545
4141778496
2799666752
2803471920
2803414560
2768810528
2752041504
2753061408
2769822244
2776367980
2783707629
2783904954
2783910074
2779592890
2779584698
2812942490
3199891594
3199954122
3199788106
3195596874
3195785306
3208307550
3157975647
2621072119
2618950391
2623079159
2630365943
2626168293
2626168037
2626491605
2631865541
2489193541
2222867461
2247771405
2549860173
2549734989
2549726941
2549923565
2549923565
2541529085
3210519005
3193745917
3054997865
3054933353
3054942077
3055019901
3055019773
3071697629
3042313215
3034514287
3034382702
3036480814
4109904174
4126681134
4126697518
4160354398
4076522702
4076520654
4066099406
4065951950
4064903214
4060672046
4060668966
4043924534
4032455958
4036912727
4036903636
4036887236
4036756180
3495695076
3491509860
3491577636
3491654453
3495914243
3504101650
3520875795
3537556739
3537556801
3531260353
3531260337
3530285985
3597394835
3605975939
3618619794
3518350758
3522489830
4032064615
4027854143
4027854095
1880499471
1885217551
1910399773
4057879356
4087202092
1943847276
1918685688
1918686152
1931265736
1897746056
1897290378
1880550026
4032211370
3774326954
3769927850
3768878282
3786702858
3824521993
3879121432
3861226284
2787483684
2787566628
2787529760
2788035616
2808810784
2783579872
2762618580
2762551988
2762486436
3047699111
3081249462
3085444030
3072856510
2536046778
2502820090
4113448026
4100859914
4100859914
1425942538
1425991690
1425844490
1549573898
1549567754
1549566730
3709370682
3709440302
3675824494
3680219622
4225405637
4221211332
4223308452
4223178404
4294486948
4263029164
4263028908
4128827581
3862587535
3862576270
1647969678
1676345774
1625830318
1625891839
1621763039
1890267965
1891120421
1891378485
1891394821
1348227077
1347932165
1347866629
1346879765
1355203869
1422323485
1439099679
1472637711
1472641870
1464240462
1465224526
1465156990
1432129895
1432133941
1969139973
1969131780
2136905012
2120135712
4267680801
4263486497
4263489585
4263497809
4263432273
4011783540
3965712100
3968728676
3968719460
2896027236
3046956581
2807889463
2786915958
2787112790
2791234934
2791296230
2809974246
2776489366
2758705030
2758698631
2758694535
2759333543
2759341735
2767725486
2763530670
2780307694
2780307711
2767724671
4101582925
4101709901
4101644553
4099547913
1960777497
1959611163
1959582047
1959106894
1951709258
1968483530
2115282383
2115994575
2118042575
3728622303
3728610031
3732874095
2667324783
2682006831
2510232927
3617396191
3616355807
3599511967
3599528351
3599294639
3533213867
3524821163
3526919339
3543767193
1396369801
1933240969
1899653769
1904037515
1912029914
1901585242
1901519130
1903612186
1903665466
1911399739
1911340315
1911135497
1911278857
1903844617
1899902729
1897801529
1897801273
828249657
836570923
834932011
818173291
818189529
1884061833
1901887624
1901954188
1935520956
1917695404
1984348068
1984348052
1984345732
1984341717
4131825639
3880232295
3981747302
3964970086
3965037686
3964054622
3963731230
3959471886
2885729822
2768346670
2801964590
2785203758
2785133102
2802897470
2802894462
2769309694
2756790783
2689686015
2700429663
2700561247
2700507999
2708890447
2708939599
2742367071
3816031231
3782476287
3763605949
3763420333
3771939001
3767605501
3767539933
3784587357
3818272781
1670786063
1945509903
1945506063
1945506159
1939739111
1942761959
1405886902
1363960210
1364050354
1900840354
1942521250
1942523346
1925749698
1917434819
1917758081
1914613377
1931374209
1899904641
1899896497
1887256481
1890332069
1621894309
1638675637
1672230085
854336589
845964317
841277469
304377887
304369695
304418839
304484630
291910422
283537974
279891478
280922630
280926983
280934727
1354676677
1442756805
1446872513
1445233619
1445315314
1445352034
3593351714
4151194146
4104663846
4104675622
4104676390
4104780807
4104829957
3707354373
3692603220
3692619508
4095407044
4095406580
4099589604
4116268516
4152063477
1937388997
1396315589
1463485889
1465390579
1431905395
1440429299
1440437715
1572591059
1572591569
2109322961
2143141585
2145238897
1859435808
1849998368
1845797936
1845862416
1778884657
706060321
706076705
706212899
723436579
725535778
795757618
804209730
770135491
770175379
761656211
1835365298
1835357874
1835882162
1844262578
4025431734
4021236406
4004459158
4005241486
4005242510
3221040782
3221039802
3220974331
3220974299
3216784089
2646357961
2510041929
2497458952
2497450776
2497655608
2497585960
2493391144
2510099769
2547780905
2530740523
3598261563
3598267675
3598266634
3594260746
3527147786
1463599418
1413338474
1412275562
1550617082
1550358986
1558821322
1492762058
1490728906
2019473402
2068750714
2047799675
2047799417
2047275112
1778835564
1778770284
1778705260
1795482348
3913593580
3913327356
3942687452
3942707932
3942970076
4182012668
4173623788
4169487525
4169553062
4169534630
4169533606
3628484758
3691399318
3691436418
3725000067
3730241345
3740714752
3735929088
3601637685
2527895591
2527896614
2527638886
2531835878
3077152486
3074002678
2537129686
2501498437
2501603076
3038391572
3076144436
3084522532
3082485796
3082371124
3082375252
3048796375
3036455398
2960965606
2961017574
2956954230
2687928902
2687937030
2688002566
2702683654
2702681862
2736228150
2736637734
2736572263
2736543589
2740733924
2742884340
2810001396
2810001380
2818315236
2814116341
2813071830
2813157846
2813158902
2813095142
2750209254
2708327638
2709408974
2705226958
2738777295
2738759117
2738755021
3783135229
3791396717
3770431333
3770426725
2969314645
2967217605
4099760581
4099895765
4150186933
4141793925
4141536965
2996559813
2996358119
2727934823
3822644007
3810028095
3810078239
3810207247
3810140687
1662661439
1666973999
1641808942
1637633070
1637678110
1636629518
1674349582
575441998
571198670
571145709
1644850668
1649029100
1917467620
1925921252
1925790148
1909074372
1892298180
1351233476
1351555029
1351419639
1350835943
1350859495
1346665454
1342441854
268699982
268901646
805731614
805529390
809559854
1883299710
1355059038
1363450830
1363450822
1397070486
1384569526
1385069238
1401633462
1401502391
1368341413
1351559588
1343564964
1343558804
1343484036
1360240772
1343332805
1343267078
1886426902
1886501686
1886435622
1885378870
1893959958
1945275654
1928511493
1920090116
1460797524
1427116260
1427121636
1409494880
1422015328
344013504
360786624
399649473
374480833
108135363
107168722
108085746
116511074
114352419
382788899
381742371
322988323
33650945
33691971
54660547
54658498
64112065
30523888
1104187872
1354801504
1350608736
3498092080
3498282512
3498084903
4034968294
3028331494
3041045926
3071475110
3054652838
3056816038
3056799399
2788361903
2724206237
3797952461
3823117693
3890226221
1709259823
1709259039
1700870927
1734355727
661859103
930226031
1995509230
1989149950
2140143822
1569767630
1556193486
1557373262
1553049358
1552985886
1552988991
1420933421
1421064236
1417078828
1966561340
1966475276
926290956
857083916
588382269
591466797
591398205
591416605
553667871
553672063
553744734
558053950
566635054
562506366
562309855
830749407
830855933
835034812
826646204
554010292
1627494292
1627489221
1665237837
1673630479
1631823135
1627630906
1627646266
1627551786
1627789354
1627789610
1640368427
1673923899
1674315081
583799113
575419339
592245723
600675306
596482042
562864090
562864074
1636612938
1640807247
1661320013
1661319516
1661450556
1661386028
3808861484
3775331628
3843482989
3849746413
3849799677
3815069693
3815077817
3815079865
3823450553
3806665209
3806403065
3807590875
3805493723
3805489483
3795922251
3796182299
3804694315
3766945599
3766902607
3766910799
3767009103
3766812255
3767295615
3758890622
3758890734
3825867502
3825875950
3846912494
3850975382
3850909830
1837639814
1703422086
1971858565
1972202644
1972366500
1967627684
1728286164
1711443268
637638916
637577220
637577228
637642813
637712431
570592319
570575903
570573886
1644577838
1644582254
1724796910
1703857886
1687079502
3835345486
3835402831
3835281013
3835231972
3830999012
3826783717
3826782629
3877250477
3877250477
3889829309
1720321933
1720391309
2005411469
2005460623
1971906255
4123584206
4098469470
4094340958
4094344542
4099849502
4108254494
4125089550
3856633614
3848118047
3843931951
3775704877
1628224813
1661768988
1666024476
1661846556
1661813788
588059700
588190756
588186660
592321828
579735397
579800933
579407813
579345861
579354053
583539781
843782485
843726165
852109125
315237189
315237197
315257677
332125003
835294043
818526075
550087291
550222683
550209867
541821003
537499722
537443402
537432138
537428074
588238954
571371626
571421035
575608427
583999087
600653439
600651359
596391679
562832351
546055117
1619800717
1619789469
1888290460
1888294620
1351366348
3498852044
3230481997
3230543453
2156866175
2160930431
2160877150
2177730510
2173534670
2206708175
2206639263
3280319655
3284442599
3271854567
3523578358
3523649350
4061050630
1913561350
1645125927
1645060391
1644994869
1661773077
1661850885
588139863
554572903
554637415
588061030
592386407
579734375
579739429
579813141
579611909
579609604
575426564
839696452
839798877
806252617
810443208
818820056
818877176
818700008
885840616
885824249
881695433
1015986891
747547338
684572618
692946378
722964698
706195578
706195578
705142890
705159274
704897130
725869034
725874670
734255102
1791088078
1807839711
1799627101
4215612796
4182062892
4165350956
2563642988
2559448700
2291078748
2291023580
2292129492
2291926965
2361132981
2365376437
2356971415
2222888839
2222370695
2222436246
2222439410
2235010002
3274153426
3525819714
3525813506
3527323906
1377759250
1914593571
1913594145
1913463073
1913410853
1657587493
1653378853
1653378901
1670155087
1619299151
1619430223
1624153983
1615724143
1678536303
1678327655
1678384999
1678392677
1682586981
1686781431
1686781319
1686646150
612904326
612953478
613197190
609072535
625970647
621710707
655263795
1863301139
772777987
772712451
772712451
705625091
705577987
973997107
2051933479
2060336422
2060397862
2060283238
2072997190
2039479750
2022684614
2022675334
2022478775
4169982885
4165527461
4161499045
4161407652
4161407716
2018056932
2026449476
2039426564
2074030597
2078020373
2076971309
994840879
994861087
994370639
960818254
939850958
939915726
939981150
944168798
684103518
684102426
684036891
700756763
692893497
692895273
688700969
1745403432
1745485432
1745614408
1745539912
1749729768
1774797288
2056802792
2056794361
2056990923
2056941642
2055894138
2060147818
2047462634
973855962
974831050
991606154
677021066
679183498
674858186
674862298
675003627
672906731
1746448235
1746446059
1763222251
1780200155
1780404891
1780470441
3927261865
3933471657
4017095080
4025483448
4024500472
4024638680
4020382040
4020447512
4020332824
1839331609
1839253514
1839258634
1830876170
1831923786
1832046826
758306026
724747754
712197626
711001113
710939657
710942745
711139384
711075113
719460153
716576281
733355551
681451039
680467999
948450831
948446798
415770318
403187358
134754974
134771342
134804110
134845326
415937422
411811742
411937726
948812734
2022095806
2021832142
2026024975
2014412815
2081456141
2098434061
1829936189
1697814829
3878853485
3866266349
3874736845
1659946701
1650508749
1650573693
1651691565
1651929125
3799457845
3793035271
3793036343
3797234722
3805758754
3767944466
3767944962
1621085698
1620889106
1619844643
3767336481
3809241633
4060887843
4060879123
4127996243
4128185698
1992951270
1988768726
1988764294
1468605071
1468605069
1468920504
1435272120
1409584120
1946454360
1946523912
604416008
604153865
604088329
654345227
654606395
639074347
639012907
773775401
773779499
794804271
794677359
763188735
1845450199
1845433735
1845303221
1843992228
3974698660
4243136160
4243404464
4240254608
3703514768
3703514753
3702990531
2360622786
2360622802
2364554866
3295739730
3291520322
3308502338
3308430658
3610420674
3530726850
1383239489
1915985680
1916124720
1916122672
1647698464
1645601569
1645486373
1644441895
1644430374
1648624678
1674382390
1619938390
1619975238
1619975495
1619916629
1619849044
1640820564
1661795956
1913510500
1913543268
1913528036
1645155796
1724846484
1720660117
1988960389
1972183173
1955471759
881747871
877023198
872794970
805620506
872724762
642033722
650160190
650160142
641762574
637632847
637698510
771920350
771924070
1845731366
1849729058
1858118690
1875026962
1820500998
1820497239
1820772053
3972482741
4228712101
4228648613
4228652709
4228656805
4240783009
3700754321
3700556161
1553084609
1284710595
1284515011
1288709202
1295064402
1328749910
1328692550
255032646
259217222
267503430
233953238
217102326
1280353766
1276159463
1292936679
1330750967
1322431953
1318229953
1318228928
1320322001
1198621665
1194370017
1194567521
3341989233
3341982977
1181998337
1182092593
1458847009
1458908961
1451175713
1451106097
377163569
374871329
373830947
386413607
856167463
822615063
826830110
625519887
633911647
566794591
558467455
558467583
558598399
558602495
621394141
621381791
621381791
755743935
755689647
755689647
688548271
695618479
702630847
698469311
1773271517
1771105613
1771103503
1766908174
1762681614
1829910254
1829904038
1699875494
1708329638
1704004279
1704004485
1635855236
1669409156
1921197444
1922183556
1922040196
1385189764
1385210580
1387299429
1387299367
1403297318
3517230646
3505172246
3496852278
4029651766
4096761638
4096712470
4247670550
4247653943
4282265111
4282062359
4286256951
4284027687
3990360381
3990380572
3969442072
1821942552
2094572056
2086184456
2081996360
2098830073
2098960811
2002491562
1993919658
1996014730
1996116106
2004758666
1430139022
1413357966
1346249678
1348936511
1357194029
1420240444
1420242444
1436900876
1453629000
1453629384
1994701768
1986304472
1986366939
1986888954
1983877226
926916650
876470314
1009721406
1009721406
741286246
1815815142
1689980898
1688029874
1688205954
1703865025
1720617664
1858971200
1846338048
2115772981
1847337511
1846813222
1864311342
1839006250
2089550698
1955339658
1955080587
1418213769
1418221708
1556670860
1544071564
1427867020
1461617037
1446936909
1378779407
1378783519
1382977845
1382855973
1920787749
1937564717
4049584429
4048089581
4123849199
4056732095
4056795071
4048340895
4048340637
4115482527
1439594399
1440638367
1423843799
1960730839
1952411895
4095078527
4095201567
4099382797
1968544285
2002094623
1985325599
4129139279
4129088847
4129058910
4133224574
4135518254
4160618538
4122869807
3586008383
3518833933
3516670733
3520869149
3519828797
3511481065
3494695657
1355334297
1355334297
1355335577
1346983865
1342864873
1342858617
1342858507
1344168203
1885143307
821821706
888488218
880235802
880170810
880179002
896821019
1064329993
1064321305
912376184
908195320
908326360
845387160
854033817
849786297
850764203
854893499
846496667
825606811
1881576091
1881584347
1885774379
1894229803
1625597227
1621402667
1621402666
1709486138
1696956426
1698152458
1731641610
1863766890
1863513706
1867703915
1875965547
1873868507
1873868745
1844483529
1836090584
1836119256
3979470040
3979601080
3845289385
3849738153
3853910699
3853914794
3786875610
3786678986
4038341578
4043125627
4032702267
4032703291
4057889563
4091402555
4070432009
4074549515
4066148427
4060905691
4077687035
4044148987
4044288233
4115558633
4115554793
4123927032
4157420376
4157367064
4141675288
4141667097
4158494523
3890069306
3881615162
3848050970
3826092314
3758983434
3760168778
3760166874
3760034554
3760050875
3778900651
3812500137
3778950056
3766420388
3766289312
3774087600
1626608016
1621434512
1621565648
1889673296
1940000768
849477633
312699910
39889190
304130350
304130350
354461742
879003710
880053258
888700938
1683587103
1683722287
1695199527
1728750103
1711973907
1711840803
3993545251
1846061603
1846061607
3994790439
3994795303
3994588263
3862479983
3862544622
3815653614
3815657646
1668173998
1676563646
1676565914
1676615067
1676623771
1676621785
602878297
603922905
1677010121
1674847433
1674849753
1675041273
1636240061
1686572687
1687568078
1691756238
1960261262
1960787614
1955413678
1905796782
1939415726
1939419790
1939346061
1402483336
333211368
826059048
825010216
825010200
825075720
589729800
589725705
593920011
592937258
1661763882
1661765098
1661765626
1900977850
1909382826
1905158058
1905009562
1888228235
1892553097
1355428248
1355424248
1355489640
1355359528
1472805176
1457207560
1188653320
1190783305
1189711306
1189906314
1189906106
1584169658
1596490426
4248408730
4250579674
3982140218
3973751083
3973682473
2918745384
2910369576
2939724328
2923143720
2923074089
2920993321
2921251369
2921154089
3873181033
3875277913
3808236747
3799986379
3799916731
1652433322
1675506094
1621033118
1621033102
1888359566
1888365775
1888185551
1351154125
1351131132
1356369868
1926927948
1926993484
1652266604
3866867304
3866668585
3866668587
3862476346
3879245610
3979907882
3979915578
3978162474
3963506986
3963490794
3900048302
3908509622
3975487414
3975495062
3969203606
3969199254
4253365398
4287046790
3750174854
3734446274
3751026882
3487359219
3478962273
3307065460
3307130964
1566494980
1565967108
1545000708
1547099412
1547017524
1544857644
2081745965
2081743933
1023730957
1041154825
2114881049
2119087725
2127472367
2127423230
2127356414
1582874862
1582842110
1564086350
3693752399
3697942877
3572117868
3567990760
3568925416
3568954072
2495130248
2511911561
2545463179
2532877739
2524479914
2452128171
2469110203
3006980537
3006980521
2971299241
3009051561
3019537147
3019534042
3010077194
4079489546
4079485466
4045939306
4033356138
4042006890
1890320479
1958560991
1958560989
1954020429
1949756428
1949740044
1949740044
1966443532
1998883852
1982171164
1914935357
1919089967
4075026223
4075123246
4071895590
4071895654
4092986094
4059955950
4034790143
4028433373
1885093340
1884092636
1959590104
1690614985
1707386059
626041034
789610714
789680378
789696634
789762154
756217131
743630379
747867705
747736601
747735305
768646152
793883656
789819417
775393337
775389225
775340073
641126441
640045161
644289001
644154349
1743062701
1743066813
1643452063
1622619791
1890989711
1891513998
1891579534
1354512070
1354507974
1358706502
1350268230
1350296775
1367007447
3548029399
3531243975
3539633095
3598615239
3598628575
3598690015
4143300479
4143234409
3077891561
3044337129
3025494507
3027652971
3042853755
3084862331
3084874618
3084673850
4158415131
4116193561
4049146169
4034528537
4034528521
4114220825
4114288425
4118357883
3615057674
4160349962
4158179098
3583821626
3587741562
3587946334
3621436622
2549785822
2675635423
2658690303
2658690301
2656593900
2677696108
2679775788
2512257564
2494300748
2498507644
2230084077
2516377839
2507986094
2541522094
2518452462
2518453503
2539557967
2547949583
2514329615
4116562047
3560919151
3560899946
3560312810
2503346794
3581287038
3623754270
3619503630
3619448334
3535598094
3281834246
3281817622
3314462754
2223431730
2227626003
2219294963
2236055777
2235990241
2470875536
2454099328
2455149440
2455214720
2471869088
2438249120
2416246432
2417292996
2417320517
2419540518
2423066918
2427203630
2443977838
2477275246
2482715102
2472167886
2438712527
2449003725
2980622541
2963845324
3035279836
2758522236
2754194988
2771958325
2772154933
2804591157
2788081445
2788131639
2788135191
2787635495
2787402031
3861119279
3848602095
3831824810
3831824826
1684869306
1692733626
1688681658
1822833851
749091227
799423817
782318857
782247177
1050682633
1054876937
509662553
509645273
1029738907
1012969883
1014010299
879792379
879858747
879993915
879930427
825404474
857910298
572699914
572686618
574062907
578782059
580821865
1653515113
1657659757
1648935293
1644745085
1644818799
1665922415
1665914222
1674272750
1674256318
1665875902
1934309278
1934309254
1917530503
1926173111
1925648815
1925535151
1384470303
1385365263
1387457295
1390521615
1382395167
1378325807
1898807593
1885963049
1894498841
1895482889
1348132361
1410890287
1998076719
1981300015
1985500223
1996374047
1992216799
1992224975
2010493071
1951891599
1946584462
1946599071
1950789551
1682222829
1682239469
1615127933
1611548029
3775866237
3775866157
3780064623
1640960366
1674384238
1636569983
1636594143
1905127823
1905055119
1908708749
1900320157
1930269853
1930335388
1896780988
1896863164
1628323788
1629367880
1631463992
1634544168
1642932777
1642937914
1638733626
564924730
833368314
834416826
299643034
281817230
13386118
13616514
13014290
13024530
14072850
16034818
15181826
11442179
44992768
49187072
40800000
36422512
304739056
305689584
303592420
273179620
281569253
277355493
277445589
281766869
281701333
323627591
306851655
307889414
310051126
305860646
307965990
308097062
316485686
332149047
332165415
298627877
298615596
281837932
281907708
1355649436
1355396504
1351203224
1351334844
1351334845
1888136127
4035619743
4031692254
4045311454
4047426910
1933473054
1933455134
1916677918
1648240406
572462870
584909094
579600678
579604783
579604749
596391180
600589580
558665052
558732668
567186941
563000813
563002607
596482286
600611070
588028126
554547294
554661974
537803894
537799782
537797671
541996327
545988391
545791557
562575941
596130373
596130373
579353156
579353541
583543125
575154549
575352103
575286567
575348518
575212326
600312598
600312590
600328527
600426847
566876511
566860255
835295711
835558847
860724663
844076471
844084663
843822519
1917566399
1925955007
1921628599
1938536887
4090149303
4056592295
4031424502
4099597174
3562692902
3581817126
3581874478
3611235646
3611245887
3531554623
3539941917
3550296845
1369246476
1373444877
1348427037
1415468381
1410061693
1414124029
1430843647
1967960223
2001507519
2001505701
1698990501
1694931431
1682095605
1698866645
1698865239
1728159763
1728098323
1711317107
1711386851
1711453415
3871512933
3822488164
3788933748
3781020228
3760056900
3762219596
3778532972
3782525548
3816047469
2742301038
2742300714
2742366250
2691960874
3848542266
3882227978
3865983498
3870173770
3870886650
3870819770
4139253902
4290510990
4236120207
4231947413
4231720612
4235980448
4244235984
4244170432
4101628420
4113289732
4146971172
4134336292
4142704421
3870076711
3870599477
3870673373
4275097085
4261498303
3204646366
4244767710
4229042782
4229314138
4243994154
4256972074
4289494058
4273796202
3200028745
3200032840
4284260424
4246503720
4095643432
4095650600
3843992361
3814648110
3823043694
3806068974
4082893054
4049481951
4032700669
4041089468
4108266892
4107021196
4102302348
4102380220
4119218828
1972817548
2144521933
2129889037
2120320045
2120278063
2116083775
2048942095
2049122331
2033333291
2016550699
2018904682
2026322650
2022669022
2022242014
2039001806
2144121822
4283207855
3712791717
3712789684
3561945472
3557227392
2483448448
2487373456
2446479088
2475906801
2458997347
2458964515
2461057827
2460271399
2464465710
2481774906
2448221498
2439858474
2435385642
3039496250
4113176666
4146997322
4146998346
2000429130
2010382411
2006405208
1971740776
2088919400
1019422184
1010904568
469789659
470051258
2084895146
2093271546
2093450702
2106032974
2111275598
2111283790
2102895110
1561780806
1561490118
3741450966
3745711078
3737125094
3665826926
3665826862
3667147787
3734251529
1589385240
1610434600
1610316024
1602186632
1597887880
1578598792
1578533768
1577497480
1577361839
1594139118
1572910438
1958971702
1959958790
3568745223
3568746245
3572934405
3581342484
3608363805
3608216415
3591460734
3595657002
2664462634
2663409962
2529196378
2529193802
2547513035
2497599177
2497332936
2633647816
2632517608
2632473964
2632475949
2632738095
2649546799
2666852399
2521944175
3608314183
3607331143
3573666757
3556832213
3556796407
3556847607
3561176551
3561102567
3586524375
3620078663
3620107342
3604902991
3537786319
1121942863
1405964126
1405902654
1372348203
1372355881
1356623144
1356622904
1886714936
825594936
588681240
588681224
570720285
570720303
570720367
587570543
587709935
587571183
587701999
554090159
554081967
554163887
621106879
621098683
1694842619
1829584619
1833512811
1841838377
1871263865
1787422813
1788455117
1788389517
3935874188
3940068492
3931747516
4207580324
4207579364
3200958676
3176816960
3155765041
3162189347
3170770530
3166637794
3032223462
2494828198
2494844550
2511752838
2515947143
2515861143
2507177703
2507175470
2490397231
2490458911
2498977823
2497799231
2510310445
2514503724
2539768060
2519910604
2517819340
2516774540
2516838108
3066079213
4135621998
4068510830
4085574766
4149538158
4111881590
4095083846
4094035270
4094046550
4232319334
4240453991
4240449903
3699384687
3699646810
3716447562
3716471242
3750005130
3464801210
3401956010
2387058330
2655426250
2673246921
2639692489
2639762024
2622853736
2633467624
2650275816
3186946024
3209957352
3205761437
3743301021
3726519741
4284366253
4283768221
2144810127
2144478343
2146689237
2129899765
2129702932
2129703940
2121313284
2121316613
1848752917
1848818197
1848818231
1848810294
1846709286
1845595182
704705582
704893998
704824346
722879498
689327114
695618619
695029035
703401787
703405851
737091338
738148106
972898078
954017654
952969042
416034370
416230978
413015634
146673235
212799043
212796993
212668993
212611777
216814273
225219281
258847699
258847667
258847667
241537969
249927600
1323679632
1323679120
1319501232
1319497204
1319462388
3466929532
3466867480
3468440376
3468436264
3468453672
3471598888
3488142633
3479732602
3479798218
3488321994
3756626394
3714617770
3710426538
4247304618
4247501242
3173689738
2938808779
2804852424
2789118664
2788594424
2790716136
2731991721
2731926186
2748605358
2706653614
2706653358
2690597094
2690536662
2690526278
2690394374
3764136198
3781048582
3789175046
3822721286
1943936263
1943868439
1927033911
1927028791
1942761495
1942761503
1909248335
1372373342
1355580382
1355587550
1355594462
1347263198
3561986719
3561668239
3586830221
3621451149
3600466317
3606733205
3606799797
3597608373
3748607463
3748607462
1596270070
1597252950
1597259102
1578908990
1582589247
1607856477
2107032397
1572262733
1605808861
1590993901
1582605805
1577102829
1577106671
1577311359
1578128479
1561490765
1559377165
1555171085
1554384397
1554320925
1554262629
1555311591
1559571431
1576411095
1473662359
1444169127
1443942886
1443946822
1175576582
1192423478
1146286374
1146507558
3294060342
3235187478
3297512246
3297511718
3297249590
3481934095
3466208589
3468321228
3468313484
3467166636
3471360940
3458779052
1328072620
1228529580
1262092172
456682444
456993037
457058573
427175189
434271493
435306757
435372341
433123685
432072173
968939949
968935869
968907199
969094591
969028063
960639327
944907035
944993051
944828955
944813627
944814889
961592105
978368792
986945544
978490376
441614344
439713864
524058808
472482729
1559934635
1559945898
1555751594
1555620778
1576583322
1466548426
1462386890
1428835403
355133785
359311980
938060396
938262509
913084751
640450574
640450574
640581678
1714331694
1730584622
1629937934
1613123406
1614219997
1611926252
1611938536
3763612392
3769896552
3769898840
3769898328
2979795400
3012309448
2475495884
2475508686
2206790638
2207053286
2211237094
2202926294
2202499278
2269527262
2269518942
2412145678
2412145934
3419762443
3378265864
3375892232
1227359496
1228472328
1478103080
1478112296
408560664
945298504
406350280
405527512
405535384
423362200
454801033
457814667
441033610
2060166043
1607185321
1602991785
1602852520
2106298024
4253779624
4257785496
4115179081
4149845531
4131101743
4131372078
4130274350
4063155294
1915637966
1915113670
1966474135
1947599607
1951797815
1886805511
1894009399
1889852199
1889855766
1907280902
1944964103
1378436295
1379550407
1383732679
1382688243
1475028323
1475879267
1476141523
1440498131
1439494625
3586430448
3569782720
3587349312
4124219904
3052898816
3086334512
3220483616
3203704353
3203719714
3077857570
3040084194
2754348194
2754350242
2758679714
2780720306
2780231826
2811615617
2798975424
3860130304
4128696832
4128696832
4128664080
4128575009
4129031715
4133225763
4141625443
4139520227
4156473491
4105879683
4104818823
4109026695
4100569846
3028151038
3028085294
3025988142
3160156714
3160153690
3176669770
2648182986
2627207402
2629304554
2629436591
2361006285
2365204556
2356750660
2407262804
2264641092
2258216516
2258150148
2526576941
2530772269
2518254629
3004927015
2970193015
2970195079
2970219653
4045153445
4045350309
4112385957
4113960611
4109770402
4104593074
4104415939
3030706689
3034884608
4125600256
3622222336
3605507584
3731154464
4267995681
4281602598
4231344998
4236055778
4235988194
4244376738
4242081938
2094598274
1556621442
487073920
505096576
505035136
507387264
510533504
384172672
379671248
396407777
362849121
903913827
929085491
929150995
925079571
925087763
908245009
908235783
908492807
929480710
930037798
2138858790
2138844454
2138651430
2145192486
2123959870
1603995167
1569392135
1502218063
3632928206
3368627710
3360164334
3355979246
3360239102
3435800542
3448394446
3448423327
3449324508
3449328636
3713835500
3711795692
3577582588
3609179100
3608585164
3590825288
3590751608
4132359465
4132359465
4133416235
3596608811
1985996059
4151961354
4235847434
4231782170
4231711534
4231712638
4166963150
4175250126
4166783630
4212658830
4200272526
3673822118
3669635238
3669500071
3686278309
3686295693
3757631692
3709380804
3709512132
3709512388
4229869252
4229858884
4095641156
4097737280
4114531024
4147921633
3866911394
3875283618
3875279778
3866366374
3864264870
3860082838
1715807374
1707551886
1704278223
1972852751
1979111439
1979103245
4159089676
4159087932
4159017788
4160008764
4126994988
4099732012
4099785324
3026077405
3026082494
3168545198
3168536750
3218884778
3204414602
3204374730
3195969610
3195969546
4017530175
3883314477
3856567596
3856633132
3890064668
3877414157
3843875084
3843895580
3843953004
3827171820
3826909612
3771402156
3767025292
3834130060
4102826637
4102892174
3565973126
3582750646
3588019622
3743334806
3742814342
3742818502
3726041286
3726107718
1578429527
1461513237
1461513333
1998450148
1969160172
1968887436
2012923532
4084843148
4065911468
4065911468
4065883116
4082913572
4049404196
3504275772
3505852700
3505856776
3504744200
3504762632
1353107737
1369885018
1404537290
1391769802
1383381146
1913947386
1913950426
1914097674
859197466
825647930
825680431
829874733
636920356
1710463492
1703971332
1741719591
1740672039
1732280358
1728290894
1694687438
1677877455
1812341677
1813384877
1827998381
1823214253
1823222463
1689004687
1689004942
1684275590
606339462
607392646
607593382
622207907
668082657
647172368
649269504
916579584
916582148
916503045
937474565
861977119
828672830
1902414334
1970244798
2003747998
1995359366
1995370631
2013192375
4150059431
4116572135
4116637250
4118728194
4118564402
4117511714
4151060002
4285343266
4276761090
3735684358
3752526951
3618376868
1470901412
1474569364
1461986444
1192308876
117645496
83959992
67137676
22077644
57790732
56800012
35889928
35881736
36145928
36080393
36092169
107391241
107387146
267551946
233865358
148930814
140607550
141742142
209084462
206841070
215263653
211725188
1285458564
1301842612
1608036260
1591256484
1587126356
1587449861
1593741367
1445982243
1445732386
1445729314
1160711458
1416497954
1424886322
1558841858
1156193794
1147870786
90920898
49018755
48870801
40416641
36210049
36345218
36365714
1094313122
1356391586
1356653798
3499910183
3501990949
3233031485
3233164812
3300276748
3300198957
3298560554
3302755050
3304589994
3484957866
3468243114
3468480650
3472658637
3460079820
3457982764
3457983276
3457985084
3474958860
1562290764
1549708236
1551800717
3699296655
3697132735
3705454767
2648031469
3187007532
3177243180
3110134292
2573263365
2581619206
2565878278
2565879334
2563776294
2564032742
2564098278
2298415350
2298354886
3483249862
3466259589
3466243212
3738942596
3730344100
3726149796
4265117868
4265127356
4263028476
4263162412
4280201764
4248760852
4231418375
4231410214
4242814246
3164867622
3165915238
3116238934
2612931654
3688768518
3445170182
3445104647
3438878740
3438950180
3300527844
3304656548
1147756180
1164627584
1198175872
1198174849
1198101139
1462338483
1462731638
1462211366
1998890799
2003086911
1982114319
1982261771
1982225177
1982205289
1982071017
1713635561
1734619369
1688351080
883041064
884351544
345255432
344992264
345041672
13674952
5544399
1096125838
1129809294
1121353886
1121354174
1115066774
3269894598
3534659990
3534660534
3551372197
3551306148
3522994596
3508322796
3510223148
4046188808
4046140680
4029623561
1882138921
1882077993
1886264105
1912539673
1906053065
1939621833
1939719049
1927279035
1918673067
1914478763
1913427131
1930202363
1930402043
1897855467
1885269625
1895720521
1895789069
1895584271
1895581231
1895648815
1887264559
1887202583
1904043061
1937764469
1943990740
1934545796
1934377620
1912881836
1912881836
1984381352
1992741928
1988551736
1989667848
2006314251
2142760714
2113362714
1567902522
1563691322
490473690
473766042
477562010
478019738
409866378
419311754
429797786
429683119
428663727
432842725
408203111
410500439
476495174
476233158
484609222
502450566
533879222
247557542
1321285606
1322399606
1322398070
1341403454
1174167871
1174205813
1170005492
1170013604
1203552164
133742500
121608180
121537484
121012493
119719183
86175007
354543933
354548013
354482221
355499309
357585199
491844366
500355854
349340174
349344270
349345310
366017134
356575918
490793902
1027766667
1069948299
1070531977
1070530744
1070469352
1071456552
1065148716
1059627292
1043113228
2116859164
2116916540
1853865260
1851632956
1850578204
1867421132
2135601293
2135601310
2097934494
1963603374
1946820006
4098756518
4107079602
4039970514
4039982595
3571265283
3573313283
3581732115
3622757635
3605984513
3601776897
3602874707
3606889315
3604800103
3613156966
2504797798
2488085094
2488220534
3288799542
2214923538
2219775234
2223906818
2223923202
2225008706
2224984531
2227012067
2205976033
2183955856
2452524160
2456730816
2456664304
2456599008
2453466084
2518445668
2518427245
2518495855
2518614655
2505703966
2499425054
2495227718
2494183238
3567992262
3572002214
3560500646
3608739238
3590894726
3603472519
3536429189
1390059653
1360716999
1344175186
1346264354
1346243874
1350442786
1354637110
1354637063
1403932420
1387218180
1391248660
3526160676
3258773796
3256672548
3273449764
3507283300
3569897317
3297333221
2223689415
2223699655
2240472774
2357913286
2358892118
2363022823
2354620901
2354620644
2669459684
2652806596
2657007044
2664866240
2664931792
2664734948
2651103460
3187733732
3204697317
3154276165
3155568133
3096849923
3098938898
4172024354
4172024418
4167842530
3626244594
3627423954
3643948162
3679593603
1599303809
1598070912
1598070912
1606459872
1602269920
1602270835
1606466098
1464048162
3608328995
4111644929
4113991681
4113549520
4117284080
4243243152
4239016579
4240065154
4261090018
4248317474
4230490658
4230752546
4234962978
4239158323
4239208448
2090672448
1552688001
1473188771
1456354722
1448745122
1111099538
1110050946
1110050946
1114249346
1122719170
3282887446
3249316646
3249316654
3248792366
2175055662
2175253295
2175183149
2238159149
2234288941
2235486077
2237593421
2237556493
2237474588
2237404973
2237482285
2246006061
2245944613
2275369269
2258432279
2264715575
2264695079
2256323879
2252195879
2218383475
2218522819
2218457539
3225082753
3224028801
3505078913
3517473411
3534283443
3534283427
2460542883
2465759141
2457624037
2454998527
3507801549
3495423437
3495355853
3503746525
3495165429
3512060132
3507767396
3541383188
3524668416
3256235008
3273004032
3286111536
3248371488
3248109088
3247978016
3247978016
3281542691
2207829794
2212006754
2203621746
3239610738
3223035346
3221929922
3221923778
3226187714
3242833874
3251351474
3511397794
3544955298
3540617650
3540568562
3523992007
3528096199
3528080325
3528081269
3544923941
1397309223
1372069142
1355291926
1355357206
1355496502
273362214
269036854
285748486
285744902
17354566
21532613
289965972
298424212
298424244
298563508
1372306868
1372305589
1372301461
1372235959
3544886455
3540690166
3540694294
3546194694
3556681222
3556746806
3019750950
3044842086
2975632230
2971650550
2971598294
2973662551
3011474709
3011457821
3011457567
4085195294
4051640862
4051514158
4057739566
4053532778
4053535995
4053534857
1372342408
1364121993
1393474441
1376694153
3524241289
3527717771
4074013083
4076241403
4093026665
4083655979
4083524923
4079402303
4050042159
4050048303
4050109758
4049880126
4049958015
4049958143
4083643903
3019276287
3052822509
3052883709
2968847949
2968850956
2968855052
2422481436
2422481468
3496227384
3505664808
3501473129
3499886827
3499890858
3499362442
1372878986
1107817610
1108770954
1108771018
1125548366
1128235295
1367123759
1374465583
1374006831
3580276255
3597053455
3597567567
3597567951
4135486878
4135429615
4150109679
4150129151
4150129135
4152320367
4118622253
4118544429
4152120357
4152327221
4160678164
4127111444
4143880212
4135421972
4129135620
4131303428
4131307845
1982775799
1999578086
2100110310
2137793958
4293671906
4272425890
4272753570
3737067458
3741202114
3749651138
3715986386
3699274690
3707684802
3433809234
3702107618
3702107618
3702042085
3702042596
3697848292
4247297764
4282093556
4282027380
4145779764
4145602612
4145668117
4147802143
3879342895
4114219561
4101637673
3170568744
3032287864
3030129400
3046914712
3082562441
2545689481
2545680779
3618390443
3568705962
2499158191
2622890471
2622906679
2491350279
2491332871
2490280197
2507122709
2540681477
3597638917
3597500997
3593257685
3594257127
3615228526
4118614574
4118553902
4116458542
4118617198
4152280270
1988002958
1996391566
1996325006
1987872190
1986827694
1999406511
2004850093
4152292781
4150191533
4133447165
4133446109
4133429581
1985945877
3613331765
3623814453
3623821092
3757915940
3756866356
3714661140
3714743812
3723122180
2649375236
2645279476
2645156583
2645090982
2679693734
2679694510
2524499118
2520271022
2537040010
2503617930
2486838730
3573180362
3501934570
3502044650
3502044650
3504127210
3508313338
3541865694
3524170958
3524179023
4078888013
4083078445
4049528685
4051658341
4051662453
4051662423
4057945943
4057849846
4057858038
4057789942
4091344855
4091410399
4066367453
4066104925
4065969693
4065943101
4063768365
4063768381
4079562045
4029293885
4033483837
4042915869
4038836445
1889059229
1910026685
1942524349
1934131645
1934332349
1900720605
1900732511
1883922463
1880760634
1880765722
1949969690
1954164538
1961561914
883433226
883433227
887637769
342411016
1412151080
1361751852
1365943788
1399567820
1399361932
1378730884
1382990725
1391358614
1387147958
1403921318
1404838310
1406935526
1364996198
1431052302
1414291726
340487963
340392473
357169693
373877309
503900989
504949775
505012239
505118735
507424863
511619157
1048485893
1073655061
1040099669
477071702
1009617222
2083344198
2083325894
2083459830
1948989158
1958291174
1956131814
1955075047
1955078532
881336452
340291764
269017228
269067404
806006172
806075292
822839944
852134600
583962440
576098057
1647617289
1647095145
1931784043
4080512747
4078290666
4065183466
4065149642
4133294794
3068072442
3082691050
3082690730
3049133214
3047114143
3051144639
3042739709
3025965565
3044909405
3044909341
3044925725
3040633149
4114354491
4114551098
4114485530
4118680890
4122872170
4156427113
4139539304
3602709320
3606882568
3594030088
3594096664
3593183256
3593183256
3614089240
3567968555
3567964398
3568255150
3572236454
3492027566
1344551102
1344748478
1344678558
825633486
871508495
867199501
849399311
325109567
858050863
858054959
862364479
871797453
666272413
653558445
653561519
653560559
1718917166
1718003758
1713808430
1713807374
1714221070
1731084303
1697513773
1680478761
1693069929
1823019625
1823020793
1823030921
1822960267
2091399819
1957431946
1961626010
1977949370
1978015930
2011357338
1995612298
1995616459
1993379929
1984996393
1980804140
1980930317
1913822469
1932691207
1899151910
4029858342
4034282018
4038477346
4036380194
4036249202
4052019027
4085638979
4073127747
4073160017
4064622897
4064548897
4077128737
4077128737
4047975505
1900421329
1900421527
1909347223
1942803127
1942803127
1942782911
1942785471
1909229759
1909442751
1900996765
3579767007
3613288655
3621158351
1473644382
1474245182
1398616638
1431908918
1431908919
1415062325
1417159461
477634853
471408957
471478543
474613199
482937246
344459694
478738606
495491247
529369227
512671115
508470667
1578086843
1577492975
1578541359
1580642589
1450095893
1987032356
4134043936
4129915168
4280997664
4247447328
4231748896
4235877728
4244245585
3707636803
3707702274
2633841682
2633772066
2633770338
2648532706
2644109042
2676745922
2592777921
2659950277
2664991444
2656602916
2520316196
4130896933
4131074062
4128907294
4145619054
4095283374
1952055710
1895432846
1891241627
1352207035
1351101081
281553545
281557641
298322824
298470808
291136860
326885660
858382620
858370364
841523500
573354796
573408820
574594581
574393893
572312101
588007983
587741807
592001391
591994223
592125055
600513567
567243902
562951422
562935038
1905045646
1938591886
1942787214
1405981854
1401926846
1401928894
3616389279
3616471532
3733904228
3738102564
2664360500
2657087060
2652890565
2652811717
2652811655
3609102215
4098729639
4107071205
4102942325
4107214356
4032630308
4032565029
3762031653
1614548007
1629227047
1628182535
592251143
600770821
600780132
596393445
864820374
831313030
1892455558
1355649414
1355649942
1351193238
1351127702
3498677910
3498679989
3582638821
2514135861
2281367829
2255124501
2523551775
3597343759
3530228751
3598386207
3621470511
3583983917
3583828780
3571245884
3558646140
1410118092
1946521996
1946523020
1946520989
1950846895
1954983855
2089201582
2093331910
2093261126
2080743430
1678226454
1679211575
1612101687
1633065047
1645664453
1648249989
1648231557
1648165013
1648169124
1652298732
1923355180
1923355180
4071890492
4071893516
3535022604
3532917260
3533637932
3537778796
3531220173
3547988175
1357512910
1353318686
1084956966
1357406502
3497582886
3491537255
4027362772
1879879620
1879871108
1887735744
1887800784
4035416112
4039554051
3758537762
2753538082
2771290402
2922285858
2922301954
3194899202
4264167170
4264038674
4264042786
4251530082
4243194850
4239066082
4238873506
4238880658
4171922307
3639237251
1517181571
1512917635
1512331970
1512319586
2049716006
2053648678
2080051310
2042257663
2075844861
2075697380
2061018276
2050533504
1513658496
1513732240
1511717088
1528445136
1499081920
1486489408
3636332032
3636331027
3636003346
3367511586
3367511586
3371970338
3376172198
3407628470
1243379847
1242310789
1242507404
168181132
235287981
503476718
469946726
470991158
1416790278
1423999238
1424007175
1425055788
1473294380
1472632072
1464246216
1439095496
1373063912
1351879336
1351891644
1087713182
1087648190
1091567790
1109459118
1109524670
1109545158
1109516614
39952646
48411910
1440920838
1415823159
1424072511
1424067389
1424267581
1432661293
1600496941
3731288381
3748020509
3715514653
3698721087
3707114351
3704907631
3704908783
4233427949
4249156605
4282686349
4282695631
4265912271
4265997279
4274975166
4158583214
4158538158
4126884334
4118303214
4101530094
4235748670
4235918623
4244543773
4235171869
4100757533
3844652044
3844844556
3882522892
3891957052
4143629804
4130955692
3862438316
3862438796
3862565529
3875422890
3870148330
3869543210
3802446122
3806636042
3861161994
3862407178
3845563402
3828790219
3828777643
3963011755
3962008235
3961812651
3831512749
3839889389
2778730287
2795506975
2799713543
2791320839
3873451030
3869473830
3869428774
4021718375
3971386823
3969289485
3960839181
3960519693
3960519741
1813047341
1815341101
1752356907
1758545962
1758550362
1758555226
1750295578
1767072830
1767097407
1775486015
1800525087
1800529231
1799481311
1799618299
1799606011
1807993595
1765859035
1832939481
1832939001
1832990201
1699878393
1733428475
1668746747
593955291
602348539
598162043
598149755
599199259
597440011
596386319
596402703
562860815
567051550
558665022
558664766
554535039
554535039
587962493
587905133
587905389
587901229
1628090157
1628090221
1661665133
1661917037
1666106861
1674561005
1674396925
3821821085
3821632909
1665743759
1716075167
1716206270
1858743022
1858743022
1854488190
1804090654
1770796303
680275983
680468493
680337421
680009741
680059341
680305035
680306058
684507018
1758314378
1749786250
1762377354
1762309834
1795863050
3913978682
3913978683
3897202233
3894124088
3894123048
3896101416
3896232488
3896233816
3896231240
2839101768
2839020031
2857964014
2858099182
2866423790
2856986334
3133876038
3129746806
2592874599
2592866405
2391540845
2408383613
2374778077
2375846093
2363263431
2380040599
2371722151
2639641511
2505554677
2501098197
3071523397
3054746117
3053627943
2785192487
2785208870
2785208614
2785114166
2785024054
2785216567
2785151061
3057780804
3049392196
3029473348
4103232372
4103174772
4153473652
4270910452
4275366375
2119497958
2115360998
2115492054
1041651910
775321798
724965574
725489862
725031367
729102789
729099253
735390437
730946293
731077317
697432773
697428805
700574023
692119559
687990807
956426279
960723047
960698855
960956854
1027934598
1028067206
1028592310
769094311
748024495
747999963
748008011
747941387
751086347
738241307
1812048427
1677957675
1678024251
1678018075
3825517113
3826106985
3827253865
3832283881
3991671545
3991671753
3983290825
3982833113
3991289321
1772566760
1772427448
1772427400
1772108936
1772102856
1805660617
1810977225
1811018107
1810997611
1808900394
1808835626
726711354
726768666
722730010
689110074
689050682
691146778
691208218
758251563
770838827
800207211
800321899
800383435
800363979
769952971
627869835
623745179
623876267
623820011
623293691
556183755
556196091
556163179
556147819
560348457
561397033
560410425
569194041
564990587
598541023
599724767
562901663
562833039
562879118
562875022
558160846
558291790
554072862
558246687
591802175
591800127
591668541
591672637
600573229
600591660
600690557
567146461
558694365
567123967
567123967
567122943
566877143
558627783
554384199
554384245
592132453
592067941
600716388
596518100
596451525
562827461
562839775
835469567
810504442
810496250
806171098
806187482
810481659
818871291
818932427
818735819
819760075
838835147
838777163
603960587
578793483
574599195
572432443
571383851
571318315
588030319
588023271
558467559
558611447
554302455
587857911
587956215
592115175
600502758
583721398
1925965238
1921820038
1926008207
1921814431
1922011069
1921947277
4090406541
4090408589
4048465597
4048547773
4111460861
4112480767
4112390495
1971195231
2004812894
1441730686
1441603623
1424826471
1425879141
1425830261
1423767332
1415372564
1432259332
1449044740
1451141381
1382975749
1383057671
1383058742
1928318246
1903117614
1886220590
1886146878
1887195454
1885098286
541356398
541352430
558121463
591851991
868676535
835679159
1942836157
1942771613
1942838685
1917843869
1917844379
1917844123
1925889675
1926936267
1922732874
1944682762
1902687275
4050166827
4029260841
4033520697
4050314521
4050318105
4050272857
4050338553
4050338473
4058732201
4159387305
4160300441
4160239067
4151849179
4118356187
3564843354
1417359642
1424700218
1424569146
1424572266
1424587243
1425566121
1433987481
1467608461
1450952077
1448853901
1381745053
1383846301
1382798269
1382577071
1399333807
1365975975
1365905814
1357578718
1349195230
1885936926
1902655806
1902669118
828925246
871035166
866840857
1940504856
1370013720
1349046312
1344857384
1344923944
1346030136
1348373049
1356827163
1356828362
1398445770
1448776394
1450873802
3598357502
3606622702
3598229870
3598246958
3732594734
3598372926
3606724991
3606782463
3623559613
3590010797
1423773628
1415321524
1344026548
1342976948
1342464916
1346757588
1356247892
1368692277
1406438919
1408740871
1383500294
1379305990
3527319350
3531445542
3531396134
4076392486
4093243479
4084916293
3546018132
1364816356
1364817380
1364950501
1364950517
1373330647
1364810998
1362689250
3510561858
3509515586
3513418050
3521872722
4058616434
4054430307
4054446689
4058572384
4058834544
4051500896
4047306596
4051496740
4085181732
4076784901
4075734275
4075536386
4135309330
4147769366
4114178166
4114292982
4097717478
4101905895
4106095591
4122939111
4122742471
4156303047
4160579277
3623835357
3623704573
3589830639
3522717679
3514312679
3514528727
3514717143
3514782167
1366839415
1366847607
1350132807
1348160583
1348099399
1350204999
1887076053
1911285493
1944643325
1928909789
1928905183
1918423487
1918493102
1918624238
1927012846
1945887722
1945887722
1937339898
1937257851
1899500891
1899496475
1903825979
1944726843
1940532539
1940614937
1940416265
1945696024
1400435480
1366934296
1366933784
1350156600
1350141229
1347984751
1347984878
3495529982
3490422230
3507140566
3613046470
3621429958
3604644423
3606696567
2532893671
2549671271
2541282663
3212436583
3212563573
3220952405
3187406197
3187402005
3187275029
3178878229
3178853685
3178853685
3179238773
3179238773
3212269557
3078051735
3084344967
4156833687
4123275191
4123274687
4057806271
4049535167
4051632575
1936654783
1936266687
1936530847
1902915039
1902915549
1902929689
1894773529
1911468809
1911460617
1911326489
1902947625
1936506155
1936629055
1945025823
2012149022
4159685950
4159489406
4127044990
4126913919
4160468351
4149974399
4149974367
3881538845
3881542941
3877348669
3843796285
3843800381
3827010589
3827272765
3825699885
3826752813
3826747181
3825649199
3825717823
3825594943
3842041391
3846201967
3847225839
3857973503
3840147679
1684340959
1617301759
1618358527
1626744287
546778107
546642555
630528607
915741262
915896910
381081934
380994638
373076094
