2607977989
2607908357
2607867427
2614158883
2582668835
2582740771
2578603363
2578697443
2566311105
2631326913
2631324737
2631382353
2633344865
2633279073
2624890467
2620708579
2620671426
2635469974
2669030566
3189128358
3193310390
3195935942
4278074575
3669435853
3669239756
3686065784
3686061928
4193554296
4185173880
4185172952
4218925017
4218863577
3145111001
3124200920
2855638104
2872423740
3140990764
3111581228
3111547436
3111596573
3107206678
3107206694
3145547558
3153005602
3148680290
3148614902
4222160086
4227529927
4181372101
4162501701
4162497860
2031725876
1796779300
1784196133
1784200237
1784255533
1780085805
1780117533
1780101213
1780093181
1798964463
3900313519
3904507566
3903458959
2025524879
4172818063
4170719887
4170736287
3633899199
3705331183
3699034599
3695135063
3695008519
1563179791
1596796687
1581127439
2122188575
2062943535
2077496615
2043946295
970204437
944780557
952125213
968935229
969131813
994240357
990111605
989914583
960560599
1027669239
1036105911
1036237215
1061404047
1044561799
1984083863
1992470967
1992397239
1983944183
2000981495
2001504727
2001636311
4149124087
4149127671
4279692759
4279591383
4248052183
4248052071
4183109991
4174459750
3968939894
4237508446
4254285646
2110864735
2144607359
2144613389
2136286221
2102735948
1544892493
1410822493
1411282559
1415500415
1423196894
1417955022
1367656142
1401343630
3616968606
3604388270
3604261038
3597969566
3597905103
3597832399
3597828175
3605233789
3605123117
3605524524
3622268972
3575936037
3559150885
3559292725
3559816727
4101930503
4238204439
4238138967
4254379863
4258574149
4283805509
3207968581
3208091125
3208024549
3209859301
3210072293
4250194149
4233392615
4229378551
4095092695
4096927735
4101183463
4101181287
4109438771
4126228227
4122046211
4122208003
4126405123
4159943170
3621237570
3595994962
3595011555
4131753443
4144291315
4145314929
4145378545
4145439984
4118155472
4126540176
4126540176
4126610817
3581161361
3715379107
3721670306
3751100134
3751611990
3753656070
2415668998
2414620470
2414617910
2410423606
2410231078
2344293670
2344289574
2342012214
2346206582
2337852791
2323156439
2323225045
2319165909
2318002645
2317937109
2334883285
3408560069
3379197893
3370809043
3370743539
3370673911
3370676983
3370702839
3370775989
3370775985
3438902416
3430513808
3430513808
3430636944
3426442640
3426375552
3426645953
3442372547
3446144834
3487690038
3483494710
3466722070
3466714903
3403734839
3403962151
3395639079
3396161847
3396137255
3396132903
3397182503
3413943333
3414010900
3414014996
3411851604
3680287700
3675110036
3675250356
3679379124
3687773876
3670996644
3670905317
3663495399
4212950054
4215055382
4181042182
4162298887
2018948103
2018948097
4162229249
4162243600
4162309168
4162255904
4246100320
4285942736
4278079360
4273950592
4273821568
4273862545
3200082851
3218432934
3184796582
3176408998
3176408806
3179095798
3186960118
3186959350
4259607030
4293185910
4284793207
4252341591
4252024133
4115704133
1968220613
1695594965
1695726069
1698076885
1702268117
1701216341
1701216277
1696976949
1730474037
1730469925
1713725473
1713780257
1717962275
1726416483
3887007347
4155315799
4289537543
4289472007
4260111879
4261228055
3707723287
3707723335
3573505606
3572858438
3589560150
3614721878
3598022006
3598020982
3606540535
3623318743
3589764245
3572982933
3562525845
3562521781
3562389925
3562337253
3562300389
4250165885
2136302109
2136368669
2121688605
2121686589
2121649725
2138365721
2104814873
4250182921
4250178649
4250174552
4283930105
4282890233
4265977593
4265992827
4266058367
4266062462
4149658478
3084240366
3050620390
3050622182
3050624214
3176584390
3176583623
3210105799
4283830871
4283774581
4250150437
4233375527
4233379111
4241753127
4242277469
4259132623
4292682959
1607214495
1581788607
1581804991
1582034335
2135612815
2102056335
1556846047
3705181535
3707286814
3697845566
4251493678
4285048110
4218139950
4226454846
2846524718
2846524718
2846727471
2850864429
2839321916
2872546364
2873005084
2873023772
2872975164
2872982060
2837068332
2841251372
2832926268
3096973839
3096982222
3097231550
2577137834
2627472554
2646349994
2377914522
2348243086
2318859407
3392316557
3390218380
3390218444
1259446540
1494262060
1492362541
1492303660
1483905852
2016578076
2016579356
2014480156
2031194892
2034279180
2034561884
2017784684
4161140456
4165369580
4165876460
4165933756
4165933964
3637321676
3717010892
3750696415
3733913982
2392785198
2392657966
3466145902
3465031902
3465027742
3465027758
2391306414
2391298234
2412375179
2353719433
2350614728
2352713052
2352588572
2364252700
2359992844
2360255036
2360193645
2364313325
2351729391
2352270062
2367052510
2367041358
2367038478
2683707422
3686596654
3418173502
3384680458
3384684553
3371974936
3357033784
3357070648
1209591064
1209656584
1209656585
1208745227
1208671498
1212865802
1238037790
1238013214
1268483422
1536918878
1524205439
1524205560
1524602360
4208964796
4200441020
4195135676
4195127484
4194603948
3943080620
3892748973
3892769455
2823091887
2831445685
2831478437
2832529828
2849459365
2943765971
3195434435
3128058178
3128107270
3128111158
3128045622
3128373302
3136623678
2612859950
2579110955
2561285177
2628258056
2628258760
2561212104
2561189592
2577965784
2612634328
2600174280
2657059544
2652738152
2652742249
2652758633
2669503195
2640062443
2640055723
2648443050
2648508570
2675914890
2658625674
3732401290
3731289242
3739414666
3601068170
3739455626
4293038250
4251165163
4230078955
4230079035
4234404377
4234342969
4234400312
4234170937
4229981753
3693112891
3693181230
3697416238
3723892758
3717602310
3717608518
1570119750
1574842389
1608388624
1600000000
1329463300
1193148676
85741868
84700460
71592236
79972397
80070687
80660551
206457031
206456262
140333506
150914002
150917874
150925938
167699299
192799587
175485299
175478257
175478257
173389297
173387697
172337041
440772529
440788979
440723427
1522853219
1540160871
1498218279
1498213223
1527574375
2068705221
2051725253
2060109253
1523566069
1523439079
1514960230
1510221094
1510417718
1514549526
1522995254
1535447078
1501827111
1485050148
1485248260
407781132
403693324
403234652
419997052
973644092
973647931
977907994
977965402
973836666
974779882
974708202
991549658
693819594
685414602
685415627
681215435
685278537
685278811
676894233
689563193
723070504
721956392
722150952
722088232
726269992
697958440
698023992
733552664
699949144
1035510236
1068009373
2137896373
2137896629
2104342199
2112730806
4255495862
4121280190
3047537598
3051796654
2548496622
2674026543
2670856207
2535603213
2507286301
2515673660
2511499884
2511487741
2511356573
2515550879
2507196351
2503265711
2503334127
2503403743
2503403597
2541153613
2540629325
2540689229
2540688349
3077542879
3045037022
3045037566
3044521470
3027740158
4101504350
4097176862
4097078550
4097128246
4097258039
1949708835
1953968691
1953765171
1962171697
1962203185
2008451073
1723762689
1726908416
1986363392
1982107648
1713475664
1713541232
1731375328
3826444000
3830508257
3837848293
3833653925
2810247845
2793471620
2722427524
2718385028
2718318996
2735550884
2706646436
2715041188
2711424932
2713534453
2747084759
2744936391
2748606294
2748643094
2748630294
2790774038
3059606838
3076384054
3076488502
3076414742
3044952391
3162396737
3162400833
4236208145
4236114995
4244493347
4244492339
4261404690
4269727811
4264489155
4264444099
4265477505
4265479841
4252973729
3975948965
3971755687
3971755679
3988287118
3988323726
4022115486
4005412094
4004948078
4009143342
3996499007
3996427277
3994329101
1847058524
1846997884
1849612012
1870546596
1824196260
1688934020
1693135301
1684549829
1684541541
1692999983
1688941359
3836419630
3836238398
3836275230
3857230606
3882465742
4150823310
4264332682
4263805338
4280480670
4280443838
3207734254
3220251502
3215995182
3215998255
4289734925
4289734988
4289734988
4260371964
4247799292
4231251453
4229140989
4229019079
3963659591
1816177927
1824566295
1841409045
3998395409
3994203136
3859976208
3859972128
3859988836
3859989220
2805352165
3849719485
3841330829
3841395343
3856935583
2783194031
2778991103
2946972895
2946966990
4021625039
4021575887
4258328831
4250005743
4250133710
4250266062
3981765102
4015057390
4023582062
4023571806
4023615823
3989950797
3981504893
3964794221
3960591852
2886850044
2886989309
2891120045
2916278253
2912079599
2951974527
2809239046
2804986374
3844137494
3827360062
3827429438
3961737262
3961671743
3965865023
3965865071
3974252669
3970058333
1839390031
1877040591
1851811023
1847615950
1847665150
1847727022
4008837806
4008904430
4004525822
4004523742
4277153503
4277219039
4273024989
4273035229
4289844685
4289836381
1840361820
1844490557
1836093493
1831964725
1831972901
1865523237
1863360565
789704757
791867429
791860517
657641253
661802533
670256645
661876229
661810693
661802565
670516983
2012677879
2012681174
2012551110
2004170630
2012688054
4294388390
4256644771
3719659155
3702814337
3702809473
3702583697
3702645169
3723616737
4252100065
4252085601
4285643617
4294023969
4025595171
3891376403
3878727683
3876646935
3876646974
3876680750
1729243182
1695693610
1708264042
1704397434
1736707914
1736728910
1736761357
1736830988
2005303340
2001577260
1997385012
1997978884
1997970692
1997980933
1729545223
1731576150
1697969510
1698162406
1702354662
1828179670
1828181702
1819759302
1819636358
1817453502
1816404142
1833198762
1875142826
1875142826
1858988219
1854777787
1871559065
1871552457
1843167817
1832432136
1815650873
1814946345
3979305513
3978699566
4016445294
1877085670
1793264054
1793132702
1790261406
1807034510
1807101070
1771974030
2040401871
2075659790
1538813502
1526228799
1517871423
1517023551
1525371247
1522029549
1505317613
3634001629
3638228685
3629827677
3692594749
3692600893
4233670201
4242058808
3182996024
3216685608
3220871976
3195768104
3124331640
2853802328
2937828168
2904470073
2908127786
2891366954
2891249194
2891238954
2908543610
2906450890
2904517514
2904451978
2908645774
2841536670
2840874158
2910078126
2943434975
2943541263
4000505863
4000505861
4009092385
4009025313
4006930977
4007098913
4016000739
3982384771
3965597571
3963487618
3967681922
3965126546
3972290466
3967840166
3967839719
3984648519
3989956871
3998345477
4266879237
4266879252
4266868084
4266859988
4262663636
3662811380
3646035424
2631009616
2628912897
3702982403
3701737010
3567526434
3568068130
3299667814
2242894246
2414659766
3476573318
3728235654
3728335247
1578820429
1583244040
2123986712
915933560
936929512
1060661416
1060858024
1042961848
1043055496
1063842440
1068077786
1034592826
1022075434
1550429738
1546509082
1546508571
1546639641
3715062041
3689814281
3668841225
3400925705
2327183997
2325152495
2340692718
2340693926
2411997606
2403600550
2386839718
2396904582
2392829063
3466570885
3470114208
3446967200
3424946768
3424815616
1277340160
1277357569
1411573251
1545794322
1579339826
1592905778
1586532466
1585493106
1585490978
3737168934
3720394806
3712129302
3586300166
3569781526
3569798967
3703983955
3704038739
3720619473
3678741984
3678877024
3663009120
3658958192
3658663744
3660758848
3662856000
1515567440
2051316976
2047126756
2047124708
2051317860
2060361973
1776202822
3900623222
3895446310
3895249446
2821311014
2821372422
2825561606
2835063367
3908609732
2841157284
2874732196
2873875109
2883242663
2849689070
2910601326
2889613326
2889691150
2889752862
2893964078
2897872430
2897939071
3971484637
3971492173
2910333005
2906261581
2904164428
3206153548
3210350924
4288287740
4256838332
4256707252
4187513524
4187546516
4170771894
4170823910
4191918118
4214851622
4214999062
4264216582
3995771974
3995771846
4004160135
4004020884
4025000628
3911755428
3894984356
2821372644
2821389924
2834226980
2850311989
2850055942
3982500614
3966968630
3966906662
2893218086
2834498662
2844875990
2882550918
3141544070
3120834694
3137743302
2647030742
2642829287
2677426037
2679899924
2663129364
2667328788
2591847732
2592027956
2591958320
2575181587
2633634258
2633712022
2633548966
2625166502
2618858670
3155732895
3171461773
2936581773
4011503180
4026183181
3958107711
3957911086
4016848430
4012183342
4013229854
4013359390
4011216958
4019372078
1803665471
1803608143
1803591883
1795203273
1795273929
1862441161
1828887033
3980564840
3854732136
3854797528
3787503304
3779105480
3775972040
3759522505
3761685225
3778470891
3778309611
3790883055
3790883038
3818224847
3822548175
3814077903
3814077774
3782622998
3044425510
2816753446
2812570918
2795796274
3198513683
3198644736
3200152064
3145626112
3107931712
3090959984
3090440032
3093580897
3098299494
3098299494
3099352166
3147771766
3121358534
3121373830
3122487942
3126583470
3149788335
3183331501
2897709196
2901850252
2752752012
2752752268
2752752268
2752949908
2757142180
2765538021
2901788389
2893309479
2904821541
2938911761
2922063872
2926262288
2930379824
2863275040
3131708448
3131708709
3132634710
3130549958
3133732494
2588452286
3122181358
3122250942
3139163326
3090865290
3090869386
3090869643
3095059849
3111771544
3153720729
3153851865
3220854747
3187300187
3162193726
2625584958
2625584414
2558213406
2566462495
2562268189
2579043612
2612606748
2595828252
2327327260
2329416253
2331513390
2323186030
2323125486
2323141870
2331561214
2599988366
2616831118
2583276749
3103501512
4168846024
4164586200
4162490056
4162776780
4179502748
4179047100
4178576303
4180672686
4176478382
4172285182
3633392710
3632343046
3380684806
3380799750
2340863751
2325656852
2327478564
2326495508
2326434116
2326496197
2330494951
2322124782
2317940718
2319185902
2319086030
2316984779
2304401865
2363110857
2365217225
2356890073
2356730345
2355689849
2355685851
2365187547
2298208729
2310788089
2311046141
2310919149
2415719404
2406282220
2402076141
2385366253
2384910525
2385963167
2385963151
2390223247
2387996623
2404873934
2404803150
2413261622
2415214886
2415132710
2415670310
2373739558
2373614610
2373638146
2372585730
2313866498
3387524419
3387470321
3387470048
3454578912
3447251424
3443062244
3426721700
3424557808
3424565968
3441343168
3445549760
3479043648
3464289905
3464263458
3462213922
3462340962
3462340706
3464442978
3489535187
1342047683
1308563393
1306345409
1306345155
1331650115
1333745426
1325266226
1342043186
1333650450
1333787650
1300220930
1147915346
1156303346
1156283314
1156135858
1281964979
1290370993
1290397616
1560273840
1560261520
1551209040
1546687264
1546695204
1546691116
1546694188
1546709564
1546856989
1494628879
1260272182
3415808038
3417836646
3400007734
3416936451
3416973313
3429539904
3425349824
3425343360
3454703504
3349910912
3333010816
2263407795
2250792098
2250783906
2519219618
2519222242
2523555410
3605718530
3584814594
3568019970
3572017475
3563620449
3693660387
3693660370
3710811330
3710788802
3710267650
3722838578
3651601954
3651423778
3651432226
3684969762
3680773138
3648286722
3638449095
3633207173
3633208996
3633859300
3656911716
3458750932
3458885828
1311385732
1446652036
1446521988
1429943684
341726852
341754500
341230160
341086769
357869091
391425315
374646818
383027234
375163939
375032851
1578812419
1578812419
1578789953
3678022001
3363445345
3371764336
3367833168
3365746256
3365741120
1218388480
1218262545
1217924899
1222118179
1276664674
1276660706
1295703426
1312486786
1311437954
1244220546
1244204162
1248537778
1253779938
1270427362
1220030182
3367528166
3367528173
3366504172
3429666796
3425472428
3695025812
1544988292
1543938692
1594335892
2114101940
2114105772
2113966316
2113981548
2114312252
2131130429
2098608191
2096503102
2091846942
1554973967
1555431695
1557528861
483664173
139731237
139748613
139883783
215401735
232179462
231048498
197965090
1263313970
1242473538
1242465474
1243514306
1260291570
1264043490
1540748770
3684034034
3684037842
3688723682
3688654050
3680264547
3680330597
3688723045
3690951204
1543067412
1534674180
1530412100
1494821076
1494952180
1499082213
425410549
433657557
165164757
156972609
140121665
140187393
142161169
142091569
142159665
150617873
150605329
200937025
184239681
184141633
184079729
175678947
192455907
142123491
142123427
142259074
142250882
159024002
461013890
444170642
444118454
444182439
1585031917
2121906925
2121837161
2117642856
4269322216
3999840248
4016866296
4018111224
3984491256
3984503384
2900272940
2766058796
2784347181
2784247847
2771652646
2805207342
2805085478
3862046566
3874635750
3870494694
3870361014
4153476242
4119883907
4107333763
1947250821
1947370949
1947377605
1947380565
1947380533
1699850533
1850779957
1850785589
1845530932
3994140948
3994173757
3994173487
3996327978
4285606954
4243986490
4239788302
4240313038
4240116374
4238873270
4238889622
3165176453
3165160380
3169628580
3178016676
2922294148
3862866820
3862338500
3862274020
3859852645
3859866989
3861931309
3878908965
3845288997
3848406049
3974317089
3971432465
3988189440
4025983488
4009145856
4000228864
4000226816
4000026128
2859043360
2875759393
2875783459
2842224678
2837998710
2822663670
2822663654
2893959078
2908164023
2941521297
2933140625
2929486992
2929679504
2929622144
2946428033
2916936833
2891836883
3965637987
3965617975
3981887031
3981825799
3983863047
3983829254
3979700262
2905999398
2893416674
2893416946
3187019650
3182834370
4290192066
4272370386
4138017491
3601146563
3605078978
3596681682
3613720787
3580186835
3563409607
3563549007
3571907935
3571968797
3568171641
3573348985
3564956409
3562859161
2489120653
2488583071
2496971183
3034042799
3033985511
3052593639
3077825907
3077696835
3610508099
3593633475
3593617106
3593668338
3593668594
3614508530
3757061218
3752862771
3752928275
3751949313
3751959808
3467738368
3488673552
3480284961
3444834081
3377678195
3369273299
3368223698
3368236018
2357421047
2357289911
2357293493
2361414069
3451932909
3478188525
3473986553
3473994313
3473958411
3474057738
3474127130
3742537770
3746793514
2675017755
2683409419
2683408649
3755180621
2379645661
2371277541
2354471653
2362450915
2362457507
2362513827
2362579107
2362579075
2362518659
3486542979
3461473475
3463640258
3463627970
3463627843
3312711027
1290923811
1290923553
1282539057
1276169745
3692101424
3692095280
3694322032
3727872976
3732063169
1593000833
1588676547
1320278851
1318189874
1590749474
3729844514
3729844514
3729843506
3730026963
3732308419
3598090625
3598614913
3611198849
3575612593
3579613409
3588022369
4126466085
4126467109
3078024453
3077986821
3044231765
4117977847
4101077695
4107294382
4103099294
4103193486
4103586702
2983694830
3010766118
2992942119
3055860759
3055922181
3072764933
3039220741
3039216917
3022407525
3169207909
3182773863
3181659750
3181671974
3219415830
3220513030
3212255494
3178571031
3161799975
3159691111
3159821047
2622896835
2622959299
2631346115
2648524275
2681554355
2666874259
2667050387
2683824019
2549475251
2547120051
2547012529
3595596261
3591381221
3610255589
3576771813
3564311781
3564516437
1417028869
1417032967
1416975127
1416951319
1425397255
1425509894
1425379078
1431613230
3612648750
3595937086
3738604814
3737552207
2665385325
2665328108
2665263084
2655825916
3209476056
3209663448
3184431864
3184432108
3181220845
3185349101
3176960493
3172786551
3156205910
3155616050
2887152930
2889305378
2755087410
3832965138
3832966147
4118183235
4151737795
4269147522
4133422466
4133225906
4158391714
4158395298
4154336162
3734905750
3734971351
3734840279
3734795735
3739020639
2656873823
2673715487
2640226575
2633940750
2633993758
2633795134
3176961834
3206330154
3139413294
3139368302
3143291246
3143332334
3118158334
3109638575
3111671213
3094885868
3094885884
3094885884
3170444756
3170512852
3170510548
3170449108
3187177108
3220830133
3199915959
3199129014
3203237350
3194783214
3055852926
3072634142
4146440462
4146505998
4147555390
3883306031
4000826653
4000634125
4000702733
3862361373
4145993061
3038729701
3042793447
3034534887
3033940726
3033940694
3034010310
3050694598
3050631159
2784274925
2784274925
2776078685
2774961421
2774961421
2770835215
2770663198
2770723622
2804377382
2804381478
2808547106
2816804642
3085371219
3052799939
3053327809
3036626304
3036626304
3036626304
2491366784
2491366864
2499754256
2498574641
2515287843
2548842291
2465017602
2460956418
2461910322
2461844514
2461828130
2460783842
2464980450
2204929430
2435681719
2435233207
2435245461
2503402885
2507599764
2490785716
2499174048
2489674672
2489592768
2485397952
2485594192
2485611568
2489738544
2548458240
2527519233
2527523330
2527392722
2527372706
2531564706
2519566498
2520696978
2519649410
2452552834
2452581510
3526192375
4084034791
4092394981
4092589556
2985227076
2967982916
2967777812
2967835172
2959447588
2959187493
2959129125
3038820901
3055615797
3055736085
3060978972
3061007676
3060995372
3069325100
3086106413
3081834341
3048476663
3051624390
3035051462
3027727766
3027621298
3027752370
3044439250
3078055106
3077862594
4128265427
4130503794
4130498582
4147275782
4151519494
4285741382
4294008102
4287647014
4287644735
4287655951
4291879247
4250263839
4229345831
4234055205
4242442853
3973880437
2900142661
2910628356
2939993668
2921240148
2921239268
2937570020
2803188452
2773681125
2773877175
2759265719
2759069110
2775857638
2817866230
2813802719
2813541583
2813541583
3081845966
3081790686
3052436734
3178327262
3178360286
3176392190
3168008062
3184654198
3046176727
3052464087
3086022502
3086210918
3077818214
3086174070
3085000662
3085036998
3076648438
3076640231
3076607159
3076648087
3077827799
3077692663
3076639767
3076771079
3043159815
3043223063
3051610687
3034837567
3034698543
3034601261
3027262845
3023059452
3027442668
3027372972
3050442156
4157801884
4140826764
4132442252
3593560277
3727910133
3744654677
4285720327
4260558343
3723620887
3722572575
3714183951
3697529103
3697397055
3715225903
3715229997
3746822461
4283537676
4291929356
4292063500
4126310668
4117922052
3845293076
3843466292
1729602608
1729601553
3843526963
3845636962
3845638114
3828860898
3832008674
3857047026
3886407027
4003855697
4008112065
3999723457
3882217200
2770656992
2753879777
2753617573
2757812197
2757807077
2774584804
2808217044
2791435604
2808212564
2808314933
2808235381
2791789943
2791798775
2791790327
2791786199
2791773909
3873449909
3890226613
3856662997
3840082117
3840028871
3840025798
3840109918
3840146814
3840137534
3840129294
3974281486
3967006990
3983653902
4012942622
4012958014
3979465582
3979592302
4011967206
4016161511
4007708517
4007714100
2934045972
2934172676
4000574468
4000574740
4013086581
3983724277
3983003391
3982876671
3982810495
4016364671
4016102511
4024564846
4016301422
3982747006
3982751102
3983660414
3983668606
3992053623
3990087541
3990091637
3981538677
3981540692
3966893396
3967023445
3967208277
3975596885
3975568965
2901636935
2900391895
2918216695
2918269942
2784196566
2775674614
2775609062
2817555430
2817641974
2796670422
2796639686
2801103046
2792710598
2788581854
2804311534
2775010734
2766491070
2766491039
2766600589
2766568837
2766630277
2774820261
2808374757
2808373743
2791797247
2800185719
2816815463
2816745767
2816815407
2779058493
2783252761
3856936969
3848610825
3831900472
3831908648
3841378616
3837233992
1706330952
1744093000
1714721736
1714721225
3862343867
3862880426
3997065386
4013822378
2909667758
2913928878
2913929902
2913811166
2914790350
2948362063
2948392269
3221091661
3221211093
3187596629
3176660341
3159686183
3155450915
3172291602
3071685890
3054919938
3059118898
3199619938
3199681522
3199615938
3199648199
3187131333
3161835485
3160726393
3156531832
3156540009
2888100713
2908794729
2950739785
2952114505
2910290376
2910228984
2889331112
2889133480
2889214888
2889276056
2759261832
2759259800
2784285400
2817840121
2809459051
2808410154
2804278314
2804410410
2770794542
2774980926
2774977806
2783397134
2775012622
2774753550
2808209470
2808144934
2816857126
2795949430
2812729669
2812738308
2783443476
2909133332
2888162836
2904948500
2904876844
2904876332
4016362797
3982869807
3982872879
3982979455
3966195199
3966584063
3966520511
3983366335
4024924607
3890641311
3890674071
3890740119
3890740167
2816999111
2816931525
2808571605
2808439541
2808373989
2808378357
2774799781
2808356263
2816753079
2812746167
2812676534
2812692950
2812640582
2816830727
2774888197
2758209028
2759228948
2759280148
2757056004
2773758468
2773754452
2807313380
2815689965
2813592814
2947812526
2914391278
3182834934
3168150742
3159762118
2621908166
2621910214
2630298838
3704507638
3722366358
3722364614
4260792007
4294346437
4294284996
3212094756
2920590628
2920590628
2920394020
2786240308
2786243348
2803290740
2769797861
2773992359
2757052326
2784249254
2784316854
2818006486
2818014550
2817883414
2951769351
2951769863
2909889815
2910019959
2891125111
2890990071
2906730967
2907907015
2949785543
2950045663
2947878397
2947840237
2952030463
3218369615
3218472015
3203855711
3199653375
3199713791
3221082623
3179278847
3162427895
3162429398
3160336342
3159746422
3160207138
3159678754
3161784114
3044535570
3077993730
3085321474
3085304850
3069643794
3069647922
2541174066
2541042962
2541172498
2549560114
2545365554
2545250865
2511139808
2511127460
2511112100
2498531252
2489621428
2502400948
2502343604
2502344068
3040257412
3073811909
3073811925
3077809653
3061032437
3061053397
3061052375
3073627095
2805060086
2771472870
2774627814
2917234030
2917234030
2917225790
2917267230
2917263118
2917393679
2917397775
2917257501
2917187901
2942432568
2943612200
2943597944
2907938652
2907807580
2903613244
2905704236
2771490605
2770596637
2770588507
2804142431
2805421535
2927064559
2926918893
2926845165
2935233773
2929794553
2946708825
2947752285
2947752927
2914067423
3186632703
3169859557
3186692069
3052539893
3052539605
3086034629
3220187077
3210749815
2673890806
2648858102
2648895478
2632121334
2631977842
2489371906
2485228802
3022103554
3038879761
3043221776
3211977984
3207785728
3207789648
3040004192
3039972577
3023195345
3027393859
3035811394
3031686738
3035723474
3052495570
2507154130
2540712674
2540704226
2549088482
3589341297
3589676033
3589683200
3564451856
3579848757
1566582853
1600223431
1591921862
1591919750
1588839574
1609691315
500293809
475127984
335569056
335569312
336618400
336781984
382924432
917685888
849465281
853593555
912321762
908110946
909290610
930257922
2012384530
1743818019
1743817505
1743829797
1718790452
1718807828
1714566484
1714491840
1731408277
607269797
611455717
614662759
615514663
615518782
1957701390
1957719310
1431365646
1427372062
1427294542
1430407630
1438796174
1434586510
1468208526
1468015517
1606493116
1607541676
1599103980
1599136748
1594942460
1578148316
2115088748
2114164580
2131861300
2135993111
2136058646
2102573318
2102568966
2102589446
2102582294
2102575142
2102509606
2144436519
4018376996
4001600868
4001404276
4005608900
3993021892
4009934796
3976394444
3842143997
3825342191
3826456303
3830517743
3836743151
3836743166
3851422918
1703947462
2006052038
2010313927
4148348103
4282511575
4278247543
4278248805
4282644325
4149335653
4157668965
3050335989
3046276821
3046268629
3050505959
3050309607
3041922919
2505055607
2513517911
2513661271
2509465045
2513589717
2513520085
2505099223
2505099223
2538733015
3612534262
3595822310
3597792342
3597857862
3614635078
3581074759
3581136255
3564173679
4101303167
4101369695
4101439071
4124563007
3050619695
3046429487
2513756469
2513822005
2541212981
2541143413
3078014453
3086403573
3086409637
3067469733
3084181429
3075782031
3071646927
3038166095
3023498255
4101434653
4109889325
4109891111
4126634535
4117844759
4147122454
4247781430
4247846950
4235333686
4243733814
4239555447
4254431831
4287920837
4275337925
3730144973
3730273997
3730264829
3730129903
3721745383
3705103335
3705532919
3705468407
3705452007
3697065463
3713918407
3749635461
3732862341
3741238773
3740681701
3748922855
3748666471
3748670823
3580967286
3581099350
1433615814
1433875910
1433866702
1375547791
335487197
866070652
871890988
863559736
859349304
590982952
591104552
595167800
593267208
592746761
591696905
1627422731
1963098122
1963085866
2097291310
4278330670
4265754214
4137029350
4136980198
4139110022
3065491079
3048713861
3031934592
3035988656
2754905076
2754916836
2754912492
2803163372
2786353389
2786529515
2790657514
3872787434
3874884346
3870759626
4004985546
4004850634
4277431642
4285813882
4250157342
4233515278
4233556750
4242465295
4259312175
4254982693
4288538405
4259178325
4234140996
4229909972
4229254613
4229258741
4228152805
4240764391
4253345255
4270182871
4270313799
4274450755
4283626835
4283659507
4245771491
4245705959
4249968039
4250033591
4291977143
4291944375
4291886775
4258328535
3855675335
3830572999
3830560215
3826373991
3826304295
2769404711
2775700263
2809389591
2809389575
3883102727
3889657631
3889657215
3889503727
3855944943
3847556345
3847560377
3830783161
3839196377
3839196377
3839229131
3830834639
3830834639
3847484767
3880966015
3889362735
4006868607
4006704726
3998250614
4015093350
4015257446
3981694966
3990081014
3985739263
3985677823
3985681869
4023430605
4015254876
3979597180
3979560045
3979543661
2889036846
2892119086
2918325550
2914191918
3182434830
3213896206
2660249102
2660249374
2660381998
2660746277
2661072948
2677833796
2612822468
2615968132
2683077044
2674693540
3208494244
3208620197
3208571047
3174983846
3172887974
3156090774
4258666374
4260718278
4260652550
4260652806
4294209318
4294241574
4256685366
4256619863
4260808151
4118725573
4152312773
4152357829
4151834597
4134862309
4134853735
4134853695
3878743055
3878921487
3849499919
3858138941
3853944108
3992225068
3983860796
3977568284
3977601372
3979752316
3962962669
2893416174
2901872362
2914257898
2914269662
3216255438
3216321998
3214239182
3218399694
3218928601
3185431512
4259303928
4252881400
4248621564
4248106236
4246037628
4229326189
4233526639
4233518447
4242001791
4244098655
4242005583
4258594381
4275349069
4275545933
4141258013
3067511077
3061170471
3077882151
3073667391
4111802687
4111937903
4111864171
4116058585
3839235545
3839760761
3835517305
3854358873
3853842889
1705290953
1743041739
2002813130
1999683802
1999716586
1966239978
4113703338
4235339754
4237506282
4237301454
4237309518
3700499974
3570624018
3570754066
3564626690
3564548931
3581318099
3597828561
3597829585
3597831616
3597897168
4134649168
4130450736
4147177264
4112639792
4095997473
3827488289
3840132963
3852586979
3853632978
3891385795
3864060359
4262486485
4262486503
4264699383
4000454119
4008906223
3870313967
3887103487
3853641167
2779899853
2767303501
2767303549
2775626541
2775626287
2809258559
2805199419
2805125690
2771633978
2770422074
2774554730
2908780778
2917255419
3991063755
3992114315
3992179083
3983790986
3979473914
3979469802
3979470830
2909925230
2951871839
2935094559
2935090461
2935088445
2926703901
2926670101
2943570807
2943506279
2951890790
2952220518
2952023350
2935290118
2935287046
2927095062
2927031575
2927612183
3195883781
3195892029
3196015661
3178120253
3161345116
3169733852
3165605372
3165609692
3099557581
3097259725
3100913399
2555653862
2555784934
2557873814
2565214102
2561478070
2578197990
2616732902
2616734934
2616923206
2616848406
2616778807
2577965076
2577965084
2582360348
2574156092
2571076412
3206449020
3139354364
3138300925
4178553837
3977227263
3977165789
3977174413
3977239949
3976545693
4011148205
4015469549
3998360559
4006818814
4002501118
4002444670
3213913470
3180358998
3168004422
3167944006
3027426646
3027486055
3041936743
3041973623
3176395013
3184718081
3046293809
3046490401
3046409505
3186998581
3187130229
3178728405
3208104917
3206412693
2937978293
2937943479
2937353662
2939499438
2943820782
2952078318
2952029038
2952024350
2952025358
2935454991
3203819791
3212278047
3212180751
3212278797
3187037213
3186753565
3102933021
3100849533
2563979245
2563969005
2563776511
2579509214
2604675062
2671908310
2681357766
2677424455
2643842420
2643780964
2647977844
2639576916
2639634388
2673248240
2673260016
2673189345
2639573987
2635432802
3038218082
3038175074
3038179091
3037980931
3042048257
3084123477
3084310389
3084305367
3084374982
3075830230
3071567350
3071571174
3071573222
3075857638
2815876214
2815872326
2811682054
2815931654
3891635463
3883249973
4013273381
4013224301
2937381741
2937546221
2937542125
2908048879
2908032511
2899647966
2899722190
2899719750
2899785286
3168023158
3170120294
3182720870
3182712166
3214243158
3218468167
3210077509
3210081621
3210204532
3210212708
3210081140
4283822932
4279591493
4211434069
4211421815
4177999726
4165344622
4174776790
4170582342
4170582087
3633654855
3633325125
3637539845
3637592081
1481752593
1481887793
1477697841
1476650289
1493362449
1497560576
2067973632
2051261968
2051266320
2046940528
2046874993
2046875109
2051143143
2059464166
1791029222
1791028974
1807806174
1799487438
2067920862
2067912190
2067879398
4215502054
4215420150
4181865686
4182136022
4190520822
4186359286
4220385110
4203538182
4207732503
4200375095
4200395567
4217231215
4183226367
4165402063
4165357023
4165029375
4164951279
3091281150
3116578270
3151172062
4220720606
3717281182
3721405854
3704958366
3705093535
2631343519
2363301310
2354843118
2356940078
2298232110
2309694750
2343248142
3416859406
3416859406
3383349527
3366486308
3371730212
3363604768
3376191600
3390879952
1243588736
1242474624
1510911104
1510383744
3657863296
4261839280
4244800160
4228104864
4233155233
4233130609
4233129475
3975178775
3975211558
2897537062
2898057262
3216559150
3199910926
3195695114
3124442186
4214760654
4181208478
4166660015
4170854060
4171108012
3163817612
2626958988
2639292108
2672997964
2672994100
2681251349
2681251605
2681321237
2681442613
2673317159
2673329511
2673264103
2640233879
2673755527
3747500439
3713888679
3713824167
3713889783
3709828429
3692915973
3699141909
1551658261
1551854869
1576981781
1610532165
1610596677
1608368599
1599984119
1600123367
1599984615
1566364150
3713856999
3722241511
3722243429
3722440053
3722378516
3747009796
1599488836
1465324356
1465193332
1431572837
1414541615
1423127343
1423073070
1959971594
1960151822
1968482830
1702144522
1735699978
1647608330
3794567754
3861824202
4129968858
4129960554
3056215914
3068668970
3064466538
3064464490
3064664138
3081396298
2511003851
2495259020
2499389356
2489892508
2485684892
2485828252
4096437900
4113493388
4113493212
3849776380
3790982253
1676794991
1668410415
1666249791
1662022687
1645240383
1645289519
1645355054
1665536047
1665597743
1673855719
3821355765
4085597879
4068787847
4068793991
4135877318
4140591814
3603704518
3620612598
3582863590
3565825271
3567201493
3705414804
3698603156
3694461332
1544765876
1946407316
1962975700
1962976213
2000729079
2000720255
1984010077
1715711580
3863128668
3863128604
3859003964
3003243036
3041057308
3025559103
3025536574
3028222526
3028226622
3036418862
3031957550
4122476590
4122477678
4256697455
4252572751
2098936909
1560947789
520776780
1057581405
1057500511
1044985214
1053495647
1070268767
1070547801
491733337
474870745
474866648
474804216
483240952
483240440
500148728
89110728
1158649928
1159629128
1194233160
3345921624
3601773304
3601707768
3735851774
3736900270
2661069486
2682053542
2635916774
2635942374
3709737286
3709479750
3726256902
1578772743
1582906389
1591282789
383255781
383268028
373874844
373858461
373993869
390759311
349865414
1425638406
1416135702
1411953718
1411948598
1412161662
4096419822
4108984038
4104784615
4105706213
2495097572
2495097428
2507680261
2469932549
2184849157
2197434631
2210009366
2208239654
2174484582
2157711718
2156676567
2156711423
2177686509
2210724844
2185559036
2185624540
2252865484
2253875164
2253874621
2253873597
2270654639
2219725247
2219754974
2220805582
2220596550
2216209750
2216209718
2216209718
2505686327
2514074999
3583622261
4041194549
4028603444
4028533780
4044784640
4044796944
3776373792
3776308257
3775231009
3775348007
3780001639
3779989111
3787851350
3821999830
3805034230
3805050615
4073224021
4073215949
4073213917
4065025949
4064964509
4133107599
1968837518
1952060302
1952056270
1960641534
1960580907
1960601131
1960570379
1960488457
4107836936
4107844108
4116224524
4145581820
4128804588
4128999084
3054158524
3054371740
3076391356
3051233508
4103938157
4103872551
3567005742
3566743598
3571000639
3294182685
1146697993
1142503689
1283160073
1341831183
264144974
246254030
246193582
1324135598
1311551662
1311158414
1311158406
1327952002
1278619858
1276518690
1276585762
1553231394
1419110945
3568688672
3500445248
3517745088
3257699968
3257896576
3526269568
3526285952
3593461488
4130338400
4142903648
4071137506
2997396706
3065572530
3059284098
2518370690
2517240530
3592043122
3575261714
3707383314
4239928866
4238877986
4238933027
4238904355
3697839107
3744107523
3727328449
3727327427
3727343811
3727627488
3732880608
3732678752
2631412576
2560174612
2559191628
2626240108
2626180717
2626213578
3716716490
4288199914
4275808366
4145776750
3879372814
3845827598
1696245005
1696309516
1728766316
587916652
587810284
587795941
558439861
558448063
566984639
596311981
596295597
562933389
562868109
633641869
604281229
604084415
604159151
1677911279
1812095215
739385703
743575847
743650103
751903285
751838837
751905525
752032661
613620101
613570949
663936391
649235847
653493635
643924355
572625905
589357601
589357601
589358629
576972581
576904981
1650625797
1659079955
1658951735
1654766631
580975846
576996486
573833350
571932823
571871655
573977511
577184421
581186213
581243629
564466255
547632655
547678991
547662351
1625660142
1625594606
1617201902
1663077022
1647494798
1646453390
1650647998
1675862511
1675671015
1642110311
1684057367
1696643077
1696643077
1730197509
639744021
639875109
774043685
774010917
773986341
773986343
778176807
787679551
781257023
781261599
781270799
781201167
780173071
780394255
780324623
784780623
801431007
793050334
788847870
755489982
755399870
742817214
768505790
768571066
801924794
801926906
785148634
2127329914
2124241786
2124372318
1990162766
1994202319
1457329549
1449014684
1457399724
1590567596
516887228
383713996
391971660
360513801
343355673
343355673
343406361
351648281
888519193
2092407384
2092206808
2096405209
2087763865
1830846905
1831043545
1830982107
3978473851
3978470187
4012027691
4016291627
4024539433
3990920489
3974223113
3965906953
3961712715
3961962875
3978806763
4012131819
3999555055
4007951725
4003951901
4008055053
3941470477
3949863173
3949928759
3915978087
3907587430
3903392246
3903527894
4171971278
4171967182
4171837070
3165202078
2628286110
2628313750
2628297366
2645074583
2641929975
2671310455
2671402503
2671385095
2537175366
2541361334
2549815478
3350863030
3334083733
3334078612
3283615924
3282571428
3245142436
1076662628
1076797724
1076273437
1076338958
1076210950
1076214022
1076144402
1089853730
1083559202
1084113698
1082786579
1083839233
1088037376
3243926080
3296394944
3313212080
3313015456
3245910928
3288050049
3531181443
3531113650
3526922482
3526922278
3526991910
4063928354
4134182946
4142571814
3086676263
4055487797
4040706524
4032305660
4044896700
4078713276
4078779836
1931424684
1910383533
1906181021
1888952781
1888968965
1888791829
1892985125
1884588337
290896129
326281475
322085890
389447682
389431362
355926226
339608034
342754083
346895907
346831585
481045121
482290305
499067521
250940035
250940290
250677138
249643922
250729362
250655650
514892646
514892583
498114863
485537069
477150524
208779580
204585244
204650765
208862477
207017223
206947591
207405334
206491926
207508742
224281862
232670467
98501683
98512945
257237281
257237296
256340240
247874384
248431952
239981904
239916496
239982065
239849969
256627155
256602578
222917106
139010530
139011554
139014114
139144914
214580930
214517443
214483667
215516081
232371121
89895857
391878579
375096819
375096818
374977778
370779250
370778162
369995827
923619361
890187809
806233120
810491168
819924704
815729313
278862466
1371479682
1388121730
1123877506
1123353234
1190474674
1186406818
3332858210
3332734246
3332667686
3332647206
3336841518
3345307450
3295592971
3303981579
3299770889
3300688489
3569135080
3495733736
3491535336
3491601368
3507919496
1394003592
1930560136
1913848504
1912811944
1912807596
1917001901
1925324990
1937977486
1468088526
1434501470
1418761790
1421127198
1554295614
3433343806
3433429806
3438181158
3371056950
3363702039
3380281655
3413713197
3422101821
3405460767
3472571871
1323899295
1340610719
1328052415
1160305055
1143523723
1147788681
1173090696
1105916812
1139471260
1131078588
1109971948
1109689132
1109766444
1109897533
1126670621
1097311261
1084734472
1151768841
1151769353
1152293657
3320814203
3615461099
3598620635
3598684639
3598549117
3597439020
3593248812
3592725556
3609586704
3559275568
3559273504
3559265568
2498102816
2493910560
2494959104
2493337153
2509041347
2257379011
2261634755
2261765843
2262818546
2264690402
2532863459
2532861155
2532852975
2259338639
2277175183
2491083399
2486942355
2486930098
2485881490
3022888114
3022823586
4100825298
3828256770
3845034754
3861815810
3861899794
3861735522
3794561250
3798735078
3802925303
3803120773
3803058380
4071497996
4089324076
4039057964
4038877740
4038911516
4036819325
4041005231
4048341166
1917831614
1913047454
1913019790
570897806
570697102
570695870
571941294
585523886
581329534
598012426
597991947
568631563
543666186
539409435
556185657
1898444857
1931933979
1936120602
1994836538
1994737242
2121007818
2137784906
2129547802
4272874026
4272873770
4205371434
4205372473
3664302153
3727376585
3710517385
1546268811
1546270106
1416240810
1420507818
1420372650
1353198266
1353198219
1354247817
1354245768
1088955096
1131176920
1114399548
35935020
35931948
52780836
52919588
287799604
292937012
293063956
290884868
324439364
1398189508
1129689076
1388617700
3536097188
3536097205
3532111797
3532041701
3533090277
2476130277
2444673015
2985737079
2976295270
3005724710
2988820519
2988821543
2988956709
2993089557
3001478148
3001478148
3001473044
3018246165
3019295031
3061304615
3059076454
3054817126
3071663862
3075923670
3042369223
3159842519
3159703189
3159633597
3159633599
3161800447
3094683647
3120305518
2596016238
2596024366
2593923102
2593939466
2598166602
2581374027
2556341705
2552139209
3625897801
3627992905
3627897689
3629392169
3637780777
3637973307
3637981450
1498883354
1532311339
1532233515
1515455771
1523856715
1523873097
1515517385
1528074457
1528074457
1530364379
2071364059
2080276955
2063503739
2063507819
2055184763
2050990427
2067767643
4164846555
4164862713
3896398569
3896390393
3896455913
3900519145
3908838376
3902547433
3919340665
3919373401
3952913499
3957108187
3950819291
3950872539
3946808027
3946812155
3944739579
3911087099
3911061882
3894292858
4166922282
4183565354
4191956011
4221316155
4204686345
4204721481
4203729224
4203516744
4203520857
4203520875
4203521002
4199527914
3137783210
3088500122
4164306074
4164291738
4168498330
4174849178
4174668987
4190429675
4219593199
4202795885
4206932349
4198539613
4194346335
4194362398
4194496574
4194463790
4215427374
4186063150
4254221598
4287827806
3750763483
3754191577
3728960201
3724680909
3728869069
3729851103
3738177914
3740283178
3757270078
3723719710
3715329358
3698582990
3698512862
3706962846
3700540319
3700478397
3704648124
3696256428
3692064172
3692129772
3694292972
3698556796
3698388764
3713068828
3746604316
3740382476
3740513548
3606230349
3623000055
3612526567
2501067750
2484273654
2490503638
2490572918
2498765926
2511365414
2645587751
2679373319
2660498957
2660302413
2660286333
2664480237
2656081389
2654192893
2654191837
2670969215
2637357421
2618483005
3167937304
3167874824
3095423756
3095423804
2562751277
2562800175
2555522670
3646031710
3646030798
3675390430
3679678718
3678494950
3678462183
3678462165
3678445765
3678512580
3645093324
3712204124
3720519005
3720518013
3721584493
2647838319
2539112063
2539079375
2539012814
2539615198
2547999222
2516398182
2516389998
2499548414
2491249886
2491379151
2488695759
2497174239
2513951391
2547310271
2530522846
2522190558
2524419038
3061101566
3059786222
3059786222
3059807727
3076769199
3076709565
3044175005
3044179165
3044236799
3043053375
3043196447
3043190303
3051447839
3051450911
3051385645
3214955821
3181399341
3186628895
3161790735
2618693966
2618702302
2618703294
3025613998
4108153023
4120760476
4120694924
3623667084
3615264140
3611068916
3593398773
3593399415
3597593662
2523292990
2531673406
2531705662
2545402430
2545284670
2545219103
2515856925
2647715356
2639396404
2488452964
2488714596
2497102196
2497110340
2497164628
2513810901
2505422325
2505438439
2501237990
2501364854
2501266526
2536913950
2536909886
2536977694
3074307854
3078492750
4122886862
4156539647
4154242732
3080498860
3084693148
3074198172
3074264796
2804846172
2771301660
2771312924
2753978684
3761135981
3765335551
3766378470
3766057446
3774413286
3770194150
3770190902
3770254343
3791167495
3795361799
1647878149
1648087061
1647968295
1664745767
1696204258
1692208546
1821183378
1821194642
1821194694
1821059847
4018924037
4002064896
4003114496
4003182144
4267225744
4265140896
3996656292
3979879076
3963240100
3974765478
3970697382
3835693218
3835706610
1705010258
1726210050
1986174982
1918936070
842048518
840079382
840079446
840095870
1918032110
1943460334
1675086318
1677577690
1677575387
601739483
576565369
576566333
574594109
591235132
591247420
557705277
540977204
545192244
545180980
545213461
555488277
589046837
555693347
559810338
551161394
547031618
546912834
546912962
814299858
814366338
831153793
378036864
382231216
374891492
102261220
34103588
51011876
1095390501
1104037637
1083166469
1084206853
1352576965
1369348493
1404995725
1405061261
1391828156
3530859948
4061438888
4077953768
4077957672
4063334968
4062310696
4066435113
4074823723
4091638843
3043378203
3026600987
3027636171
3169196747
3165080283
3164887657
3102505513
3102490169
3119260173
3119325775
3119456990
3119059630
2574783151
2568487589
2567439796
2567709892
2567709700
2580291604
3364626436
3432850445
3432918030
3298699358
3300817390
3237267886
3241445822
1110881678
1379312078
1377214798
1914086155
1930928664
823435816
806658600
806651417
538824218
874392090
893265962
2105350250
2146175226
1521421386
1521097738
1521103882
1253711882
1318723882
1335386922
1335419817
1335419832
1335419832
1316538280
238669736
238799784
255516072
524215740
355983836
342966620
350408975
81946382
73558542
69347870
70466070
219167590
264247654
260244502
227610630
212074519
212123684
212115492
1299030308
1328447824
1310623168
235578756
504082308
504146612
906799781
1984473765
1729673900
3843726236
4101684876
4101940804
4100884020
4029007396
4028891700
4029424180
4058919461
4054462758
4087939174
3081241830
3085454566
3077065942
2537225286
2520443910
2536172559
2523819276
2548979980
2548959548
2482965292
2444578344
2512223784
2495468136
2495394392
2494345928
2489877225
2485683945
2485754479
2486032943
2641361726
2674813470
2674797078
2670601734
2670400278
2674458742
2649227430
2645034158
2678590654
2678814854
2393548933
2399053956
2386471556
2654317260
2652223004
2652353052
3189154364
3189219884
3176506924
3025657581
3025587086
3021425038
3155642558
3159849134
3176528046
3042102446
3084049614
3084053966
3063017039
4136726031
3606265405
3597733423
3593471791
3727692079
3593678958
3596767326
3605156046
3584226506
3571645898
3571620235
3496184203
3497122201
3497130425
2423286953
2431657193
2427461867
2444431851
2444428651
2477852010
2208304442
2195725594
2195733786
2196077915
2196078043
2196200923
2204518362
2204618714
2170937306
2170941274
2170613018
2179071002
2212625434
2212625435
2204329339
2204333547
2204309481
2170754745
2153911960
2153979544
2153779128
2153794488
2153872344
2153901016
2153836504
2179002361
2204161385
2187380075
2187382075
3256966427
3257101595
3257019675
3277991291
3244440939
3237105147
3237203419
3237010891
3228866522
3245643610
3262493982
3262493982
3270816830
3269768239
2187703337
2187834409
2183593272
2183584024
2166774024
2154191625
2162580297
2426888187
2426757098
2426688938
2447668666
2448453051
2153872811
2153987513
2153987481
2418227081
2418226905
2418107129
2418143977
2423322363
2423299802
2431688570
2482019642
2465512730
2465512714
2457189642
2457320730
2456223018
2455928171
2472687595
2439124953
2422413257
2422413273
2430803961
2430812025
2430610297
2426466105
2426470169
2443222793
2482020169
2456852313
2989594473
3006764393
3006766889
2973212459
2956369467
2954276379
2692197915
2708717115
2708594219
2708592427
2741096233
2816695593
2816695609
3077781784
3044088120
3044088632
3161528632
3170057496
3035833608
3035701272
3031437368
3031449640
3031482475
3031466234
3034612986
3034942878
3022363034
3072628890
4129798298
4130797706
4131317962
4131318986
1981729882
1985926174
1996148750
1996120078
1987666190
2117689658
2117821226
1983599210
2012955370
1974158010
1957249691
1957253769
4110185416
4101792216
4097598968
4097666552
4101931004
4110343165
4106210047
4106083039
4122787551
4143755087
4143817999
4135563279
4131319871
4131381295
4131348517
1999597613
1965686911
1953105279
1961758334
2096041694
2096045790
2112700110
4259868382
4294469630
4260939518
4254648030
4170954318
4173051470
4189828623
4227375933
4202209581
4196982893
4196982892
3928682732
3945418988
4016718332
1877623292
1860895736
1860703064
1852317976
1848123672
1865031960
1697264920
610930200
620301833
616373769
616046091
616062475
1018713611
1023178075
1031565401
1010594041
1014919417
1014920443
1022784987
1018615690
1018614410
485946010
485814942
1031074750
1064612346
913740794
913766394
914356218
2130573306
2129458554
2129457259
2121068651
2121035899
2133615835
2104390875
2095472635
2091278075
2091341531
2024026777
2028217225
1484010459
1480012794
1482045418
1490431722
1490234990
1484797534
1501590094
2055250766
2055250398
2055250159
1786815724
1791016172
1782618348
1778489596
1778629724
1778626588
1778577468
1795301420
1744974636
1749156396
2021851684
2021724772
2021659367
1484796582
1484789414
1484791686
1488988550
1212213638
1229040006
1262664070
1245888206
1515369998
1513259534
1512210958
2049159742
2048960046
2053156142
4201688110
4199595054
4194352190
4194668597
4245082132
4229320816
4099805792
4110025440
4109959856
4160311984
4143575728
4076401552
3807949953
3808008321
3808082048
3781146692
3775768596
3775772724
3810309164
3862732844
3861684523
3866022698
4008624682
3849142830
3828171358
3828224910
3761115278
3760984254
3764925614
3773380782
3769244094
3769244310
3836443287
3837656645
3854361093
3858555404
3845939724
3844936205
4096659981
4096656933
4105112871
4239132711
3165392102
3165392086
3166581958
2633917638
3692979270
3441300758
3441300742
3443406082
3447657746
3703510322
3703379762
3703396338
3434935970
3455903394
2407379586
2386481794
2385429123
2251145907
2251157921
2523455713
2527649888
2544427044
2511134780
2498617608
2498735624
2491333128
2508110344
2537474600
2520304168
2520566056
2523447576
2531836360
2527707593
2527679371
2666148266
2674794922
2507021486
2485913790
2486663327
2490787981
2490789069
2499274061
2511728909
2511655224
2514284844
2505860397
2237476127
2237542159
2245664302
2245723694
2279081518
2279080542
2253926878
2270740654
2270789806
2245760134
2228862087
2243464068
3321465476
3347036836
3325013668
3593462436
3592872324
3593904324
3614875653
3585508375
3568690198
2497834006
2489443351
2640507967
2674021695
2683701022
2683637530
2650017322
2645830186
2360617514
2377390890
2377912122
2411464026
2398880138
2390241674
2390433931
3346669704
3321507992
3296547224
1143783864
1411684264
1411760104
1412808652
1949608268
1947576589
1947379726
1997715470
1981188110
1444203550
1580990510
1580863534
3740934190
3669635118
3668578606
3685290810
3634901512
3634901576
3366551256
3639139064
3630734072
3626539768
3627858616
3625761416
4178882184
4211386248
4194804200
4194739176
3121017580
3120968236
3141939756
4283306559
4291498606
4288161774
4288166054
3583510694
3621263494
1430857862
1430858886
1191912582
1175348358
101115015
102034583
101772467
34781586
41073618
1123196530
1118996002
1390905142
1390905110
4091979526
4041652998
4042164743
4042164759
2419034679
2418559526
2418548262
2418546214
2418738982
2499413286
2494170150
3030920242
3032017939
3032000512
3032005888
3185086208
3220801220
3128595156
3123356324
3123291812
2854805164
2854948780
2922257837
2921729199
4024894654
4020638862
3988141198
3986107534
3985909966
1820649550
1820698638
1690741766
1700173062
3843457543
3843535365
3843404340
3842803236
3875833572
3863266796
3863233964
3997958588
3998093725
4267581887
4275709350
4260965798
4239923362
3165337730
3165321666
3165305155
3165305345
3169558016
4293639680
4268594704
4264399408
4264423985
4265402659
4265353254
4265353262
3996909806
3997107454
4000711835
3983947659
4237697737
4170650313
4170454728
4170460744
4166265353
3629464089
3630119482
2556246826
2566663530
2566656474
2583167178
2576875706
2308444330
2324177065
3397987752
3398068712
3403337692
3397356892
2318237756
3391991852
3661078589
3677790223
3627459342
3627451918
1480051230
3627534878
3625410302
3625211622
3636748710
2609143974
2592886942
2592928910
2576346510
2563697606
2564742086
2633681734
3706244326
3702060262
3702055143
3756585127
3732463781
3728400533
3726291077
3726291156
3726614740
4280132692
4229868804
4234083860
4234070580
4242393652
4175265333
4166870551
4169098758
4185805318
4183638646
4183577574
4190692518
4186497191
4220051637
4203278484
4199174276
2065326276
2132426820
2101231676
2082343980
2085951788
2094299949
2090101295
2039867963
2073524938
2052064970
2049966730
2050032634
2066887018
2043814190
965091630
964961071
964961039
964961039
969155871
969162031
969161775
960772155
407205915
423974986
423976266
457668426
172454730
1246196554
1246229370
1254486506
1250735338
1250735342
1250472174
1250668767
1267380680
1267372488
3386540504
3380319736
3376061560
3376060536
3376056424
2568653048
2618989000
2619075209
3697012363
3717953163
3751424698
3751424702
3734700734
3738960295
3730575527
3727949991
3744731361
1546788865
1546805249
1549951235
1558242054
1549852942
1281418558
1278306606
1297184814
1304644031
1300384701
1300650652
1300717196
3448001164
3453239948
3310862764
3340169572
2266394916
2232836356
2373067008
3488752384
3483836948
3450286612
3450147629
3451657710
3317172650
3312978090
3342354618
1111300250
1111373962
1108767114
101097610
100966542
108306606
107454566
124166146
23497987
6724353
69634817
70159105
221170960
489575424
422465536
1495732256
1499926625
1492522433
1492273089
1488051923
1540401779
1522576227
1514187041
1514450208
2051319072
4198936608
4198936948
4178481732
4162748996
4164584964
4164666933
4230567463
4230491694
4264045358
4268505134
4268494062
4210826478
4204605622
2073895046
1486626950
1486758030
1486751182
1220152910
1219185158
1219230214
1235790623
1265151279
1516807469
1517856044
1515759468
2069608172
4215971564
4195983076
4195925476
3927483508
2853875828
2853867636
2837106880
2820293568
2887647904
2824667809
2828797606
2830894758
2830898862
2830909166
3098025470
3118992590
3111795914
3111791690
3120178251
4194115657
4166852617
4166919177
4165954824
2018275080
2035084824
2035089192
2035152680
2018496792
2018496600
2018366936
2018037240
2026434537
2026498811
2018180830
1481266894
1498039774
3662365118
3662270654
3662409878
3662389382
3670651030
3733501110
3733959846
3733894309
3733959869
3751711836
3707149324
3694038028
3559901204
3559856437
3559790885
3559800615
3563986471
3586000406
3602847302
3602654790
3600573942
3600605430
3600654454
4140806262
4144857126
4095705375
4095653645
3827219980
3827015196
3826884140
3827081005
3826057071
3826023806
4010739150
3994682846
4267312366
4271510629
4206498916
4223210516
4189660420
3636145668
3636137492
3636006420
3636024903
3640259158
3680023014
3659038966
3658252502
4195132494
4199327871
3930892591
3914251055
3897203230
4165633566
4183474750
4212666986
4195885818
4195889578
4195886250
4267312303
4271508653
4271525004
4238273668
4237225348
4107202436
3557215876
3558330005
3574943399
3608424103
3593940646
4134936482
4143120803
4155506913
3617603700
3617669124
3617808388
3613515788
3609321500
3575771180
3558962220
3698548009
3707194937
3700771353
3700750873
3700750873
3755261449
3740638473
3732247577
2657910889
3194781931
3195904474
3160318394
3156124330
3156136623
3156136623
3159806655
3025588959
2759710461
2759646829
2758597167
2708261695
2750192415
2725034527
2725045787
2720387609
2721006169
2721006233
2720793257
2720797609
2707685545
2699300011
2699319482
2695354586
2695034890
2695030794
2699226378
2707613194
2703401482
2703422011
2703737387
2703606377
2774910441
2758137337
2766529785
2783244393
2783297913
2816918283
2808541963
2791760667
2791696169
2791636265
2800012601
2800209161
2800219467
2800087387
2808402298
2808922618
2808989162
2775569514
2775512186
2783962426
2783896859
2775507785
2775475017
2909627256
2910589928
2944144360
2952597881
2918920537
2918920539
2902012026
3169653818
2901216314
3975010362
3971872858
3971853386
4261325898
4286489866
4281763338
4265002506
3191830078
3191678510
3191682922
3198693482
3198685422
3064463598
4139262155
4139409609
4154126568
4149920764
4245392988
2131476300
1846275340
1846062092
1862855688
789183512
755653689
739138877
1011240765
1010976375
1019369079
2109765463
2143301571
1581281154
1581284786
1589826962
1585633154
1603716738
1570594434
3701337746
3566010034
3569680290
3561252770
3573572518
3607224759
3594641847
3602960807
1455447527
1589667869
1581344781
1595021325
1547058445
1545995533
1550188813
1558577436
1559298360
1557140329
473966251
473968298
473987770
474016426
499182250
511753866
1585690506
1451466889
1452707960
1459007548
1395041340
1394785340
1394772020
1377995828
1919128631
1928761462
1918275702
1918271590
1918222374
1934946350
1901392159
1885163837
1887307560
813370936
813375000
811286040
811281944
886779448
886779448
882392601
884737545
900465419
1072480731
1072464283
1072533915
1064277401
1064222105
1064288185
1025884089
1059428027
1059295899
1042461258
1042456843
2120655145
1861592104
1861527592
1851238664
1729542664
1696505544
1679722121
1679475354
1631060666
1630024618
1933320362
1936986286
1911947518
1890975822
1957040141
1957044236
1956932876
1424288268
342207000
880253448
1031183049
1065191115
1048363418
1048330426
1047863546
1043673194
1060450346
1060447274
1026895146
1039608362
1068968506
446959114
447483402
447481546
178800330
1256808026
1273722682
1219158330
1219158330
1219158042
1219141658
1219006525
1219002476
1223205092
1228453092
1228578000
1228584128
1262134464
1262133444
188412292
175866757
1324975799
1610319551
1610333935
2147266283
2071767673
2038213177
1768724792
1768799288
1747891224
1747423256
1748340792
1748275240
1748078633
1748226089
1748157739
1750261099
1758591275
1757539611
1774316815
725738509
708964381
704770429
704766445
704869869
725829101
726879663
728960443
728845755
737237499
737245691
737278299
730982683
697428235
700508427
692120843
692186379
721681691
721607979
721571691
726880107
693325803
695291899
703680507
684808191
684844511
683794911
683794903
683762135
675308999
671163847
671229939
675418099
675417747
684852867
1754470019
1754474129
1754474195
1804801731
1787901639
1790979655
1782590983
1782654519
1791047471
1787893551
2123368235
2123367803
2125469146
2125484506
2129712602
1584694682
1583646106
1592104922
1592178682
1592190970
3757467131
3723895131
3698795897
3698537513
1551053865
1416828217
1425212728
1425086232
1559245592
1559257944
1559294936
2112934392
2104807928
2134148088
2099353592
2099484408
2082717432
2086927960
1818492424
1818486296
1819403832
1819337241
1819337305
1836073563
1836122842
1869813738
796071402
795938922
795939962
795881546
758198282
762392602
762523706
770908218
766582810
769732618
635782218
627395962
627428714
628088170
628061514
795832586
795832586
804081978
1072255274
1072263530
1005154666
468283770
434730330
434730330
430536058
430527866
430527834
430667099
162231641
166290936
153708009
153708027
1261000154
1260996042
1265190362
1273583098
1269396842
1269396842
1235875178
1235874298
1235870170
3383353850
3383353835
3383353835
3421234665
3412848105
3408656891
3375094138
3375078746
3379273050
3387659610
3450570202
3450443259
3723081641
2640873400
3177809304
3207175576
3207314872
2938813864
2938813864
2804858856
2804858601
2770779881
2904993516
2909204460
2917461428
2917199028
2908814516
2774713524
2770519536
2804078544
3877824208
3877826288
3881987760
3882053264
3865149313
3865079187
3865116067
3890335203
3890466163
3789741315
3789810947
3764514051
3760258067
3760258147
3827432547
3831678307
3840066915
3856877555
3856752467
3848367683
3848498769
3848501873
3848362865
3848304976
3848301680
3890304048
3890398512
3886207761
3890405889
3848430081
3781391937
3760201681
3764398497
3772790945
3768584357
3785492661
3819048069
3806471557
3806537093
3823313333
1675835381
1642149845
1642082261
1642081143
551562102
559955958
568472054
602026198
597840086
597786710
1637912646
1637919751
1622190853
1618192900
1630779908
1629731333
1730321925
3861042695
3861038870
3865462054
3873793254
4007949542
3986977014
3970396375
3975606485
3975655516
3975524444
3967069244
3962874940
3962890556
3979804444
2910244372
2809545276
2749694524
3823383100
3823117868
3806408237
4074904106
3001158462
2997164350
2997097534
3013873786
2482262234
2446643401
2441916616
2441913160
3515646536
3515717224
2446310952
2433661480
2433673960
2434202361
2435252105
2506517899
3051701643
2447655323
2472821147
2472821241
2472874361
3546690875
3555077402
3517328762
3517261930
3521395946
1365509274
1394868378
1915027642
841355434
842408138
840310986
306454538
323223594
4456491
4656443
5114683
13576767
14420534
9193990
9226758
10257154
66749250
116035907
107651523
107655505
107648208
107649232
376158448
1445705968
1445575888
4129928944
4113404576
4096635552
4029534880
2687455908
2687316653
2699834031
2695640494
2695642282
2695642282
2695706810
3769579674
4037422218
4042138762
1894524042
1886134507
1902960730
1903137866
1936559114
1936493594
858563866
1932363018
1932493066
1931903242
1898377499
1898375017
1902536297
4059440873
4088796920
4088795848
4088877768
3551818329
3550762601
3588507433
3580198697
3580178235
3580181851
3580179803
3580179931
3588556251
3580167419
1432712363
1432707257
1432707209
1432875209
1432868057
1432872185
1432741353
1432610299
1432610299
1466102107
1466159451
1466024763
1465959227
1986065211
1994518843
1994649915
1994649915
1994514459
2011226123
2002907419
1970459963
1970462251
1949748795
1681361435
1680121355
1701092939
1701086795
1734640347
1734640377
1868923769
1869070633
1818754089
1827105833
2095459369
2087072797
1013321935
1008865743
1008865686
494023086
1590833390
1585579230
1317021710
1317021982
1317021982
1318070554
1318384906
1170002186
1153204491
1151893800
1286124008
1290314536
1312393000
1178255112
1178251016
1176153352
370846728
370707512
907576408
924746952
1964946825
1950266777
1949079467
1684833963
1684440747
1680253611
3832472489
3832340969
3832340728
3840733304
3858645352
3892209512
3850268265
3883892345
3883865819
3883730890
4117497802
4116972938
4117104122
4108725738
4104547818
3836208378
3835732186
3852509642
3853554123
4157711337
4144145064
4144165528
4144109272
4144109049
4145153391
4158069806
4155837486
4155780110
4155829326
4290554958
4290620751
4261322191
4246374223
4095378775
1949925429
1681403949
1698177071
1698177087
1698177261
1635398124
1639580332
1639580328
1637352072
1637410440
567847560
827108232
856459672
857065896
823545225
1903576971
1895195546
1893880746
1893745642
1893787130
1910564314
1944118730
1935860175
1919087565
1935864665
1935929896
1902244392
1885402664
1885386536
1885451577
1885451533
1881265417
1881654539
1881589003
1881589019
1902562617
1911475705
1945030552
1924059016
1928189320
4075606424
4066677176
4066750952
4075200808
4071072040
4087669545
4058310202
4049958458
4045616698
4045615658
4112593642
1965102058
2003108202
2007303290
1436879898
1436825610
279717899
276573193
3937293
3948876
3982284
22909628
56533676
39756444
39494276
324699012
326729908
326926572
325887084
858565736
841918553
841394187
841394186
841402378
308726826
1986290730
1986797626
1986797594
1449926907
1416245753
1424626328
1420427912
346751705
480892537
346618411
351054378
921479466
1047308346
506247194
506248202
506302474
506380362
506347722
422445166
409600550
413861414
1487412770
1487415874
1487481538
1303067331
1252744899
1320801921
1320736176
1322836128
1314447520
1310253221
1310449876
1178243277
1462403277
1428866299
1416363513
1416350681
1425001081
1420679800
1420688104
1424781052
1416372828
1416442460
1412366972
1412383532
1416454437
1417433381
1432114487
1474096583
1470032327
1452202382
1453251727
1453245581
1457374396
1400144300
3509035692
3496383180
3496444445
4033131069
4033127982
4033127982
4028953646
4029477926
4096611382
4096676871
4096681029
4101668324
4118543844
4143644052
4142585220
4138649476
4138648260
4138713668
4075569709
4066649646
4133758510
4150537514
4133755950
4142728238
4143841310
3606974470
3604881414
1474060358
1431073223
1410205060
1410227588
1414421388
1422809740
1418353308
1419541164
1440509612
1474061229
1451086267
1449836731
1450086635
1449968747
1466223899
1466236187
1466267419
1432761119
1433284927
1558843710
1558908990
476586042
472391738
472462394
405334298
1483319578
1509603594
1543158026
989825354
981241802
1047298538
1047036394
1056542970
2130358393
2121982056
2132435048
2098847784
2082199592
2082134632
1843051244
1738381964
1725734540
3864822412
4129194636
4265513628
4269732517
4294865573
4257182439
4255912486
4293669678
4268500270
4268500010
2049715242
2066692142
2038306846
2046445582
949673230
966371150
966370271
968470924
964268172
960151692
423251100
456792301
440342894
444414766
448538410
448537386
448537098
447685130
178921994
195691034
145293834
145229387
145239897
141045593
136855368
136961864
204052184
208246488
485013208
1558748888
1558749176
1558747624
1546230952
1562948776
1579720856
1579733128
1579827595
3739882426
3735696042
3668587434
3668451818
3664260202
2569546762
2284464394
3362401034
3366599178
3433638458
2359885370
2359867002
2359853785
2494071704
2477294520
2464715432
2456326824
2452129448
2452129448
2452346536
2452242088
2452238248
3525979371
3530243306
3538488426
1391139914
1449798666
1433021450
342518795
485121288
476708664
477686312
472443512
472644184
405524184
409526008
459862760
443065064
979935976
2054791785
2063180585
1792778792
1759229480
3898261016
3896154632
3896150536
3896151560
3896034856
3896042024
3900203816
3906470185
2849767531
2848723051
2832016619
2832016633
2832164041
2831574216
2831611016
2831533272
2831467736
2831512792
2832168152
3918418393
3953001339
3957199418
3933667898
3933536826
3929342234
3933474858
1785996330
1783968874
1783985226
1784013898
1783952842
726975435
729662201
762168059
762270427
762262522
762261866
762146922
762171626
636342522
1710076123
1676645577
1676579976
1659813784
1651420856
3798970040
3794583224
3794572952
3794567864
3794649768
2721010344
2725131176
2733515176
3001950376
3001950393
3001954495
3001958623
3001992415
3002063967
3018696735
2985142303
2968365343
2968501791
2960037391
2687407631
2687144527
2687080191
2687041254
2691225958
2691221798
2699610151
2775317767
2792023815
2791990023
2791989767
2792059430
2791846886
2791834022
2808612014
2766670014
2766739646
2766878878
3036293326
3036293190
3036293126
3082431494
2528776198
2527723526
2527723574
2527592486
2259161126
2259166262
2397590807
2397619509
2397619516
3404239916
3672675384
3672740888
1516876824
1512684552
1512750088
439000072
439000072
975879176
993701176
962440489
970829178
944614474
944755786
941605978
941604986
958353514
962540906
1004480490
1000277738
1002376938
968691418
968711881
1001942728
1006170056
998043096
998104568
994035192
994039288
960493016
960488922
423586890
406805530
427756602
427629866
467480362
463283754
463283770
1537151514
1268318795
1240991322
1224214138
1223365210
1223373514
1220096714
1220027130
1220027370
1220027386
1220161483
3367635547
3370666603
3362277994
3358088058
3408452426
3395864394
3400057162
3400122746
3417035242
3387683307
3370759147
3362494441
3362439161
3362500457
3412632937
3395855721
3395854681
3396055112
3395982424
3396043896
3391855721
3391797336
3664427080
1516943432
1517010008
1512610904
1512674520
1512739032
1512747256
1512763640
1512821240
1512830424
1512764376
1529541368
2066404088
2037109496
4176204536
4238987992
4238989016
4238989914
4238998122
3706219050
3748162090
3727179050
3727167514
4264046602
4268371979
4268363848
1600782664
1550467528
1550573512
1558830040
1559092184
3702381400
3702373208
3752640312
4276920872
4268548712
4264424025
4264448715
4113454074
4100919786
4100722922
1961693418
2095977674
1961770186
1961835594
1961639018
887897450
619460042
619460554
619459530
619475675
636252923
661418971
644674426
661647738
636187946
636122426
619330842
611006746
610875674
610801978
606606650
610865178
745214010
770379898
631910507
900280427
363343979
99369067
74297853
74297853
7189503
7189499
11386875
11402234
1085144058
1085143546
1085209034
1085210058
1089398090
3253260635
3249271131
3253465599
3321460207
3447289327
3447420415
1239053783
1239053782
1239283062
1272836471
1264054581
1243083573
1242739472
169063184
167817776
167813728
184590944
151036513
134329077
134386421
155436029
188863484
188773880
172178888
167910856
167910600
167910600
255921288
213927049
81052825
79545499
11370651
11309243
11374811
11505754
32411674
57585690
40809599
36613615
36613119
309312413
1382911901
1382845852
1378386332
1378456220
3526013628
3525993148
3542753964
3509265132
3521651436
3500679405
3500683502
1353199726
1353265214
1088958526
1143477526
70856198
70987270
70856198
205198862
205128206
209335055
159056141
184238365
184271901
182027613
184063455
184063451
175675322
175675322
171487674
171545018
171540922
440107450
461017595
427467259
435855723
433693033
467181945
450470233
442159369
442122507
437977435
455016809
135079273
135079273
147793261
143594845
143595357
211616589
211550797
213697359
133005647
103645279
36667486
36672607
36410591
304856221
304790684
1915403420
1915401660
4062951100
4062950060
4079661740
2972381868
2959798956
2691265196
2699584164
2699584164
2695651749
2695643302
2746172630
3807270086
3807280150
4067388470
1982687254
1714055174
1714088974
640347150
640336910
645579790
643416094
776523838
793302271
793498877
1057682620
1057911964
894305436
894111156
878387108
349781684
1419321012
1421549300
1353659984
1353393664
3500745232
3232244240
3232326193
3232461362
3249099318
3249029670
3229090598
1075315566
1074267518
1074404702
1074409294
1078603598
13254154
14229002
66604810
48811867
49061243
40678511
40669439
36212955
304845001
1378521289
1395306909
1898623677
4030445228
4030248620
4030248620
3762074348
2688332524
2688479996
2687394556
2687312813
2699834543
2695632046
2712146090
3819442362
3823841434
3782095066
4126028058
1961763098
1958552858
1958487307
884745227
352089097
343786505
478053641
478053641
406753595
405578043
405578107
405639515
422478171
422498777
426701305
427815416
436171256
1490907640
1490838008
1490904056
1507795688
1235096312
1268384472
1251672792
1251541880
1251479912
1251484009
3398967659
3403162730
3394778218
3392672874
3375895802
1278817498
1282941131
1157177675
1085886795
1085981002
12226010
33462714
54430122
36538554
36478106
36475018
37523594
304017562
302969018
302903466
302829999
308081581
327148392
292545304
284008728
283944248
283949112
284014616
300857608
334412041
317626635
317622283
309300282
371753082
371757178
908628090
908759146
908767594
912957802
938189306
770281982
753504766
745115870
740929758
740930654
673944702
673944618
673952810
673969450
673838378
673772842
678192939
678193001
686577513
687674361
687682521
687682249
752689865
1843208923
1843345131
1740572345
1740572297
1975328392
1891581640
1354708696
1354568408
1086063176
1086063112
1085018632
1085043289
1085269739
1106165674
1131388350
1114479774
1114414238
40678558
36483262
35565758
35565758
35565742
35041454
305570046
304521226
321298459
291826729
291825704
325380136
304932888
1114535944
1114524424
3287158280
3317498392
3300852440
2225017560
2224960248
2227118824
2226922216
2158785256
2162967273
2154612457
2154618859
2154691579
2154789883
2171567098
2171460506
2179848666
2213345754
2213412314
2171467227
2171532767
2179903583
2163126399
2163058175
2179774463
2171385567
2171442911
2200936159
2267978366
2255419966
2658138430
2657744958
3727259678
3593174046
3593081038
1446654094
1444573322
906633354
923477130
923282569
889727128
890857656
830208440
871037593
871103193
854173195
854110987
845775625
845910301
858362157
824750884
808097588
824876805
824888597
857425203
369623079
373829735
374018423
382337375
365564873
344593353
211359432
211360456
211368648
1150892744
1152924360
1153178312
1153175160
3299607160
3299660408
1152250745
1169076603
1169076602
1202631022
1336774766
1315740782
1311283306
1312413818
1312488522
238711882
236594507
219881929
207168473
214508216
210330281
210363049
227140265
260678329
243901341
260682653
97224701
1162846191
1145941743
1141223037
1074132557
1075298892
1077330508
1077297884
1097749500
1139692028
1118818524
1119736029
1119678718
1119645806
1098674478
1077694766
1145000250
71197962
205483274
205487370
138280202
138280202
427408650
452566362
452695515
1257866713
1249612248
1249620444
3394888188
3394790252
3403162476
2325226348
2325226276
2392470309
2392461601
2275021091
2241398050
2174240098
2161659250
2153301362
2153369938
2170147154
2169140050
2169140034
2177528790
2160677887
2160613375
3225967097
3223149049
3223156953
3223288011
3225319627
3242098123
3275750858
1128132938
1138619226
1100870522
1084093295
3231503213
3231503205
3231511397
3227349861
2149474149
2166250311
2199787846
2183018822
3260954950
3265215814
3265081670
1117532471
1119629605
1119629605
1115427108
1109135652
35393828
37499172
37516660
36470085
388778309
627964279
627964279
627964279
627964279
627946871
896381431
896381430
493728250
527282618
460173754
460174778
518897082
514701498
514439354
531232954
531299466
497712521
497970584
493688232
222114232
155148632
155149067
187687690
187556666
250143530
245941034
245941546
229198875
145426440
145365000
141175048
137047836
136979996
136983044
136974852
204079684
204079808
225067984
250532769
250584499
242063762
241482134
107264406
107330006
107067862
115455038
111190078
111190078
111255615
111272060
90447980
69476460
69601644
70650468
68565604
215366144
211035649
211034626
211038722
163566146
196006226
178970098
178964978
178997745
178862448
174665008
170402096
