2281585191
2281582375
2280996135
2259946534
2259954726
2257665078
2274363446
2245003282
2169849858
2152188227
2152188867
2160450513
2160450544
2160581616
2235946480
2235879920
2235871732
2277880317
2278007277
2529404393
2529274345
3054549497
4128283129
4061370585
4060264521
3791825995
3808669771
1612103882
1612063194
1679172590
1682323174
1687101158
1686899427
3884731107
3867998785
3867912705
3872041728
3997875472
3997934896
3993543984
3976771568
3960006293
3960104599
3960090294
3960082086
3827043751
3827043503
3841723629
3871296764
3802066076
3802130828
1653401996
1648912772
1661475013
1611270375
1611532326
1615727654
1625171238
3769443110
1621942838
1639752198
1637656070
1640795718
1632406214
1628212103
3763248039
3780028839
3780046309
3889096149
3889144261
3863781829
3863799252
3859676660
3859794404
3875883493
3880061351
3846651391
3989251550
3973522398
4107740158
4104069606
4104066534
4120649206
4120395094
3621267714
3612896002
3608685058
3541707330
1364867714
1369055106
1369048498
1369244835
1368130721
1368130724
1396968868
1124343716
1126439908
1092885253
1092643590
1092676358
1096923414
1101118774
1101118774
1084327190
3232990518
3231155510
3231100198
3231427366
3231418935
3235613237
3227159316
3306854660
3610946628
3594167492
3594166468
3592069268
3591090596
3590885796
4144546732
3578319548
3570127544
3570029288
3570032361
3695848171
3691588346
3692587994
3696781514
3571043531
3619341517
1471856716
1442480396
1434092892
1463528812
1461234796
1998171388
1981527293
1913622701
1913619389
1913553551
1649328863
1649394287
1649180207
1665936173
1633429801
1633499177
1641941049
1641942041
567148553
566890507
835203103
835195197
281542957
298369399
331976019
46827986
46770642
46704850
38312146
38443202
21666946
4896131
13281153
14345921
8124001
276422241
276684771
1400765859
1379755410
1916256386
1918338482
1926608802
1652862626
1652861606
1657060270
1644480846
1711589386
1712745482
1714824234
4133888042
4154859817
4105572968
3566600828
3566539276
3570151940
3302765072
3294368272
3302752769
1151083014
1151149094
1155414054
1149110274
1077807170
1077807234
1077856642
1077729154
1131733942
41214870
49738630
49467863
47370613
47309100
47476012
39086376
38037800
50608172
342076
922628
917509
917889
14549889
12194449
12219056
11254432
49068704
40671920
304914352
841847760
841782096
1648144996
1648140900
1646043756
1646044777
1628278379
3759000298
3759034090
3776855530
3789434090
3820891258
3819838554
1673403482
1677605913
1662985225
1662968072
1914626824
1650373432
1658622312
1927053784
1918666140
1931251132
1897697213
4028551103
4041146046
4036914862
4036915118
4053544430
4087100670
4091294974
4082442318
1897275467
1899372616
1899377016
1899308904
1635003112
1903434473
869534425
869550795
851463946
843302666
844289802
844538171
844603691
844472365
844607548
843481164
323911821
269403533
269354381
336463775
341771950
350041774
882648810
882388970
882388922
899160474
836311434
335228297
335094152
335032728
301491160
293131064
287867704
271159593
808234281
824486185
862038025
845391881
846436617
839028569
839287433
839811721
856584847
1879978639
1885221551
1889416679
1622946855
1622941734
1891377166
1910251790
1935418174
1934365422
1934364334
1934363322
1908988826
1905842362
1939578041
1939510456
1939517640
1929027596
1916511244
1915333660
1915267116
1915267108
1916570661
1916699670
1914617862
1918288214
4090905590
4107609814
4099223110
4099222038
4107602470
3029600814
3029338670
3029350190
2509267214
2542825487
2681229341
2672849021
2667836780
2667771620
2671965924
2671961716
3745562452
3745561924
4278433860
4144150596
4131560516
4131822804
4127634612
4144428180
4110864516
4028027028
4027991460
4030121637
3774340775
3786800870
3786729206
3784631174
3788824967
3776242061
3776430749
3776430780
3778430632
3778510504
3810880232
3823397368
3819235577
3820276827
3803698251
2729898251
3069665561
3060228905
3060146991
3072795951
3043308846
3027580222
2499150142
2629174046
2627142174
2626946606
2626959150
2358525742
2295602462
2302948622
2369791309
2369988040
2403477448
3485863832
3485880216
3477983160
3460870568
3729306024
3590889944
1460183880
1461232392
1461239320
1360763432
269212200
269416744
286190040
844029067
853524618
853377162
852398266
844013742
839884990
839811526
285901638
1884988166
1895473959
1961468709
1953034028
1685647148
1685646140
1683664188
1742378360
1727693000
1715388617
1715258569
1714212073
1714281451
1718549226
1723788010
1723694794
3875299915
3866911499
3862708281
4150685736
3031851048
3031834684
3031896117
3033797927
3033282406
3033300582
4107173478
4119592486
4136163878
4136172854
4140346454
4064912455
1913385156
1913241796
1896497348
807014532
807026868
809386916
552455844
549227172
1620875988
1620880068
1641851460
1667217925
1662424581
1664602647
1629827815
1613046439
1613574823
1617698471
1621363110
1638140070
1671695510
1655046278
1656119494
1924587526
1928651046
3547653414
3514068774
3497277990
3497462310
3506309686
3518892854
3552451954
3550102658
2526724226
2528804993
2528874625
2540212405
2537066724
2503508836
2487132708
3026100780
3034423852
3034426940
3160259164
3160275676
3159354092
3104799468
3104246381
3105162846
3176923662
3210477886
3220971566
4290589742
4290446382
4156167262
4154320077
2139923652
2135729348
1997374660
1997439172
1997447380
1963892820
1963372596
1896316981
4043754613
4026977109
4115069557
4123196005
3079862885
3213907525
3218104901
2683331341
2683375983
2649824742
2683322342
2674932710
2674985958
2389839826
2415278018
3480498626
3481018594
3453952242
3449421954
3449495682
3482853506
3482853810
3489198499
3479813523
3446323651
3303782675
3303577891
3303574307
3303586339
3295192595
3295191553
3291054609
3307897344
3307885056
3576304128
3576301856
3622307936
3551008992
1940469968
1928214592
1915107520
842400896
839192752
839131296
843325604
851714212
851734693
852280469
852329873
852330483
848266787
866102834
1941808642
1366074882
1345298946
1345253890
1350435778
1356727687
1356728741
1356605605
1356605605
1355557300
1372334500
331638684
332719052
326402820
52724500
18917155
2156322
6448418
73544994
82974002
1173751058
1341527298
1321083650
1321079555
1321141104
1320964960
1323102692
1314435052
1321777900
1602788009
1435019946
1573431978
1560914906
1562104282
1413104078
1412055501
1416249780
1416291232
1416406944
1954317728
1968473248
2010612928
1993770048
1473424387
1903405106
1881270306
1881438242
1881438242
1882119651
1617876705
3874146017
3869951681
1722713665
1991020033
1991028019
1995237410
1982605346
1965832226
4096198690
4097183074
4101381986
4105572163
3585490753
1404383040
1387539776
1387539904
1117056496
1133833632
1132781025
1129172322
1092536066
1094616578
1076863538
1076666914
1077731890
1075595010
1078480194
1087031474
1083893939
1369106563
1476061569
1458227585
1449758416
1449764576
1458087520
913090336
908895520
909943840
1715248160
1713144865
1713275937
1713279011
1713283169
1698554993
1681849793
1681838019
1686031057
3840920289
3836541665
3836509921
3840699985
3832360769
3832426305
3832496099
3833339875
4126949282
4156303266
1992110770
2008879766
2013016982
1440489878
1423715574
1419540534
1419565062
1438513159
1475192835
1181723651
1181398337
1449820993
1449820883
1467712225
1433973473
3581454033
3564826181
3563772741
3563715429
3580423461
3622364965
4159305495
4159341335
4159407399
4159214887
4159224871
4118330455
4114328647
4145720514
4145739074
3071952242
3076212514
3076327202
3061677858
3086843698
3086972418
3048928770
3046819331
4120497920
3754446128
3746044960
3725076512
3726126113
3726322723
3659148322
3690602274
3652849154
3384413762
3367636546
3367570114
3367525314
3383294434
2309549282
2313743586
2347298273
2347302368
2338901440
2339082176
2339016432
2339024624
2334912208
3409698752
3409596224
3409639760
3380275552
3388663904
3417987328
3489204480
3480751872
1329094176
1295771168
1295673136
1283086080
1291521345
1148800321
1147750625
1298786784
1333520752
1333520704
1182486337
1180290883
1180534626
1197322978
1197449954
1174382226
1174115970
1290374018
1290373555
1290397856
1282238624
1283270816
1278553264
1276196016
1280390560
1557145569
1559242721
1576021955
1576021955
267448257
267631969
1601420641
1601420595
1601418499
1601418499
1601410307
1601410851
1601222435
1601240867
1593113395
1591007539
1590544675
1582024994
1581930530
3457819922
3462078722
3394920706
3420120834
3386558210
3369783042
3367751426
3367751490
3367620066
2293816802
2310597795
2342055073
2398743936
2390326656
2386120624
2268679840
3346689696
3589959392
3573168832
3572186496
3580378256
1428690144
1462251745
1463296247
1595416582
1594373150
1565002030
1556745006
1557821962
3432704522
3365579278
3367546398
3367544367
3635972076
3652748004
3682304740
3661333344
3661267808
3659178340
3726287332
4263156932
4279928964
2098894980
1950255255
1954384050
1948567954
1948569490
1948611250
1952867042
1961255458
1974297378
1990992161
1454189840
1458248704
1449854976
1445534752
1449862176
1449795904
1458176704
1437270736
1425544928
1417162485
1417177685
1413016179
1417210658
1438181410
1471728674
1471710226
1469743122
1411035202
3558514690
3558514690
3558776835
3573514528
3567749088
4058513056
4066724496
4066642576
4062526112
4067240609
4067175075
3001823142
2998665382
2998681822
2998685710
3539755022
3531351070
3527154734
3544061998
1350449166
1353329422
1420429833
1421545208
1421350568
1425547960
1144529544
68706712
67891352
652424
269257112
273451453
282048925
818850765
902735629
937337353
1996403209
1986957833
1982826009
1982828075
4130118446
4130638638
4128559070
3058042250
3068006826
3063820714
3080594350
2979668654
3516540573
3520800396
3514311308
3510121368
1395130536
1395130600
1395261464
1399719944
325330952
316942377
333769002
325548314
325483850
321343946
288735626
268861867
272802729
272802729
281260717
281064109
298881765
1909499623
1934730799
1431414335
1433642559
3588405053
3588666668
3588668732
2448329020
2481899820
2473319276
3548138396
3545762445
3554348687
3556377486
3556376974
3555664046
3513524462
3509350502
3542937654
3509379078
3510165766
1366860558
1375306271
1369343805
3500068653
3590248749
3588155661
3713559821
3713854733
3713854779
3713977658
4279929098
4284123595
4267347403
4007232697
3872952489
1716035753
1711841688
1728836248
1678377641
1678385835
3825872558
3826924206
3835234734
3770419438
1621887006
1671707662
1672225806
1940676622
1940836653
1974390824
1978589224
1953357848
1950209288
1413209608
3575355912
3575351832
1411107080
3557378248
3562547405
3436735743
3451542766
3485130214
3467564646
3333390946
3597435474
3593253442
3611210178
1564385474
2082382016
2082383088
2082454768
2132266192
2117487857
2117549298
4265028834
3996462562
4025774054
3985921638
3835151967
3835154956
2895962636
3030180364
3025953304
3023836728
3023834731
3040545770
3040479466
3051031722
3046704266
4154138766
4120535181
3583762572
1474159756
1465756828
1465760924
1461708988
1444375727
1444295870
1461072014
1429606862
1415971598
1420690990
1420574254
1420570158
1437085246
1437083406
3753632025
3753611608
3753423352
3757613432
3745027884
3728248636
2654574876
2654714141
2518395167
2518416703
2501625646
2631554606
2627351150
2627339982
2629308110
2633513710
2356677614
2372610398
2372889726
2415750238
2415684623
2407021583
2407009542
2402815239
2407153447
2415538151
2415536037
2415403412
2414363012
2414510484
2515243412
2489955764
3023879604
3829177268
3829185308
3829377548
3845040652
3878595084
3861819916
3861299727
3861271070
2788033134
2804744878
2809922222
2779514270
3836482718
3970710734
3970705615
4239272013
4239272013
3706595405
1568541007
1568542175
1568478687
1576272383
1609830847
1609920959
1582588349
508846509
441476589
437284325
504395111
504587311
1599238207
1607651357
1435681805
1435748637
1435875837
1473559484
1473556157
1473028749
1439601295
1435406991
1440646123
1903986475
1898745643
1898752313
1931782409
1931913225
1931914249
4063659033
4062102585
4062168123
4062135595
4066248494
3554543142
3582854706
3566142994
3566999346
3567002994
3571393011
3302887571
3233677697
3283485057
1135739776
1123026832
1108351904
1108404708
1125181804
1125181772
1465117960
1385271560
1385399048
1384612408
1384481320
1388611112
1380235817
1447274798
1465035886
1158933742
1140978838
1409372294
1409503366
1409435014
1347604162
1352845888
1470425664
1453649488
1457840720
1445225216
1445348100
1450050421
1604977518
1554588526
1555572522
2088251178
2084052266
2014849290
2036000778
2040178698
2073737225
2077989960
2119730376
1578668440
1578672536
1582936504
1583010216
1590309289
1607082923
3722064810
3724163054
3723104042
3714910490
1567365386
1298933770
1332488202
1341007882
1235881227
1235879176
1241002872
1232626344
1228460712
1228456616
1230652072
1230726061
1238921134
1241217534
1228832030
1232958730
1274818826
1270112538
1268740410
1268707642
1268700985
1234946856
1230539624
1209567720
1211664840
1211738568
1211868616
1212064200
1477874633
1494385310
1510122158
2046861990
2046861986
1791010530
1853917154
1853986145
1854124320
1816322340
4094882100
4095099397
4097709573
4095687399
4032301478
4036495526
4086827142
4070254727
4070190213
3533317508
3537773461
3529454501
3596383149
3604771244
3621545468
3522454620
3513087004
3508829212
3559157044
3576000292
3580001845
3588388405
3584194071
3585308183
3587298839
3577857855
3607217439
3305233757
3309428685
3317878733
3314016157
2240085421
2361712109
2378497509
2370026869
2371271943
2270602503
2272699655
2272760083
2532421938
2532815154
2664935718
2656350502
2672084326
2672283638
2672222150
2504457670
2504846847
2504805613
2504279276
2504348860
2504512956
2504454556
2504517021
2504320957
3573938111
3607615391
3607517071
3612761999
3612819343
3579129823
3579264511
3581361533
3698793821
3571916061
3588560157
3585372477
3622891821
3622887743
3597701407
4266758495
4279285247
4278233471
4278233983
4282432319
4282555167
4014128671
4283859487
3212624415
3208442431
3172954669
3172626989
3176871661
3176662445
3187147967
3187166399
3182218431
3166555327
3168717981
3168197765
3159797061
4229410564
4229428784
4095201840
4097298993
4101468721
4118114851
4118098787
4286002162
4267050386
4141810834
4141812882
4143779027
3606318295
3606322391
2547804375
2514475359
2514352511
3050680191
3051206495
3051336223
3084751389
3084489276
3065615164
3061379436
3073958756
3073925988
3040494061
3027899886
3027897854
3036547326
2986100990
2977745038
4051626190
4085180622
4085251550
4085106142
4085109022
1937625374
1669329214
1669296174
3812388910
3812369455
3816560685
3781036333
1624902636
1690963597
1959397005
1892156045
1892160141
1905013421
3548717741
3599511468
3603705820
3595332036
3594840517
3603217861
1373025607
1356248839
1350471430
1344839478
1898560310
1915599159
1648343095
1648276503
1648341013
1713152053
1679073381
1679286503
1679179919
1679163807
1681329838
1693780654
1689533158
3887344358
3887344374
4155780679
4122242375
4124992775
3042885959
2506084695
2505962359
2514483191
2514483191
2514483191
2514485207
2547896309
2541604853
2541606773
2550003541
2549999061
2541614581
2541614581
2541614581
2508191229
2508191197
2508191197
3045029335
3028252119
4101986263
4101986295
4100739959
4100748159
4109165887
4126012735
4126143871
4151311701
4151180757
4152186327
4152186359
4152169983
4286518751
2138518943
2138521535
2138517431
2146779061
2112892853
1039148533
1039147517
1064505853
1064305117
527450565
527491525
527476213
527482341
527546853
527563237
510867829
510802295
535968599
535983382
502427958
501412102
493080846
477139214
477143342
477148458
485538091
485595433
485726521
525515529
1582480137
1582730187
1578927499
1444446602
1444446622
1460568510
1414459822
3570328494
3705562022
3705627623
3707511783
3723764517
1607737653
1607807293
1610030205
1576999129
1568348313
1568217531
1564171193
1568333721
2105049993
2138604427
2145952715
2137563947
2012062507
1978639915
1978646062
1902549806
1634110254
1635158327
1643563031
1635114197
1668674709
1664475285
1662513341
1662996908
1661948588
1661747885
600638061
568132137
1642869305
1617700361
543436553
544024617
548280425
615320811
631047307
932000139
931471754
528818634
495411291
500687883
209168393
1282517257
1295096089
1332976395
1324531467
3472274185
3669328649
3669786921
3673927977
2616893737
2583339304
2562360361
3166274665
3170403819
3157827051
3155737594
2753530618
2753465066
2757659306
2784937626
2918826698
2943934990
2905105166
2905088302
2905089070
2905090286
2900953255
3987343541
3987343492
4022212996
4294915972
4284228229
4280033959
4217168487
4256752423
4256732439
3987253509
3991447812
3978865428
2905119268
2938669604
2909440532
2944046596
2944057876
2939736612
2922934309
2792890414
2788689134
3879275694
3845785790
3826911406
3973716414
3969522318
1822104206
1821911694
1838739079
2109269381
2146984101
1965633701
1965621399
1948922098
1948921314
1961765474
1957562930
1956907522
295971330
333769478
317109254
1391628294
1389527046
1385267239
1389408293
1406173668
1396738028
1463914412
1463914428
1459720092
1459855260
1460060108
1426501444
3579227973
3715563285
3715620725
3715487605
3749050229
3749041527
3749172598
3623343478
3623279990
3623312758
3581353334
3581222358
3614784918
3614778806
3606520230
3602805669
3619570612
3618423796
3622613812
3580667708
3559698236
3492588316
3559700756
3559316757
3563506997
2490815799
2507527511
2505439063
2513958743
2514318967
2514321015
3588046839
3590274997
3590265749
3590265749
3581746101
1467817397
1467301301
1467032757
393293989
393416885
392171655
358621319
358671751
358661607
929086951
929085927
929085799
929102183
891418999
627308919
610466679
618856423
618856439
904107719
903911111
895530741
895529717
895529853
895596333
895729455
904108335
367237415
350484759
350484755
341997874
274872338
274865170
274859026
291639378
308441298
305287298
303255682
307413378
314742739
311598691
311466787
313559329
308578341
304392245
304456709
1379307589
1393983813
1901496183
1893697062
1889517094
1891626518
1891626502
1894575678
1912401455
1937530415
1935425085
1935419165
1931289869
1931424797
1933509677
845022253
844958749
843856069
306972821
306710965
307108501
331759237
344336005
344073861
345187973
347100821
82894501
74510247
341880291
341884259
341884195
878818609
878948625
811774224
811774224
811774512
1898099200
1998754308
1998751236
1998690869
4146313766
4151417646
4159735854
4155820270
3082800270
3086930062
4160647311
4160631005
3623760364
3623756652
3590071085
3564905005
3564963645
3573356319
3573497114
1354706186
1086073866
1086093514
1107069066
1097762954
19303566
2463118
270832030
271364542
321888430
372154559
1445912829
1445621845
1445676084
1449810212
1592752932
2125228588
2109532700
2109531657
2111611401
2111812105
4258169693
2110620655
2001527279
1967972775
1968174503
1963909031
1963876279
1947170711
1951297927
1884180869
1900953815
1363623991
324343047
326449414
305600774
309795110
318191910
313993510
313926662
49676294
49676295
35520533
35524709
101200099
105444263
97030823
344699559
344898183
345938567
884836999
889035415
889035191
889041143
897359975
658300975
1730945069
1613504553
539893800
539886888
544083496
816646696
816646712
816646665
833362443
330100426
380411530
1445760186
1445889178
1445367946
1445376394
1445376923
3580080831
4117934783
4117934829
4111704813
4115719789
3041980261
3075726677
3084115285
3050528117
3044164981
3044230613
3178312151
3178308087
4294128103
4258402662
4191294230
4174721814
2020878086
1484006662
1484071958
1484600382
1484588078
461243418
450501642
450374090
445131658
176716714
445180842
445427624
444903832
465867144
989954440
991134120
1058189736
1058185704
1041475436
1045675621
1045674535
2117253695
2117270335
2117270847
4264713261
4268907565
3757182015
3723627535
3706850574
3706797838
3702859294
3702859310
3702878766
3703362414
2627506670
2644017391
2547549373
2518203788
3591942084
3591941828
3592007364
3608930260
4114539876
4118697319
4110304342
4109265986
3572399426
3571961155
3588611859
3722802963
3722781459
3756340019
1566913329
1550258977
1551307569
1551175985
1551201553
1551363089
1559730225
1576503312
2129954880
2119482560
2115810497
2115862736
1981714932
1981714916
3860763620
3860779748
3881788132
3889522348
4023717821
1861487037
1852840379
1848650170
1865623994
1869753786
703594906
699404698
682631386
682631418
951066750
951083294
414229767
418430723
147963667
156417555
223526659
223526659
223518531
1297259843
1330814419
1305648595
1305646531
1305646531
1339196867
1609680371
1609629155
1609592291
1592864227
1609767411
1601509859
1567898019
1567898039
473120149
1014182389
1014190583
1022472567
1039184190
1039179838
2146476090
2121314346
2117114922
1580308538
1580324922
1580349482
1567766826
1555446297
3701869064
3702458956
3702333180
3705951972
3424699316
3358621828
3375534208
1242734721
1510121667
1522704498
1522775330
1522775330
1514386722
1582359843
3730175235
1578562817
1578556752
1595891184
1600069540
1566514100
1566513812
2102860421
2104958599
2104694679
2112959414
2112967094
2108805558
2142286327
2008064231
1995481191
1995484261
913422437
913504749
1987213807
1450326510
1450319358
1450313182
1450377566
1450381598
1432424734
1357185806
1352950282
1353576986
1353692729
1420686888
1957492520
1949091112
1948042616
2098157384
1024339912
789524424
789384088
788859323
794253755
804445626
804504970
799048074
765497802
770748426
745578794
745644330
745710890
743619630
739425334
739685431
1813427207
1679619077
1951974436
1951057124
1976225188
2009751424
1984577153
1985621633
1985556147
1994204835
1990014630
1923023542
1923023494
1927217798
1945908207
1945903407
1912366383
1677514041
1642915609
1630332697
1631420984
1698660920
1698136600
1702348488
1700056729
2002012857
2138139323
2129918379
2125716651
2125713577
3736326361
3736309836
3757219852
3723665468
3698500644
3698514996
3564293429
3564293943
3564258871
1433538070
1467091462
1467420166
1467288886
1433679142
4108066854
4108083246
4098384142
1950937870
1414066927
1418251948
1418250940
1435130508
1472887436
1598962316
1582727053
1584414895
1584447662
2121392286
2117247198
2117312734
2121310247
2121311525
2138090788
2138291492
4285709620
4285701396
4134722836
4134720821
4143105397
4143367671
4143437298
4151793106
3581367506
3560424658
3560424690
4101461362
4101470067
4108807761
1979149905
1979006928
1962685940
1979462133
1971130613
1434267903
1412771903
1417097519
1425478455
1418986047
1418994238
345253438
76817982
81100366
72810190
123116430
376868239
317099167
316966047
308589727
304394394
304525466
304539034
1378248126
1395024814
1375167406
1370870766
1370800494
1369751863
1374470423
1466753077
1462558773
1446597653
1446642693
1580862789
1601846231
528362211
503200487
498015911
497287862
498365063
500474759
1037349365
1028956517
1024763173
1060419620
1043707936
1042790448
1042765904
1042757840
909522049
926290305
624034485
548536997
547422885
547377869
547414541
547399177
539016489
555792681
555989257
555915529
555915531
556239147
561892650
557826330
824099082
824066318
823001582
810488238
810382247
818804647
814727079
831372199
864856471
848083343
852401551
844019151
857633743
823993325
807150573
807150509
810886573
815213997
881921469
898631053
914366861
377610703
373481807
369271055
369287199
374469677
525657389
502590765
502755148
502733772
501029769
501156747
525745051
492206526
500417966
1039172014
1072726494
1055961439
1047568687
1047568677
1043374375
2116138034
2116271122
1981971746
1998730594
1428305378
1424097778
3567649218
3567649603
3567715091
3567521569
3567528741
1151625733
1151789572
1202083332
1189217092
1314915164
3458204524
3458208040
3459264297
3476040491
3486526234
3482331914
3482381258
3467965834
3467936138
3468525994
3484917929
3489112233
3440746667
3440682090
3440888110
3440790030
3440781838
1171664462
1201616606
1470100399
1453191332
1453113508
1450475668
1446281348
1194754124
1160159244
1411572748
1411573788
342022428
1424149016
1961019945
1957743145
1978713657
2010165769
1464902155
1429316107
1412538927
890367535
923855335
911239335
918571174
918685831
919733383
911347843
909258883
924983427
874718115
887169699
883020515
815829607
547398183
547398191
870359839
845266205
841201725
841201725
841136189
1914878013
1914894655
1920129823
1391873822
1406551814
1373516615
1358832577
1350508945
1350514096
1350438320
1358565280
1895436208
817856128
1924986563
1924961106
1929158946
1920770082
1916575782
1916576806
1930732814
3809905934
3814099807
3821460477
3821459949
4123449773
4124474797
4115801493
4250019205
4250101141
4250105813
4283511671
4293931831
4293927743
3589284631
3572704022
3564245270
3564242198
1347624214
1351694615
1351711221
1351874981
1385362821
3539374469
3525673349
3526131957
3527184495
4063542575
4050955055
3770001966
3770067487
3837177357
2773590541
2769330749
2937164333
2920452717
2937238125
2903762533
2903627367
2905655143
2775895919
2774847343
2774912831
2774916671
2783303199
2783303455
2808477471
2808411487
2808411485
2808468569
2808468537
2808601657
2808543256
2816931864
2783377689
2783443225
2774915865
2774915865
2774925081
2758145849
2758144809
2909066091
2909061995
2909132139
2909656427
2943221119
2943352191
2943351167
2943342975
2943343999
2909666815
2909666815
2909666815
2809101759
2809101759
2809091519
2792183231
2926400925
2934930845
2934912413
2934912413
2934383005
4008124895
3991872287
3975095055
3974964495
3974965519
3975096607
3970955295
3970955278
4022319118
4005537806
4001203207
3997008199
3997139415
3996029415
4012815335
3962499815
2888811175
2892822183
2892787623
2892787623
2909044647
2950978479
2816823229
2816946909
2783257181
2783257117
3840221721
3831833369
3831768345
3764660283
3764656251
3789883626
1638336682
1672940682
1670714506
1670652042
591671690
822441470
826701166
836138022
838231046
838231047
870801411
870772785
853995557
871288916
864010308
830293444
287137780
274561764
282868388
819739301
819739318
819736214
299841174
299242130
301339538
301355906
870765506
836870402
832610609
832610592
836805921
929080609
924904753
909258503
907161542
1057111990
1011027878
1015220134
1015415718
1016534007
1018437957
481583437
472952781
523484109
506657677
506649487
370297750
374460311
919638485
921796956
1990361388
1990230316
1725997868
1717612084
1713486340
1713617412
1714592597
1712494518
1712509350
1628586406
3759555006
3765879230
3773289966
3768891438
3768891695
3768891663
3764693263
3810831117
3794189837
3861287437
3861283357
2788606509
2788541229
2926887725
2942682925
2892455805
2892451677
2893504477
2893512693
2826272757
2826207205
2834333685
2834325493
2834324981
2834529751
2849205719
2849074390
2882660550
2881743070
2881747166
2881747454
2881743231
2848189727
2906914591
2906781471
2902718239
2902718270
2902718318
2907824110
2907819502
2916207102
2952120702
2952120703
2952255775
2952194333
2809654557
2809619741
2771875133
2771866941
2771715951
2708803439
2708803583
2717191166
3791460830
3820829150
3818666462
3818731982
3817684174
3817680078
3821874511
3821878607
1674394957
1674321373
1636589020
3784170956
3767376844
3767376588
3767384780
3771510492
3846565613
3842375407
3842332398
3842316030
3842322942
3846516990
1690382574
1954615526
2088980694
2089024710
2093197378
2084743170
1824696323
1841473841
4018318080
4006001408
3994453504
3996549632
3996615216
3996619296
3996431136
4013220644
2905664804
2892024109
2908801327
2842810687
2842946335
2842880799
2842946367
2842807103
2909064063
2909129599
2909133183
2909141503
2909141503
2909141503
2909141503
3982875071
3982876094
3982884286
3982884286
4016535998
4016306622
4016306622
4024695198
4025739743
4025739741
4025739613
4025740125
3983798045
3983802141
2909925149
2909925181
2909921085
2909915965
2908867391
2908871485
2908871549
2908879741
2908880765
2908872573
2942426493
2942360957
2942426493
2942426493
2942565695
2942565693
2909011257
2909273433
2909273945
2909134809
2909134329
2909134329
2909134299
2909101531
2909101211
2908978586
2908978586
2917367194
2918449050
2918449115
2918443739
2951998043
2952002079
2950815519
2942631199
2942625087
2942690623
2942817583
2942815535
2942815551
2942819647
2942664063
2774881791
2774864311
3831828918
3831828926
3831968190
3831971262
3840227774
3857136062
3852695967
3886217631
3870488909
3870468365
3870338829
3866142220
3876626956
3876823613
2903749421
2903635757
2903557933
2909916461
2910178671
2909129087
2909129087
2909133311
2909141375
2909141887
2909141887
2909133183
2909141375
2909141502
2909141502
2909141502
2942826751
2808600831
2808600831
2808601087
2808609149
2816997757
2783443837
2783443485
2783443487
2774919967
2708794175
2708797759
2708789631
2709510527
2709510527
2709510527
3783122303
3783130495
3783097855
3816651263
3816643071
2742900991
2742933757
2751461629
2751461853
2715810141
2715745117
2706308685
2706239071
2773286527
2774327151
2775895039
2910181823
2909142463
2942696894
2942696894
2942564798
2942564542
2950953150
4024695039
4024694815
4024690975
3916687647
3916688143
3916689183
3916562223
2842808111
2842807167
2842811262
2842818942
2842819071
2841762303
2908867069
2910050812
2910058972
2910054876
2910054908
2909919732
2918308340
2918308725
2910059381
2910055285
2775710581
2775669751
2775702519
2774654871
2808438718
2808438718
2808438718
2816564670
2783010238
2783017374
2783017374
2774624734
2774624734
2783144414
2783116159
2783103551
2783108629
2783047189
2774593300
2774593300
2942369588
2942459701
2942459253
2942520693
2942324215
2908769783
2917161079
2917361783
2917296247
2913085686
3954326935
3922929047
3914408327
3959497095
3959628215
3964801447
3834840295
3836807423
3769698527
1638992079
1670473934
1653729742
1657908622
1656991886
1652789423
1657241833
1666678889
1629323561
1614587176
1614588728
1614588697
1614265145
1635174955
1633077851
1666588298
1666589322
1696010890
1696011194
1708396975
1820594351
1821384815
1821387791
2108700686
2142251278
1605380366
1610033934
1603698446
1335776526
1301234126
1300812206
1284039084
1284026536
1552584888
1556778392
1566083416
1563999000
1597614616
1585097224
1585098251
1988006682
2004123962
2131787882
2097185002
2097189291
2080433593
2080435641
2080566201
2080566171
3959599066
3964046174
3973352254
3969158974
3969166910
3973359134
3864502798
3860247046
3862348358
3795239394
3811377314
3760988322
3760993442
3773633698
3769504930
3768988850
3819337155
3802549505
1659300096
1651305216
1647111968
1651303712
1719427360
1719484468
1717436420
1713242124
1830685964
1816009500
2088708717
2090674799
2090680046
2090620670
2107425486
2143060942
2145165806
1859953126
1859949542
1851688775
3994984007
3994458887
4011239703
3977554215
3979389221
3962799365
3893527373
3893482333
3893425005
2836456301
2840655725
2840714621
2840721756
2840721756
2876496252
2876497272
2876493176
2876366712
2876374905
2876374905
2876375033
2885016571
2885016059
2883640826
2875317722
2875325946
2875457018
2876505594
2909994458
2909989211
2909989727
2910055199
2909928255
2910051135
2910182207
2909068607
2909068607
2909134143
2909265215
2909265279
2909133183
2909133183
2909141375
2909141375
2909141375
2909142527
2909240831
2909240767
2909232575
2942785983
2942785983
2942532029
2950921213
2950953949
2917399325
2918443805
2918312733
2909925133
2909924639
2909924671
2909920559
2909130031
2909129087
2909129087
2909133311
2909657597
2909665789
2909666303
2909109247
2909110271
2774892479
3848633791
3882187199
3882187199
3881924799
3881924798
3890444478
3890444510
3857869023
3855771743
3854724431
3779325199
3779194655
3779186223
3779185199
3787835967
3787849247
3779390989
3779391005
3812949885
3813494127
3779939839
3780070655
3780073727
3788462335
3788470751
3788503519
3788499935
3788503901
3788372829
3779910157
3813464589
2735602205
2735734573
2735210285
2772827949
2773868333
2773862717
2775959935
2909133183
2909133183
2909133311
2909658623
2942819839
2942819775
2942795199
2942794175
2942794685
2951216125
2951216125
2951215965
2951215901
2917661469
2774919453
2774920477
2775051549
2774924605
2774912301
2775370109
2775435765
2775439861
2775448053
2775448053
2775415285
2775416821
2775449525
2775449525
2775449015
2775447991
2917497271
2917497334
2917480950
2917611606
2917547030
2909154318
2910202958
2776575198
2784573614
2780383662
2914765758
2914769564
2948132492
2878924428
2841175756
2822291996
3895068196
3895069988
3895335972
3961927719
1827018982
1823607974
1754467462
1770202246
1770087554
2038473858
2088808834
2092995026
2084606722
2080543490
1812115985
1817358116
4015430436
4009134868
4009134852
4000746308
3996621764
3929052109
3929052143
3929051626
3929068010
3931168874
3956400234
3922850842
3946898699
3942771978
3942902554
3942841194
3948071786
3948137450
2949860314
2909888394
2909889930
2842781114
2851429802
2851425710
2846312702
2846317022
2846320910
2846222607
2833771789
2850549004
2843602700
2843537180
2843535148
2841237356
2841200620
2839236600
2839239416
2826664701
2833865727
2833861503
2834090814
2834090302
2833636638
2843061519
2870322445
2853545229
2852367636
2852379940
2852374820
2852243748
2874263909
2874263927
2874394998
2874395126
2876496374
2876725750
2876726774
2876726774
2884459006
2884598783
2884631549
2884631388
2850945884
2850945820
2842290972
2843339548
2843339036
2843733311
2842516782
2842511662
2842233214
2842233214
2842233214
2850625918
2850625918
2850634110
2846439806
2913548630
2896771158
2896767174
2896701638
2896701639
2896719045
3169379520
3160995008
2889462980
2887431636
2773139172
2815072996
2798291708
2798160588
2785589964
2785585884
2919869164
2919999468
2920982376
2920997736
2940139368
2940194668
2943732604
2910182269
2908871549
2908871677
2909129213
2774915453
2774923645
2774923741
2774882781
2775022013
2808576445
2808568253
2808437183
2808437183
2808437183
2816596415
2783173054
2783181182
2783182111
2774658335
2774658319
2774657311
2774784319
2774780207
2774780223
2783431039
2816989663
2808577502
2942658014
2925884926
2925876734
2925878526
2926008446
2934380606
2867796030
2880124958
2846566682
2846519050
2829739530
2829665818
2829603450
2829603579
2917684187
2917668313
2909287832
2909355416
2910529976
2910468536
2910460344
2917079224
3990689944
3990099081
3990098123
3989860362
3992052746
4025593146
4025985338
4021791547
4022319961
4026382744
4015577240
1863961784
1863926952
1698301100
1680758188
1680236460
1684438956
1692531452
631303116
631302988
627108175
622918095
556006910
555900398
555900398
618813934
614685031
614553683
614529283
618723587
610400514
606191362
1680064274
1818400530
1860343042
1860340994
4007823618
3999501058
3999316514
3999574562
4009011746
2935881509
2935604524
2809676156
2809676248
3877180312
3843700664
3843702440
3827239592
3831237560
3838052760
3833858456
1837176969
1837120907
1874863562
1862280458
1862361866
1862690602
1876878634
1838853483
1773780473
3921193356
3921193356
1832430476
1832422284
1831570364
1831508908
3844800428
3844525548
3848390141
3848533501
3856912761
3789799737
1642184987
1633805579
1633807643
1633810747
1633802555
1633933819
1633929691
1633896923
1633897947
1642267995
1642271002
1642148122
1667309882
1667310906
1667313466
1675832106
1671577390
1671565118
1639335694
1637205518
1636603407
1636603471
1632149213
1627967165
1627967149
1628052397
1611283373
1611545001
1624119725
1619466415
1636121758
1635855566
1635855438
1635853326
1669407774
1669357854
1669390622
1669456714
1669571530
1736552859
1740673464
1732282360
1728090072
1728155208
1728223816
1729277641
1729277913
1729357802
3876845546
3880993210
1699938714
1701970330
1710363130
1710436843
1706042857
1704994296
1709188568
1709385160
1742960072
1742980568
1742783832
1742780184
1734387464
1734584072
1700968200
1700955928
1696636696
1696636216
1830853928
1831048488
1832038440
1832046632
1832042537
1865564651
1831993835
1836188139
1835141099
1843534843
1827896315
1823570395
1823533515
1821436363
1825629515
1817436619
1678959051
1695732639
1733477295
1716704687
1716700583
1716737415
1718842503
1718711479
1718670503
1743836391
1743836647
1742988743
1734535111
1734602455
1734471415
1734409959
1734377391
1734432671
1734500239
1734500303
1742961151
1742756335
1742756329
1725966681
1717775433
1717726221
1717728541
1717785917
1726043437
1658938685
1671655189
1638030853
1625513477
1616997893
1612836359
1614020119
1611849271
1624362535
3766538023
3783577455
3783576575
3779387279
1627684495
1627799183
1627797415
1627796903
1665209510
1656757414
1652636854
1652701334
1652697158
1669474310
1636969734
1620272390
1888706822
1888743686
1888534846
1619054953
1619063272
1640299688
1698990248
1694992824
1694927240
1694941064
1695786888
1695605640
1831920601
1830835065
1831010603
1830953259
1835148587
1843602475
1843598395
1839268891
631440457
631461065
618911177
618771913
618702776
618706872
610383768
627282312
656576968
1713537048
1713541144
1713542456
1713548584
1713614632
1730326312
1730346792
1696843561
1700840233
1700839915
1836171771
1819460091
1817363963
1825832299
1825696043
1825630507
1841360667
3980521227
3842238219
3842176827
3842200939
3846194671
1632638382
1616059582
1615994262
1618091414
1626480566
1626539942
1622214326
1638930326
596714950
596714950
579871942
579875014
595603678
595612159
562190331
562233291
566422347
566360907
557894427
558943513
559021897
554886987
559084411
559141738
567378282
1640071486
1673638174
1673634078
1673765658
1648796186
1648801306
1648866843
1644674617
1666166568
1733213496
1699712376
3846997465
3843871195
3827102106
3826737578
3826667946
3847620010
3856074154
3858695610
4022285722
4021757322
4020577242
4020581146
4020574010
4020512570
3991694618
3991694619
3991793113
3991927992
3992948152
3992946104
3990716824
3982267288
4013208472
4013208552
1864607592
1864544040
1864625452
1864629548
1864555820
1830964333
1835158653
1835158879
1844673919
1844567343
1843519295
1843461919
1843441423
1835118415
1836300158
1836291454
1834074494
1829818718
1863414074
1865556266
1868706090
4024567082
3890416954
3886094618
3886098714
3986914059
3987037963
3988014859
3992208203
3978117835
3978245002
3978237866
1833764266
3989112234
3986101418
3919000986
3918603722
4186990026
4191216986
4191200570
3922830650
3922961754
3919033819
3986143128
3986538424
3982343848
4011626152
4011626408
4013787128
4013856040
4012286248
4012302696
4012107116
3877860588
4016262380
3982708141
3991094717
3991094717
1877170143
1877045215
1876979551
4024495967
4016106335
3881953631
3890470751
3856883679
3982710750
3982570334
3982566234
4016124218
4016247082
4024635706
4024636730
4020313370
3886099738
3886378266
3852955402
3854393097
3992733512
3984082824
3979925432
3980064696
3961148856
3965670841
3965572539
3973371323
3990214650
3981800986
3981932042
3981796890
3981796922
3990185258
3990877562
3986670811
3988491417
3988503704
3986406552
3990723992
3982270360
3978139544
3977769688
3979801320
3978453992
3978373096
1864447852
1868766572
1877151085
1872825727
1872841823
1839332431
1839246415
1840295247
1836100943
1829813583
1830010239
1815262695
1815254374
3983721318
3983786806
3983635222
4016140606
4016189758
3999405370
3999403290
4007856410
4008122650
4020714298
3987684874
3987543562
3987210826
3987231434
3987239899
3992510905
3992510888
4023940264
4015619224
3978034584
3978198424
3967186424
3967251931
3967242506
3966972170
3983745306
3983746362
4023723322
4023854394
3885448554
3885899129
3885960536
1639270216
1643431704
1630848824
1628750136
1662300472
1660985656
1660985384
587313192
587433000
587304232
554011961
554158969
554105467
554138203
554121819
554113915
558309227
566697321
562509097
562378009
562311433
562304777
566507273
566574953
566574443
562379135
562829407
562829391
562829519
562829519
562903247
567114191
558758239
558758239
558758271
567277951
567146871
567146839
558758743
558742359
554548087
554679159
558873447
558872935
558872951
558741879
558741847
558742359
554548055
554679159
554679287
554679207
588233639
571457447
1645198263
1645198263
1644673471
1644673455
1661450735
3775379951
3758275055
3758292462
3758288878
3759304622
3832614830
3832549310
3840941503
3790608825
1641101720
1641232792
1641228760
1641097496
1672493337
597698841
597698827
598748431
598748431
595602703
595606799
595594511
566513119
567070207
567070207
567139838
558759390
625999198
625999199
625966463
760113535
768551295
701442335
701323551
701488511
701412827
701474187
701342603
701277083
701281211
701346489
676180665
1745728185
2014295739
4161273595
4161157930
3625335594
2641770794
2678463786
2661417274
2258833418
2260144138
2257911834
2257846314
2257862762
2271003130
2270987723
2233310601
2216672648
2218244488
2620897672
4231510408
4231510936
3963010696
3963007624
3960906376
3994198664
3994199004
3994199020
3994214828
3994150308
3994385892
3998579180
4007492076
4005322093
4005302591
1857560847
1876435214
1813520662
1813721398
1681535267
1962554659
883821873
816712961
279317760
279317249
10820353
44358467
48536530
40213458
40214454
37073334
34972086
302358951
306491812
306491812
1397019556
1363441572
1346780804
1346780804
1893085156
1962225445
1956916519
1956932902
1956969774
1961156398
636784430
760514334
789939982
790017294
706194526
706062462
705996927
722839583
721861647
689345565
689353751
693556535
701613351
701556022
734133526
725875990
725800278
2067945334
2067944310
2067944054
2042843734
2042827286
2042697502
2042642206
3636476222
3632347454
3632478526
3632749342
3633143630
3649697742
3688486862
3688465374
3682173310
3689451566
3655905318
3647512630
3647578167
3647729719
3647656995
3647656993
3648668705
2574994785
2574994929
3647627219
3647667907
4192919235
4260024001
4293516929
4293458832
4159236272
4134070448
4129832100
4129830052
4062720180
1915425460
1919562404
1923749604
1923681828
1923615253
1386752517
1382574853
1379458052
1396347908
270184452
1343922436
1348375876
1347194357
1414302119
3561265575
3561266086
3712408230
3746459382
3754894934
1502355990
1503404566
1486631463
1490825517
1482424365
1478233117
1478240269
1527588879
437184527
436906058
973838474
977845642
986232202
983077787
983142825
983142568
1073320104
2134488232
2134502568
2100297192
2100230696
4280744493
4293283391
4137763342
3735310858
3735314954
3736920890
3757699370
4255816746
4239034410
4239034425
4239034376
4243109896
4230513736
4230578376
3963257048
3963531501
1681848303
1731645166
1714866919
1726439077
3873650325
3873518213
3866108549
3866186629
3891416997
3836898229
2897734551
2897607318
2897017495
2897016551
3169116775
3156500994
3156501026
4230239011
2888057891
2892254243
3974584371
3987109905
4003887104
4272318464
4276505344
4130213440
1983710880
1981556384
4129040033
4132186023
4140574118
4153148582
4119755910
4035869894
3504262151
1375521799
1370016807
1403544615
1403610414
1374565694
1349396302
3496871886
3497480134
3497385942
3505709047
3503618535
3503603181
3502554589
3552949836
3527837196
3529426445
3525207557
3527091765
3531088997
3535283439
3535279279
2461598910
3535348874
3537380506
3524808122
3525037754
3527079642
1395565066
1936695819
1910809097
1894023689
1348989481
1344798509
1344633645
1344743711
1344678351
276183183
280430735
313854093
849742988
853998748
845325500
1646502100
1646309636
1650500156
1633722920
1612751400
1613013544
1613017640
1613749800
1613629992
1613368040
1684540329
1705511082
1873545402
1856768154
1856712794
1856659470
1877647374
795516934
757702659
757772288
1831514176
1764406464
1765377248
3912869088
3913261104
3913212720
3978752548
3982901804
3974119979
2762030650
2762160698
2762214250
2783185322
3043231914
3077377162
3073245322
3060662666
4143849867
4156449209
4088848813
4088718765
4092915119
4151635351
4080461199
4084646286
4059545822
4058378342
4049892390
4079246374
4079306806
1915124503
1659304501
1722284597
1726275165
1718921037
1714925901
3845357583
3828523023
3828781118
3828740398
3828375846
3828359975
3832885861
3841327845
4105570021
4105506453
4107549316
4241762948
3698797188
1568025285
1600522821
2128874245
2124702997
2058149911
2058084375
2058072117
2053681445
2049499429
2066240294
1495807758
1479094078
3629848878
3632933230
3632933166
2290817326
2290685966
2290624782
2291752207
2377691405
2377679183
2275967470
2246672814
2247856559
2507914671
2503719341
2503973773
3039664524
3039791244
2939066572
2804855820
2804850716
2804867116
2791666476
2791663148
2791669356
2787461860
2791590372
2801039520
2729732336
2746674384
2713118593
3785798273
3777413761
3777479297
3811009155
3794103974
2720295846
2733377638
2728921135
2745893901
2716479501
4041875724
4041876248
4104786728
4104716585
4238869545
4239923257
3703052539
3715631274
3443050906
3442317962
3693977226
3626271370
2019918490
2092937642
4255031530
4254965929
4288454824
4275347628
3057116404
3057044676
3057011888
3054898592
3075679968
3028362852
3162579479
3163583022
2629068334
2510605866
2548615482
2523498558
3060500542
3060512798
3060444175
3056249932
3057362124
4130907340
4147831964
4114248892
4030338479
4030336431
4033810350
4042067886
4043062975
4036243103
4040436421
4039392853
1355030101
1355036497
1356734963
1356734691
1356488883
1356521603
1373222019
1398320259
1380497539
1913231507
1914411443
1916705207
1915658167
1915221975
1931867095
1931800957
1935995245
1935991853
1944450109
1944517653
1944509461
1936170293
1902492980
4050105620
4033000708
4032992516
4041377044
4033070384
4116837664
4116767008
4116733985
4116721955
4117172518
4117107494
4117104166
4234612342
4234485494
4251286422
4259413894
4292927366
4292906886
2145421270
1878104006
1869738822
1999758166
4147372655
4147270383
4145153775
4149677759
4149681823
4089724351
1921793469
1922837661
1922837645
1943876749
1912485005
1895175583
1357272511
1893823974
1885397366
1952506134
1969336598
2003013910
1994625334
2124525623
2128666679
2120245279
2116101149
1596079416
1546787112
1549146920
1552812584
1217010232
1283987996
1334326796
1318613508
1184428373
1184412130
1116450978
1112244386
1107985826
1091472770
1343654786
1343658882
1345755778
1345822338
1884602275
1892984741
1901389221
1666500029
1668599229
1664613821
1667689725
1634135279
1642524031
1642593567
1676016910
1659206926
1717927742
1718435630
1852653359
1860777791
1869100829
2087334684
2020225852
2020217628
2020151816
1484272200
1490577288
1490611609
1486421151
1486411934
1486407870
1555811498
1555750378
1466623786
1177212426
1177472522
1177484558
1181609022
1206445094
1416159270
1417203715
1411305473
1415499796
1355727140
298206180
306579076
303441540
303965828
373229204
373098156
519839400
934812520
884488507
883435786
350956314
325742106
304805386
304775690
371819514
1449689514
1454936234
1589158058
1587126506
1570417775
3705317407
3705309445
3571108612
3705276932
3705285172
2625250852
2340102692
2318926692
2318936036
2322085268
2326277252
2326277255
2326345894
2343270630
2376857830
2359937254
2364378326
2355201118
2372129119
2305291021
2305286920
2305810968
2289033784
3358319160
3425289785
3425275514
1547541210
1564257226
1595713930
906995850
911190154
906994826
906866826
1712165003
1645121689
1934263208
1934263976
1942917036
1934474708
1935533268
1897685236
1882547428
1886794912
1885744544
1894137760
1894144656
1889946241
1642580609
1675938499
1650768854
1650764758
1650765670
1646309222
1646329710
1663161966
1663260254
1696675406
1679828542
1679894062
1684225582
1826896686
3970701358
3970439198
3970435079
1823152132
1823108356
2091524612
2095653444
2103968460
2134442700
2115637481
2119838955
2128558314
1591478474
1590962378
1598318794
521001162
487441738
474972426
479113802
1553904377
1555937000
1555883692
1434250940
1463666364
1444921772
1443270828
1455858861
1989387493
1991294039
1995488287
1986111807
1445375295
1445379087
1445909518
1445810190
1428820030
2087338286
4239049519
4239016555
4240006891
3703102074
3706255882
3731421962
3458824458
3458935050
3458801930
3593011466
3601482026
2527740713
2527773416
2427028108
2426974852
3228153476
3225131652
3493780100
3493841828
3493099940
1345611940
1903570108
1945509004
1936071813
1919179989
1914989671
1914758182
1919016990
1919086862
1927467782
1927725862
1923470119
1923393125
1906698196
1890056084
1894237620
1886242220
1882180780
1613191277
1613064237
1612982575
1633954574
560146958
555949598
555955742
556087070
590611774
592708910
595854382
596395518
562845134
558126478
553966990
554171838
558038446
566409646
595835390
595704270
595705166
583117070
574859534
591571231
591849791
566679855
566676773
567264564
542102812
537391421
537375085
1627764717
1631885037
1665437373
1665441421
1665244813
1661206156
1661434844
1661417980
1665612141
1640376361
566634539
545664063
545664286
549918558
550242270
567019486
567019422
600590222
600624526
600627678
600611287
600685015
592427349
588249429
554691957
554691949
558890477
558881261
558717437
558651901
558660029
558856621
567245293
567278077
567146973
566622557
566737245
566737215
566733119
558213407
558233879
554031391
554031391
554129727
554064687
558299951
600308527
595983167
595982607
600094991
600086799
591698207
591763823
591911278
587660654
587431294
591609214
591544190
599931758
562248303
566311487
549468685
541080077
541145869
541276989
549678397
562330909
562318605
566545743
558686039
554557431
554696679
554696679
558823279
567263087
562937215
562936143
600685387
592296779
588233563
588225403
588241787
588193147
588201339
588199291
588133867
600716783
563033583
562904574
562838990
562838991
562855375
562888143
567132109
566738909
566734812
558215128
558742232
558750712
558750713
558726009
558840091
592410939
592379182
600761646
600745246
600618335
600606047
600608767
558668799
554540031
554547575
554695015
554694951
554629415
558824231
567212839
567147015
567081479
558684695
558685047
554507135
554506751
554637823
558774511
567163119
563034351
563034335
563034447
562903375
562837839
562854223
562886991
600701263
592304471
592313687
588248439
856535414
826651126
826782198
810004982
818394102
818331030
818851206
281983110
281999495
323942541
302938253
302930060
839784908
843979292
852367932
852311613
835462717
818422331
810033979
805839163
537403691
541598059
549979499
549981039
562842495
562875231
567073119
567073103
592291149
592421193
592421209
592306537
558747497
558746477
554650477
554650477
554506623
827145599
1397695834
1406018890
1137648986
3247271418
3247229422
2173471230
2173471198
2173540862
2173681134
2442117103
2475669231
2480780909
2440926844
2436873820
2434759260
2434742908
2971613804
4045289836
3776845932
3813546092
1674458333
1674519757
558686413
554468557
554470861
537693181
537910253
537844589
558823727
600733999
600714542
592061726
592127326
591923038
591925118
591924222
591944158
600701310
1943009662
1905178974
4052659534
4052724558
4056787534
2978777694
2978778734
2978844270
2978973294
2441786094
2441835246
2487759598
2483820479
2483887549
3020822700
4031650028
4040038620
1909274700
1934440460
1913600012
839857164
906764300
906813452
638378285
571323757
592217455
592219519
558664543
558730079
558734175
554679167
554675071
588230637
558804461
567258605
567119869
567053277
558664399
554551903
554506846
1661942398
1930309486
1930306926
3553502318
3515819118
3247180890
2173438026
2173438282
2173458762
2173565418
2173696490
2173696491
2177759737
2203703624
3277453640
3273391480
1125891436
1394326892
1930149244
1661644108
587967820
587767756
587763661
588028927
588094447
588102639
588233711
588168175
1628355055
1628371439
1628371431
1640429927
1636301687
1640299335
1631906629
1627715909
3808811381
3808943205
3813145711
3813045487
3813021183
2705790623
3779993279
3821936303
3888855727
3884456623
3867688383
4002952382
3885572254
3885703306
3855163531
1946755275
1946905929
1879759625
537823497
541952265
558671881
592226315
588030987
571387915
587628603
587628587
587694377
588022057
588042719
537219566
537268646
1611010470
1611014050
1623603874
1619409570
1619475090
3766778498
4035242625
4070554240
4070487936
2994709376
3056579536
4130329264
4130165408
4134285984
4159513313
4041549537
4041480179
4032835029
4083165397
4066584773
1928473733
1924342981
1938874567
1372643527
1372688606
1347525742
1347455022
1886685486
1883097358
1898867470
1898852110
1898587854
1936340702
851051183
848896685
916207292
383525796
375136692
354161141
339149845
342313985
73595907
73657603
207862530
207855106
1340317187
1318561282
1317512962
1317373746
1317327202
1317859682
1309434338
1293550050
1142554946
1144656130
75104513
11206948
11033908
15297804
57395980
36276492
36223352
36240616
36205739
19398826
2621594
14549434
9307118
9327206
76411430
76325378
81437186
242919171
241874177
241861696
241926224
237744212
506044508
1579721084
1597567784
2084089384
2094574120
1956440808
1956440713
1920761481
1916552843
1379746458
1914622634
