4084924286
4149898526
4116213023
4116237599
4115258655
4123647870
4241053694
4236859102
4236773023
4241295023
3696174766
3625791406
3629917375
3654034623
3716949175
3717121238
3755656390
3749420038
3745033222
3731401742
3731402014
3739925791
3740974909
2675613228
2639957540
2623131172
3159940660
3160004132
3160135268
3101226720
3111704049
3153712625
3134904289
3126511329
3189457649
3206095427
3206095815
3210305735
3214435566
3214441710
4137371822
4141762718
3592059022
3592415374
3609191565
3608568204
3573957580
3577889756
3561177724
3561182844
3569451004
3569381372
3699403629
3699436398
3699506174
4257472510
4248950518
4279358454
4279292758
4279366102
4279362038
2131879414
2101437942
2101376467
2084590064
4240929252
4258197988
4259238260
4258840908
4250457356
4284083992
4294568760
4294683193
4289378874
4159684154
4151086618
3073148634
3074196442
3074266042
3074413050
3078603258
3086926682
3086938910
3044008734
3043779374
3043583278
3044766766
3187295358
3187295326
3212526814
3212408014
3212436702
3220956381
3216692476
3216671964
3183056348
3187205500
3040405356
3040404348
3038507900
3042899949
3210633199
2942128110
2942126574
4024388086
4259257543
4259062919
4250148999
2081759415
1964380327
1964114341
2001867685
2006131365
2004886149
2004903621
1469114181
1441834247
1424211223
1424203062
1424137526
3563239702
3563239682
3563495170
3564539666
3581314834
3614888194
3598696722
3597484402
3597222374
3606795751
3606805991
3606670823
4143513077
4135124437
4135120093
4151960797
3589984733
3587887581
4099593213
4099658749
4099658621
3038508861
3044670268
3078220332
3078208044
3061381692
3057448461
3073204749
4146995919
4126016446
4121886894
4121691310
3047693486
3044551847
3581553799
3581553863
3581570503
3589951351
3589818230
3589825911
3589858679
3623478549
3607090453
3607069973
3604841844
3596391796
3596395876
3613239157
3579754357
4116616821
4099835477
4101998199
4101871159
4114469687
3040728375
3023889447
3023889447
2759843191
2759744855
2692632535
4034873301
4034664341
4051441053
4051441053
3783070893
3858641071
3082695150
3082695006
3082630426
3082038586
4159974714
4151589178
4147386682
4282342874
4292794330
4288320411
4288263064
4019757976
4019757528
4013460792
4013472792
4013664280
3980307484
3980305452
3980324908
3843964972
3978166508
3977646572
3845523372
3849785004
3857125052
3887139549
3887151821
3868207693
3868224335
4136926478
4137112950
4141248886
4141228375
3598594935
3615429623
3581817553
3565032129
3573432897
1420804673
2091762451
2095879459
2088545571
2101192791
2134816967
2134804673
2099678401
2082980033
1814348007
1815109799
1815093679
1819419311
1878202030
1871907510
1857108630
3887098502
4121979526
4126207878
4109693319
4118139269
4117123477
4150677941
4129714609
4129765297
4133959667
4142233058
4137973090
4137739574
4137743638
4158780694
4159042838
4159025430
4159025431
4125470773
4117083196
4033344540
4030188628
4030122484
3760118756
3764378340
3783122669
3799799519
3799872462
3799961934
3867066494
3867004966
3866910822
3850167406
3833458046
3841916799
3835600877
3835531253
3856440772
3848054084
3877085460
3879133988
3845583412
3845608981
3844556343
2774994470
2775976758
2817984854
2817793366
2818325974
2814191062
2814326230
3082778582
3046995927
3046962679
3051156981
3025982933
3038631381
3044993013
3044468725
3086483453
2815811581
2815737309
2790571485
2790636893
3864501561
3866594600
3866467625
3865427241
3861232669
3861230621
3861245981
3879137311
1698086975
1698088247
1700187495
1700253687
1702350807
1735912279
1735780853
1735773669
1744162261
1735912917
1735915509
1702217717
1702352853
1710745175
1710620515
1710542694
1702157671
3883265367
3883396311
3849833687
1702350277
3849842117
3891788789
3858090981
3849707479
3849842519
3849709431
3849701223
3849705335
3849709335
3849710903
3849702759
3849701751
3849841495
3849841429
3983924021
3983887125
3984014612
3984012596
3983803428
2893288484
2893491476
2893426004
2902335092
2897022692
2896695013
2948089573
3199776479
3199772047
3199771790
3191375006
3057222846
3040773310
3024011678
3022419854
3023449486
3161926063
3170122157
3165657517
3169860061
3169987140
3186781700
3220431365
3201364501
3201364517
3201360423
3201360759
3192091606
3192025558
3208868278
3176157606
3159376358
3159426558
3159438423
2622563351
3696440341
3558223877
3560255493
3560185863
3294045447
3302362886
3298167574
1151224166
1203587302
1185696962
1189892290
1131172035
1097666769
1076502753
3223986401
3223986913
3229243105
3233468033
3283676801
3266883201
3333996179
3333988003
3330049955
3325855655
2252257270
2252269526
2252236630
2252285750
2252093238
2388408102
2413573422
2375557422
2375622702
2375640110
2409165951
2375845087
2382138613
2352254197
2350154997
2350290389
2349262149
2353456981
2353409909
2370244471
2404847447
2253852470
2254376742
2262634342
2258444158
2391027038
2407804254
2411990399
2371177821
2371254109
2371839581
2371667580
2380121676
2380195660
2379736957
2379541869
2304036333
2299907581
2299969373
2298980189
2303174600
2378671048
2412159944
2407899644
2412025325
3343158511
3340077295
3574974590
3574941790
3558225998
3558222926
3507889486
3512079950
3515287262
3280209646
3280762607
2190267119
2190246653
2207220429
2207162844
2173674988
2178723052
2421983404
2420021420
2954799580
3038493404
3038416397
2774177287
2772083202
2771952162
2770920034
2754114530
2754285986
2771255458
2809004178
3886416007
4020634823
4020640773
1841048613
2092182559
2092182543
2086087695
2098601230
1964379774
1577977582
1448018622
1456210574
378282638
395125647
365831567
80616847
81660335
81598895
1167867310
1184649406
1188348254
1450672398
1445433630
1432650030
1424270127
1420148012
1420200252
1558558760
1544857640
1561192664
1594770568
1594229128
1578500825
2144731881
1469522603
1435775659
1434724014
1573138414
3720670718
3712462046
3746008142
3737426958
3737955342
3733758991
3735007263
3604906013
3613311037
3579723885
3558801895
3561895591
3566085799
3566151335
3565954983
3570147255
3289124231
3290238407
3239983559
3275647303
3258412359
3271000007
1118201799
3266769541
3266761349
3266691812
3273425516
3225200172
3224215044
3291393540
3564086788
3572479525
3572208423
3589001527
3581662263
3579567207
3579436135
3577432567
3577641349
3565055877
3565043333
3573483191
1421809334
1438392998
1467749286
1445728742
1445277782
1462116422
1461968962
1969333283
899714083
899713057
2008057857
1991289857
1995482117
1983029253
1983295495
1983299607
1983775206
1964901094
1952383726
1956591230
2090806846
1555835451
1555835455
3707529743
3723029263
3756772623
3752509710
3752575246
3752411470
3489202622
3589936558
3587911598
3587779503
3621338031
3621289389
1459152317
1450762380
1379442829
1378459865
1395372137
3509166381
3492656431
3496316735
3504769590
3504769574
3504790071
2431647238
2431626775
2432675621
2461971749
2461974596
2532229316
2456633540
2452358244
2519534692
2503874852
2487102244
2497588772
2493326868
2627478021
2375836166
2409362182
2392555878
2398650598
2386067686
2268632294
3340500166
3340397007
3575277837
1427794188
1427798332
1364882716
1364881676
1360707917
1362870749
1360560319
1359520958
1930201258
1913424042
1913555082
1917500874
1925883850
4086997882
4154171710
4120420667
4124627257
4110998825
4263242024
4263144236
4267322220
4269423564
4277802637
4275769991
4284166838
4233835190
3696956062
3707245518
3703054618
1555570729
1421354024
1421372520
1417169016
1413041096
1411087048
1415277192
1422786251
1439485674
1465698282
1444270938
1446437194
1446420938
1450095050
1466794939
1441322921
1432944553
3581661113
3581861881
3615417725
3749700927
3756970303
3752829246
3752698166
3752830726
2679027462
2674820918
2671365986
3610890210
3608899251
4145750673
4112065169
4095419012
4101911172
3569287660
3568042029
3568567337
4105496635
4109674511
1417455630
1425905678
1371506895
1388217487
1459257485
1445642637
1445622669
1445864061
1378755109
1898783269
1894524463
1894526735
1894451978
1358498058
1352142122
1352160298
1468588078
1451876430
1455984846
1455980698
1468566697
1468565672
1472875656
1296708748
1296703628
1288315784
1289364136
1285305064
1289498217
1282681657
1295280411
254863371
242330634
248746250
533954826
533955386
365142570
339911275
470196971
470652843
470337455
470336927
487247246
1560968590
1598712238
1587244526
1589339446
1588220166
1588220678
1588159263
1592288045
1609048621
1575501676
1568279400
1566198088
1562106121
1595459675
1595448539
1595445450
1599639694
1574477982
1553572287
1557832613
3705321125
3696926439
3713781351
3711584806
3748284950
2674797318
2683197718
2666486070
3740015670
3740013622
3741081654
3739054134
3734974519
3734777973
3746836596
3692306676
3692429684
3692446332
3696673388
3699884652
3699699452
3431262860
3448040077
2403629742
2366901166
2367031806
2369651918
2235441166
2378047518
3451859258
3451711769
3451696476
3434916332
2365360616
2369554920
2369752472
2400638920
2400613320
2400593736
2404794168
2413243688
2413111592
2413116732
2375501144
2375537624
2377487321
2360640442
2364842414
2356446702
2351203430
2351203366
2369168390
2637602822
3745439750
3745440846
3615378942
3615378878
3615410583
3623737749
3621584788
3621578396
3613173404
3613172444
3609064156
3544118260
3544118260
3547222901
3547214133
3522040117
3522105661
3589017901
3572240681
1416371512
1416444184
1425013017
1978120459
2011666443
2004130890
1982902474
2117107850
1980989594
1979879610
1979900331
1996679083
4114771626
4106366894
4106633102
4103542670
4104062910
4103931630
3567007471
1423715903
1551380245
1551640341
1547510037
1547120916
1547047685
1561789271
1599082470
1589694438
1585507734
1585685638
1518444742
1250009294
1254203482
3464999994
3449208187
3432439641
3438730873
3430762089
3430434665
3429385561
3429463499
3437948395
3588926826
3623532411
3606677451
3606611913
3598231000
1446557160
1446755432
1446689832
1463745596
1463735324
272551940
808927252
876003444
873906260
890695765
928359925
920103521
920558129
647924224
653888000
641239568
641246773
641245749
775610911
1849352231
1769529382
1761103906
3907912706
3899536450
3900581842
3900511970
3906737890
3902346914
3969597062
3969461959
3164093173
3180870372
3218615276
3193448909
3193580685
4133121209
4132979883
4132978858
4132196506
4115525770
4106650011
4106651627
4098276987
4114918939
4278496799
3859066703
2786368781
2803797261
2904214620
2893695084
2893703468
3975818028
3975757364
3832032836
1680614085
1680155318
1697722790
1743786150
1870659750
796917902
645934286
645933070
641787914
654436666
655519530
626192954
550732299
546734603
612860713
616863016
1682221368
1678031321
1611119289
1627818633
1661373065
1644613259
1644642955
1645527727
1659277741
1654829229
3802308837
3802177573
3806372869
3810567425
3760434945
3760372224
2686868016
2686851616
2686847521
2699495971
2695694114
2981958402
3015647490
2998738950
2998722590
2998710318
2997651694
2993457337
3006040456
2955774600
2955852424
2687412876
2686886540
2686907356
2691158509
2711998575
2712428647
2716606565
2709400900
2705205568
2688424272
2960984352
2968258592
2964064276
2964270341
2980717319
3082494518
2526573110
2526593558
2525545054
2525528558
2547553454
3176708266
3155736762
3172702394
3977939098
4011497611
3994724555
3994723657
3998916872
3996820248
3996820284
1866195500
1865409060
1848596004
1847920420
1718879525
1727267959
1727332599
1727475927
1739989206
1689658574
3837140430
3837135566
3835132494
3835034238
3834424942
3834422910
3851203150
3884745039
3884876108
2811138428
2908666988
2904353260
2906454440
3980295096
4011731608
3994953356
1851069087
1859392430
1788088742
1804611814
1773211682
2024866818
2092131587
2095243523
2095231235
2096267522
2104721666
2136245298
2119478306
3998526754
4006980898
4007505191
4001348885
3997074757
3860825428
3860170092
3876965740
3877096812
2776038764
2775973228
2775893356
2775905277
2771772381
2776097771
2784347114
2767471082
2767472042
2767481342
2776066526
2773969375
2773965774
2817723342
2951953374
2943430110
2943431134
4017295838
3984003454
3988066606
3988525354
3970707753
2091725640
2091657032
1484532552
1480342344
1478241096
135211528
139340297
144062990
146148878
200541711
1249116988
1249190188
1256136996
1255104820
1254977908
1250783716
1250742628
1250746732
1250746473
1250734314
1250758826
1296828586
1276922282
1279019946
71224218
69651338
69250954
337675147
342065611
342003997
342012701
343122469
342925857
338931233
70449665
68292097
202507793
219416417
240911521
247207073
113128579
112080002
112067714
48959634
48943282
48935058
32089490
16295350
16295407
283682095
275292205
271097901
271233292
2834700
2688796
7015212
12192557
10095414
10095366
10095878
14418182
8143190
19894726
40808838
44995974
44998548
44997556
45064116
304920500
304919476
841790180
1933357604
1664923172
1663543588
3798378788
3798379776
4129743616
4130816512
4145287792
4246151905
4241892003
4237559458
4240182690
3618112674
3601339634
3332911122
3329896450
3342476289
3308923072
1144597408
1105865648
1101662848
1135299200
1118357122
44864402
44872102
35958950
35954862
36152510
36105422
52881478
52881413
52935205
308644389
1403292197
1370263077
1353233924
1353360900
1357558276
1424654916
1416360612
1416113828
1424501413
1962478502
1884948910
1887111406
1886144558
1617742878
539284494
556113934
556249119
556257343
556585006
808239146
807190590
537842814
542031654
547269158
1619700262
1619573270
1636351493
1721271812
1713013252
1715098124
1848254988
1848255020
1865101864
1835546408
1822955624
1822963816
1874356473
1721432201
1721415819
1990039435
2004648587
2000454282
4117594538
4126068906
4109299882
4109299882
4126045358
4127089822
3581895111
3581927879
3581933015
3615348215
3615290871
3615286774
3615352310
3615487478
3615479639
3615446871
3615323991
3581769557
3581802365
3581802365
3581801853
3581769085
3581761373
3581761501
3581801949
3581801981
3588093437
3579704829
3579704829
3615356381
3615356285
3615356287
3615356191
3598703901
3607092509
2667535677
2658876477
2658874429
2654547999
2671317022
2558202142
2293904158
2293903930
2293958186
2293763626
2293777966
2289615478
3359146565
3359154756
3362300492
1479057996
1480171064
1530497832
1513785432
1513785416
1513785548
1526331599
1518104778
1513881818
3661365466
3407483370
3364495978
3364495914
3364562478
3364363814
3364361798
3364357766
3436709765
3428370308
3426258820
1277726596
1211992468
1495244180
2064559492
2064557380
1796186636
1766765068
689353244
756519480
756367912
1863257704
1863256745
1862871209
784869545
780732601
780737673
798568585
1069117579
1073467850
1064211274
1026466602
757507370
744863786
1022138409
2091485240
2091485208
2112474120
1496858632
1496850440
1530601512
1508516457
1504326378
1571426986
1571491498
1571314346
3723025066
3443035019
3476654473
3443174537
1564123592
1551802841
1551819561
1412915759
1412772462
1410794230
1415466727
1465907621
1457383589
1591606420
1590541445
1590539725
1583331085
1602141727
3576556078
3341564462
3324774950
3329170982
3337491238
3334340886
2392719366
2392604726
2392646691
2375986193
2359204096
2296285952
2296023552
2287700500
2287525413
2286431847
2286431974
3410497446
3729263782
3730312358
3730338982
3726238853
3742343301
1594728581
1561175169
1410242945
1411295939
1410787970
1417042578
1425414835
1421279905
1438581648
1471021456
1474765024
1466249252
388239412
119814205
107243533
107981069
376350989
384809436
376225161
377270411
373063823
372932814
271495246
271491350
270967590
1348963878
1357220391
1353042535
1357335141
1357336261
1365585861
1365585908
1399140324
1399267220
1919368580
845495684
845485488
1927622820
1927639205
1927672039
1927594007
1935974678
1902420278
1881445166
1885638446
1357154862
1369950762
1386662699
1386676011
1390827273
3529916745
3525800393
1378111977
1361405417
1416003035
1415974345
1424363403
1357320075
1356871583
1356867007
1365270975
1365463551
1365496238
1365304302
1365304302
1398858622
1398859615
1407319935
1457651519
1458002750
3597032222
3597033230
3613809950
3580187710
2506445870
2493895726
2493878589
2628624956
2628690492
2645340716
2684125740
2654504252
2654660652
2654660652
2675599404
2625259564
3157968924
3162163724
3170557452
3166299660
3166216716
3182994988
3220743724
3208154661
3072904743
3056093734
3190507822
3194685478
3198901302
4209589270
4201135122
4197014610
4198160594
4214925522
4164593794
4240091264
4240083072
1953072256
3828060288
3828085120
3827946148
2766718628
2763582127
2763586218
2763586282
2758605354
2771175966
2771176974
2770887950
2800247822
2796098598
3064597542
3203009574
3203009586
2666144770
2600084483
2558141443
2558141442
3631887618
3371828546
3367634930
3367714786
2291673954
2325231986
2328418626
2320009537
2396568564
2597890724
2595792524
2612572808
2599977368
2658697640
2652602794
2652512746
2669283114
2635730474
2621062698
2561289770
2561355546
2561154314
3634894858
3635947531
3363514377
1209748521
1209745437
1209614413
1225486409
152036297
185524923
453963434
466545323
462400409
462207384
466389128
441293960
520847496
521830536
389722556
389800364
389865957
389865827
355398515
291955570
300331858
301369282
1358139334
1372708503
299125431
332663477
315886492
318179740
384178684
384249084
400897149
1063768349
1029951775
488878367
488681774
408981798
1482727458
1482800146
1482811442
1479617571
3628467233
3368436517
3733865125
3733902004
3733636749
3599272591
2525538991
2529733035
2521467305
2450229913
2517208713
3055153673
4113195529
4096401929
4230619691
4243071786
4238880810
4238868522
4255727658
4260087002
4281054347
3677990027
3677924751
3677924237
3745230781
3715819005
3724207567
3707389015
3569041783
3568924023
3572067815
3572071910
3580841430
2502839751
2536379847
2537502146
3615307090
3621601074
2279415606
2264866614
2264739638
2264741686
3334025526
2394501430
2394501494
2394452206
2394484973
2331541660
2340127880
2285550728
2285550856
2285550344
2352658968
2365238840
2365304360
2365105772
2641920764
2641920652
2675614348
3749357212
3615155900
3594190252
3609840812
3609840813
3610168543
3610166478
3613844494
3623222558
3606377790
3606902078
3606865190
3606929702
3623756071
3589935461
3573154260
3573171076
3573175940
3565149844
3565148820
3564952564
3564960741
3581194229
3581212631
3579181015
3581923927
3615413111
3615412583
3597660519
3597656163
3597137011
3613906003
3581334977
3564623297
3564496369
3572885489
3573022581
3589791735
2514997239
2540031959
2540009431
2540009335
2506389351
2506388327
2489676151
2489808135
2506618119
2514875667
2515399954
2548492050
3613849170
3613808338
3613741011
3581220307
3514119635
3497464017
3496415285
3496292644
1348809012
1348800788
1365603588
1365601557
1382345021
1383397679
1383397886
1381256334
1381909646
1381908622
1381912734
1358852502
1354641815
1353589653
1085088469
1156391445
1147937589
1143743271
1143744295
1147940134
1089355030
1101663494
44698886
44636431
44570893
45615372
49835820
35219244
35267196
34214476
34144968
34096104
34128872
51164136
273457064
273521048
1355790744
1355725196
1351596428
1351592588
1436463756
3619590861
4160656077
4134441671
4130255526
4130123170
4134317218
4134333602
3861692578
3862347906
1714832322
1715364353
1714417184
3891063072
3886344224
3886340144
3857632256
3979236352
3979231296
3899572896
3970757286
3970200230
3969938094
3969922734
3961535642
3962583182
1813129358
1812080782
2097293710
2143427215
2122522253
2122396317
1586574031
1454387727
1453388575
1474339631
1419813407
1419949583
1419943437
3567426060
4101085740
3040123496
3071576680
3054800456
2987819592
2994094648
3010863661
3006734891
4118229562
3572310058
3572245546
3569092650
3569223706
3304990734
1283336206
1279174670
1295559694
510165254
518750469
2125107284
2125111540
1982505120
1714069664
3794436992
3760883328
3760977568
3760930464
3760797349
3765188271
3769374382
3769374654
3785626778
3819189466
3819185226
3819381774
3886474255
4154909707
4125549577
4117161225
4117227273
4116897593
4116892969
4116893033
4126403033
4126206413
4117818703
4101371231
4101494111
3564552574
2490286366
2515456310
2507075894
2540696886
2540696950
3077430630
3077430758
2548956662
2549708758
2516546246
2508018391
2439844599
2423198451
2423199473
2423064433
3505128801
3505134961
3505139024
3228445760
3496934401
3496905729
3563818001
3580468272
3605640464
3597378048
4130054656
4129980928
4130062929
4264243953
4264245219
4285020387
4255914214
3970697446
3970238662
2109025486
2146705614
2136232142
2127937758
2141098142
4287471870
2140974335
2145167421
2138875932
2100992268
2099952396
1965751052
1965694780
1948911396
1412301089
1950158883
1948004387
1948012578
818725170
814056194
830910979
847684099
918988289
907447043
910133571
925796563
1060034786
1060108514
795636834
1718382674
1718562882
1718559217
1726998176
1739454112
3853373088
4105064064
4033814144
4029496960
4029492897
3521914531
2444507042
2444505506
2444501122
2448892099
2163613809
2231250960
2227056660
3299769348
3350067468
3333221132
3332684316
3462699308
3458501677
3458515049
3458482264
3459608648
3461570633
3734171962
3750947370
3750996522
3616578282
3603991226
3321925514
3322204554
3607490954
3574522270
3574522286
3557736615
3574320323
3611933762
3613105154
1467655442
3614156051
3580800768
3572423936
3572157696
3563785296
3559722212
3559658724
3563860964
3585029861
4122945254
4105445094
4103368422
2505375334
2505350710
3042809366
4116551438
4150043919
4133071885
4133063709
4133062701
2786629677
2786835503
2786776431
3057275503
3057259245
3022656077
3022667340
3035236876
3030911788
3030923308
2494048300
2494049583
2494115086
2225680142
2226683438
2247659310
2247657518
2549647390
2549725198
3069880590
3195713805
3195770940
2923010076
3928533060
3928598596
3928652900
1781144676
1781144803
1781401842
711854530
783235794
648690370
917125761
917125760
918236800
398009984
351893120
338196096
338231184
338296753
342711218
351226786
350489570
350497634
350498610
346171138
346187267
347272755
346216993
350341921
73435153
2144256
52553792
35794112
35786880
36831360
36831904
47318688
311430881
313555459
329297410
295742978
1356895762
1344312867
1075885603
1075881506
3223631394
3224684066
3294381858
3297510434
2359237666
2292070514
2294163570
2344511586
2331928914
2330872130
2330873154
2322415938
2323411302
2323407142
2321293606
2338072358
2303471398
2303470134
2311858774
2307656534
2307746134
2307747190
2341297655
2346503671
2339949045
2338965973
2338970069
2339232197
2302663125
2300504565
2300570093
2299259389
2303453639
2311711175
2311645639
2311645686
2303327726
2303380974
2303380862
2345396575
2328489039
2328685647
2345467231
2338180991
2304659071
2304654975
2286825087
2295294831
2295327087
2295200127
2311887199
2312932685
2413530445
2407176156
2390472444
2390267644
2390527676
2386337468
2671752892
2637617068
2622935460
2622939556
2622711204
2621599141
2621590005
2622708181
2639489473
2668850627
2652272067
2385908166
2390102470
2415277526
2411083126
2377465190
2377922918
2411473190
2264669198
2255031310
2254964030
2254976302
2263425854
2263425822
2255042078
2255029791
2271872589
2221805133
2222853964
2231320396
2231180620
2222742876
2222742637
2218589295
2356997226
2356996202
2382158186
2376976762
2411714938
2411719035
2415914331
2415908187
2405422939
2405429819
2405262891
2371692079
2371694127
2371828543
2371684639
2380007743
2229016639
2228952095
2245659983
2245725535
2245541247
2237153133
2237144941
2237143932
2237208852
2247768340
2382047316
2381916277
2381854821
2380798309
2246592871
2238564735
2238552447
2238561791
2238690775
2272245143
2272113077
2272113077
2272114097
2406333585
2402270353
2402286739
2402251991
2368614742
2368616206
2372546062
2364172814
2359949914
2380831339
2389220329
3459816424
3728258504
3732447688
3730546776
3726291048
3726291180
3726291180
3694833812
3694820741
3695053703
3693742775
4234873509
4238940836
4238883748
4239142836
3719046596
3719045445
3722780949
3445891381
3445907763
3476057393
3473958961
3477149745
3468761393
3464695057
3464648450
3448132098
3448128066
3432924146
3432563106
2363027878
2350410942
2350655630
2350655630
2333026447
2332981647
2316233167
2328816927
2325517071
2327622413
2326569784
2611782188
2611786284
2574028332
3106703972
3105852388
3138038101
3993675861
3993676917
3994741988
3860536469
1713048725
1715350949
1665011620
1626736292
1622542037
1620198919
1636957703
1670425095
1741728518
1716561926
1645512758
1644676215
1645101247
1728970943
1695416749
1707483821
3835045548
3834912429
4103367327
4103367247
4099205646
4097108494
3610705422
3593920014
3605513534
3605873726
3602859030
2529051734
2533246198
2516518118
2490832758
2490775046
3698728470
3438550567
3455330855
3736366353
2662857808
2664813664
2656338016
2652143696
2536935488
2486600512
2485568192
2489833136
3571805877
2497788583
2497710758
2494577574
2498759078
2515536054
2507160710
2503025862
2535530758
2535531030
2267096614
2271290918
2279808562
2279804210
2276658482
2411006994
2411015190
2410112022
2410150934
2410466358
2330774583
2339146007
2339212045
2372325117
2355295917
2356310701
2356638396
2354442936
2354901176
2354880680
2354881704
2623314136
2487065032
2487200712
3558779864
3558321035
3574988170
3607168138
3590455450
3590459642
3594924398
3604361533
3616940828
3616875292
3314837052
3312772628
3308557828
3342774852
3476857431
3485238246
3482633702
3482766502
3317065894
3312609446
3291638167
3291634565
3295862412
3587429004
3612406428
3608191917
3608191851
3610288682
4113605146
4101087754
4108498442
4105674042
4105537578
4110256171
4097738779
3023763467
3178949643
2650465547
2646536459
2646360090
2675703866
2669420586
2669027370
2673226538
2679505450
2645955131
2511631881
2511656460
2231158348
2218575564
3292385996
3292451548
3292418973
3560846745
3581820061
3586005149
3586013325
3588041101
3311150525
3310621101
1196691897
1207390665
1207333215
1202086191
1172598063
3303336230
3228350774
3295459606
3295589638
3295576326
3305013574
3300831559
3355418965
3330122085
3324876133
3257877877
3525774839
3526702575
3539281775
3585480557
3568781165
3568596829
3572819213
3577013517
3325424669
3325490191
3270963215
3270950991
1391939965
1381790701
3613193197
3579107048
3579174632
3587555196
3587549516
3612720141
3591746573
3591746573
3591894287
2518041551
2538997471
2547386031
2511737519
2360615599
2360611485
2360611741
2230596543
2222208942
2218073590
2222225894
2222254310
2230627414
2231284802
2280566978
2255392963
2255388997
2251195141
2250933813
2519391783
2519411239
2536188454
2502502958
2498240366
2510816494
2510815423
2477527197
2478583965
2205950172
3275686104
3275641800
3275630280
3273600601
1125914233
1130103529
1138491753
1134297193
1086128251
1082002506
1077811274
1077930010
1077193018
1087670026
1083478795
1083609865
1154908936
1154913852
1148628524
3430197796
3430199089
3296187651
3296641474
3447636150
3470770338
2399072690
2399073666
2394881410
2394882034
2394746722
2398938918
2398938918
2415720255
2247681551
2247681567
2281242159
2272843623
2256258533
2256192673
2256192656
3329997968
3325607056
3325598848
3323632768
3323635072
1159391104
1161740945
1149227745
1149035107
1149002275
1148019473
3303489285
3303491845
3303491861
3303397669
3315898661
3488917797
3472141573
2658440453
2658570501
2658578693
3741225809
3753804401
4160456225
4150826787
4146636067
4146914339
4147078243
3878565094
3879605430
1698106518
1618422934
1626746302
1622609599
1622609599
1620315807
1620315789
1626635916
1886449292
1886449660
1885513005
1893898029
1893892877
1893826831
1893774623
4058291502
4087717166
4071069742
4075215918
4062641166
4062630926
4062561310
4063745326
1936909606
1676866871
1938998549
1938997508
2010365956
2001854468
1997758468
1997692949
2131887461
2102792167
2094468838
2094336766
2094271374
2094807950
1556885134
1552885471
1552824055
3700380390
3701240550
3701269219
3701253107
3428623315
3424561091
3441350467
1293829443
1161692227
1164905505
1173171233
1173171233
1303323953
1303328513
1308563201
1173689089
1165300481
91567889
91698449
74915088
1157057841
1166003489
1165880595
1198388546
1340966210
1340966354
1341097970
1340997618
3350190834
3354352370
3354335922
3261939618
3261866914
3271304098
2193580434
2193596803
2193139121
2193140896
2187901344
2183694821
2167180077
2150542879
2217649695
2221793822
2230182462
2230215230
2229957934
2246728743
2246659109
2263370980
2263403652
2256116868
2524880012
2524888220
2522787028
2539564228
2491333703
2491333654
2487153702
2487031078
2487031670
2486902374
2491031078
2512064038
2545491494
2545692183
2277254917
2277254405
2277307661
2281561405
2281688941
2273266663
2233273334
2233274358
2170439654
2178839975
2178900373
2161926533
2161956228
2153565584
2153745312
2149510048
2151672464
3239443088
3273051776
3256254080
3256247936
3260176323
3260237170
3528476002
3530581350
3514068262
3505679646
1358191886
1356090750
1356127598
1364589678
1360522335
1394072655
1393024077
1397222860
1398254940
1394077565
1392856925
1359302477
1363496733
1356756269
1373566255
1373593646
1373401110
1088212998
1079300358
1078432018
1078375731
1086776595
1086717185
1086840064
1153867584
1162276672
1196615488
1179833921
1316406849
1316341347
1328838178
1295806242
1295871282
1279097874
1281934354
216581138
82571331
100294977
66740544
49956176
41878896
37557552
37690640
37686529
37686529
41891635
33498915
10297891
9175607
9175591
13370215
13420399
273470831
273481071
290319727
290448863
332330447
332322767
323913675
323657675
290168795
289979371
826850155
860405611
592035705
575321929
843756875
839628123
839495914
302559466
1376555242
1393541354
1343115482
3234738334
3230547370
2156804782
2156796590
2156821167
2156915359
2190273165
2262623117
2259521997
2259456239
2263666799
2188140590
2200712238
2201949238
2201894710
2172530214
2243833398
2243893783
2243693063
2246837767
2280407831
2238501183
2238312765
2355868025
2355803609
2355870168
2355739544
2217253564
2217319100
2234235548
2536160908
2540614284
3055977100
3055915692
3055854500
2788467108
2787483813
2787565746
2791727270
3882316262
3882615150
3777563946
3777693962
3777636618
3849005322
1705715995
1739136281
1873289480
1843994888
1684697864
1685733945
1683685929
625755881
650956539
650938811
1724745899
1724889227
1724885067
1875749897
1682877449
1678685195
1695454475
1645068603
1645789226
1645887594
1645875438
1660555502
1722421486
1722691838
1722687951
1705928143
1711238605
1962367951
1962236879
1953853438
1953852910
1951751598
1951745950
1951750030
1960277710
1956116222
1972762351
1972659069
1951688541
1951687965
1951917372
1951849772
1976977724
2010450396
1918122380
1918134684
1980055468
1980176300
1980564156
2001539725
1968124558
1960719006
1425605166
1420306230
3567791894
3567791894
3567861270
3567932950
2225795606
2242441751
2393437725
2393439772
2263407132
2255014764
2267859325
2235451485
2239634651
2237408363
2245795946
2212241706
2191405867
2191393321
2191328829
2191285789
2195512861
2281475645
2273155965
2254417901
2455617533
2455602685
2462942397
2455213229
2987898092
2987900028
2987637852
3004360796
2702371820
3759303404
3762433789
3770814159
1614810830
1614815182
1614822766
1623199854
1887842406
1887838214
1887838214
813969486
818151646
282348654
273999950
292866250
327088587
335444427
335441353
333186521
335287785
66852331
1140594026
1130173738
1130321210
1130280730
3277764362
3550458714
3548943359
3582497773
3582493101
3582754989
3570176237
3557679201
2619220067
3692962099
3692438326
3692438054
3703979559
3565423205
3565423237
3348503431
3331721607
1119209606
1123323286
1123332518
1131717542
1110942630
1111401446
1110352227
1110417411
1110089731
1126872066
1076529154
1076594994
1077446946
3505957154
3499668834
3566768483
3334377793
3467555136
3462841088
3458532912
3659865633
3660004899
3664211495
3668731693
3636225389
4170740041
3638087753
3625484488
3625488600
3625493992
3642289640
1595435512
1583082457
3730500525
4267359661
4267347453
4286416845
4152264525
4160653133
4261323524
4261323524
4253020437
4246475093
4246475239
4162331119
3896058862
3904504810
3903457258
1755843962
1755843595
1756916745
2021174281
2033757192
2065212680
1058645320
1058582984
1058570680
1060733353
1983563179
1713036715
1725620155
1922714555
1922977707
1922885051
1918689674
1933370314
1899840458
1882080234
1886286826
1894703466
4054769962
4055691322
4156342283
4156544009
4159613960
4151225624
4113542969
4096581147
4096544267
4230810139
3707379242
3703139882
3702023786
4243063502
4100506511
4096491943
1948954789
1969922208
1659547776
1659802752
1714326656
1714391168
1713813936
3861310880
3861243808
2791629412
2799968812
2812613165
2783192639
2766415646
3030658846
3031308070
3031302950
2628649758
2494300958
2494300670
2494301375
2428254399
2428246159
2423802250
2167949706
3258546314
3258608778
3527025802
1379541194
1383997529
1409228904
284950760
276038120
271860664
1343582905
1343611562
1346757290
1363457754
1371835914
3520498186
3517889034
3517950522
3584863787
3584860731
2511176217
2515125081
2640921065
2671247849
2671453677
2637852031
2625301765
2629499909
2629426197
2629365013
2356997383
2369584902
2403288582
2252211718
2252218886
2264806198
2191459622
2193429541
2193103908
2193120356
2197342676
2188938524
2184742172
2184810524
3260977212
3596529724
3603341423
3603398766
3611329774
3607136446
1963038910
1963112894
2080549534
1812114062
1816309391
1841492367
1841545357
1832939661
2097176732
4110430444
4093849640
4099022376
4109503016
3030850072
3030858248
3030744584
3030672971
2510570186
2545173178
2524185258
2518942186
2535719274
2623996970
2632854586
2632853531
3702467597
3706665996
3631052108
3358344140
3408876495
3391779790
3391812942
3673867574
3669607462
3668501542
3672679918
3668485551
4222133945
4226384536
3153692312
3210254012
3206133676
3206199276
3172906797
3175008047
3174827542
3040092678
3044418070
3048608558
3049128238
2512125998
2512126078
2511995981
2516204556
2239326220
3308808540
3308842452
3308973508
3308971396
3308963205
3246114198
3246126486
3254441366
3254443478
3590323670
3590186486
3623674343
3606880741
3606815077
3606741348
3598434340
3594305584
3577507860
3560907012
3560841532
3560847149
3563011629
3570874921
3568777753
3618929417
3601123657
3601648713
3534523593
3538453897
3530265019
2456466347
2468979626
2507711402
2499453610
2493158378
2493174767
2493288943
2492765541
2490676501
2503208215
2503138311
2503138326
2534604066
3071454498
4266911026
4274447618
4275466499
3730195715
3747562547
3709617251
2621189219
2621320391
2625506758
2633977574
2646593255
2678060791
2677925447
2665276999
2673648435
2669454627
2636051747
2640237875
2640205074
2640139634
2640139618
2684306915
2549745107
2541426115
2541501890
2507947490
2516532706
2512264658
2243894722
2247907138
2247939955
2247947233
2248139760
2248074704
2273115632
2268892512
2268892640
2269052352
2266426689
2266424387
2266813538
2505889122
2505991634
2245947330
2241732162
2247904866
2247904866
2247913074
2248027970
2245932354
2270971170
2279392610
2246043107
2241783235
2246047041
2239548787
2273086819
2273150305
2273239105
2271109121
2266771476
2233204772
2233274668
3562939212
3573425756
3573354024
3573288552
3560722040
1547562952
1547627977
1564252491
1601997178
2138867962
1048489210
1044292826
1043706058
1043632350
775192831
773239023
1779867750
1778819174
1862721634
1834344674
1817702626
1817658770
3976154774
3976007335
3971747495
3971745446
3976017566
3992743630
2919001678
2784258926
2811554158
2811558254
2798710539
3057705737
3053507405
3070346205
2751943596
2756114348
2765540268
2761411492
2765413012
2757552836
2774329876
2806838836
2791162388
2925478404
2927567412
2943099431
2909541926
2892763110
2825129126
2824866998
2900427926
2896367766
3165794438
3163742342
4240614543
4232227205
4248955844
4248894165
3749828967
3683842342
3736263974
2665627942
2653749526
2653622534
2670355206
2636833031
2628444260
2628308196
2628307108
2565368196
2558028480
3698997792
3430562336
3430563361
3304719923
3304850210
1090256930
1081017362
1076759554
1076763650
19793922
19814466
24115395
23967888
1131255952
1131387280
1114610320
3262102160
3270359728
3266165424
2192424624
2192422560
2192372385
2192106146
2196300706
2213082530
2431178914
2431178930
2431252658
2473175250
2456463442
2456466434
2452287490
2456477697
2456543492
2456544548
2474629924
2474494820
2474494692
2480930500
2442503877
2984022693
2967249583
2958860974
2954883774
3024027582
3040827886
3040348542
3073902862
3074308366
4148040974
4282003470
4025098250
3987431450
3987464234
3920231467
3921189097
3917002889
1765321096
1797831048
1798042504
1797927817
2032796538
2016019242
2028614954
2024487214
2024290614
2024286470
2020091654
1479029510
1495925574
1533673798
1522139414
1522142310
1520974054
1520969958
1525164206
1516774575
443158921
451560136
447365704
447267368
1525198376
2053679656
2066262632
3911821928
3945511896
3945499336
2875949768
2875818568
2875818552
2871632424
2871763496
2905317929
2905318959
2775174703
2775107886
2699938302
2691549694
2691693046
2687498710
2687499094
2708405078
2708406038
2716860182
2741894966
2741895030
2741886934
2741886423
2741894551
2708339093
2708470197
2708306356
2708240820
2741860852
2750314836
2733522260
2750293973
2750358966
2716607906
2699828386
2699840690
2699909298
2696796338
2694699218
2710542337
2749282560
2726210048
2720967168
2720967168
2720841252
2720845348
2787952165
2808922415
2775400958
2909745598
2909614526
2909745594
2909745338
2901292218
2901294270
2897164478
2897034390
2898080974
2898161869
3187597388
3210665992
4267599624
4269701640
4269693464
4277013305
4142668074
1717835818
1701053482
1684275242
1684406314
1684418602
1692803387
614736664
1705820696
1705805400
1710001752
1710001916
3983384316
4016946844
4016946876
2951724716
2934946476
2934946477
2934413741
2926024940
3207002220
3206954028
3173397780
3177588240
3170247185
3182769713
3182698019
3185839907
3177498931
3178006771
3178151106
3186539906
2649669506
2649661058
2683084450
2674704290
3190617506
3190583458
3190632674
3194893554
2658020562
2666408018
2666408194
2682919682
2683968258
2549680658
2511875682
2511873714
3518523282
3518525826
3522809987
3245986961
1076614305
1076577456
1345979521
1346245825
271454257
271327520
274998049
274998821
283588117
10881541
11946501
11962949
9485015
1204849383
1187022838
1178829062
1179816198
1179820310
1322492194
1322378530
1314317603
3742778737
3711910896
3560915872
3564794784
3573171856
3569043072
3300486784
3304615552
3296226977
3313004515
3346617826
3346617698
3354948722
3338167346
3338234898
1189772290
1181371395
1181436947
1181302065
1193880880
1165630272
1165626177
1146822611
1146630114
1146709346
1155522930
1440649490
1456243986
1452051746
1451788323
1988667428
2122950708
2118822948
2114626789
2132460791
1547322502
2084177030
4231662998
4230679458
4243266275
4105775712
4105726560
4105727696
3568889472
3585664640
3581473408
2503660192
2434450337
2468004259
2472297698
3548138594
3547142166
3547085063
3547080967
1131293443
1139153154
1105595650
1155793970
1148453922
1148466210
1148527618
1147560962
73852162
208044802
224821506
250052882
1315799538
1315800562
1315538322
1311477138
1315675570
1325116834
3489246626
3451497970
3434654195
3703090609
3707284896
3707282848
3698897072
3710501296
3576349104
3614070688
3598261920
3598532320
3531422292
1382890324
1382820117
1382869269
1919740949
1928303637
1928237317
1945014279
1970241542
1950122070
1950134518
1948110262
1947142838
1947077286
1950747299
1557606113
1555050081
1570778385
1604332545
1336355843
1320561667
1324821507
251030787
251583747
251579651
242994433
258723153
225172977
74044915
74040787
74172403
74446819
82833379
99609555
115989441
115989441
108644720
104397280
104457696
104456672
108782064
24892304
8241808
75351696
1149078193
1149221873
1157081969
3304435569
3302467377
3302466321
2241307153
2274734865
2394788643
2394724131
2411523430
2415716838
2368522726
2368293038
2636799118
2637062286
2642288782
2650677645
2650747276
3453756380
3478397292
3457428780
3457493288
3457554460
3463862285
3468573710
3468497930
2414612538
2355627322
2355759066
3303681674
3300552347
3300585145
3300435629
3584598701
3618144687
3597177007
4146639023
4147683758
1966778254
1933223567
1933239949
840881876
843007780
1648315684
1718578212
1722771493
1990715429
1923479557
1923415109
828792257
807798657
811991683
820380323
1889616802
1956704614
1973477414
1994448902
1918936070
840999942
842183734
319995943
1343373575
1409697607
1422280263
1422327381
3566725749
4105480789
4122848839
4156407367
4142761541
4142696181
4134306541
2805838572
2940068589
2906449645
2905892335
2905878894
2905935982
2910257278
2913402926
3181654062
3215733806
3215791135
3200201741
2667394061
2671255815
2669351719
2639933999
2627347022
3701158478
3700953982
3698856430
3426225403
3292145865
1142565068
1142569420
1146822540
1146883724
6047372
24954525
58513341
41399735
107394518
107384914
103198738
103067698
103063586
393519138
1425448995
1425974275
1434356738
3577448514
3542730994
3543793122
2453268194
3009013347
3013141029
2978542180
2978514660
2978518756
3013144244
3078160004
2537082500
2502876579
2502847650
3039255714
3022130418
2506230786
2514629634
2510430210
2510643457
2510578480
2514768416
2506883684
2507997908
2508142165
3588957541
3580374063
3580626990
1429997582
1430140942
1430136846
389950734
377366302
385511950
379110094
379093982
114856366
400064686
358252727
1549446277
1551543188
1551543008
3705383648
3588012704
4148989856
3070527360
3053642624
3071472576
2539012704
2515878432
2510557728
2493785639
2493785638
2514759190
2548316950
2548447542
2532264998
2666284086
2682830870
2649411590
2645210183
2684005444
2683874420
2654526564
2654526708
3728372933
3745128599
3711574198
3698983830
3703195334
3703523009
3703363265
3432834640
3449613920
3311202080
2266889568
2266418673
2266418625
2237058497
2237056467
2236962291
2236962290
2236961746
2220307282
2222404402
3304403762
3304920626
3317514002
3317509923
3351001379
2281445411
2390498355
2384225299
2384356419
3460195523
3476948162
3481142658
1303318450
1286545059
1287206561
3434636193
3455640485
3440943524
3440935380
3742926276
1595451648
1595451664
2121840688
2117711888
2115681536
4263150848
4263166209
4265492754
4265476898
4181525350
4163441254
4167636598
4176154198
2024345462
2024297959
4171822293
4171818189
3655918733
3744001165
3744136335
3710569615
1563053726
1550468782
1554544366
2091414143
2091447837
2091427628
2108531756
2122163260
2117574668
2117513292
2115145932
2115158156
2114142636
2130716333
2101358253
2109742765
2105612029
1971524175
4119204366
3583456014
3583848734
3567007038
3302505790
3289976190
3288991070
3294241231
3298435917
1150886733
1169687373
1167594345
1146627881
1142512937
1142806847
1142798607
1142930447
1142856719
1082097735
1097695301
57507925
36606037
36622452
36589668
36057380
36056357
57030951
16136486
9714470
9710118
8662550
8655430
60576454
48153282
50234243
40534417
36343968
36352176
36352144
54177937
1810609
566695
273197999
281590446
281582254
1372097262
1406047950
1406067663
1465836431
1434345917
1434345900
1417049276
1417114812
1433654460
1433656508
1433531644
1465971933
1465954399
1449239326
1449386558
1449357886
1449342494
1591883295
1591948845
1592006445
1593059177
1609631192
1607554520
1607589369
525458923
532716794
473994462
469804102
1476493334
1476571153
1477619984
3625104944
4241669664
4239560224
4290020864
4273447424
3199631872
3199697651
3204305826
3195854242
3195554210
3207088550
3211410358
3211405302
3219857990
3186172422
3698008838
3631033622
3630972198
3632080934
1493043222
1492786198
1541067790
1524274190
987466831
982027461
986220773
709404901
705211629
1779015884
1779085516
1763344588
1815773548
1815053156
1680668260
1680696933
1680815687
1680676839
1701577190
1709965542
1693192418
1689063634
1689137222
1689133383
1957569029
1957639692
1957641756
1420769868
1421687368
1203563213
1186761695
1186761134
1190954414
1182585022
1178587318
1195307190
1329524902
1300128166
1308516755
1308502400
1308560256
209521600
209001200
477376352
477389793
1549853667
2104730055
2135986566
2119209366
2118168038
2118171110
4261525798
4261526310
3193158182
3220617774
3220619822
3220062782
3219980830
3219919662
3219677487
3216523497
3148547240
3119057032
3110668488
4181264840
4181621064
4181617416
3910806280
3893915416
1759011625
1754911337
1754911448
1759036057
1746403995
2033722010
2014839470
943338662
416947298
479857698
480185346
211233795
78980096
79085568
83263680
75399552
103719296
1177453952
1181584785
1122863505
1122999185
1123007281
1114356001
3530157345
3525861415
3530039343
3530240046
3521773630
3500818462
3501868062
3235466622
3234352254
3251424639
3280786783
3268312444
3259919724
2182888812
2199656780
2151604036
2155804228
2162087540
2157498980
2156442220
2156442365
2173220846
2189991150
2194196582
2249939030
2251978774
2251980102
2250925510
2439652254
2431267742
2427077518
2427111310
2158939535
2427247037
3492600236
3542899132
3527368092
3527308216
3527304168
3555615544
3517806088
3496750856
3492555272
3492575768
3505281577
3501121066
2427307306
2159853610
2157756526
2155135078
2150940710
2148978738
3226398723
3352223748
3603886340
3595476228
3726547268
3726543684
3728378564
1585101526
1979297518
1954079722
1947791786
1947750586
1966682282
1966809258
1966681517
838478764
832182940
1888094924
1351091788
1355285005
1095250446
1079648782
1075472142
1079766310
1083746598
1351125026
1351125090
1351322818
4035615937
4069176512
4066030784
4130323664
4130315472
3861820880
3861816032
3996050144
3996086881
3995873826
4008458018
4025232418
3974904946
3974761538
3974765762
3970596034
3970620817
4238990768
4243128192
3160960640
3156897408
4230624944
4231725792
4101583585
4126941859
3619432098
3585884066
2512132514
2494306466
2490108082
2218724739
2151552963
3241566787
3286753793
3265589793
3265581857
3265581095
3332698151
3333221423
3463215147
3459074107
3459123210
3442350090
1277831434
1550459450
1491681914
1483227898
1480114874
1480123050
1478010538
1478012842
1498982846
1543150047
2080021707
2080021577
2063512585
4200436761
3663567917
3659512877
3659316517
3659069221
3676037936
4214931984
4214903312
4218049040
4218049040
4226434560
4226469377
4226534979
4184465106
4168744662
4168677111
4168644591
4168639981
4193805417
4277681256
4275666280
4275596777
4275859419
4292859850
4099854794
4099862922
4099862714
4099707066
4099707114
4108092654
4108094702
4108246087
4110347268
4110345508
4110074404
4100538932
4096266756
4230488580
4247396868
4280952356
2130386724
2123906932
2123902412
2122855884
2128098760
1457393032
1456885640
1452461961
1452527515
1400952250
1354801322
1413521578
1413521594
1342279790
1879539758
1879475238
4027491331
3507397891
3545150225
4073619985
4073357840
4140533264
3067854384
3067783733
3069880885
3082533495
4159306407
4150818470
4079489718
4079747990
4079423654
4080283814
1934885030
1636961430
1938958535
1941055489
1940023553
1403055361
1944364293
4083454725
4058415637
4105602613
4103585317
4119116325
4123834917
4060913189
2987185781
4061034197
4061017509
4062131373
4074374317
3803841703
4055498942
4038791374
1961566286
1953112846
1412043290
1411977770
1417164330
486029866
481827131
1553483784
1570424904
1603971272
1591388296
1582869900
1582862988
2121892508
2121970324
2104144533
4234851249
4230656483
4230709602
4230697314
2083076082
2083007218
1831348898
1869298338
1873742818
1856833763
4004250628
4272693252
1991041028
2003607564
1999413288
1999429672
2004738088
1958408232
1419432234
1419429098
1418317034
4094216378
4094462362
1946585742
1946593934
2005313230
1988526350
1989640206
1584910351
1597333543
1563763493
1547052581
1561725479
2136885814
2124204562
2123925826
2123992130
2124055618
2121965763
2134548672
3980046544
3963265248
3963265248
3963351520
2906199712
2940012192
2939950755
2952537830
2914784998
3183219438
3030914046
3030914270
2494051530
2512074954
2509842635
2245536203
2270706633
2270920153
2270848457
2270851275
2279297227
2279194842
2279199994
2269765102
2269765102
2269904894
2269900767
2245781455
2245785551
2178537373
2178439085
2170050477
2172213165
2201572765
2201583005
2205773053
2205904125
2205871197
2212232205
2203966477
2187187484
3261059356
3286224956
3252670524
3235901468
3235893308
3491598632
3491532584
3491727912
3490613784
3490617928
3507272392
3528234696
3529294792
3529327560
3531559801
3539891051
3607031594
4141804334
4141672814
4141668574
3596455054
3596583054
3592323214
3577663630
3560321415
3560059573
3698472612
3702603428
4239408805
3165662895
3165660878
2645616462
2674955566
2670756911
2669710381
2669722636
2673977612
2674109196
2641533444
2641551172
2673006037
2673000934
3212296422
3212136678
3207020790
3076964678
3076976966
3086149062
3085985255
3041945063
3037756911
3021148127
2488413903
3025282767
2496795211
2497053195
2494890811
2494300458
2494046250
2494049338
2498246699
2222458921
2222655544
2239437832
2239456520
3355009288
3334074649
3331969387
2257158378
2261356778
2261365994
2269760682
2232143274
2215282394
2220528330
2220597963
2222510683
2239297067
2254040875
2254104891
2262559017
2262362409
2262359352
2256061704
2264498952
2263515944
2666168620
2678755629
2650509677
2633729157
2623453317
2619336853
2619107493
2619087015
2619215031
3155559591
3205895079
4143059686
4138799702
4138787334
4138788358
3600853767
3600857095
3621951591
2506266727
2485291383
2486357767
2486357510
2486396438
2502960950
2507418918
2549361958
2274762022
2274757926
2241728310
2241662534
2224817862
2231125718
2365376231
2382153191
2373770741
2405231829
2405297364
2407328885
2407521397
2273238485
2273230789
2281619157
2281684725
2262604709
2254224548
2254236852
2250075332
2266967237
2216506741
2216560166
2220756542
2228887070
2224565822
2224565870
2224561390
2224557310
2224618703
2241588429
2247748685
2239352068
2273021237
2273234229
2281106711
2281106743
2281041191
2278868263
2279065445
2278008789
2277881796
2269444036
2269446100
2266365940
2266941941
2266941927
2237585831
2244966838
2244898182
2244898182
2236573062
2236381111
2236372903
2245842855
2245916583
2247944183
2280449815
2213396255
2213396255
2213325118
2187651374
2187721790
2250726430
2250658846
2251214879
2256458239
2245974015
2496632509
2496630413
2496633484
2496641924
2488121748
3021777060
3038029988
3038231716
3071720868
2803033516
3809698220
3792925100
3792773293
3792707759
3796902127
3807466539
3824372521
3769817608
3768777224
3768908297
3773094410
3832335914
3828924970
3963109994
3977855722
3977974714
3977785786
3981967754
3990568078
1845111966
2092574910
2092509374
2092443798
2092509318
1572547719
1438261383
1476031383
1458205590
1466847942
1394999874
1093079570
1097282322
1105551670
1101324583
1134883109
1139594557
1131203853
1093523725
1362012445
1345235229
1350220109
1356385741
1352450461
1373618588
333377756
306081876
373125156
373056548
370437409
370437665
382027297
377897473
109498881
97968897
207020289
205443329
1279247633
1283444001
1291844451
1287515111
1606282135
1589500807
1588120199
1592313493
1592574645
1583739820
1583588268
2099487145
2104598633
1970316333
1970317343
2003871806
1982900270
1981987118
4146238774
4112957702
4112958406
4101948118
4108247782
4106216162
3036501587
3053221635
3043780369
3044814689
3078438753
3086948337
2550077397
2549552599
3623097558
3620996342
3621082198
3579278358
3579143190
3588055062
1476354055
1476284421
1476263948
1451032700
1463555564
1463630316
1428155308
1348463516
1348459148
3506277004
3506210444
3506209484
3522069084
3522077244
4084048428
4067222052
2993480228
3001409575
2997670950
3001830630
2523662502
2502760598
2486057094
3559796098
3572373122
3568240274
3568043762
3568055986
3622577042
3596886418
3597083011
1206002049
1205997952
1172374960
1172324256
1163930596
1159740389
1159740375
1159949638
1147331842
1147326722
1155711234
1155760386
1155899666
1151705395
1168613680
1202631952
1466866692
1445824564
1445496868
1445521444
1463446532
1396315397
293470991
293470783
276759151
1885151789
1893491245
1893525032
1905044264
1905036088
1905036233
2010090441
2001641355
4128151435
4128150426
4263506858
3193856426
3202246122
3219023214
3219023166
3185402942
3185369406
3164381486
3164451631
2896139045
2896016165
2900148005
2889648420
2755430516
2805893332
3862867077
3795772549
3795734679
1647247535
1650787758
1650726318
1642411438
1622487990
1622610774
1621566214
1621303814
1622221318
1890592262
1888501255
1887505925
1367760388
1468432132
3620038484
3604239861
3595911381
3596047559
3595900039
1447378359
1447968679
1389239975
1389313685
1390229125
1398023045
1400201629
1400222125
1903669485
1885450285
1885381949
1616948025
1616947753
1617009193
3764554297
3765600795
3845292619
3845243243
3845177387
2771476521
2775733289
2783145257
2783013145
2783045897
2783182089
2784216329
2817770761
2815672651
2815615307
2807228383
2941409022
2941470447
2941263535
2941263535
3218085807
3184539071
3184533983
3167957471
3167891806
3167822134
3184551206
3184585766
3147037718
3146967046
3146956038
3218509078
3219096887
3210314101
3212349941
3208159652
2805527717
2805529781
3879464101
3879363749
3882512813
3892199821
3891676108
3824317256
3815798328
3815800360
3782228776
3849329449
