1551776782
1557801998
1557866526
1285101878
1285033765
1285033504
1301832240
1306063408
1566085680
1295553136
1278907072
3291121600
3291121024
3307963795
3307855251
3341499826
2255436706
2259630498
2259433954
2259433826
2260478242
2260479234
2260608774
2260689431
2277302839
2243736103
2230092389
2230093565
2221508284
2221455004
2217541276
2234276540
2234457005
2272147693
2272147567
2247047215
2246981647
2246978575
2246976783
2247041295
2381058366
2381071662
2382122094
2381110374
2364406246
2356009431
2356140487
2372794823
2372786519
2406439767
2407431031
2399038326
2399103350
2390554998
2389494135
2389563479
2389694485
2389268757
2389268757
2390440213
2407147799
2373658935
2356886327
2356874102
2365201271
2230991735
2229803895
2229816151
2246855495
2246892503
2272123895
2272262631
2272262629
2272263669
2272132559
2272132557
2238701021
2238708205
2238708205
2221931005
2221931487
2222980093
2239740413
2239610333
2205005261
2196616669
2196616703
2188230125
2188229101
2188237165
2200946975
2201897231
2168334597
2153655573
2149461301
2148482357
2148273461
2148273940
2148278100
2152472388
2173459285
2173459285
2207046501
2207243109
2207250789
2177759589
2169371109
2169371093
2169502151
2169502167
2169502198
2169502198
2198714870
3272456694
3272456662
3239033287
3239033797
3239033541
3239033557
3238903493
3243032279
3243022070
3243087334
3545216230
3545212070
4065179030
4073559430
4073559430
4089951391
4047942845
4026967228
4026985884
4026952588
4026935964
4026935981
3771021999
3816824750
3868202190
3870302414
1995514062
1987145951
1987309805
1987306861
1987176429
1985013749
1985065943
911446351
910397454
911447054
1712564239
1714595869
1731373093
1730328868
1735560996
1744012868
1733345996
1699766980
1695556341
1611866855
1611806694
1615990118
1626671142
1622415398
1621370934
548759815
834071301
848731909
852854020
839156756
839160865
570733601
570733601
1644606497
1649844576
1943454672
1895711360
1887388288
4029497984
4030546656
4043174628
2694639333
2694638319
2694621823
2694625919
2698812031
2703204047
2722026191
2722099918
2721854366
2721853870
2721853614
3815644334
3823507694
3819378814
3820443662
3820481550
1656021006
1658101775
1649713197
1645522985
1644466233
1644479512
1644448056
1644583528
1646160617
1654549161
3804056235
3819722378
3790344842
3765174922
3765322634
3773714666
3769590894
3769395246
3770443822
3774114830
3765822479
1628893261
1699106885
1967607925
1967404391
1967402279
1967601974
4282784534
4291693110
4291500598
4270456598
4270454534
4270444870
3733508565
3683180980
3687376804
3646543796
2555006884
2554990501
3624536551
3624741350
3624741350
3629071846
3637120967
1485506497
1502377920
1506599888
1494016480
1494062304
1494195312
1493547024
2030348305
2034296851
2068053271
2067986230
2067985206
2135081830
2135081958
4282434038
4282709463
3754225111
3754228215
3754359287
3620657655
3603876342
3603889254
4140822774
4157444566
4157444446
4148463455
4064642935
4064464693
4060268821
4060175412
4060380196
4060423276
4060487772
4081471708
4056339933
1892079565
1619894221
1619835485
1624021565
1615628589
1666161727
1645196317
1644994589
1645015061
1662873636
1696478500
1679695392
1694371440
883826368
884879041
889138754
347942402
1419524450
1956436066
1956481218
1975429314
918469827
921535936
913150096
909095120
1043312880
2117071072
1982689504
1715238049
1853648289
1857904291
1873676934
1823349446
2092837318
2096965702
2088577042
478096418
494478370
492381474
492385058
534319650
513479218
247075331
247075395
247136838
233375686
216612822
212417270
212433638
212400806
78166678
78166679
1156095669
1177063348
1110351236
1177465988
1177465024
1445958096
1445900784
3593380768
4151223201
4109345267
4109209074
4108683746
3841235430
2757012966
2752557030
2886854519
2903697367
3977504725
4010894813
3994105316
3994095716
4000383084
4017291324
4025692188
3992137992
3975357208
3973260824
3969088056
3971078680
3971013144
2897517128
2897513160
2918485705
2952053387
2942616250
2791789226
2792764074
2793353898
2793354158
2935824814
2931565734
4022076582
4019979447
3889959047
3883802637
4113227789
2100011052
1701360685
3848845341
3848845324
3844712460
3844713228
3979053644
3845820108
3845822156
2774188772
2782839524
2782282468
2781964005
2781931495
2784019751
2784019750
2817573702
2809324358
2792547278
2792547822
2792672494
2792671470
2817837294
2818033742
2809559055
2809588749
2805459980
2771838012
2776027436
2784412476
2763964988
2763965980
2780808949
2778521317
2807885479
2803691175
2786905847
2787036919
2808077927
2817836903
2784253239
2775872791
2776048391
2775982599
3042321154
2773836130
2782164002
2782152738
2782185507
2767570947
2767632387
2784406275
2809586177
2805350915
2805793346
2804679270
2775323247
2783715945
2766945641
2892765433
2892982472
2918115464
2947451016
2812643464
2795812744
2933961352
2925564601
2942546603
2938368683
2770592747
2758963694
2758959558
2758959318
2901422190
2901412974
2901412062
2901551310
2918328526
3186763998
4193257710
4193258590
4184933390
2045972494
2045915150
1509105718
1536500006
1519805746
1524018450
2059898131
2051841041
2047650832
4195134528
4195139520
4178491072
4228814528
4228825792
4095607440
4097639073
4110165671
2763794342
2762738862
2812808366
3064477918
4143573070
4135513102
4129221710
4129221710
1914602591
1917764991
1917765631
1934522047
1896754845
3490652045
3490516380
1346712764
1356145836
1356144892
1351950684
1351627549
1351631406
1351665198
3566521902
3564419630
3560221502
3574901006
3575491854
4116686669
4115366733
4115235549
4148806397
4148938477
4148877037
4133218285
4133088751
4133092495
2002640013
1965022412
1902038220
1884736708
1884734933
1884809205
1884681845
1884672631
1909773175
1641345911
1674928439
1666670903
1935094039
1934963007
1934897454
1901539631
1901462843
1901528411
1893551563
1893522378
1906113418
1939139466
1939144586
1926612938
1918268874
1914593498
1916674298
1933451370
1904156714
1375675694
1421159726
3566477070
3587444494
3318484542
3452700222
3481802302
3448386109
3448398396
3448365692
3432572604
2295893684
2288552868
2284362156
2284427439
2301212846
2335942862
2402987038
3464143918
3472535894
3619324487
3619463892
3590100644
2503249572
2484387460
4095127180
4111919004
4110870460
4144391869
3821405835
3822456458
3824946106
1676150954
1676159147
1676155065
1667968136
1932140936
1898586824
1881809420
1886282284
1890374447
1621409062
1621395494
1621399606
1642436630
1667663878
1646431174
1645381254
1644331655
1711301310
1711284910
1711284714
1733439594
3891399722
3818915882
3819702282
4155320330
4155140874
3618302474
3618369098
3618158282
2646115979
2640036523
3709518763
3692741593
3705627352
3707577896
3698929192
3710389032
2636728600
2636896312
3173641256
3186155576
4255686920
4255687369
4189631114
4187592362
4250503914
4011428586
3996748138
3996748014
3865684175
4000033992
3996116172
3997065420
4011204812
4245037935
4095087150
4107403822
4105242158
3030662702
3030662958
2494314798
2494040079
2247641167
2268711375
2266713807
2266658511
3311019743
3436849150
3431671278
3432586414
3432536237
3294133388
3306740876
1192885388
1443554700
1461381004
1461381084
1465573356
1465732972
1465675581
1427910463
1461534526
1461663550
1159661374
1172259134
1167704366
3314057518
3314057278
3314070790
3297357126
3448285653
3469323188
3469457812
3327043972
3322842244
3323888772
3525214352
3527311536
1362014672
1349427973
1357877781
1348851263
1881537087
1881467455
1881467439
1881532973
4083678061
4092907001
4089217163
4057776265
4049391769
4045271273
4028522991
4041107055
4036945447
4036951591
2965175847
3082612279
3061640471
3057499223
3057556679
3055474119
4128068486
4128055942
3842978446
3763208942
3772647406
3768399342
4038868206
4038864079
4040960205
4049365196
4083149020
4089874668
3011939836
3012003148
3011811084
3012862492
3017122364
3017187900
3002503717
3061826087
3057501998
3057569070
3191502974
2944366846
2893895934
2893961430
3965639886
3965117638
3965050950
3910197270
1761665079
1795351586
1799545890
1807897634
1875072082
2143777986
2135303298
2135827842
2135823762
2135887527
2143755941
2139429557
2122324661
914373301
382745533
374357405
303053965
303243397
326246533
275935621
284357589
280220181
279040567
278967847
283176487
811658791
824467247
858213679
863374655
846601343
869737722
869729498
899026378
885415242
885353786
885287722
876896122
876627834
339833855
348283645
348316653
474071551
474010103
473998359
205630487
482588983
496155443
395483921
378965248
383159552
373799936
303014944
304014448
303699136
305792385
289014659
812319394
817431206
815559334
1889329902
1888265802
1942793998
1925679423
1926142301
1943976413
1935583692
1931410572
1964967311
1967003038
1966487470
1903572910
1911961254
1907692198
1905537670
1939088262
1402003854
1401988284
1404089516
1404353724
1379173596
1379369036
1378254860
1378275352
321327161
321261610
325464874
330176058
330174010
330242586
1403808282
1459415562
1459134219
1475907019
1475906955
1441372057
1978243000
1953084344
4096373752
4096373624
3827995496
3828257384
3828277992
3828245224
3829281533
1681863421
1681134251
1679036842
1691615338
1955595306
883951659
363857979
397486089
112404489
112454413
116426253
116687567
107905422
124682638
124686726
1147842998
1148108194
1157609890
1155382178
3298600610
3298599650
3583287911
3616842279
3616842279
3616843559
2549398823
2538969125
2518124581
3054934036
3054943556
4127635268
4127642180
4127609716
4077261300
4049535477
1893662894
1895636142
1887254702
1954363822
1954495406
1977039551
2010588813
1991271116
1991299656
2011202072
1969267240
1948296744
1948363304
1952561960
4108433709
4105287725
4254325791
4292002830
4292002078
4283679022
4279493934
3171153214
3171409214
3175472447
3208961309
3217345820
3200566556
3196408892
3196547196
3196395765
4270661879
4274856102
4249751974
3691905966
3692692222
1549476366
1549279755
1549279753
483927817
340519177
353208377
370968667
370968779
370968715
373131403
372211851
372674703
2134290575
2081858039
2086052199
4232504611
4173614115
4173347875
4173341027
4190249811
1501958851
1503527651
1505493735
1570254567
1574447855
1561914319
2098768335
2098768335
2132519119
1729801679
1734250959
1733198669
1665499693
1644466725
1644553765
1644586517
1661347637
1661416741
1627850021
1640825957
1636764901
1636785621
1636593095
1640263111
1665457479
1661263222
1665596518
1632038374
1640425959
1640430581
1690827733
3838042053
3846281157
3842027975
3875582407
3858887166
3863138798
3871530990
3867335407
2810436333
2776886012
2772528076
2751541132
2953002380
2952923036
2973898668
3015914157
3011711662
2727432958
2729759710
2746544478
2750723358
4048848158
4049440014
4078878478
4064210702
4064176414
1983658302
1981548670
1981683903
1985882287
2124295343
2109605007
498991245
496370061
529990093
244331325
244343597
508617007
504422703
504407086
521319754
470982090
1012042122
944933258
944998810
944802234
944826794
943745514
961555819
978332969
712062248
712128296
719460136
736233244
703667980
684732172
676362508
675338524
671209789
675535165
675535661
683760429
683677997
675297573
675297575
675289383
675354919
675494775
683883127
679557751
679557751
679557751
696269383
696269639
701778759
627964279
627964279
627964279
627964279
627964279
627964279
627964279
627964279
627964279
627964279
627964279
627964279
627964279
627964279
627964279
627964279
627947895
627947895
627948023
627949047
560840191
594394623
594394879
1668136703
1663942335
1663942398
1663942398
1663680250
1630174954
3777641962
3777637610
3791207546
3787078778
3787076731
3784979545
3784993993
3783880075
3788041098
3779656330
3775450762
3775481754
3775615930
3846845354
3851034986
3852149050
3837354299
3836243256
3836274968
3840469768
3827882760
3845771080
3845900104
3877361481
3877361483
3877209978
3881539370
3889935659
3885741355
3885610297
3889730331
4017672987
4011422266
4011532906
3977909098
3984195946
3992584298
3971682411
3970642009
3987285065
3988335689
3891914825
3889805641
3889740105
3889740105
3856179016
1616413512
1614316104
1614516840
3761955432
3759858284
3759862372
3758737252
3762933232
3771452625
3783969921
3872051329
3863670913
3860492677
3860550039
3860689319
3863818671
4023133677
3986501613
3986517976
3986517960
1842702152
1830119240
1832129865
1832125787
1832193515
1710690219
1706442671
1706438543
670377869
670044557
911282332
852635820
848441532
850600117
849354933
849354917
849372389
601943271
568384623
568383871
593623391
576911823
576912839
576879943
572603751
639647015
643841319
644029735
652369207
648117559
664862007
631282967
635476759
618773367
744598519
761379799
758225879
758356439
790821111
790816999
790849783
790706551
795024231
660806183
669194807
669071927
631257911
664812823
664810759
664876303
597782799
597818651
597793563
593623835
559987227
556042811
557693307
559856971
567213387
567141659
558384443
554262395
554262379
554400111
592148847
600537455
600537471
596212063
600406351
600398175
558488543
558488575
558496255
558496223
558628351
567014911
567013823
566882715
566866331
558477723
558478267
558478267
558479291
558874554
558873242
558873226
558874315
554688075
555214411
555116043
588719899
588592955
592778537
600249385
596055081
595923993
596980745
597521417
601736473
593347897
592303995
592287595
592287099
592295291
592295291
558732667
558732667
558863227
558887803
558887803
558723963
554506107
554506107
558830955
558841323
567229691
562904283
562920651
562951371
567129547
600683930
869110202
851816859
843428251
843559833
306684857
315078568
1388756392
1388756440
1388751304
1455861080
1472638328
1473767289
1440215839
1440203534
3562193694
3561116478
3426902310
3443991847
3443860773
3477351732
3485805844
3485941012
3481673540
2408011604
2374260605
2357493615
2227470126
2218884398
2219003198
2219138366
3318019390
3250910510
3544487214
3510928698
4043604250
4043670859
1610974409
1610980569
1610980505
1610980505
1611111577
1611570361
1611570345
1611579369
1628352233
1628366441
558753657
558691705
541914232
1678570616
1678201980
1678136684
1682068844
616716269
616777725
616642517
750790597
750792647
742469591
742596435
750985075
750993203
750860083
679556867
948122370
964825602
998638082
981947906
982384130
986512962
441039683
436841939
1510600177
1510565329
1510503888
1527322608
3754637024
3750442720
3750442720
3481827313
2408084977
2257386851
2257427810
2257554738
2530184498
3603275042
3594820642
4131882035
4127622147
4127622147
1711707217
1711717489
1711717489
1711709299
637721831
637662439
771846639
776025087
793981915
760419289
743641561
743642073
743520217
751905529
748026601
613800697
613784265
613726921
617934281
605352136
624181464
657850600
657854952
628503529
636891883
615985883
613884634
613753594
612643454
612644446
629417486
629417486
667166223
659320589
890072349
894266668
894184492
869018668
864627772
847985756
1384842588
1384842620
1384728428
1384959789
1401720621
1401720703
1909230974
1909300606
1632476394
1632091386
1627897050
1627897034
554014938
554014970
554080506
554088682
554085610
587638122
587653483
587714923
558354473
625299497
608530489
608637209
608580889
742798905
751711785
747573881
747188809
747119305
747120329
751316683
751381242
1015753450
478886618
478681934
210243342
77071110
77398790
77464082
77476370
94253587
127799825
131945041
123590257
119396211
119265234
123444690
108764626
117153266
117029362
110737778
43628914
1117370739
1121557857
64601440
22654320
18591056
52148560
35363152
34199664
34207856
34199664
101317744
101317728
369685600
374076528
374013265
534502869
502909397
427415773
422140127
422131935
423311871
423312367
410724975
419117695
412686879
412695071
412626463
412642847
148400919
148433239
140044663
156805479
460961903
460961919
460962175
444316031
442153343
450608383
444185855
444185823
456760527
455843039
455793919
455793839
456842431
461000127
461065663
528055743
528052127
1031532191
1039851167
1018875551
1018941087
884576142
887731598
879289502
875095230
875127982
879322542
879455918
887824046
883691182
887895806
820799194
820274891
820379611
820371419
832853465
837038424
836776296
828453160
807621416
1885520696
1885505048
1625537048
1625405976
1625668104
1642445320
1667733000
1646625352
1646576328
1647051448
1646728105
1646665897
1676092585
1638141099
1638141114
1671638154
1940008074
1923296714
1927403466
1918949338
1918941178
1931518970
828416346
811700558
820154462
1893904495
1885577453
1902240997
1931668693
1914895557
1914887637
1919110629
1927300071
1927295974
861942230
828383582
811675966
274871594
283253054
278993694
10500919
14694949
14695988
14947840
14963200
14975488
15106560
6722112
7243648
24085904
36536720
304910512
304910497
304451745
304541873
304510117
1382427823
1910778351
1910778858
1910778602
1910709978
1939936986
1923109578
1923142347
1923126219
1927328217
1935778025
1898095869
807578703
807574607
807656702
824278254
857814254
841168110
845353966
853738223
849548013
866333437
832647757
820015689
820032025
820031785
543206697
1617143833
1612953624
1612814360
3810760968
3798113032
3793913352
3793912328
3861086732
3860972060
3995488807
4016448038
2917401378
2901149154
2892502194
3962057906
3832164498
3853136006
3853127814
1705645188
1739072652
2012753292
1999137192
1999239912
1999306345
2003762729
1944373003
1910813962
1910813966
1885713439
1885844527
1885779287
1885794759
1898365319
1898332567
1898385846
1931949478
862139582
836963519
832572845
832580013
832581629
832579273
870519369
870388601
870331263
836772702
291713886
300054382
300150766
870378478
870366175
870550477
870485453
862166477
857847005
857847037
857862383
857858287
857858414
841216366
845337455
1944310315
1906374189
1906374205
1906374168
1889597208
1910534920
1902203672
1898123800
1898058297
1348613657
1348615963
1348671770
1357134202
283131098
283137162
283590794
333856906
316850570
1386403722
1386473374
1390460607
1382067951
1398845165
1365288940
1902162396
1944289372
1944227948
1919131748
1919066212
1914877044
1646443636
1646500133
1663154983
1667284518
1675738918
1658950950
1650708534
1646350342
589303878
589373686
555884711
539104679
551683759
547489471
547554959
547358413
564143821
568356444
568356444
564193868
832698956
832765517
1906499149
1944245839
1944143231
1918914862
1918914606
1935765806
1935831358
862155070
828502814
837021983
870446399
861994303
1935714335
1931716685
2004007116
1970441676
4117923148
4059202076
4058022444
4108358188
4108640808
4125385257
4125368890
4126090858
4125896938
4117496042
4100718826
4100797658
4100877454
4101957775
1886841229
1903684493
1901390751
1930821006
1914098822
1651949718
1667678358
1667481846
1667260647
1663067365
1667311077
593704948
602084981
602084981
601896501
601896495
601895471
870331198
870535950
870543630
828862734
828764426
811877146
812928794
810895642
810965274
819358026
821455050
867658123
313804168
317997464
308658584
305512856
842383784
842322345
863299497
833678251
816970651
817102799
284358095
274915791
274850015
270557439
270622959
274883685
291664148
325210372
39993612
48321308
48355132
48291644
60865071
329296422
1403497254
1403500806
1390844934
1378780358
1378779271
3526267013
1395626128
1931981232
1931928224
1910989472
1907831460
1890849445
1886664103
1886662063
1882467503
1886797247
1894129567
1906718411
1906320073
832578121
832595529
300023675
300149099
291760363
287440123
320918746
325177802
333693386
870564314
836882794
820044906
811723882
811788794
811792846
828563406
862177230
845206494
845214703
1918952429
1944183277
1910632940
1893855596
1893986652
811688284
828465497
828601641
828595499
1902332266
1902123322
1969240842
895556362
895568650
895684362
929117978
937698074
917336859
917164825
2007683896
2108264744
2095625576
2087234024
1546164632
1563072920
1965734792
2003484553
1986709387
1919861131
1919336859
1936122347
1936171497
1936041453
1936041469
1935713757
1902179789
1902376141
1898139893
1881358567
1881362919
1881285350
1902260982
1910641366
1910575814
1939895254
1939890430
1944089726
1935694942
1935682638
1897999438
828517754
811743082
820123515
820053851
887101001
887101017
903935609
937486077
920696541
921016013
921012175
921548255
913155326
858631406
590331118
556788990
556754174
556691694
1634603503
1642463983
1642529389
1621389924
1621422676
1889924676
1889646084
1889572364
1893768973
1902157087
1935776831
1931713646
1914870830
1914893374
1914892318
1919086879
1935921981
4158903852
4158903852
4158772796
4150392588
4150392076
4112971012
4112963332
4100376372
4109796900
3166146100
3170213397
3170148165
3161765719
3178550774
3174553062
2943865314
2939666914
2939474402
2922705894
2927096790
2935412694
2931160918
2931090806
2935808375
2944163959
2906480757
2772324477
2755548540
2755546492
2768226684
2768227165
2764036941
2780805901
2815733263
2790564367
2786386447
2787111551
2789167855
2789016494
2788950958
3882620846
3848608174
3840350654
3840350366
3852672158
3853726862
1739796686
1739792399
1739612173
1735401736
1966088504
1949316905
2083666731
2096249642
1421216570
1421233098
1438402954
1471991178
1471709582
1470664862
1470804143
1433051373
1412096236
1412096340
1412098820
1412057604
1428900368
1445513760
1449982501
1994696486
1994826054
1994817990
2129035398
2129035414
2112266595
1828561189
3967594796
3963396904
3963399976
2887625256
2887711272
2887699048
2893794280
2767734713
2767995787
2766947211
2783724458
2775019946
2775051690
2809654763
2801264975
2801199119
2801249293
2792727565
2788471837
2805444925
2771833645
2755576375
2754527797
2754429541
2754368484
2758555556
2691440036
2691242420
2699762612
2695568060
2712353468
2745907868
2745777820
2745708188
2749916532
2716398645
2699882549
2699948093
2716840991
2750327822
2733549590
2733553974
2726267174
2787085110
2787085110
2803806006
2938038110
2940135262
2939602935
2808432117
2808368565
2800057524
2934274228
2951051445
2918709397
2784426455
2763455446
2767649398
2767583798
2759126582
2775903798
2771711798
2771702070
2805322038
2788675894
3866580286
3866582078
3865532478
3865401406
3865368698
3882211450
1701238859
1686035531
1686033483
1685050715
1684928379
1819115375
1818582893
1835359613
1835367807
1835363415
1877435511
1810357367
1793580407
719575927
711064407
1802627671
1802763095
1769208647
1750269255
1750330695
1750199669
1766911973
1766969317
1769033717
1769037749
1766948277
1834053013
1817275829
1825663157
1825659301
1827916277
1827916629
1827929943
1844700935
1836311815
1867769095
1867640183
1867643747
1869728615
1836305143
1836272342
1844666326
1836283334
1702043846
1699815638
1699819750
1699812838
1708199935
1708333791
1691564639
1620142687
3784436317
3783372365
3783309005
3821056719
3791684303
3791684287
3791751086
3858945198
3858955438
3864231086
3883076783
3891403933
3890357405
3890357468
4024575452
4024645116
4024510420
1872834421
1872834165
1873223254
2108104518
2107844550
2108842950
2096296902
2096333718
2094044598
1817229735
1832954279
1832954101
1866709077
1863498773
1863495701
791842853
758366245
757256229
757234737
790780211
778258723
778128162
787565346
720489266
714202898
714259715
731036675
685149187
741835843
741704901
741708965
740677029
740349869
745559725
745569965
745615021
1817259709
1825652413
1825652413
1825652381
1825646239
1821451935
1838245519
1837196943
1870753423
1874881167
4022397903
3888249311
3888315887
3889421821
3889288525
3883004239
3883135327
3883102575
3882971503
3882972527
3880877951
1867734879
1876155199
1876089653
1878231319
1878235159
1836170247
1831969799
741449735
741584951
672329773
672387117
672253421
675401644
675367853
675371693
683793085
701627071
701627359
735177694
717351774
708962590
708962622
709098814
709090622
792974622
760477023
760477183
760446375
760434087
760303031
793861047
802249399
802380471
804477591
787708631
787606087
804383495
804514567
804514071
804519189
762434581
674292757
674358325
674427940
674448876
676414892
676417468
743530428
751926972
1825668796
1825667732
1825663636
1838279317
1871834071
1854009286
1858200838
1850859526
1850990622
1848833342
1848825150
1869795135
1836306239
1836178041
1819409145
1819410425
1819377561
1836146617
1869697019
1878023658
1878097274
1861319998
1861450782
1853062174
1835230238
1835164695
1868723205
1851933696
1785941808
1783660128
1791020704
3955284640
3972128432
3973242496
3973250688
3975400065
3971008930
3974154466
3957381154
3932223522
1781721110
1781722134
1781689398
762528822
743572702
609361295
609429903
608246719
541072047
549460655
566311614
595668638
595666654
579936847
579936846
579887630
578856462
847284743
851478785
1913096241
1913108529
1913038896
4144409872
4145452560
4112417472
4231971457
3962495619
3966748307
3970731938
3987507362
4020537506
4003768563
3996624067
3996573763
3996573767
1848041575
1848045935
1835418990
1827031930
1826769418
1827129883
1827003163
1826679067
1826679819
1818288137
1814159369
1815343145
1815277929
1813238637
1817300589
1834082029
4015128317
3998351101
3998314237
3998448381
3998436093
4008790783
4008790911
1861245246
1861351454
1878124574
1819405342
1819409438
1819474958
1819470862
1817365559
1750192103
1750125285
1750194853
1769069237
1769200276
1800632980
1783720700
1792043773
1792043775
1792039295
1792038942
1800436766
1766943838
1758688479
1760711903
1760713885
1758658461
1758583485
1758591676
1757543165
1824586493
3988843103
3980454671
4009815821
4010012463
3994212143
3998402351
3866314287
3866183405
3866185469
2800831165
2799786653
2816563613
2816497821
2816497821
2816727261
2817715293
2817715231
2951933214
2951933758
3992189502
3982744126
3966094910
3961904926
3961912598
3966073911
3898887287
3898625269
3899743477
3916593332
3916585396
3956498324
3956506260
4006702740
4006669973
3956337397
3956402935
3922852566
3921804118
3896568150
3897616406
3893451830
1752321070
1836270655
1836270621
1869804637
1794305276
1792269788
1791089628
1782704860
1783753468
3931368189
3956529917
3906194015
3964861007
3964857871
1817443870
1817239086
1817247022
1819343918
1819342910
1836111934
1836238910
1869797470
1869793375
1852952029
1852956157
1851907964
1869733756
1844698996
1836318549
1819536981
1836279509
1769042679
1768968934
3950007214
3950015422
3947986362
3947985306
3948112859
3939757017
3941849721
4008827480
4023451144
3981502280
3964789064
3964854649
3964846315
3964911854
3990044782
3992142974
3983635838
3983633786
3966990714
3975338362
3973302746
1817300443
1834018187
1866490267
1715560891
1715688379
1724056491
1725109179
1741756347
1674788507
1641233035
1643264651
1643331227
1672552411
1672742107
1643393226
1643389130
1635198026
1635138682
1642467179
1638271723
1671503579
1739600585
1739596489
2008097481
2006135545
2010202731
2010170219
2010178874
2001774906
1968220186
1951442955
1953675531
1978834185
2012382473
2004254985
1987551609
1987502893
2004276013
1971241765
1954496807
1950298231
2083987671
2083992791
2087912662
2087914710
2096242134
2089955062
2106596966
2106617462
2105601622
2143354710
2143352150
2126554454
2126640342
2126705111
2126705077
2126771620
2118252452
2119268260
2115067820
1980849852
1997764604
1968437212
1951496013
1951462749
1953552255
1953617790
1951651710
1968428926
1976817502
1976694110
1976593758
2012249598
2012378590
4151465422
4151707086
4150740446
4159002094
4158977387
4154778489
4154778393
3623147272
3588544280
3580163864
3580165944
3580321641
3580235115
3580759546
2507017690
2515410378
2549036378
2548905306
2246844730
2246583082
2246652714
2242588986
2242449754
2242401627
2246639451
2238249851
2234047099
3307985659
3312121817
3312116169
3320508872
3320435160
3320369660
3311981676
3307863404
3307993452
3307990125
3341544478
3342527502
3346721806
3336228110
3332099358
3332103454
3331947838
3489162542
2415486254
2414528382
2414531935
2414581119
2414382461
2406009133
2406013740
2406087228
2406149692
2414536252
2414567996
2380804697
2380792537
2364081067
2364146091
2364212393
2489863337
2238208137
2234050696
2267670920
3341543817
3341549003
3341538779
3609907674
3614110202
3622494714
3618365930
3584684523
3572036073
3563644921
3563706328
3559575512
3559578072
3559586296
3563714780
3580423372
3614172364
3614110797
3597358431
3614004526
3597227822
3597369134
3354031934
3349837574
3349893382
3349795094
3622351231
2548609389
2540213548
3077094696
2791947064
2792077848
2804660744
2805701128
2772146696
2771039752
2771055384
2771210536
2771193896
2771320873
2771255727
2783838638
2779644862
2779715510
3048028086
3047964086
2511092102
2515286150
2234281094
3308187015
3341741445
3341739460
3345933772
1206838596
1197864277
3341055861
3307493231
3307566462
3311891838
3320010110
3320141118
3320141118
3315954974
3315950878
2242143550
2376361262
2376889658
2381075770
2381137194
2381006138
2380940570
2381037882
2380853611
2380849515
2380829177
2372506072
2355736984
2355733912
2372517368
2368462776
2401950136
2267732376
2267708873
2271964635
2272229306
2272228282
2238534650
3320599514
3320665050
3320836570
3320832507
3320833401
3320689976
3295450392
3295452476
3496779068
3492588572
3492609084
3492805684
3492738132
1395549380
1378775172
1382957444
1384006549
1392329399
1390178998
1391747758
1391748846
1407477358
3546607210
3546607162
3546807066
1936063258
1935998778
1935995162
1944571931
1945030664
1944997896
1936588808
1361969176
1345131560
271526696
272575272
349965097
345787163
344771018
396133514
379355274
385781902
376352910
372154766
372171670
1462695607
1433300709
1417488932
1425813028
1953246764
1886151036
1912393948
1943851196
869056703
869056702
860782766
810459310
1951310238
1951313358
1952446798
1954335502
1434241854
1475332910
1458498350
3739954494
3739758862
3731427598
3748270366
3723105134
3635024622
2561225454
2561176286
2561208975
2561209017
2565404393
2288582376
2301119209
2301303545
2301246299
2301242138
2338993434
2347446330
2330472506
2326323226
2326323227
2326376473
2326368312
2330494056
2322173432
2318110168
2603255240
2569704904
2552951240
2552948680
2558164825
2558147195
2553887594
2553821546
2573737338
2573734922
2582122506
2577993738
2309624186
2309644650
2343068139
2343096809
2347286937
2338887064
2338953144
2339094456
2334916536
2301296537
2301296585
2301361609
2573989211
2573858171
2573983850
2582372474
2582372379
2565600267
2557072699
2557007211
2557055337
3630928249
3656102360
4192842200
4192784888
4184396920
3643398248
3643529257
2569697339
2569676826
3676974346
3681227546
3672769306
3668574778
2594902650
2594730603
2594730601
2598917977
2322161481
2339010907
2305452314
2305452298
2288729354
2296986634
2296976666
2296975674
2296910203
2296906619
2296926969
2313778921
2347335401
2330525433
2322136795
2322095963
2322089242
2322321690
2339041562
2347410234
2347410219
2347479419
2347275353
2322107609
2322128089
2317974745
2334800987
2301246555
2284467514
2288661034
3370791466
3366531595
3383235147
3421000281
3421042553
3412653560
3412655576
3374972377
3358318025
3358219723
3362414043
3362487674
3362352506
3370710330
3370709818
3387667002
3387597371
3417027433
3404239208
3404234984
3664284904
3660159224
3660298456
3660232920
3660248265
3660247513
3681178587
3689567227
3655939066
3639097210
3630776187
2557165434
2557165178
2565547642
2292789978
2309493451
2343060187
2326283003
2330481659
2322330587
3397051337
3397051865
3464144281
3480993208
3715677624
3698900376
3697909144
3693843848
3693843864
4096365464
4096373752
4096504552
3828262508
3828262460
3831932540
3848664692
3811963636
3795079868
3795063484
2721317804
2792621229
2801011885
3886352623
3886430430
4154861646
4154861582
4158860318
4125307166
1969303822
1977823566
1977749855
1441923369
1431314728
1548759864
470821692
340798268
340884020
340949780
349370631
349344770
1173454850
1181909186
1176928386
1176928386
1311146130
1315364274
3471212466
3466995362
3484690086
3719570087
3568591535
3566527405
3570791853
3562855869
3558645173
3558648197
3560417735
3560352198
3577130246
1429651206
2004258562
1987481394
1995873329
1723307056
1727370288
1714729008
1714728992
1646571552
556175472
539922592
539936160
539872932
544071332
1617746596
1617713828
1626168229
1642953717
1659759445
1659759173
3807374855
3806850582
3806839350
3873751590
2816787047
2758107775
2753954383
2753969871
2754030223
2758032047
2766412463
2762215343
2711881102
2711889038
2711889054
3013881006
3018095791
3018292367
2976312519
2976310725
2976108885
2984366357
2984333621
2984316965
2447447084
2472613932
2468681788
2468812860
2481338652
2460367644
2460440095
2527909386
2545735178
2530787882
2517156586
2517156526
2652618926
2665124014
2595942557
3672727692
3676840140
1479025740
1479158796
1479158572
1479159340
417994287
413729290
413676042
146286090
198768458
172527594
180923306
180923306
449424267
449351563
450398105
442008249
1532613289
1532617384
2069865385
2136908201
2127995113
2119348333
2119209007
1599119406
1597041966
1563490606
3709041470
3692174142
3696368446
3704757086
3717336910
3717334990
3751105933
3751080348
3751076284
3746861484
3744760232
3610739176
3577131496
3576868728
3610356505
3614484763
2003941659
1995683899
1987229739
4134968383
4133913615
4133928975
2003234831
1998987295
1999450175
2100105326
2101285230
4236119662
4241893998
3700763262
3700697630
3633588750
3634134542
3634157070
3432838686
3382485567
2577183343
2610738149
2598147045
2589759460
2585630180
2585232628
2652279876
3726044164
3726011396
3742513173
3742513427
1595022130
1607600674
1586563618
1586775587
1586877203
1593217347
1584824515
1580630147
1562869891
1546491058
1546630562
2087696033
2092941024
2090711652
2111613732
4284279092
4262258724
4263443492
4279946276
4246389767
4235904007
3967470918
3900431958
3908689510
3921272422
4021870178
4005353059
4007449937
3999071297
3994873028
1780476148
1780414564
1780402277
1803471987
696245250
679472130
679472386
679337266
687721763
1760353568
1760427296
1761527232
1752617344
1746395520
1746264736
1746170533
1767117478
1878001326
4021356206
4021295018
4021296362
3991944394
2893097290
2893163338
4243728922
4239526442
4239855194
4256433738
4122223307
3618910921
3602174360
3606369464
3604282552
3595893944
3591699708
3591693404
1444307228
1444307724
1467355924
1551316500
1551646513
477903649
478075697
1560185089
1555991553
430407873
442536065
975220881
976335025
973313185
973188257
977333473
977300579
973218819
990262323
486870050
1549602594
1560153634
1555957442
1555957378
1488925314
1487610498
1235972739
1252640402
1256769170
1256775314
3395874449
3395939828
3422088556
3422088296
3422088488
3401117496
2600005176
2598950441
2598934058
2599137834
2599137578
2573959470
2557116702
2558181710
2558190534
2558157511
2558010021
2555913637
2555919533
2555906223
2556102831
2558224527
2566614223
2583322959
3489358607
3485168415
3451474735
3438874925
3438875940
3430485284
3426420996
3424532804
3424573828
3441351572
3462389637
3472339335
3468132742
3467739318
3738210470
3725631654
3725631718
2668668006
2635262214
2639456518
2641624374
2640797494
2649118486
2649192214
2649716518
2611988263
2612842279
2616774613
2606267333
2602052487
2602053511
2602186646
2573080494
2575172014
2566848942
2562527710
2562467142
2565631751
2565663236
3362582044
3362061852
3378960156
3380007708
3648443356
3644245404
3675540925
3675540911
3410258350
3687147694
3683024058
2340838874
2346145050
2415183130
2414137642
2414194986
2380771642
2381291839
2649597213
2649529692
2642185468
2641791164
2671151292
2671168668
3742561412
3742556613
3742527967
3744616830
3748881198
3715130174
3757073214
3757107002
3753309978
3719757595
2645950233
2649022233
2641153864
2569915864
2571095545
2604582393
2608784329
2608259919
2608263695
2574766655
2583163695
2566250799
2566186349
2564093037
2572481789
2572514781
2601940429
2606126813
2606137071
2581495535
3655303167
3638318559
3713815805
3715395837
3749114076
3749114060
3749107148
1599401332
1599400292
1595205732
1595407589
1461089525
1461088401
1465274497
1473659329
1473758163
1473693427
3616994898
3623282178
3623216642
3589564198
3581179686
3581695846
3564984190
3573508063
3573512159
3583899613
3583824349
3588019709
3590124649
3623670891
3581793595
3577730330
3577632522
3711857422
3716051230
3724222526
3724091450
3724030010
3715837979
3748270345
1332347656
1340740104
1340806664
1307123224
1290296888
1281948216
1277729656
1277926873
1279104395
1295815050
1316782474
3472785818
3471737758
3472806654
3472814830
3472648046
3472631086
3757580590
3757773082
3724087611
3451392313
3438834553
3371728760
3363392376
3359230329
3359238235
3375986698
3409656842
3397062666
3405381642
3401191738
3400208682
3400016682
3416793899
3371709228
3371726716
3371728756
3363364720
3363364848
1211736048
1211874992
1209640593
1228579714
3392840578
3459940738
3471475074
3467608466
3468658038
3468229926
3472419118
3405310763
2348346155
2347269435
2347259195
2322087963
2322284571
2608578683
3682332923
3646677497
3655067064
3655049144
3654913976
3682127256
3682125208
3678007752
3644514761
3627709403
3627692891
3631887998
3640209198
3640143662
3371707694
3371726110
3379253518
3412742478
3404383054
3467297758
3467236079
3467162285
2397631144
2322126776
2339952024
3376151768
3644587096
3627776121
3631950907
3630900538
3630835498
3655996218
2313831194
2313765642
2313736970
2314790747
2314790763
2314789755
2348413819
2348532571
2331722587
2323334523
2390449514
2390449530
2407259611
2382097883
2365187547
2364077019
2355676121
2355675993
2372653689
2406147705
2406149753
2406215545
2415519737
2415458297
2415449081
2415509977
2415575512
2382026232
2373709288
2406083561
2406021625
2401827291
2406085851
2406207706
2406203594
2372587850
2649415962
2649417530
2640963114
2640897578
2640896811
2650337659
2684076281
2684010745
2675687673
2641974520
2641974776
2624290280
2624286696
2640932600
2640867033
2640936905
2682910665
2684089801
2684088795
2649354619
2641097083
2641023867
2641023867
2640966507
2650339179
2650339195
2675701579
2675635995
2674515259
2657738027
2657744249
2657711449
2657644761
2670285049
3581542904
3581546968
3564774856
3573231048
3573234136
3564772220
3514440668
3514523596
3510400972
3510424541
3581707263
3587998702
3587998574
2543630182
2543625511
2545856292
2545849908
2516493840
2514347536
2489085456
2489069104
2489138720
2489130272
2496923680
2496923680
2514226289
2197752913
2197699603
2197689619
2197624371
2197298739
2197584435
2197584695
2197576501
2196560693
2205014837
2205023069
2205154141
2205154173
2272106877
2272041343
2272042367
2674761214
2658123766
2658121718
2657989878
2657991922
2653789362
3123034354
3139811570
3206994418
4280744898
4281269890
4017022642
4022100898
3857478066
4117639554
4096659842
4096657282
4100800422
4109643686
4105448878
4104400302
4120919502
4158874958
4142130442
4150514954
4150645050
4150621498
4117067050
3580327210
3588644154
3723451674
3724375838
3724375582
3707598366
3707597374
3707597374
3707597631
3707204965
3698676836
3696512244
3709095124
3741711509
3725059479
3724993414
3729191558
3737567878
3737633446
3599026095
3599036397
3603229677
3604799357
2522859357
2524889933
2541671261
3614437751
3615478119
3581891047
3581891831
3581768919
3565118677
3565057477
3565045060
3564590364
4118115612
4126532892
1979049244
4160091421
4160222493
4118127933
4118066495
4095055679
3826753407
3829841919
3838679935
3855387453
3855388189
2774373919
2803819103
2805883646
2805867174
3845063334
3844866982
3857449382
3852731558
4121245943
2109093893
2142645248
1605837824
1467228160
1194614800
87515140
71192836
75419397
100584023
96389875
129862643
398240227
376742131
1444192467
387248342
387445142
355922838
360072886
368462498
364333810
1437981411
1435822433
1440017441
1565827184
1561632832
1563865536
1430160064
1467925137
1467926193
3623700131
3757856419
3757844450
3757843942
3757909494
3753786822
3755883846
3755834646
3715953974
3715945782
3699356951
3699356951
2625607445
3705440117
3722221285
3754747636
3729549012
4262278869
4262332119
4263380967
4275508454
4290065646
4256383230
4239577294
4241601742
3692078543
3691029879
3691030389
4228035381
4233294133
4241674551
4107715703
4107551829
4116180181
4149660917
4149648869
4132933460
4134899276
4143226381
3874799373
3874858813
3866599725
3883380847
2805317871
2769637551
2769629359
2769629615
2769761965
2782273197
3853979327
4105637591
3032235718
3032231686
3031723270
2494884870
2498227206
2515969046
2549527826
2524353283
2524365315
2524365315
2532693365
2532635877
2524216549
2675723495
2638040279
2487120967
3565086023
4101955911
4102018903
4100314583
4117099991
4147555717
4151745925
4135030164
4132750756
4132763108
4132758892
3864323437
3866486061
3891787583
3891680047
3858121535
4109828886
4235662150
4235408342
4235409398
4233175030
4233108406
4241501094
4102057446
4118865375
4153529677
4136867085
4143154956
4134649404
3878727212
2805050924
2738011676
2735904269
2735768125
2736042541
2735772267
2801844970
2802107054
2802107054
2768716714
2773423530
2715761834
2717718715
3819911321
3824035977
3807258761
3874368665
3871225021
3888001245
3888083039
4127019295
4126470943
4101366287
4101239302
4101195286
4126361190
4124133350
4124075494
4123028726
4248923350
4248992966
2001894598
2001894599
2004016343
1995560181
2012247285
2003837084
1970413772
1966216140
1970407133
1977814637
1977617007
1977625199
1978673754
2012348250
2012402651
2003993419
2003992907
2003861817
1987092781
1987092781
1982905636
1999879989
1999830839
1966275879
1949725991
3564503091
3497394179
3503685633
3500016961
3500084592
3499896544
3499388644
2475976436
2463950532
2195506884
2214446788
2180859492
2155634212
2151431716
2167150372
2184057604
2188251396
2197688325
2193567783
2193453094
2193388582
2210190374
2178729334
2170339958
2170147550
2170221262
2220548814
2220549086
3296261615
3292306925
3292371421
3292445133
3292440780
1430240460
1430107332
3611132116
3610743004
3593441524
3593385444
3597575780
3601786420
3601715796
3602698964
3535303397
3539477231
2457346478
2453148846
3510503598
3493726398
3493727374
3497923726
3497943438
1350427086
1348264398
1348248046
1373406703
1372359663
1942928341
3554585301
3529435797
3529434757
3613389509
3579691973
3581363191
3560399207
3564593443
3570722083
3570728227
3583309106
3757569282
3757499650
3732329538
3732391154
3725903074
3730171106
3747079667
3747075543
3755333079
3755267957
3755317109
4275543925
4275436885
4266978645
3746950517
3612859877
3579200997
3579199989
3562475989
3562353137
3562288099
3562369891
3570882339
3570917171
3570793219
3570723586
3570788610
3581328706
3612771794
3596599762
3596600211
3596534657
3598631665
3606958821
3606897509
3623674661
2549933365
2507994135
2508057695
3565153406
3565157614
3581402358
3581400535
3581363655
3614917061
3615314933
3615320037
3623843813
3623826871
3615429015
3581882839
3581878743
3590136183
3573364599
3573366327
3572837937
3572837937
3572776497
1148458769
1144259329
1293222659
1326847235
1326849331
257301794
232073490
211037202
215229491
215245299
81715585
75420033
23512449
36162961
35703201
35707297
35782049
40085424
1390453664
1390453472
1407230496
1356898852
1356902949
1357152791
1357219334
3505364502
3522075942
3522099246
3547256878
4150708318
4133931215
4132895885
1985275085
1981083900
1930485885
1930682429
1880252479
1880248623
1880555822
1880425790
1884624702
1893142302
1909788254
1905528414
1906073183
1369202527
1373521679
1373525261
1373598981
1375695125
1375630389
1400792084
1396602181
1916781941
1918747621
1917637349
1926009581
1926009583
1917694959
1917690351
1917624815
1917646078
1917633630
1917797470
1900942430
1885217886
1885218142
1417555935
1425939167
1425934991
1425886862
1424785038
1441556126
1475113662
1475113918
1459385262
1459610607
1459544575
1476387325
1476191717
3581734381
3579641213
3579707229
3581400927
3614950943
3623343903
3623220575
3622172031
3623220341
3614954613
3614888021
3614851413
3615441269
3615454053
3615449703
3615450999
3580788550
1433303494
1417038278
1417104854
1416975830
1442083287
1442107903
1442107885
1434313197
1434444117
1442838357
1442838357
1434449717
1467970357
1463775517
1463095581
1463025981
1970753853
1953920825
1954012733
1953816121
1953799737
1962186297
1962706697
2013102345
1988002123
1983819979
1983832314
1983898858
1987957930
1988084922
1987495067
2004276619
1970730905
1962338233
4109756153
4109690616
4126472185
4126462937
4126528493
4126536687
4124402670
4258750974
4250296694
4252381494
4252373014
4294381591
3756339479
3757383965
3656721212
3648328508
3648259608
3629393416
1489251864
1485122105
1501896507
1501847322
1506076426
1565819658
1597342490
1581101594
1444783834
1444914906
1444783546
1465681082
1467794618
1430048954
1413406894
1415471278
1373528511
1401844639
1401701015
1384961717
1388638125
1448407021
3612732917
3608673621
3614954773
3581268759
3589600030
1442112286
1442148670
1426026814
1425937758
1417547102
1551830910
1551835007
1568620383
1610561291
1609828105
1609847049
1567908123
1280599355
1213556014
1213720382
1212610334
1212667742
3385153406
3418711902
3414681358
3414611726
3415197502
3381516078
2308749102
2312943149
2312999484
2304741908
2337636916
2332332580
2600792677
2588173037
2605147903
2613458302
2579895406
2579829870
2579825774
2580496474
2572111947
3645710408
3645645128
3641451352
1494033272
1527591784
1531909624
1531928024
1523506648
1531886984
1598995848
1562221960
1562152331
1564247450
1564247450
1564382106
3745444762
3749635066
3758023146
3753828842
3751666670
3751601071
3751601071
3737428925
4266635677
4266628349
4262302957
4279022701
4112299023
4095664143
4095664159
4101947693
4101961020
4101920572
4099890781
4099759837
4099923671
4099853982
4125017742
4152349326
4152193422
4135411870
1987916014
2012681263
1441076261
1415848997
1550066980
1558455860
1559049780
1560245780
1610241541
1593493253
1593492929
1324991937
1324994743
1324998822
1316741302
1316680918
1333708022
1299562982
1551163878
1551163767
3572883909
3570922948
3570837444
3570908820
3564609188
3581251236
3614805668
3598047124
3596940756
2519037141
2452041845
3525783589
3530367269
3555528997
3501994788
3569169205
3569100565
3317444375
3346545462
3325647142
3325708662
3324659014
1177174338
1177157954
1164640578
1156265331
1156131680
1156131616
1157115680
74983136
74982064
7942800
20923024
41341569
48665475
48464274
44143858
115456054
1180809270
1445242926
1445243178
1445243194
1466338634
1474724234
1474789787
1441235355
1442247097
1442242985
1433919981
1433919983
1433624887
1567781182
2100523326
2082594110
2082601278
2087971134
4252220190
4260469534
4293958926
2060776718
2052378894
2052407582
2053050735
4217254383
4192084973
4175299557
2027881429
1490375637
1481987029
1481929669
1497654732
1531211101
1531406719
1514560350
1582717710
1583237710
1449086542
1457473242
1455289306
1438425501
1421705660
1354613180
1350365612
1345601964
1345785276
1360406964
1397959079
1391536358
1391667414
1106390214
1089610050
1085423874
1085489938
1151353363
1151361635
1168139875
3328204643
3324055010
3324120258
3325185090
1181144386
1202104066
1437378083
1353490980
1353492012
1416406828
1412205868
1429768492
1429055868
1883220444
1882647501
4028010447
3788933023
4051861951
4051866557
4118848253
4123042397
4111503935
4095206975
4231458366
4234668846
3991271470
2918025262
2951710782
2951395342
2943003662
2943001677
2939859917
3929572076
3929600620
3929789036
2860151340
2927309604
2927113509
2926327141
3999798757
4008314277
4256039301
3971896197
3971409799
3969379719
3973417446
3973363750
3973359654
3832851518
3878724622
3862097935
3862052877
2788295996
2922516268
3201634093
3214151213
3180594703
3163824655
2626953734
2627019542
2559972198
2562130406
2562477479
2562508951
2608629895
2585180295
2585176135
3658393606
3659394086
3659096294
2052731054
2061176990
2077753517
2077761964
4183442340
3917137572
3917448852
3916738116
3912542724
3912542724
3912281605
3912277557
3910374951
2836566575
2870137647
2870100079
2941468783
2907897967
2907844729
2849125723
2849124170
3117492746
3176151834
3210025338
3210021114
3218872522
4257046666
4256940170
3166339224
3166339244
3166482860
3158090732
3158107748
2621267492
3174968164
3174968295
4155906470
4155902390
4273409206
4271113382
4275061174
3742495110
3692290631
1544675845
1546674741
1479549223
1483746343
2028017703
1492523045
1492523013
1492518916
433521668
457978644
181215836
198054604
193331933
163845101
147073005
138685933
138702300
138900812
138860300
147243276
147308813
190808349
173970713
169785145
438214427
975015707
974425883
709139833
709147753
704947305
704947305
704950377
705073273
705081449
705077355
705093739
705085547
709247083
709312619
718225515
736039291
736039259
738136409
704577881
704579033
703537097
770514825
770513593
770521787
766327482
799874714
799283082
1039414154
1039479178
477569498
343352190
351740454
1425352230
1152722482
1152851474
1150748162
1150748162
1150760450
1284977155
1284833793
1286865520
1156842080
1148471008
1076184752
1076188816
1076360832
1076359040
19398019
52934034
1113961618
1113953426
1122865298
1122865234
1118810162
1118675250
1118675234
1118610721
1118678816
1118681892
1122863412
1181583380
1177394196
1177392148
1580052540
1580195868
506392956
506385401
506335979
510464762
527176442
493617898
502077162
486351594
485827290
484713034
484770315
216270363
216274459
212090635
212156187
212145435
213136667
212885883
145809785
146051449
150438360
167154648
1257681880
1593227096
1583847256
1583718008
3731144312
3731142264
4263818792
3190067768
3195310648
3195400744
3195298408
3136578152
3119776105
3102015979
3102606587
3102678251
3102481643
3094101243
3094117835
3094181322
3112121802
3111465434
3119854074
4216398058
4216529130
4215496938
4215431322
4182233226
4182106250
4190429338
4190479770
4182222234
4182160794
4161721738
4161721738
1477367242
1476842842
1481102715
1491031323
1491031819
1493124875
1509836634
1543395194
1526457818
1526461898
1526711770
1526711386
1518326906
1518167098
442262571
442328105
442458169
438202393
437145625
437145625
438222907
442417210
526303706
494649754
485196186
485196218
485065658
1558812346
1558830779
1558969019
1558932154
3706531578
3707514490
3707514426
3439078970
2361147194
2361145642
2241603898
2241674522
2258580954
2258571658
2191327627
3267117464
3267121576
3271086504
3270033832
3274229160
1126948776
1126891432
1093316520
1361817432
1361814792
288072973
288067855
292393247
275616559
812627759
812046143
812043549
813058333
811489597
807282973
807299348
828276485
828364309
860471829
843625205
843616949
843612853
843678645
843809189
839496101
1997127845
1963704501
1951322357
1952342119
1962566959
1962566974
1962616094
2013226254
1996387338
1996374026
1996439818
1987957019
1987901241
2146752105
2111082217
2111082473
2110033353
2135274697
2132123849
1864216793
1849659769
1849595755
780050283
1851702763
1851768043
1851044059
1846841547
1847034057
1832816841
1816060137
1816060393
1820258027
1828585199
3975801582
3975933646
3975929414
3992573494
2919028518
3186488102
3181896470
3186062150
3186710467
3211794419
3209707425
3192995744
3192987040
3201570228
3218371972
4294436228
4261341124
4261326405
4261260055
4252805414
4252805158
4017920054
4013804566
4013344022
3996578583
4017550131
4017440099
3916711267
3914677362
4162205890
4229314754
4229377218
4233571826
4239794162
3182888530
3166113363
3165740625
2643488481
2643488480
2677075940
2664486388
2656159121
2656224753
2652030435
3188823139
3205738803
3174212865
4252148993
4235638533
4235697685
4235500069
3962894951
3963091942
2889865718
2894055926
3965570550
3961282038
3977537526
4015285239
4007093089
4007023473
4002758993
4006621265
3998228725
3996329189
3994164407
3981576631
3973254071
4103150231
4103350917
4107562629
4292116181
4275422821
4277489973
4277428501
4267991061
4280639511
3710022918
3697428230
3705818646
3701558838
3701501494
3723554614
3656445246
3690196031
4226980885
4218522628
4218457092
4201749556
4199724068
4199714868
4195581972
4195389493
4195409973
4212319281
3943889968
3914517344
3973302880
3971074672
3992312400
3992316496
3989958208
4285654609
4269228899
4000661730
4017357026
4013174950
3832881302
3832950166
3841067934
3836938910
3836811966
4109380286
4098912190
4115718559
4157645277
3891306776
3853558040
3789596428
3772821004
3764554268
3764554284
2804062765
2787498287
2787433503
2787464206
2787524638
2792243246
2800636198
2947502374
2913425270
3165028294
3170266562
3170336147
3168062881
3168030113
3159644083
3176554435
3178659650
3212246290
3219516466
3219450930
3211066418
3211132178
3177447217
3119775584
3151095664
3142711104
3142635840
3138503024
3140665696
3212235873
3212270707
3211229266
3143989602
3143977318
2843036022
2842918742
2842912327
3119769159
3113476805
3096568533
3100665589
3091232501
3087023797
3091283877
3100844007
3113422823
3115388791
3115324679
3102762247
2624611607
2622518565
