1105279998
3287431470
3285334318
3281135646
2190484510
2189497374
2206273566
2206208318
2172912942
2177109806
2160332606
2160855870
2160876350
2173458726
2177653111
2177751383
2178799957
2203965813
2206161237
2205112661
2172614999
2172615510
2170518374
2177858406
2177727335
2169338741
2170386756
2172483908
3455965508
3454900564
3454909940
3446521252
3408772516
3408770477
3408772527
3391994254
1244511118
1248697222
1252374966
1253423542
3400973718
3417486791
3386025461
3360720244
3627460564
2551623620
2551627716
2555812676
2572458484
2572462564
2572527716
2568944740
3175009573
3175007525
3179169572
3187627812
3187435045
3116168805
3116160608
3119831012
3109347284
3138705733
3138775367
3122065207
3122062887
3142735382
3109160454
3109109254
4182780470
4182784294
4183033895
4191422511
2076182588
2076652557
2043027469
956706829
1027997740
1007957293
1014246661
754190598
627964279
627964279
627964279
627964279
627964279
627964279
627964279
627964279
627964279
627964279
627964279
627964279
627964279
627964279
627964279
627964279
627964279
627964279
627964279
627964279
627964279
627964279
627964279
627964279
627964279
627964279
627964279
627964279
627964279
627964279
627964279
627964279
627964279
627964279
627964279
627964279
627964279
762182007
762165623
1030602166
1030600118
1030600126
963490238
963490238
946189758
954578110
954578110
950385850
1018543291
1821818249
1826012104
1833347688
4009868840
3993157144
3994203656
3994194696
3994276120
3994112057
4010954795
4250013994
3990242602
2911244138
4287041370
4287381322
4291569482
3721209615
3704496653
3704488509
3705602615
1557991990
1549545766
1549541415
1490821167
425598989
522062861
505301192
507173864
511425192
1052359336
1051242152
1051244168
786989705
774406555
774672491
1044160555
1044308010
1044275247
1044258871
1044254743
1044250679
1048446823
1056902759
1052315239
1052450375
532372999
498726403
502833667
343520115
343515619
341434789
1410982327
1545302166
1545158022
1411070910
1423583918
1419709102
1419594494
1419534046
1436345871
3602702620
3606880316
3594297388
1463656492
1595909436
1595862788
1599000340
1590054775
1581733878
1582239990
1577914550
1595867286
1562247558
1560150918
1488862943
1488789085
1553742397
1557933613
1557946921
1548280345
1565233675
1565233883
2102237083
4249656251
4291602859
4224493995
4207848923
4266557769
4261839113
4279681817
4246098489
4229313067
4231930411
3967622955
3975940459
3971750122
4256962810
4154210506
4143725770
1996375242
1451159787
1383883179
1381781945
1381782456
3528840104
3537302441
3537822639
3537822622
2463942222
2472314398
2421805886
2432361246
2498421519
2494226701
2494157100
2510877996
2510869740
2549662889
2537407657
2537409723
3611253979
3610647626
3610650890
1175857422
1179987263
1196693303
1204032311
1171075891
1155347219
1155428691
1155457475
1148899715
1164607875
1160482179
1198229907
1198230451
1207548579
1207496419
1205397223
1473831655
1465410551
1448882671
1465651437
89927917
73343213
73281653
72746245
74843399
83300103
217344823
217344293
215279927
257263879
239505222
172394438
1246147527
1246200645
1522893620
1522901796
4203520548
4203520548
4203520548
4207452772
4190679652
3695760227
4232729954
4094299234
4094363746
4095412450
4028242146
4040842739
4070229888
4070228608
4074488448
3527983744
3523793569
3527989154
3536385254
4086951142
2979917038
3051154654
3042956750
3578714062
3612276702
3621774831
3621613055
3587976285
3564977173
1413422133
1413369105
1413369105
1417569553
343925041
368963633
394129425
373190657
373161985
372113411
372178962
355401762
476919586
481110562
481176278
414124678
145492614
162273926
178576006
178557583
178303372
1253290428
1249026988
1511236268
1511039716
1511040741
1515236965
1532018215
1540398639
2069085743
2069020205
2035463981
3629307677
3629307141
3629315333
3637769503
3637541934
3654319214
3678812414
3678805182
3662023838
3670433182
3687839118
3683628430
3750598111
3755771391
3755516269
4283999013
4281905973
4282102580
4282299156
4282299140
4282299652
4282305820
4246591788
4250781997
4250749293
4259270013
4259257679
4250613071
4250480975
3159954303
3168606063
3168745069
3164546669
3181195861
3181147076
3080475612
4158444509
4157395901
3612143533
3574160303
4044032430
4044032190
1931348126
1935542414
1935606926
872292494
872288394
333316505
299839935
1367306750
1366094122
1349300522
1349296698
1357677066
1370330634
1370069530
3517811258
3517946667
3622746153
2540612649
2536416377
2537455817
2539049353
2522281401
2530600877
2547341231
2541032879
2540966383
2507412479
2489783055
2498126655
2498643759
2498625311
2498555661
2498538253
3052185885
3078396205
3061680493
2921237597
2921249805
3995055117
3860107325
3860115501
3877036333
3843486519
3843445542
2887127910
2889157990
2893285862
2901674470
2897677174
2897611334
3182828230
3183285958
3216777926
3216515799
2595762415
2616734959
2616990951
2575046759
2571003927
2554228487
2568413703
2572460551
3116671495
3146031901
3129780012
3133976364
3121388076
3121254012
3122319180
4196040012
4196021468
4218946813
4185394367
4169008315
2086016174
2094408110
2094215615
1556165007
1547710863
1556144333
482403391
348170287
1423161366
1423095814
1441970438
1432521990
1466336582
1466270038
3597501431
3598554087
4150125159
4158513766
4150060582
4284245798
4284280614
4267503398
4267702071
4267668247
4267651333
3729596676
3729596724
1565459748
1549667636
1415448848
1423837440
1421740865
1421680467
1153234915
1151116259
1434231698
1446875522
1446936963
1445905795
1580125635
1581146083
1584868193
1609837089
1574186501
1557483013
2094057253
2110820644
2052104229
2051055653
2051121157
2051055623
2051056071
2063637990
2080610726
4228028582
4232239271
4232235159
4116106631
4115940743
3612619142
3621204374
3620868582
3618836838
3585351974
3589546790
3589546806
3589743127
3589682693
3321771532
1174345228
1174212364
1165827852
1148016392
1148176153
1164822331
1366087467
1409062250
1392285034
1392424427
3531514363
3527192985
3525083528
3608970139
3558786730
3558768366
3571330670
2513841726
2513707542
2545685302
2528907366
2394693862
2394710183
2393694356
2409930884
2237957252
2234812124
2218110524
2218175004
2490804764
2499193388
2499193388
2507591469
2541145375
2541735198
2524736830
2524720430
2524716334
2524649278
2658799886
2683973958
2679779702
2679705830
2415408342
2407036111
2402876879
2402872781
2403003788
2373642636
2363160972
2359025052
2365119972
2365117925
2356696565
2356901333
2373969399
2382361958
2684271974
2650705014
2650442870
2683942199
2675548949
2674504196
2674430468
2636702260
2636702244
2636739116
2620018540
3156887788
3177957613
3078224061
3077220484
3077482692
3078536388
4135485764
4132733476
4128563749
3054854695
3059094070
3195405158
3212576102
3161197794
3169258706
3165009347
2628137793
3702993729
3570672387
3562284307
3695455282
3720703074
3750193250
3733388534
3600211335
3604858759
2531100293
2522449557
2518277797
2533949103
2533916334
2500362174
2505584110
2677564654
3216863470
3200250030
3199181038
3085275503
3076817197
3207889692
3174346508
3174346252
3174279996
3172383532
3038169388
3038170412
3042362428
3042328892
3050721564
3178656268
3187565069
3185452669
3185516141
3218870255
4292615678
4266927358
4266930398
4269158606
4269146318
4285941086
4260822367
4237798733
4237797644
3705124876
3696532492
3692338236
3692352620
3712315757
3745915375
3755353086
2681602982
3717595814
3717530342
3717465058
3721672178
3629393218
3629411650
3625385219
3692486403
3692469763
3713439235
3749614083
3732902659
3732898625
3732259665
3738494944
3755241380
3721686949
3720830381
3720760749
4283893133
3742705039
1578378639
1595172063
2132010111
2136141087
2144521486
2146553102
2012261663
2003875615
4118262303
4248212063
4229284591
4229227246
4233390062
3168139246
3180840430
3080177006
3063923999
3068121359
3061698829
2524504349
3069829420
3086742828
3044658477
3023666525
3024054605
3023994205
4097727997
4101901789
4118613453
4116514253
4158469597
4158480877
3621204333
3621204821
3587511061
3578811157
1414546213
1414583591
3569413414
3569412438
3561224535
3494037575
3511061573
3545678917
3529490693
3529306388
3528745788
3537203773
3537269305
3537305129
2530605609
3059022441
3059022713
3061103049
3069478091
3065282762
3216408714
3182866602
3161907370
3157714158
3157694958
3157690999
3161905719
3176459797
3210012165
3210011397
3210179431
3176552294
3176597222
3159688934
3160344466
2631799683
2627674579
2627482065
2633764945
3699118081
3695128577
3695062017
3695077377
3560896771
3565148435
2499647795
2549983495
2533205319
2667414471
2667430806
2667299494
2667205286
2667144166
2667079142
2667113838
3220757614
3187264622
3170542671
3170607565
2625217228
2619908748
3156800188
3156760228
3173598884
3177854373
3186240941
3182103743
3182123423
3183180174
3220794319
3195562975
3194547710
3194545278
3194613822
3194744862
3194646558
2670359614
2637880639
2642070815
3170495757
3166236428
3164190492
3166287676
3166406444
3183182700
3187245420
3178811501
3174617149
4248432653
4231684105
4231931961
3980265577
3984460655
4290644703
4273867471
4273954510
4277957582
4286378702
3212759791
3216962159
3214856815
2677929591
2676811381
2664195813
2668390373
2669433253
2636005815
2631811462
2627630262
2627493030
2633783462
2625403350
2621340422
2637064710
2674599430
2657624599
2666013503
2682790703
2678591855
2645033454
2562196906
2566392746
2288523962
2301115022
2335796174
2319116559
3665486093
3673874508
3673940044
3682132092
3678183656
1495052520
1527695592
1510926588
1510762620
1514498076
1522956300
1522929676
1516109836
1581056264
1547568073
1211503241
1213609627
1216744091
142936766
142883562
411314794
1484794666
1505887499
458359051
437440779
437440783
436319007
436511599
436511462
1510254246
1514640822
1522972038
1606858118
1602522534
1602530727
1573174695
1573322647
3721330631
3713943317
3714008373
3715978541
3715920173
3715920189
1566369053
1566438685
1566440829
1599061501
1598941629
1581578399
1594128527
1594309774
1560677518
1564882110
1556480494
1557463919
1553289773
1418777149
1574220308
1601480213
1580510997
1578413333
1578483013
2114301383
2114299350
2068747750
2043589606
2110424871
2139655991
2144907031
2132322577
2132322320
2131536912
2031004688
2031019024
4165911568
4175318097
4175055987
4177222770
4177223010
4177092450
4172897890
4189673202
3690477266
3682084546
3682086866
2608413906
2608544978
2650348722
3439008947
3434808755
3434747569
3451598480
3451401856
3484951184
3471319728
3462947824
1311371568
1311367440
1177264132
1177265156
1193977868
1164613644
1173260621
1374587339
1374980522
1375002026
1372898730
1364545722
1347891626
1343627690
1345724843
1882596267
1882530187
1901868943
827594687
826558399
1942474655
1405605599
1404491295
1407645199
1407510047
1466230334
1432802878
1441693246
1424822062
1442647342
1574509679
1566135407
1599697149
1599860941
1599774917
1566548292
1566352164
1549581861
1562164021
1595189557
1578608917
1448516613
1444332549
1446395975
1446379735
1463746743
1434333607
1423839975
1419708151
1150621239
1152663063
1156852227
1148463875
1147489043
1148583730
209057538
209105154
267813314
267878530
251101331
1341624753
1331164576
1314254752
1329885152
1195667312
1162295104
1162282832
1146423120
1146443633
1155003361
1171649443
1188553619
49697671
116867463
108478935
108278119
122955047
89402413
72624173
72694079
81222943
83283215
83265351
133661574
40272774
40805302
40801174
40880055
41801127
41805221
310206893
290939309
274166205
284488061
284488493
275051311
1415902766
1415900710
1147432758
1147469086
1441189134
1474710798
1325288718
1320837390
3466195230
3466130223
3484984108
3451446056
3438863144
3698894632
3694705448
2621094696
2639964712
2640222792
2640217672
2640085705
2639561465
2639565545
2640114284
2514346796
2514313516
2497536293
2497524581
2489127921
2489254803
2487095682
2487096450
3577681058
3527216290
3527298182
3526775942
1383486662
1182134342
1207231543
1173677349
1425335589
1425403173
1440608053
1465908484
1449057605
1451148757
1451147687
1450959287
1450930582
1182429590
1182478774
1146827190
1146955255
1146955767
1155348213
1151145717
1153249905
1153176337
1157367089
1148994675
1160570099
103261379
103199939
107382213
117278709
117225445
115140388
1180493612
1180492589
1180562239
1448981310
1431605614
1414825454
1413778926
1422167534
1422302718
1422304462
1440130255
1465295055
1463193671
1463205975
1463240039
1465132327
1439965477
1440032533
1423316549
1423312453
1423378005
1414794981
1423206373
1439982485
1473770375
1456915335
1448526727
1450624455
1450690023
1450485223
1475667303
1442112887
1442181399
1417007367
1415038229
1431684391
1427432807
1461052759
1449055175
1449055175
1451115463
1467893207
1476216295
1440507367
1423730031
1423799581
1414878477
1415005453
1415005485
1416910125
1433723949
1440083989
1465372743
1431753159
1431750087
1431756775
1431693031
1473570535
1473533663
1456800335
1207370503
1173750535
1156908327
1148454181
1148462373
1146447109
1163383045
1180094919
1182171591
1182695879
1182695879
1182779367
1199371239
1173939183
1155294205
1155495245
1155486991
1417661710
3565144374
3564407078
3564416358
3572803542
3623326406
3602285191
3606479493
3598090901
2654323429
2654234343
2654236006
2675190894
3216325678
4289922078
3752984590
3757183247
3715593503
3709138220
3155489836
3176510508
3142956348
3151410952
4225013321
4208250505
4200337082
4283251370
4245565098
4250807722
4259197103
4257087677
4256432269
2111058125
1565843533
1561652492
1563929620
1563943988
1563914292
1597444124
1463238668
1566490952
2090764248
2090769131
2090642155
2090642154
1562159594
1595186378
1578532938
1580351498
1462960138
1412567086
1416765742
1420961326
1420963373
1420954124
1421281804
1167346188
1198836492
1195158908
1161602172
1142726765
1941735
913910
803174
4735330
4735778
71988002
97149702
131739399
268045127
1340820306
1340721650
1340668406
1340653046
1323864534
1325183446
1316852183
1315877847
1316938741
1249797796
1247702948
1331523044
1566402004
1548566748
1547981048
1548022248
1950655465
1950656233
1967435499
1963241147
621062875
621054923
655789403
639011883
643206185
643279913
638903357
638898207
637931615
638988446
655765926
609620646
620102310
614924982
614929095
1958032975
2092199439
2090134063
2090117679
2106964287
2144770511
3730742735
3729638606
3729539535
3730637311
2652779375
2673747503
2650678829
2378049053
2411533855
2392335901
2392352349
2392385516
2392573356
2258339244
2247722412
2222687676
2218492828
2351661772
2619975245
2619927070
2624088878
2674404142
3748202798
3614312750
3613789646
1432498318
1969365134
1970344109
890241197
889249929
889233609
604024841
536984587
556906507
589408283
572758043
572753931
573999115
574522377
572424393
572440777
572395753
589181419
559757295
551304943
551304942
546061994
546059962
546059934
814494342
814494342
814495362
814505602
277674626
298629763
331655811
843492995
839296643
840349571
844533895
854754487
854650022
862989550
825239786
808455386
808591306
284305018
1353856618
1353719402
1353739866
1353756174
3501498126
3233258838
3233193301
3233202033
3228942304
3275079392
3257331376
3530452864
3530452352
1382972576
1378700448
1378667680
1932102881
1932246209
824945729
825076801
825076753
825011251
590197811
573545507
573480227
573487395
577681699
586070321
586127633
1718197249
1730919425
1697314055
1697304855
1680556839
1680430887
1819112999
3974975079
3970910775
3971992087
3971799815
3971803399
3975998725
3963479301
2889283445
2822161125
2824324837
2849359525
2844055268
2848251617
2839867153
2836459265
2836655377
2819816739
3893546275
3897806131
3897804035
2824008963
2839729987
2873282519
2869022646
2856353702
2856353190
2864799142
2865057766
2861910015
2878629727
2882856255
2849303871
2840984637
2840841237
2840775687
2840788053
2840788341
2873352165
2873352181
2873359937
2873357829
2873349653
2839794437
2819879175
2819745079
2819675430
2821735782
2825932134
2842774910
2876333406
2884861262
2868084063
2884729951
2880535679
2878436479
2882762205
2849138125
2849204189
2839771125
2839795701
2848052693
2849109469
2848052733
2915170143
2940331598
2936268366
2936536830
2937442030
2937376619
2943635305
2943698264
2952158540
2952232764
2901769516
2897509669
2897503543
2897699606
2901832210
2901824018
2894021170
2888565282
2905342550
2905541574
2938714583
2926065830
2930251942
3198814342
3198818446
3198816398
2662019214
2661884094
2527600814
2527617198
2544427181
2515049860
2540216196
2536278660
2536282756
3542588036
3525753508
4062636708
4062703297
4062504195
4066697251
4075671588
1924121652
1924058372
1936603908
1898850820
1882135300
1881480487
807490606
551666734
547456062
547458062
613459982
613461022
641770543
637575213
637726732
637665288
773193784
1847198441
1820002986
2092501674
2091584154
2091584138
1957182090
1420308106
1420305034
1371026314
1119486121
45748392
1131962536
1127796888
52994504
53061528
321499064
305773500
305760764
316262909
310036991
308988095
305063103
305063423
304518623
308643039
308317263
862170127
1365486605
1348709406
1424142110
1419951678
1419938366
1419905598
1558264366
1551116846
1551116910
1560151982
1572733101
1572667532
1576804492
1597816972
1597808780
524135820
354789772
354790340
287701956
274946772
291637956
828522437
857878853
857800997
845173028
308367679
325116174
325121546
23124538
1075890746
1160006186
1172834858
1202211114
1168752714
1169932426
1152090252
1152090268
1147773092
1143711972
1143646400
1161734208
1463725120
1461101569
1918275590
1926660102
1943961911
1942783781
1934136877
1644736045
1644738077
1711996684
1711995164
1850337324
1851344940
1858812940
1851404300
1868181580
763256908
678838492
678904316
687169196
680852140
679799533
679537391
713161438
2051504078
2048143822
2050752714
4198367466
3676974570
3639225322
3635096286
3636144846
2562405966
2293830159
2292732509
2292761197
2292753133
2305329133
2302185461
2570624989
3625631181
3625643461
3624595399
3624750942
3624676990
3641453150
3675007710
3657773022
3666296318
3666216174
3397845246
3397718238
3398189199
3416047772
3386433772
3361243628
3357246460
3357193180
3357194076
3357190972
3627789116
3627723548
3627723292
3678059020
3661282828
3659170380
3726230220
3726230205
4275696045
3197657263
3197640879
3214413998
2677735562
2682134682
3747484074
3711898558
3426685822
3426160902
1281635590
1290019846
1290087430
1290083382
1281824822
1277564930
3424795650
3413263618
3400777986
3400761666
3400630610
3399582049
3399528800
3399521312
3403713568
3396402212
3392400436
3392400695
2316533542
2315331366
2315265574
2315264534
3401589574
3397465030
3380818902
3363910055
3363844513
2290091424
2285898160
2349943168
2352105857
2352109955
2367842754
3458360770
3403870530
3399668034
3399610675
3399541025
3416322340
3370173732
1214303524
1210187060
1210296596
1211350276
135511300
135456068
151183812
184737925
167956885
172216757
188961205
155283877
146826662
146812898
1212182386
1212382994
1230176002
1272092482
1253212994
1252230098
3399713746
3399582642
3399520737
3399521760
3395325280
3391134756
3391204404
3391286276
3392300052
3390186791
3389072678
3393201958
3401589542
3397399542
3414176662
3363910550
3363910583
3363836832
3363832736
3426748336
1276120960
1278365632
1277321024
1143107328
69347072
69346560
86193408
224621840
232879376
228807953
228802833
232997169
224608563
224641331
86225267
86221139
90289619
123843987
400790963
509844915
2120457651
2120451505
2116129201
1847701969
1847697715
1847845159
1847730471
1713582383
1713382702
3881835818
3852540410
3887413690
4155849114
4155781002
3602657162
3602646922
3338617818
2264854906
2260656490
2529157162
2527895663
2544668781
2544668908
2515374252
2491383988
2491323540
2503931024
2503867568
2638052576
2638114145
3711315235
3714465538
3714983426
3656263170
3656267266
3656324610
3657175586
3657179683
3655078433
1492981269
1490841108
1482484500
1499261940
1494018517
1527119300
1510387844
1510379652
1531089044
1531085028
1564509412
1556128996
1556409557
1552350343
1552292231
1574832566
3722382246
3481091750
3476897462
3476371142
3342086982
3346014982
1206919982
1185964846
1118888495
1118873100
1118877196
1123063340
1110476332
1378124604
1378267416
1379312728
1393992920
1359973529
1901037711
1892063631
1892072847
4039550877
3569787901
3570786909
3570725389
3562926597
4099893029
3564988197
3564967205
3581744423
3590133110
3590264262
1442715526
1417547654
1417494438
1415327654
72623526
97595574
127086726
64114881
32604225
57705776
1097903392
1089515296
1102098208
1386460976
1386393856
1387434241
3539107905
3530850407
3529288935
3525110247
4078365157
3004590964
2971019844
2436251140
2508063236
2516390676
2512134436
2510037029
2543599654
2526823462
2526737446
2526734118
2526738022
2529812182
2655846086
2651647686
2382919362
2248759190
2517303479
2539323573
2505773204
2220500100
3428461700
3428460676
3430553989
3296283111
3304619878
3303632150
3320444166
3588793654
3622348071
4159221029
4134124820
4134190852
4129984004
4131030740
4128813733
4061717157
4078445223
4044882607
4032693223
4036886628
4038923300
4038866964
4038010892
3506317325
1367222541
1384070429
1392332093
1390101967
1388986507
1388896431
1389159599
1397544110
1363985918
1359992150
1359865142
1363993894
1364092278
1364075718
1365124294
1092223426
1096352243
1103627233
1082659557
1082663461
1082663468
1082663484
1082729261
1075439397
1075686677
1075677445
1074170117
1346799940
3494808004
3540945540
3591282324
3591018117
3592073861
3592016519
3727233750
3744142054
3697877478
3702005986
2494053603
3567851699
3567859843
3304799363
1195009159
1178530951
1178501511
1178567063
1182773735
1188864357
1180492141
1180492877
1176292557
1176357375
1461636015
1474223791
1470035647
1469440655
1469375183
1475662539
1601487211
1601495339
1567943723
1563945018
1563883786
1568069898
3715402042
3757551370
3753345803
3736961800
3736896280
3741102380
3732906284
2675876652
2636089124
2619332372
2619342085
3697237302
3697237286
3697161510
3697149222
3699245398
2625049042
2631210450
2630946242
3703647618
3292739970
3292609426
3343072146
3267575698
1116945811
1118909872
1118044576
1122001056
1109455008
1176666240
1176674624
1193714945
1143315763
1143256354
1412227366
1416458550
1424748862
1420554542
1554747695
2096663853
4242053436
4232620344
3964381976
3973757448
3982137864
2923004424
2922938889
2922988043
3124364014
3124368110
3124244910
3152543918
3148350638
3148419262
3183095966
2629443726
2627363983
2631462287
2618862237
2618931868
2501557148
3613047180
3596529036
3598558684
3594310140
3593851388
3593879677
3610661167
3581296942
3573499686
3573507638
3573509638
3573540358
3573540358
2499671815
2633879317
2633620788
2650405172
2684222245
2658761511
2656636678
2518224134
2520318230
2520322342
2532978726
2528780326
2545557542
2646221127
2360893772
2360894460
2365083628
2352499560
2352732459
2350577962
2618992938
2673518650
3734675658
3734741130
3734732936
3736895656
3727466664
3711205548
2620840356
3155622884
3021368036
4098239457
4106693507
4102303619
3617465729
3537772928
3606971312
3605726112
3605607348
3606848420
3330024236
3328451368
3252971272
1084550408
1084271898
1084396842
1151767850
1147587882
1277676858
1278724378
1295948122
1564388682
1564337226
524075339
528335115
528405275
528409402
526312042
526313322
457468906
457468394
457451770
457451658
441322954
467272010
467284746
1272591130
1233855274
1233658670
1233658158
3382191406
3382193966
3415777086
2340994846
2340990783
2340988204
2341049196
2341044860
2413396676
2381939412
2238284468
2485883564
2486156972
2620373677
3157232046
4247750830
4282292366
3999185038
1859562702
2119557198
2115026991
2115223599
2115129391
2115118119
2114071590
2118135590
2143360866
2105742162
1552290754
3700818882
3700884418
3432977106
3432986294
3432988327
3434364581
2360639140
2360659636
2356989620
2357196436
2352867029
2352801495
2350704630
2350704486
2640176438
2640311606
2682180918
2682164598
2531230807
2524828887
2524828887
2520695959
3596506261
3596489877
3621665972
1476344228
1409104804
1366047396
1399070372
1394947764
388444884
388182596
387981828
123740708
90203941
1147247925
1147248437
1156680501
1156680503
3297872695
3314663223
3348342578
3482493202
3482489202
3484849638
3346304422
2267844006
3341662614
3577654662
3558778818
3692488514
1543845651
1544304402
1543780115
1549024565
1435860260
1469463844
1454771524
1454771652
1391819156
1381263781
324283813
1392780709
1376003502
1443111838
1460019598
1464205774
1188300646
1205612326
1201409822
1200908046
1203102478
1203675405
1337893212
1606197740
3711473132
3709373868
3709844444
1562357324
1562289736
1564385800
1564402441
1564365066
1595870522
1599420462
1599559726
1591560238
1591498766
1591600142
1583280142
1465827407
1463730381
1433846701
1425531557
1419043493
1419039396
1417986732
1954869996
1959061228
1950805628
1946610236
1964931677
1933560411
4080590298
4063800538
4135093498
4143482106
3875126522
3871325498
2812261695
2816381709
2818478605
2910761493
2906579495
3174965798
3090620966
3090482726
3090154786
3094350898
3102743570
4170259475
4169219088
4169231552
4169198976
4215320448
3657600640
3657866880
3657936769
4261723570
4265929890
4265995490
4274451494
4257662006
4258776326
4258655494
2144644119
2126818356
4265997348
4261762276
4262286580
4262330516
4262069668
4249487012
4242146964
4238032516
4237830789
3700976279
2627267302
3170429926
3187191670
3220879110
3215627782
3219691030
3051927142
3043534823
3073242599
4146353335
3073639607
3073770685
3071413423
4149358063
4120062846
4120066846
4055054622
4088740878
3551802446
3535021199
1387541661
1389825453
1398148781
1360416429
1360514717
1345844879
1345824463
1365549646
1373939486
1407497518
1935981870
1935989038
1902434367
1902541101
1885747564
1885739516
1886784980
1970617844
1970611668
928328788
928257300
860884276
829493044
821128756
1425139220
1425253904
1414632976
1413539345
1413539346
3586176818
3615667298
3598892258
3599154406
3599731958
3616114822
3616180614
3616188871
3613043029
3611077924
3594296420
3594495060
4130776132
4128695508
4262912244
4266063093
4274451959
4152803831
4153393525
4124950901
4114400061
4097693212
4097764892
4097732156
4101977628
4108129804
4108059149
4099674653
4108071742
4107805738
4105767978
4156164202
3602520154
3604880458
3604946250
3596371274
3726430698
3738743274
3583553770
3566899449
3298464136
3298472348
3298337196
3294143908
3560494548
3560617412
3560619380
4097486693
4150968167
4142642519
1987047495
1983758535
1983135991
1981034670
1979981998
1996960170
1699102378
1703291562
1736796842
1971645067
1954868941
1960092493
1410638093
1412813069
1346355221
1345241125
1345213733
1434346785
1476281667
1455310275
1459442630
1593795014
1593705926
1585384798
1593785150
1593588526
1324887854
1320691247
1320694541
1322783500
1322840856
1314431784
1327214952
1293597148
1283111372
1291487629
1157466526
1425841598
1417458094
3562856878
3562336742
3562463718
3562430950
3562496483
3562391505
3562457024
3579234240
3579312064
3621123408
3621106800
3600088115
3604282402
3604348002
3595927014
4135010214
4067824294
4132831878
4132770439
2002002589
1967465149
1963272093
1967402941
1968450029
2010413421
1945401679
333774159
317054223
317162783
308662557
309846285
309781773
376894525
376886319
1383388271
1379198190
1396176094
270945742
275140430
283512350
346492478
346306087
883696165
351019556
342631212
339554620
337383708
340284441
340314201
348686809
348830601
348826249
365669001
1456121736
1448772040
1450869001
1382777113
1383846699
1383719467
1364749866
1344010794
3491416667
3562707915
3566779785
3585638541
3601367180
3605692557
3530207631
3543835046
3510298022
4034651558
4034652066
2960897686
2969540278
3011352311
2726073941
2725035524
2720567092
2720644396
3798576428
3798529068
3798523948
3794300969
3795456043
3795464234
3795521578
1631518762
1626210346
1622016330
1622019658
1620445898
1954814666
1954867850
4106529674
4123437210
4156992654
4275405966
4275863758
4278039038
3200181231
3200181231
2663277413
2667327860
2675716452
2671521892
2635859052
2623409532
2627616588
2627611341
2627693262
2627595918
2631720638
2619114926
3709634030
3608576254
3590758662
4127646983
4127647493
4127649557
4127718199
4144364518
4148607398
4140735894
4136535430
4136599943
4140597397
4132221092
3058491620
3071107309
3021874525
3026074959
3028160462
4038004390
4037811878
2964070054
2964065958
2427195030
2432438150
2436656070
2201872646
2469260550
2452483334
2456118534
2464507190
2477126950
2477250533
2443626404
2444609188
2448740020
2436140692
2469760932
2435223012
2972101652
4045908996
4045794308
4029152260
4029119765
4029037877
4050010087
4059439014
4090892214
4090826646
4073740166
4073772422
4065387926
4065371606
4067472702
4084569406
4150770974
4159089950
4159089983
4159085871
4150625559
4146369797
4146582815
4146514991
4248722479
4252924966
4234026102
4234091862
4242478934
4254553942
4254549623
4254451285
4254398292
4283753940
4279551476
4278633876
4279168388
4245614468
4249878421
4249681845
4249681319
3847224807
3881817591
3881617367
3883692791
3892273895
4127077093
4110287607
4101769175
3162258934
3162253430
3161339926
4243458070
4239329302
4255659286
4289208591
4272431885
3736625933
1589176172
1599666156
2132332012
2098777516
2097802636
1963648397
1963647885
1967805119
927580927
2001257470
2010702174
1473814559
1473887263
1472170013
1476299036
1459530508
1451141916
1451137292
1446936588
1446871116
3726622925
3726561453
3743346855
3697211303
4242533030
4237945590
4103731910
4103731910
4109959158
3052990950
3086545062
3069829310
3067732142
3076059311
3042506157
3042560684
2960902876
4034525896
4050250329
4050250335
4083806030
4085212430
4085149982
4051652670
4059910254
4059910254
4043116799
2969111759
2967017951
2421701103
2421693934
2421687086
3495498302
3504026174
2495226395
2495242761
2225661464
3299392024
3303574028
3290991564
3291200396
3291131276
3559564676
3577389444
3577644469
4050552231
4084117415
4067340215
4067338177
4062675393
4129603669
4129615908
4129579044
2788499492
2801148196
3887535724
3885306492
4120654541
4103877327
4040954567
3504277494
3495830886
3495896374
3497796614
3497798662
3548376390
1392434503
1392414543
1929285199
4076703311
4068248430
4085038382
4051543082
4030652442
4097798154
4097311034
4095217962
4107801386
3030062698
3028879979
3028827131
3185076683
3210242443
4267371913
4200292744
4200076168
2052854440
2065638120
4179502697
4183179051
4166452527
4193574974
4258308110
4291866894
4286624606
2105583343
2105851565
2110101164
4245082796
3573961708
3608035820
3609088125
4116603965
4049501215
4049586255
4057848015
4057831886
4052585934
3553463758
3554641358
3596014558
3591824127
3593888319
3593810479
3614716719
3581157679
3570671935
3566681119
3567126551
3567126533
3703466005
3439187045
3345793237
3592999045
1445580941
1445625999
1467647389
1476303597
1438628589
4126976621
4152142428
4131169804
4131164492
4131225933
4131373165
4148064751
4114498031
4118676967
4109250551
4109057015
3031006071
3030941047
3048760663
3182977863
4288439046
3755759158
3747370598
2657058662
2652831202
3193687538
3192507634
3200824498
4274565521
4022904704
4015761088
3982143168
3963260736
3963329552
1814666272
1814625312
1814885408
1697600545
1734737955
1717962103
1719076311
645218263
645213143
653601527
649399015
1723271767
1723300423
1723295559
1721033159
4132757983
4118667687
4101924503
4101902023
4234873543
4234742518
3169398374
3165136422
3030918950
3165414503
3165443175
3166557253
4292842565
3726606661
3725586740
1578000692
2115903517
2115903501
2099195933
1948195897
1952319560
1958103496
1958136536
1958054536
1421123212
3585381004
3732198028
3728593663
3744363262
3748537062
3756925926
3718850402
3719039330
3752606818
3741080658
3728008194
3459768322
3457605634
1578541122
1578279378
1607645170
1603438482
1603700611
1603766161
3755265441
3748980193
3744851173
3744978279
3610735911
3580323126
3622268182
3622001942
3588476183
3589657941
3589600757
3589600228
3564401652
3564589716
3564524181
3564503765
3572828135
3572774887
3589547886
3589564222
3723851578
3723853595
3723811611
3748976955
3614763034
3593862170
3593827342
3610595598
3346481414
3321234022
3302388327
3302449761
3302253425
3293959664
3294547136
3311323328
1197132928
1182518416
1182520752
1584091572
1584354196
1567584949
1559062253
1558998765
1551134446
3698650862
3698648798
3696551766
3696534838
3707012150
4256662582
4290161767
4273382517
4277576704
4264984640
4264984896
4264792420
4279366436
4111491885
4094699309
4149226345
1993423851
1993620203
1993685675
1995836057
1390282635
1381962187
1383866446
40706062
7208966
7221250
7274514
15664946
78632482
78550563
1152359985
1286318593
1605085952
1584105792
1583974608
1584172176
1585221792
1602023584
1545363681
1544954083
1544954338
1410739938
341187171
347490899
364366403
380107331
1457841410
1445249026
1445249042
1446494242
1450632994
1470082594
3567119970
3566197441
3566194304
3717055872
3713814704
3743162848
3743163232
3743293988
3709740581
3721281078
3717020182
3699915766
3431528950
3436825734
3445261447
3445338501
3456074628
3724509876
3589773029
3589652453
3612650919
3612650663
3591761047
3592307855
3611165853
3611166101
4114482677
4118683253
1979530869
1975271021
2109482605
2142773886
2140746590
2140746746
2136486378
2031621418
2033715482
2015913994
2015914250
1483303178
1491790106
1571484954
1571323914
1604878345
1470660760
1168699576
1151983784
1084942252
1085954732
1088031404
1074399916
1074334317
1091045942
303694342
303702790
303702798
307831758
323490735
285740719
268978857
269015977
273267129
298558601
297504904
279613640
283816200
283881000
300461608
27896360
61602333
32169486
7000590
3065142
3066918
4047910
25023570
50180162
50311362
41874375
37630661
37618252
103678492
70138156
82782248
78391336
78391305
11282443
28070986
61653482
40665514
57577914
24048026
7238046
7239071
23993247
32390045
67054525
50079660
39605228
48034088
64794920
14455080
8171820
8169772
6072613
6129954
5081906
1095404098
1196065474
1204466306
1188737666
1323996050
1319817635
1319858657
1186537956
1190667756
1163406700
1347955052
1344023400
1344158201
1348344203
272922762
272950410
306479242
302416010
302416010
1376174239
1376112815
1376052142
1406460526
1352462894
1354625582
1353508382
1353510463
1353509167
1357703215
3493623918
3542042774
1377438086
1377445766
1377710726
308020134
314311078
313000102
313454845
1403969660
1373937724
1365549372
1344572700
1345816844
3497376028
3514083372
3514087740
3510013708
3547779596
2474558029
2516468478
2512274094
2510055078
2513986982
2513993126
2514082966
2505757894
2507929030
2507927877
2507858756
2507073364
2507138932
2508060468
2507962164
2507958052
2516444980
2682224445
2682211133
2675788317
2658929183
2654805535
2654941758
3728286526
3732407066
4277666778
4290331546
4290508202
4256738474
4260931755
4248353963
4231568523
3693716682
1563010122
1563026699
1596620063
1579826479
1584016678
3606711590
3338469750
1203704130
1153306882
1153302786
1153057026
12121379
12119073
7924768
54246400
304870400
304825408
304758864
305820192
308012580
310962724
310934060
315365949
38537774
34344486
34471954
30281842
13508690
77472962
78531778
78350787
78355776
78287168
233550272
1328132304
1294578096
1294712240
1290517424
3719019169
3719019442
3719141810
3719076066
2674701538
2671566946
2637979762
3174981746
4248707362
4252901939
4286452225
4286382593
3715969536
3615306352
1475946228
1442523844
1375341453
1404766349
1404569787
1387817131
1392045226
1398333626
1360560282
1344045274
1348239419
1356828717
1354738732
1358800933
1367320613
1379859909
1379292551
1379795335
1383990166
1392382886
1392403367
1388307301
1375523620
1366095156
1345121332
1412229172
1949628468
1967069492
2081819908
2086012481
1552286210
1484915250
4170396194
4170195490
4166017586
1497653762
1514463750
1518658062
1518715448
1518801528
1523400296
1510537832
2114488424
1981384936
1985644696
1926858888
1922864266
1916567946
1714393498
1731105163
1630450639
3761156845
3761152740
3765432032
3765300960
3761202816
3760980640
3760984993
3765182627
3790471383
3819844807
3819793495
3802982455
1654450199
1654450182
1652869126
1657141271
1645634583
1645617159
1981166343
2117992983
2139030055
1018958439
1017921271
2091727491
1554320003
1558646659
1289947043
1286607267
1284513954
1283465426
1283661890
1283596290
1283597062
1284642358
1284509222
1167079982
1188363022
1175816462
1176471582
1176472790
1312325774
1324908687
1320718477
1189777564
1178247356
1195024804
1278911396
1547435756
1560017516
1555593837
1555585897
1575807065
1601042681
1581112505
1597264013
1563689353
1563837069
1570132653
1435898605
1570005613
1570038317
3721719096
3715409960
3577002024
3576076296
3559303944
3559294472
3576021512
4150542856
4159439384
4272685610
4272685866
4272696362
4209772586
4218161274
1496193098
1479421130
1480074442
1484308682
1486389434
1486401722
1486463146
2023466409
2044308904
2061217704
2061206920
2128326792
2115743960
2115694632
2115645480
1983778856
2000553001
1965955627
2012088874
1723795994
1723648586
1721285322
1721280202
1993912778
1717211338
3982135499
3961172187
3960381679
4228751597
4228900839
3155062503
3154524775
3159824933
3170109989
3182694181
3215201559
3198554119
3199602695
3200192599
2677813742
2673620398
2501450174
2484734878
2486844095
3573169085
3518577037
3518512524
1371022476
1374183564
1407901852
1391108540
1391109092
1383891493
1378648613
1378124317
1931783693
1915529741
841988637
1915656509
1915721773
1919913020
1920909324
1920913420
1898864732
1882071260
1886262669
1895698079
1889471150
1889344174
1888235174
1905010534
4074529102
3529302094
3525222414
1394515982
1348449550
1348257566
1355370046
1423587854
1150958358
1153051430
3317181734
3483903270
3488096530
1316626691
1329250627
1293583313
1293591488
1331341120
1316660544
3464136128
3463152848
3463021809
3479932339
3749445030
2650369958
2631412398
2631417518
2650289918
2650298238
2633790247
2632770359
2633818885
3707560209
3697071393
3697079328
3742753824
3591824384
3592352832
3527298240
3527364016
3526183844
3510450853
3497994901
3506383503
3504080526
3570668462
3570721198
3587498478
4155552046
3047207198
2497749766
2497750534
2497883670
2623974966
2623973926
2625092134
2570426919
3109394743
3177106693
3219051729
3219124721
3202274193
3193881265
2652848803
2669610675
2669549442
2638167442
2642160866
2633772258
2628596978
2645439682
2646484167
2680104007
2617078103
2348578133
2306700613
3380178245
3363400981
3631839525
2558089253
2574895141
2575030293
2608528645
2323313925
2323313159
2331767302
2597876262
2610487846
2609440550
2609444130
2593689638
2614661222
2614657254
2608366743
2590737540
2590672004
2586480004
2586480532
2653618100
2654666660
2654666676
2669603733
2636050053
2640248519
2640246343
2516275717
2541228853
2540187940
2540189036
2540387580
2439649468
3513457052
3514440076
3522854284
3523135372
3518858124
3518796255
3584856110
3589054510
3576472622
3576458286
3559864382
3693755198
3693754942
3702132270
3703246382
2560099958
2560108230
2560123526
2291721862
2291705494
2650320567
2650324637
3748174492
3597376188
3597327020
3593108396
3525851564
1932015852
1932082412
1899633848
1882864776
807026056
538525068
555491228
558632860
558124959
567629246
567801274
563525082
817014234
821144778
821079130
821083514
820352302
1894168367
1894168093
1894170124
1902623244
4050426684
4079786276
4079409508
4079360452
4083563908
4058387845
4054188982
4054259622
1906579366
1910773670
1932269558
1932293574
1915741510
1915527191
1915527188
1919463444
1927917596
1927848988
1928115228
1919792156
1970188557
1953427727
4100911934
4100903470
4100867626
4100918842
4100790794
4100729354
1953245915
1953311451
2003635851
1983644298
1983644554
1985221050
1993679082
1989484586
2008297514
1437868059
1442063625
343227929
356474632
92200200
402640136
402361352
1473938633
1473946825
1465557131
1461358986
1427866010
1426884014
1426951662
1431231982
1440677214
1474229566
3602637102
3602506031
3606638893
4141396268
4133003308
4127760428
1980477484
1913290812
1997127756
1946894540
1678656653
1678670223
1812888238
1814035118
1828584110
1822228222
3969688269
3985420872
4014768968
4010594812
4010567148
4010749356
4014877100
4019067308
4019063215
4019588494
4288025742
4158013582
4149592222
4283756702
4250198270
4250198511
4250314351
4283862573
4023880255
4006906383
4009015822
4000622878
3929517118
3929444414
3912679742
3893805374
3893772863
3892646463
1745101373
1745104421
1749825828
1771833381
3936110701
3936110789
3936287879
3940476039
3932063110
3934159526
3951006374
3908941550
3906250494
3906250366
3899958831
2822022701
2822043181
2889217593
2887050857
2908022632
2916403176
2916403193
2916540121
2908679897
2910841689
2910649643
2910635051
2910601242
3832414234
3832426522
3832422442
1684934954
1684996394
1684997947
1827544891
1823423290
1823292170
1840003338
1840053514
1840024906
1840023243
2045544091
2015925947
1764467387
4012548795
3995771563
3995775403
4000034987
2934681771
2930438313
2934628537
2935677885
2944067261
2939807485
2939713261
2943899245
2944208765
2926513437
2926517565
2934666301
2934526013
2934558815
3198939231
4293521622
4260934774
4185435190
4179208246
3977967670
4011522102
4017773622
3870950486
3870949511
3803906180
1668809876
1631072676
1612194732
1683624620
1692010152
1688078041
883165711
883182350
887417094
1411704838
1411602690
1415733010
1415714355
1425146595
1451623075
1451623041
1451565952
377759104
310728096
307033248
1377625248
1379456101
287886343
271100934
275290114
275617810
271431698
271555586
1349162242
1407881986
1455063555
1452966403
1457030659
1457038899
1180233251
1163455010
1415248658
1415235954
1415236834
3579348195
3606610113
3606675648
3598352576
3597308224
3593135875
3593158418
3744017186
3693620002
2624138018
2562399014
2562264870
3635951398
3365413654
3365413639
3384288068
3384330180
3379070356
3374876060
3375072668
3375087004
3408505244
3409553821
3407456734
3407505694
2345281822
2342136638
2342135614
2411606830
2243842351
2275983853
2276229533
2208858509
2179498380
2439552428
2418645420
3022764204
3022694604
3022956556
3022956812
2972626700
2737816076
2720858684
2788110892
2792239660
2930577960
2880176683
2846625258
2829584634
3098024154
3102218314
2552961034
2552903690
3626640394
3358204170
3408532026
3405390378
3399164462
3398246974
3398181638
3397657028
3397697684
3414982836
3380117692
3358164140
1210686892
1210841516
1211853228
1211836814
1209739726
1209936142
1272852238
1251402510
1251115790
1251181325
3398480684
3465586028
3468736996
3456141476
3472984236
3439495423
3439520974
3422740558
3695337550
3569537390
3565257326
3565195887
4102063852
4118855372
4124089036
4082404044
4078276300
4061562572
4061586124
4080427724
4113965821
4097250029
4101375983
4110290287
3035499599
4037901327
4037835871
4058803679
4092407694
1919893134
1915686543
1915684541
1920930733
1920799149
1929121965
1944916213
833380373
837608471
837593142
862754870
858626070
841914374
909040646
909006086
2003714822
2011841062
2109219366
2109219374
2092458523
1554540313
1571355448
1575648040
1601919864
1595493336
1461263752
1465587080
1431242120
282002841
281423785
826699689
822280121
822198747
319869194
307281946
1383104570
1378984234
1396171050
1360978730
1348113962
1418364474
3582625338
4153061144
4288195336
4288195400
4292385752
3742928888
3709519576
3709469384
3709481800
3743028008
3730445096
3738842408
3736804648
3736878136
3736923160
3751580747
3700856010
3699815630
3695613134
3691218174
3691418870
3692467446
3692490966
3732328662
3732754675
3732680935
3598262759
3598398199
3623490302
3573221118
3573091070
3573050110
3564661502
3564660682
3571995082
3571991499
3584623305
1424623321
1350176493
1346140909
3508300269
3512007916
1381290188
1389871244
1381413005
1447534732
1443160228
1443130533
1443113127
1996634294
2000828838
2010275750
2006107766
4256219655
4293173765
4259619348
4251755028
4251755044
4184384036
4184601132
4167710255
3648659006
3648719146
1482229802
1482360874
1490683918
1486494734
1488598094
1488535883
1492681689
1532539625
1510515372
1510711997
1510909599
1515173622
1510840294
1594736610
1582168034
1447610338
1457014594
1453015361
1457143808
1457147904
1450844164
1413095428
1413099524
1144657220
1148915452
1155009260
3297258159
3297520302
3297512334
3331197326
2258296206
2394599822
2393551294
2393416102
2393416166
2393420142
2397733214
2406056759
2368250661
2351476517
2620238693
2620303829
2621356164
3179190420
3176959412
3209994884
3204878980
3072234117
3074347717
4147037911
4130098535
3865847910
3865847910
3874364630
3886947478
3886941350
3853125102
4259846110
4248317646
4248316422
4248316422
4248451622
4251585062
3718844214
2577935639
2577935623
2577936142
2309500446
2310617646
2308512302
2346191406
2344095518
2309538830
2309722222
2582282350
2565570799
2557051084
3631785100
3631787148
3627657356
3626608772
3626716308
1495925908
1495937700
1529754276
1536557732
1502937799
1502621190
1485842950
1291201038
1307973966
1306921214
1324092590
1588330654
1521221774
1526481290
1516036843
509403753
509406824
1063037484
1062976812
1062896749
1025147117
1008304349
739812549
739814597
739813443
739874865
739948577
656324897
643206945
651330833
642945283
1711337667
637558963
637740199
1728191909
1728450212
1703743212
1703740972
1704919608
1706635784
1706828296
1978409480
1978429240
1975319352
1973193722
4119628202
4153248170
4140809402
4128219546
4128158618
4128158346
4127957706
4060669529
4060636956
4061803564
4084863020
2984902700
2968191012
2968129557
2963935559
4037723078
4038887398
4053573614
4073495742
4060908687
4060519563
4061575305
4128696457
1964402841
1966501295
1953904318
1953891022
1961820686
1961628190
1978147630
1961369902
1424498735
1424698431
1420437519
1151998223
1153043215
1157307151
1157171975
1156124423
1156514565
1156399889
1156420385
3308041057
3324355425
3458639681
3470954305
3401026882
3398798642
3397694498
3666141218
3661897766
2601267494
2551059238
2552103460
2557870700
2289369724
3360686792
3359649736
3376474568
3414206600
3666065544
3733096841
3733109402
3598749354
3591669418
3594289834
3593835194
3592852378
4146499994
4112953562
3035013242
3030901788
3030822156
3052908044
3044392476
3040185916
3040855868
3039809596
3043848252
3052150831
3182231598
2650735854
2650741990
3716090278
3716090582
3444972226
3344317954
3352241666
3331138050
1184653891
1184490177
1190831040
1312458112
1328188800
1278982576
1148827824
1157216500
1417198820
1417454692
3560235053
3559972909
4113756479
4250056239
4291931695
4290816559
4274039615
4265917703
4131697669
4131684373
4128161845
4111364149
1948131413
1947607253
1948127735
1948126951
1960774375
1956465263
1975507470
4139559439
4139559503
4143490510
4135096526
3591950478
3591913902
4111336366
4094564014
3156098734
4244250350
4239071214
4238881727
4238893964
4255703948
4293436108
3173549788
3173816956
3157174572
3157174575
3156650542
3178555918
4281460238
3205689934
3187856094
3200762287
2927919276
2927932588
2927991964
2933243084
2803154380
2754981388
2686905868
3760598652
3760590584
3760982761
3760986537
1634474155
1642859690
1671894266
1638281306
564211722
564133898
565198858
548446218
552641598
835822718
834905310
834900381
834896796
826507932
822249144
1896017656
1665329704
1666329448
1668557304
1667565723
862861467
859772042
863764618
861667482
836505786
834630634
833545003
833528379
833398299
816623113
1894619417
1894684937
1903073289
1898878987
4046359627
4146889898
4147086250
3862876842
2789110458
2793304746
2793222826
3069977322
3081511915
3081511001
3048013897
3048154185
2985241821
2968467645
4033808829
4051635101
4051573391
4051648143
4085196447
3547668927
3546558639
3538178287
1390727199
1390718991
1390716175
1386527495
1386650165
1391378229
1408152877
1936625981
1898614799
4029321291
4030368971
4028336378
4027353578
4027354090
4027354074
4095663370
4116639754
4127125535
4260847661
3216465965
3086296100
3086427492
3086366452
4158001908
4158067412
4157936325
4132704841
4132708955
4149486635
4149676075
4032186410
4032710666
1893652490
1893726474
1419562762
1423721226
1415332298
1429864682
1461334186
1448747178
1456103838
1451873165
1451984532
1451854524
1455995900
1595452412
3745032652
3745164236
4248481740
4248471500
3174728525
3178922540
3186332196
3181965860
3181928996
3085460004
3077055013
3077055215
3078102446
3212314798
3220703406
3220768958
3220834446
4250543310
4233781326
4234043982
4242358839
4241801764
4241810980
4233422948
4250204256
2097178816
2134993088
2135043136
1967526400
1430655521
1430651427
1432289846
1432183558
1432150302
1423748126
1959569470
1892198718
1892453374
1892584078
1884195470
1896515214
1662747279
3861615517
3861557668
3862880676
3862290657
3866386466
3865318434
3865322770
4133758258
3051693862
3030787686
3030779622
4105111462
4122742695
3619424645
3530037572
3525912772
1110321348
1378756848
306068708
306119860
287113348
270406020
269382276
273597125
282493509
280269364
283423276
291808044
291802904
275225368
1348901656
1424398601
1438038283
1974909215
4292124494
4267016910
4262888138
4264985246
4262892222
4262982318
4262781615
3993265071
4010025390
3981906350
3965060542
4241886398
4241890526
4241831998
4237573182
4172561438
4170458126
3650446350
3650545439
3684140607
3687626303
3662458431
3670585143
3670718263
3670717751
3671772215
3663202399
3661117663
3661118879
3694802367
3698996157
3703178173
3703177877
1420313236
1420321436
1416160220
1412015096
1412084072
1898624360
1933229368
1899661576
4045310728
4044729112
4048861752
4048858633
4048848459
4149727834
4145435482
3579711854
3713929262
3713926182
3713930290
3697157394
1566449939
1577001779
1606296403
1337856963
1304297859
98518403
89942435
223095203
223094947
1330407586
1313630374
1179051142
1175896518
1177977094
1132298550
1409065254
1404609318
1403626279
1403626020
4155024996
4151881444
4114124524
4095250412
4095381452
4095393741
4095393615
4116618511
4125023519
4292795429
4275891236
4275954708
4267634692
4269731844
4197871636
4197806132
4212469796
4179047268
4166399588
4173727445
2023162575
3633780430
3636270798
3636205262
3702267870
3707624430
3707623918
4101815294
1971108750
1985785486
1985980042
1981723326
1981719231
3860832959
1713353117
1646047469
1648136236
1643021356
1622055948
1625745412
1617325061
1613636615
1613505575
1613509670
1614545958
1616775022
1620969166
1621033678
1619792607
1619817163
1619845707
1615639371
1611504975
1611635709
1611578092
3780033260
3821976557
3801004535
2731523526
2790191558
2921223110
3191738950
3211661926
3182244454
3165136878
2896719338
2913523946
2947061962
2934487241
2951260360
2942873032
2909382088
2888545736
2755573208
2755573160
2755589544
2755064744
2754007724
2704163496
2741977848
2750236379
2750172506
2750184506
2750180410
2775346202
2775413770
2771283018
2804836810
2792258043
2800733163
2797456235
2796934683
2801070603
2926895627
2939445787
2906087979
2893436779
2899791337
2895400413
2897495261
2914190492
2918330525
2910003645
2907793341
2891005887
2889891486
2889887374
3963694734
3963824062
3972093358
3968910574
3968975886
3986023433
3990154252
3960794124
3893749820
1746401316
1746327588
3898003252
3898015300
1749476932
3955663569
3934687697
3935469635
3935535171
3930162194
3925912950
3925928294
3925929838
3942733422
3909288554
2822898394
2822968010
2832217083
2828013035
2828011753
2828081369
2843896009
2877451723
2860933963
2860999371
2860839627
2881811451
2848248299
2823085291
2891307241
2891307241
2908195049
2908129497
2941689032
2859970888
3929330440
3929391688
3929436776
3946193513
3950126699
3958441707
3954181018
3918533018
3918541050
3918542075
3951246555
3951241289
3955239181
2059413773
2059413775
2059615518
2076316990
2077364350
2042757502
2042828158
1497380318
1497392591
1497425359
1497478621
1505932765
1539552725
1535229140
1522579669
1522579669
1514264695
1526913078
1526881302
3645011222
3654439454
3637695038
3633435198
3632330286
3649077102
3653270878
3384899614
3376553262
3376551214
3376550718
3376558874
3385014026
3385005531
3380810936
1233146040
1233145992
1262542984
1258520776
1241678024
1308790024
1577224504
1577101608
1581295915
1585490298
1585624522
3730014602
3608641930
3577643419
3027940269
3036325548
3032137444
3032002276
3031999076
3036193332
3040453149
3040580127
3072886318
2804467758
2791884838
2800343094
2800416790
2800416774
2808767686
3878297734
4012511367
3978953111
1835729575
1835602599
1843991207
1840067255
1823224415
2108449295
2108483085
4122783244
4260670988
4252282381
4248813065
4246642249
4246654671
4250816175
4261220271
4127141807
4110362559
4107740573
3562340509
3704946933
3707048052
3438620692
3438619652
3303286804
3303287088
3303340336
3332831504
3332829952
3265696001
3266281474
1118601250
1139598370
1076627490
1076627554
1075710178
1074690706
51308162
307143298
315523713
1380876929
1376032689
1376042977
1376036705
1380758048
1393533508
1359929924
1343103684
3561631620
3571059109
3570928033
3573037475
3570936199
3319342534
3348836610
1201304322
1169879810
1169946402
1169745250
