627964279
627964279
627964279
627964279
627964279
627964279
627964279
627964279
627964279
627964279
627964279
627964279
627964279
627964279
627964279
627964279
627964279
627964279
627964279
627964279
627964279
627964279
627964279
627964279
627964279
627964279
627964279
627964279
627964279
627964279
627964279
627964279
627964279
627964279
627964279
627964279
627964279
627964279
627964279
627964279
627964279
627964279
627964279
627964279
627964279
627964279
627964279
627964279
627964279
627964279
627964279
627964279
627964279
627964279
627964279
627964279
627964279
627964279
627964279
627964279
627964279
627964279
627964279
627964279
627964279
627964279
627964279
627964279
627964279
627964279
627964279
627964279
627964279
627964279
627964279
627964279
627964279
627964279
627964279
627964279
627964279
627964279
627964279
627964279
627964279
627964279
627964279
627964279
627964279
627964279
627964279
627964279
627964279
627964279
627964279
627964279
627964279
627964279
627964279
627964279
627964279
627964279
627964279
627964279
896383351
359513526
359510454
342733238
342733238
359510462
392540606
396735678
397262015
1454225599
1454225598
1466873998
1462679950
1429122526
1429131214
1433063118
1475075806
1995152991
1986631197
1986565948
1986565420
1986569260
1718198508
1701765260
1680265612
1680228996
1680999060
1681064613
1685140135
1688216871
1688218663
4104136711
4104153095
4104316931
4125288707
4125529347
4125524755
4127032083
4160524595
4135441715
3732849747
3730725955
3730733139
3730770275
3730640739
3730576994
3730580070
3739050598
2648666710
2560348742
2562445894
2562310982
2562316102
2562322279
2566449509
2566449505
2564315489
2623097201
2625330545
2625336689
2637787504
3745108432
3728396736
3728404928
3730499008
3730494928
3730818512
3730691537
3730593271
4284237031
4250731950
4252898750
3707645886
3707387838
3703127742
3703058110
3707512766
3722191774
1574707599
1608278429
1574433244
1574433276
3696620924
3692166453
3692165911
3692216070
3713185542
3749105934
3740712974
3602890766
3734884415
3734859885
3740823660
3757604840
3313048296
3295349372
3295234652
3295173188
3295156036
3291022080
3224269569
3228496709
3237917557
3552489815
1388229911
1392347159
1383893047
1379702838
1379776638
1379790046
1395421338
1898709179
1882128811
1883116457
1912484525
1906184879
1939174031
1939138254
1926538958
1926541022
1918672511
4064132701
4045324124
4112430396
4101361964
4101271844
4109639717
3572834342
3568706594
1425415202
1417091122
1414871314
1142371602
1146491650
1150681601
1084179200
1102861248
108847488
103664768
103794816
107956369
107895219
116287923
1189572514
1457910434
1584718582
1607508694
1607508719
1572905711
1572906735
1598074479
3745558127
4265717103
4265786415
4267088935
4267082807
4267021333
4267024437
4262977597
4279693343
4113962054
4097181126
4097183718
4109831846
4105510574
4038923966
2965123726
2981634703
2444780445
2478367228
3606640092
3594048860
3324542236
3257478460
3257543988
3257548084
1114248500
1407874325
1470813447
1470797062
1470792770
3622540354
3609826370
3609826322
3609964594
4146835491
4148011811
4118782503
4110406263
4102013687
4101785575
3028049895
3023907813
3026139988
3162192196
3036232020
3036163924
3048809412
3048944261
4256895622
4256912278
3166228902
3170431150
3162031278
3156793518
3173706190
4281002575
4281264717
4282281484
3074229780
3074163252
3044811556
2515279908
2544636004
2477655108
3534374084
3601521799
3601718454
3623664806
3510418662
2418836582
2418967814
2955849223
2956832276
4030508596
4049376820
3059601940
3068064259
3063603906
3066814886
3200831654
3188245670
3037218982
3021658246
3160074694
3971656646
3970670421
3974677764
3978880004
4012434436
4281000993
4264197155
4268624930
4285465906
4252832066
4252311873
4244054368
4237624160
4237559520
4236589760
3716622912
3750193729
3755301570
2664751058
2656880102
3061629158
3204219110
3204022510
3201933534
3193480415
4145605837
4112055437
4112002447
4114228879
4097454767
4108976813
4104848045
4104652524
4104666716
3031181836
2498521868
2490133263
2506910478
2255305998
2397963534
2397962254
2393767982
2326663206
2343514150
2310287671
2293559748
2297737612
2283050388
2282012564
2550508436
2550639508
2567350932
2638392980
3183650436
4290938564
4283598532
4279490165
4281354087
4281337126
4280353830
3206689842
4281495558
4281529350
4283556871
4270894101
4220562709
4220692741
4292017925
3746975495
3725922103
3725866855
3728483687
4269553127
4269737445
4261021077
4240326020
4240125312
3701043072
1553518209
1423482531
4098682530
4111263394
4144289442
4128560546
4145382562
4116022434
1976958082
1953623234
1948282178
1881222915
1344413475
1344671009
1374030881
1437539376
1420811280
1437587456
1974441984
3618613504
3622808368
3593386544
3593899536
3728131584
3728097792
3727884832
3708822112
3700433505
3700438498
3700690146
3702786146
3300132898
1148454930
1143356418
1143350274
69608450
69600514
7147266
15552275
28167698
28165714
32342994
65639346
57258418
40477075
48862355
49006771
65788081
65747185
57358385
2828593
2959153
2896689
2958129
7299857
24101649
99467539
99582323
99587539
133152243
133020147
133011955
267369969
242204081
242202033
242066865
242064817
242195889
1583792051
1583792051
1591982003
1591976370
2121376178
2117116322
1980802274
1712368743
1733339175
1733535783
1733466167
1729272837
1729270853
1729282119
1698087159
1698055655
1735804903
1735726819
1727346419
1727346419
3874822003
4139071345
4143277904
4126369600
4109592128
4243814080
4243674836
4243685332
4241563636
4241562599
4241497062
3973065574
3964694118
1829893750
1830015750
1834070790
1834001174
1842390326
1841343799
1866512407
1862318101
1845606453
1845671965
1845664796
1845675053
1846722605
1850851373
1852949549
1718701103
1718844479
1733520735
1733520862
1632843198
1634930078
1618415006
1617370014
1625627318
1625623222
1621433014
1638211222
1638350534
1639003654
1638934023
1638933813
1643174949
1634786357
1666227221
1662037005
1661054277
1627635415
1631749799
1623360167
1623454375
1614897847
1631593111
1627391381
3808497125
4082243813
4090636759
4057082311
4035996103
4036033991
4036072903
4036134213
4059464964
4084639492
4084573716
4062559780
3794075172
2720392740
2741330468
2742383149
2742309423
2742305774
2740241902
2748632302
2749155550
2731329742
2731523278
3813588174
3809408143
2702112141
2702603677
2685855661
2690049772
2698501740
2712978988
2716911116
2717181453
2717181197
2708788271
2708784174
2708784174
2708784174
2688480318
2688447798
2692638262
3783161430
3791607495
3822916295
3822858967
3797692855
3797749943
3816689877
4059968965
4042135365
4037414407
4041570823
4041534270
4092913966
4076137518
4143891470
4143890502
4135567430
4135436663
4152356967
4118732903
3848265975
3843387637
3843363061
3843425717
3847636908
3856096940
3851779756
3851708125
2777966285
3050628811
3050694474
3086337066
3086273578
3052718126
3044333614
3044535358
3028182334
3028177686
3034468935
3034534599
2497672129
2489258385
2505786801
2505786529
2547741921
2533059697
2533059841
2532142401
2523787073
3597659973
3610172757
3581920756
4101883364
4110210020
4108120957
4110017053
4126798397
4118345325
4151865325
4147702253
4149864669
4149995676
3850041500
3841625500
3841884620
3837755725
3837100063
3841253422
3845398574
3977519150
3978042414
3978168682
3977906794
4021946922
4020853274
4020829706
4004029966
2948112908
2948112972
2944055020
2770253540
2770323172
2772354788
2705224228
2708869664
2716205811
3820229590
3824427430
3883148454
1735658670
1736182958
1711147150
1979320462
883570766
883566607
883481387
900247339
904439355
929604105
1059693064
1061130812
1060614700
1964487468
1968406828
1967292732
1967320332
4114803020
4114807756
4123187849
4152806058
4153855658
4120692618
4126982538
4118593706
4051558570
4085244139
4085211375
4068434157
4143964637
4143903711
4160148319
4051092094
4047359550
4030520094
4034193710
4050974766
4058380351
4083610893
4083611468
4083598044
4084658924
4048941804
4048876268
3780441836
2706675309
2689895981
2689900077
2692068909
2692195861
2692195079
2692215063
2689978423
2706691111
2743061607
2742962679
2726198231
2742960081
2743017363
2751272855
2751209911
2751213991
3822321830
3822321846
3805615350
4074120566
4088816951
4038550835
4037308675
4041498883
4033896705
4029997349
3493319989
3514223879
3554069958
3537291718
3606564294
3606334966
3606861286
3606864358
3606847726
3623690494
1434329311
1433800911
1433862367
1429542397
1429288445
1416701405
1414620511
1422976287
1439754013
1435604749
3583086108
3583282748
3623139884
2466036284
2524958236
2522793500
2531136044
2526622316
2526552557
2543329454
2513973422
2505572526
2505704638
3579462798
3613052302
3611876750
3595087310
3595349197
3596462157
3592334365
3609111837
4152272143
4118709534
4101931326
4101480510
4097159231
3829182509
3829174316
3826958636
3826930300
3830071916
3829990124
3829924604
3830981341
4099420123
4101577210
4244310266
4290644222
4273879118
3735758862
3668451342
1525182734
1525170458
1521103150
1504321582
1487544366
1219116245
1219038388
1214778532
1211654564
1262015140
1530847892
1528750724
1531290244
1506062023
1489283958
1556322662
1565710646
1599266566
1467139911
1467401095
1475856309
3621580197
3755797933
3755256237
4265983405
4267085741
3860759101
3867050525
3865674253
3865608716
4012417596
3962286893
3962240301
3962206255
3962177710
3962177710
3991538862
3870949806
3870950046
3868856970
1725440650
1647847050
1932012202
1885940650
4037879962
4054583514
4088203338
3551384586
3551502346
3517677578
3500773418
3500974122
3501039659
3501191228
3504992748
3496478124
3493332908
3493470124
3493478076
3493473932
3497683660
1375333068
1409084108
1392291548
1920776156
1920971736
4068447196
4066345308
4049174892
4032332077
4034433325
3761874733
3760959293
3760910141
3779001213
2742995757
2726219565
2733098525
2724483597
2741264909
2707710493
2708760173
2717144943
2715045359
2710949375
2715274447
2717375823
2717906271
2709365077
2707218773
2707222869
2702987637
2736592359
2719364582
2994085350
3002474486
2998280086
4072087430
4088412110
4055115230
4042547438
4042584302
4040486990
4040536079
4032147471
4116025405
1998032924
1998058508
1997995020
1997962264
4111891240
4116081192
4107722344
3969238781
3973366413
3973370509
4240741005
4232360895
4232557039
4249281775
4249283814
4144430294
4145466566
4132883910
4131898839
4141213559
4141148023
4141213303
4149343861
3041974005
3042041589
3050493655
3050456983
3050522007
2985325735
3019136165
3010813093
3010943476
3010887380
3018292804
2984601172
2984600180
2984530532
2967749220
2967749093
2963559590
2980336806
3051689126
3076791766
3072658902
3072728390
3072732422
4117179398
4108789798
4238825510
4238526486
4238514182
4251036678
3744506887
3744714757
3727872260
3727872548
4266836516
4292067876
4286858788
4286902212
4253347277
4253481405
4258191791
3713977791
3577433502
3577236942
3610772942
3610772814
3598324014
3606782246
3606913318
3602854231
1388213703
1404980679
1375652293
1375652293
1350428133
1344069741
1344069677
1344069677
1883042105
1880986425
1880919593
1883810345
4031285865
4056845019
4090419851
4073651851
4073640590
4141798030
4139774622
4156416686
3048792494
3049037997
3036447917
3023867108
3040718092
3040798212
4097762820
4096681476
4096132631
4028960290
4042525986
4038347810
2962539750
3013526658
3065959554
3068064899
2522854801
2454562721
2990860197
2990858981
3008754677
3008721893
3008656813
3017045421
2983548333
2983610269
2960586381
2960647885
2977228797
2977232751
3010774319
2993538078
2993681438
2993679646
2989321566
4063194494
4067325423
4068394495
4076324191
4076196189
4076204061
4076204061
4067745821
4063584285
1915957277
1932661021
1932919645
1400243805
1475806845
1470437241
1453602136
1470440776
1470588233
1436933449
1424346587
1424268795
3572809722
3572869114
3564483547
4101341657
4101292377
4101296424
4100415784
4100399400
4096074024
4097255225
4101455401
1979136875
4122302971
4155821514
4138782154
3606349002
3606352074
3614806234
3581325818
1417077050
1417568570
1416503610
1416503594
1558848815
1558852927
1416299839
1416435199
1412768223
1412657871
1433588431
1439728351
3581970159
3615532783
3598755439
3598954079
3598906959
3598849663
3604361967
3606971375
3615359471
3614376427
1416429803
1349850235
1349991435
1347774538
282388938
30710778
64012218
324048267
324305033
37060745
37142744
36619560
36633896
40791341
49243455
49078294
1122824246
1114411062
1198424374
1416528582
1421775494
3568209543
3568143253
3568933269
3562580391
3558402471
2484628967
2501537766
2522499046
2526746214
2526548838
2526557046
2530751830
2522363206
2503638470
2625306566
2633686982
2629554118
2629357559
2562242149
3103303204
4194084388
4215055892
4214601220
4214392580
2064758064
1762698272
1761651744
1761844256
692295697
721664003
721598467
721599491
709008387
710067219
722715697
789696609
789672033
760247649
743535969
751901667
617679843
613485282
613759986
612707282
1619472274
1624184195
1624061315
1615603601
550250161
546115233
545853169
562563603
864566787
868826627
843660803
843659827
843655715
843586083
851970579
851970627
851970753
851983041
852180609
843792001
843595441
843612065
843635621
860408757
860462005
835304373
835305365
818527637
818789783
818787767
819963319
836740599
828288247
863943799
859748471
826210327
826173751
809397559
813596471
813594423
822015798
1895683862
1895601430
1912388886
1943840774
1935648838
1918867910
1918470647
1993187253
4141790885
4141262565
3872830181
3874861925
4017141025
2939206961
2939202817
2922425600
3996298512
3996319008
3996309344
4013051872
3983740833
3983609763
3966836643
3966843826
3975232946
1827683826
1823476754
1826700290
1843473410
1835215874
2099391490
1013069842
1021450546
1017252402
1018300979
1016138257
345259521
361508353
395060736
394803184
382259104
1388875681
1380499363
306751922
323533202
323524754
319326418
302630962
843728930
843725875
852110641
852114993
852114977
843581984
843582000
860359488
860359108
856234900
860502692
575285924
575221396
575172228
591978117
860409749
835227583
835227071
818781630
818789598
810527966
298822910
332375550
328119790
311330286
1385076734
1389340670
1389146106
1397600218
1397681146
1380907898
3595488122
3596541786
3596609294
3596214542
3604603151
3722047773
3705393205
3705319476
3707417876
3707408148
3699018244
3631864341
3644647957
3676138007
3659345702
3659349286
4199874854
4199878710
4224528694
2077057399
2043437543
2035081703
2018275303
2018278359
2018257878
2035104727
1498297719
1539707197
1539707165
1539703048
1539772680
465842488
432283960
423636280
423640344
423696648
419642632
453188872
457248008
994051337
1002440025
1002452315
968914267
960552282
960613754
960623978
960619882
960618859
969273691
969265625
969396713
961016297
424141291
407367147
407370218
407337434
415717834
415717834
415587674
415593818
407335770
423784782
423784734
457274671
457202983
440491879
448880501
449052501
449052501
440532821
440532469
440465893
440465895
457308663
457308662
465697270
465664502
465664374
465795446
465795446
465795447
465664887
465656181
465656181
457275765
457275764
457275772
990108028
990091612
989961564
956415445
956415444
939638260
406961652
406960340
402757780
402757812
402888852
415430800
428226689
461781891
461782690
445005474
448798370
436211442
167779266
167783362
184559874
453130498
423762178
423763250
423638306
423650599
457241895
977337661
977312109
977328621
977361405
977353085
960706845
943864095
943864591
952254223
952188703
943734575
943733103
692083055
692181375
692181375
960600447
960608767
960609790
960609790
994164158
1002552766
1002552766
1002551486
998357182
465828030
466057471
432421117
424032364
407255916
407256684
432223772
427832844
427843084
461397853
461404527
457267438
453073134
453205214
453080526
453075918
419656411
407073503
146928221
146847261
146848532
146913553
146913553
147044627
146978835
146971650
172134402
167952450
167903299
167904579
167905889
440613473
448801377
448801381
1002450469
968894255
968913279
968945775
968947055
968949103
700513127
692182007
692149111
692271991
994261367
994213223
457340263
457397751
423646679
423689671
423688647
423737815
423729655
423860567
423803206
457358662
440580038
172143238
172012198
1245755303
1254407588
1250205092
1250417828
1518793892
1535571172
1485239652
3632713500
1490471437
1482017294
1477503550
1477470766
402660142
939526430
956312590
687874078
734146686
729952509
998715868
998535644
461698012
461681628
465875676
197632604
176534104
176535256
176537272
1522973369
1522703289
2051180683
4223830154
3636693146
1489021082
2017703882
2030207498
2063843850
2047873594
2049975082
2054168618
2058498094
2022837294
2021787726
2025994702
943795151
943745981
952149420
947953836
964735132
964735132
943763628
2013299876
1744866469
1745070263
1745005030
1765997414
1799551590
1782733350
4199702070
4199694854
3931230982
3938512950
3938492454
3951079462
3901005845
3901202452
3901142116
3896941924
4161194356
4161194836
4161162064
4177930608
1766206769
1766206514
1765936178
1761807666
2034437426
2034448146
2042832707
1807836096
1807770496
2076239748
2059452084
1786822308
1786822308
1786820261
1786836671
1790998206
1799698030
1796545326
1797536046
1764034606
1763837966
694302734
702686222
699543566
729874447
729813055
729818415
734014767
734068607
734068575
968996831
968995807
952218591
952219647
406961151
423738303
465681343
465811903
444840383
444774815
448970127
440595853
440588237
440434157
440429932
440433709
440499245
956529725
939711759
943895374
943887310
952341406
952152506
943763898
2013311418
2030083754
2034481834
2042804906
4190264041
4169349752
4173412888
4173545240
2027095320
1485897784
1502613560
1501569065
1539514410
436346926
436338806
436408454
436220038
453010567
989916301
994097565
994163101
994294175
960756063
960690447
960690446
960687374
960689438
1002633022
985782078
985718062
985717038
985716846
985749631
998455677
969021756
943856444
943865404
939736636
939540317
943751005
943749597
692124127
692189695
692156927
692287839
692222815
692222749
700611357
734232349
734363423
1002725151
994377086
994965886
994965886
994703742
961149310
969521534
432642526
428449245
160021980
197901756
197901748
189513652
457816756
1539947188
1536015028
2056239797
2056174519
2056174518
2051448214
2047249906
2047200498
2047147239
2063887591
2013474277
1749164021
1753356229
1753355975
2021726039
2021670182
964701222
985676838
440490046
436361246
436402191
436399119
436403215
440529935
1245761541
1224921156
1208144836
1220724420
1216597732
1216412388
1216375540
1216441044
1233222629
3384810978
3376481762
3372286434
1224802726
1224819622
1224931206
1262661506
1254534018
1254407058
1254402530
1246539235
3662456097
3663627524
3665462532
3665491200
3672830240
3690557728
3656987424
3638039093
3629983255
2019495486
2015300158
2015169082
2013534778
2013538618
1749314586
1766122569
1774249416
2034279320
2034283192
2034283192
2067904168
2076424108
4203134381
4203134117
4203149479
4224178278
4182117398
1497775366
1480993030
1482037558
1490303270
2027166758
969219110
432472326
457519366
457187655
453042679
419471789
423670205
960601496
960600504
960609208
994294424
994491080
990296648
973512200
993313595
2065727786
1768128810
1759678510
1754444078
1753328942
1757456430
1749067790
1744873478
1795340415
1778561231
1778565326
1778532542
1778516142
3947040942
3946913198
3921746862
3904977598
3900910238
3917954766
4186379982
4220785230
4204028425
4206125832
3673482296
3660897324
1513573436
1528187916
2031514636
2030461724
2034655788
2043474477
2039277308
2022483660
2026876556
4165910428
4182613948
4182022076
4223989693
4203205037
3129201071
2592167087
2613064879
2572229871
2622623223
2622627799
2631022533
2630956757
2643474421
2681219063
2666558935
2398254535
2398277959
2398343518
2414925678
2675242862
2641688443
2641688539
2641684313
3711296377
3711431033
3644309849
3646414089
3648387083
3648350266
1530214442
1513437242
1514087434
1514021130
1517945610
1543111630
1486496414
1486430910
1490576318
1482224638
1498976622
1539879209
1518920504
1519051288
1319040536
1298062908
1277087292
3426323324
3425274333
3425668237
1559661703
1555203207
3753087367
3734155669
3738366389
3729908133
3725616549
3726060967
1582709175
1585322423
1602162583
1467748247
1434198967
356262823
896999855
887435759
887415293
887136637
903914815
895532351
895531327
2003089727
2003155231
2003222294
2012126982
2012140823
1979630903
1434076469
1432048757
1432042853
1465597284
1448688500
1582899029
1591426629
516634135
508245558
508102422
526058822
408552774
140125382
150676694
419124639
414832063
418944941
416851949
433628140
450404712
987537704
996127032
2036248856
2084476185
2082381081
2082388793
2086574891
2086640186
2103418714
4284325194
4150117834
4152280282
4152025322
4152025322
3076121086
4158214878
4158198494
4158207678
4149752510
4124652223
4124644269
4124770492
4126998716
3724375260
3749473308
3749473308
3745277964
3744819212
3682019596
3656793884
3652591133
3652583998
3653173822
3686544366
3757846958
3478913454
3478930606
3473795214
3440371846
3691949446
3691953542
3691689870
3562969038
3581785886
3589119279
3605896493
3597462581
3597499669
3593409845
3594392373
3594392101
3598586407
3724416870
3435076950
3432978886
3432860870
3436037254
3436171735
3436966901
3436815077
3434914532
3707545572
3698108388
3559427924
3560687428
3560626116
1413374916
1417553869
1433863919
1429472943
1463031727
2002202043
1993821690
1995726026
1991571531
2145699851
2145692985
1063775544
1046931224
979530520
979563016
980599593
712343849
712811567
712813615
710523934
1784331294
1786428430
1782224078
1765311630
1747514558
1747613614
3899274922
3908714154
3971616490
3975678682
3975683658
3975691642
3988319467
4021937385
4019954888
4288324744
4284196040
4280017868
2132538076
2115646072
2115641912
1985618473
2002321705
1979200553
1962416187
1425676315
1421498379
1421527243
1421642122
1420595082
1475118986
1584235418
1584305051
1584320923
1458500015
3605520877
3605389677
3606372653
3597985085
3614747965
3581390109
3564551437
3564539213
3562508109
3026032476
3042817837
3042817837
3078468391
3078484775
3078476582
3078476134
3040858486
3044955510
3028174198
3028223862
3028095606
4101775990
4034667063
4034667069
4032567069
1893473309
1356348445
1356412949
1352546311
278543367
14416898
13153282
13140003
281575521
323653824
306886016
1109038720
1111137936
1378541216
1378573984
1378367152
1382561440
1390949792
1386755236
1353526444
1353067677
1352805535
1357079726
1344328942
1344324734
1881178126
1881186318
807645246
807637018
807638282
1881378574
1898289983
1903008558
1936558638
2010631902
4157001678
3712376782
3720753102
3705548686
3701353894
3700827638
3700756950
3704885750
3453223279
3486871853
3751080252
3750797580
3717244684
3704662812
3562060076
3560015916
4097214492
4097215564
4097215949
4113991566
4148082574
4129744798
4129616822
4133831079
4133974439
4142346727
4139197414
4160168950
4159973350
4124848046
4124846518
4125048214
4127071630
4127151503
4127019407
4127052127
4159672637
4142765357
4142703917
1995222845
1714204429
1714261533
1713868349
4130260541
4130264380
4130239548
4146987036
4117692476
4126085180
4106162236
4106105133
4106101291
4106184202
4106013194
4239969066
4244154666
4281903146
2115614734
2115681294
1846186063
1846198479
1847509151
773210286
1834099110
1827873702
1827746487
1691360959
1690319535
1690315453
1690315453
1686321885
1620279005
1639248861
1671754205
1659678815
3811344395
3777856523
3761146169
3761154601
3765217832
3765209624
3762192920
3812553224
3862815240
2923184937
2927362153
2934705387
2930706667
2796431611
2813225163
2783865995
2767085963
3035513483
3035583163
4110365359
3028039342
3044814518
3078434758
3069785590
2532835558
2532847862
2549624918
2516070422
3707449351
3703186693
3703204612
3703294484
3719875092
3757636156
3730353708
3732448109
3728384509
3728376319
4265312686
4248408510
4231571342
4231589822
1954151342
4126931374
4158324142
4141569454
4141695167
4082974863
4047491149
1903096844
1903077644
1945078044
1928112412
1919740221
1915545917
1915745535
1915633855
1898840479
4096655775
4100850591
1953436319
1961825983
1957500647
1957442095
1957175854
1957176074
1973952522
1437085754
1441395755
1428812843
1596687369
1328260105
1596498953
1597549577
1601944841
1568317211
1434099259
3587872315
3583673881
3583739721
3587802457
3747120379
3745113323
2670388462
2670355950
3710526926
4251584462
3723364238
3707705262
3703388142
3703322606
3724289022
3724288894
3715900254
3713278750
3721737022
3717468969
3717494648
3701242824
1557953480
1549335452
3692682156
1545260460
1411039636
1413316996
1430041477
1430102727
1462674135
1395044946
1399240018
1407626339
1407691809
1474624545
1475671088
1467798528
1450046512
1382536496
1382991104
1391380224
1475266049
3614363185
3580878385
3564043781
3564031557
3698167639
4251760115
4252803559
4251754983
4286374375
4286366182
3179135974
3177117670
3042635494
3042601686
3044698758
3044753286
3044548022
3052936422
3086492838
3015320719
4089062791
4093511125
4093380069
4084995557
4085011701
4082954485
4082954327
4082950215
1934423127
1934541939
1397675089
3511608577
3578685184
3579803408
3579661860
3579633188
2497572388
2497707636
2510280564
2510156629
3751670613
3751670301
3747369519
3709601327
3709602413
3711843325
3744868860
3749062820
3740599444
3736420492
3753361548
3719725197
3719737758
3701909486
3702304238
4236028398
4097616238
4097621854
4097484366
4231717454
4096442943
4096422446
3022738990
3026715950
3085435950
3064534078
4272574478
4272582662
3736825863
3740922175
3715690861
3694786413
4231790444
4231986012
3695172044
3713882573
3749652687
3732290639
3732276238
3732341118
3598524782
3619431278
3619496686
3586073262
3583988398
3617378991
3604513709
3591930264
1444520136
1377542152
1379640328
1933158408
1882961944
1614453561
1618905657
1627294488
1627293512
3766264520
3810296536
3793584872
3792556648
3792564777
3796754987
2732387882
2816273194
2813897018
2813904922
2801518874
2787100490
2785895375
2785948573
3859681709
3863941293
3873247405
3871281333
3854447749
3837684871
3837716871
3837770439
3837573935
3841763631
2758584367
2753866781
2753859869
2755056500
2771833572
2704671396
2736132772
3814134436
3807642597
3803447655
3819180318
3819843594
3790484746
3773263114
3840207163
3837061417
3841759513
3856436489
3880552201
3859579401
3859788379
3859198586
3863389034
3863388522
3888553066
3854927982
3854866654
3963922639
3825642697
3842409928
3842425564
3876012780
3875885804
3860083436
3998487276
4006877164
2933658749
2929665055
4003340318
4003422270
4003426366
3965612302
3961411086
3963505166
4231940702
4235811438
3975703022
4021839086
4273475662
4272488525
4276748364
4293525836
4243223532
4243271660
4243093916
4244138380
4237879692
4103663039
4123833770
4148461994
4128342426
4262629786
3994195454
3998459374
4015105406
3981550878
3977482526
3960979743
3960979773
3961471269
3963310884
3967382308
3967316589
3975708221
3975703071
3990383118
3992709918
2918906206
2948581502
2948449374
2947924175
2941632973
2937439197
2903925477
2903909093
2903709285
2916093798
2846887270
2846885238
2878543174
2945855430
3217436550
4291116454
4287371430
4120643757
4120382620
4126680204
4116242572
1964880268
1729995228
1729471260
1731503388
1730455869
1629796415
1629587487
3777136927
3777404703
3778449949
3776365117
3876995689
3877438187
3864789739
3875275499
2800225641
2796034104
2796173320
4004128776
4005111816
4005050376
4005043208
3870969097
4137308121
4137338811
4137214395
4141392025
4145582217
4229599387
4231721119
4231717310
4244301286
4240168230
4240037158
4239154470
4243352854
4235013902
4231936639
3963505405
3965603501
3990707901
4024197852
4024230861
4015841741
4015906893
3981893695
3980842031
3980905583
3989960941
4115758589
4115814365
4149659357
3880239709
3863339613
3888621087
3889610526
3889663262
3883698238
3850156094
3846159374
3846092047
3846079759
4011819327
4011623279
2937906031
2936924014
2907690606
2916472430
2899629678
2899631742
2910838366
2910773086
2944163191
2943114357
2917946484
2918994004
2893960020
2893963860
2893701748
2893567588
2901989989
2901989686
2902251542
2902456326
2909699142
2905496774
2905474246
3916367030
3950779814
3934009766
3931580854
3939642774
3935517910
3937473654
3935371286
4203938054
4220592390
3649069831
3632326161
3632315985
3653286609
3686833105
3670121457
3661805985
3661822385
3657620945
3657584849
3657617633
3678572768
3720515716
4240606596
4240488836
4097878420
4093684148
4093684140
4093819308
4026719677
4027663805
2972796909
2972915309
3009553965
2984453676
2984259124
2443193860
2443194116
2426551556
2426539316
2443658277
2478096501
2478100693
2461315575
2465706483
2474083314
2469364470
2435831414
2418470486
2418470486
2419583814
2503469510
3045062878
3078618334
3078413534
3086795855
3070083357
2540626717
2540626493
2536497725
3614303039
3614209855
3622325631
3622358271
3618360574
3618307294
3622757518
3580780686
3576647822
3577692574
3560854462
3560855198
3565156054
3573409303
3572360759
3568101159
4109149991
4109149749
4100765237
4151293493
3060446741
3060708165
3060711877
3060646117
3056391397
3073135725
3039640876
3044944700
3044944436
2516528660
2516325908
2512126804
2510094708
2510094580
2375758048
2375622880
2409112800
2409103601
2396520787
2396545810
2396546614
2390257190
2390522662
2388478246
2388478270
2388482398
2404215246
2370790862
3427267022
3427267471
3422942109
3288642489
1140896184
1140896252
1140894940
1140897884
1426167900
1426299100
1460046028
1443273100
1577492364
1579058828
1583256221
1593766589
1610470317
1576292781
1559515631
1559519471
3706986734
3698599022
3715118126
3715185950
3723706142
3723640382
3719437886
3719499278
3719317070
3717227087
1301537631
1171477469
1163346393
1158962681
1427405033
1427466473
1427630457
1431763225
1977079560
1976947208
1976881672
355783224
355856936
339210792
339071528
339007277
358927469
1436862557
1470552140
1453783116
1186379852
1177988300
3326010572
3346964940
3351151308
3351151343
3602682606
3602686638
3604521710
2518214630
2652429798
2669337542
2619009478
3695111622
3699297734
3703428178
2629690387
2629690385
2650596400
2648497184
2639551780
2673179428
2673310260
2664857396
2592569140
2592470311
2592396326
2593440806
2664744038
2656879846
2675884498
2675626438
2642075782
2621173910
2621108381
2621075853
2621075404
2621139660
2625338092
2625370733
3707501135
3724139342
4294759754
4269592782
4269658334
4269789438
4267634862
4217364719
4217233637
4183684597
4183816053
4183293732
4185259828
4252303156
4250201876
3981770261
4250271349
3175538679
3183922679
3183987927
3175472343
3175447767
3104273495
4183192887
4218818339
3135704611
3135571507
3135579907
3128239366
3126146390
3125089782
2604940790
2579771350
2575642326
2558864118
2625912495
2625912493
2630115005
2631225220
2631389060
2362955156
2379609556
2379539700
2404711653
2404678887
2266324454
2234940790
2239168342
2499214918
2499206662
2499135031
2516371253
2506932532
2506944540
2507990028
2508055644
2508186732
2508127532
2506018604
2513881661
2513914383
2513791518
2505338430
2505858862
2508146462
2550006030
2281640206
2281517342
2247898494
2245866862
2245885926
2244308982
2210690902
2210678086
2202387782
2202531159
2202462039
2202527573
2168780629
2437203965
2433009629
2466682333
2466690525
2466758109
2470755549
2470761693
2479224029
2475621853
2475622381
2479816429
2471460589
2535216895
2535199487
2535355359
2539545055
2510217695
2510288351
2514277727
2489107823
2484391279
2484598111
2488722767
2488690013
2488751613
2488599997
2501313949
2237009293
2245946765
2246016413
2543714223
2547843071
2533218126
2256384782
2263720734
2532090670
2532090670
2523194159
2541089583
2507620637
2488696157
2497083757
2513787245
2639546731
2635385211
3207908683
3206006091
3176370507
3167990111
3167920895
3159597807
3154163439
2885725951
2885726191
2902961127
2949028199
2949025557
2933821189
2944384773
2939991863
2805781807
2804531503
2771059007
2775257206
2775127271
2759394471
2759527863
3036290487
3048947125
3082632597
3082753421
2529047949
2527012237
2543609053
2547315823
2515854383
2506482719
2489838879
2502032671
2502024223
2536954975
2534853839
2518087119
2522347487
2522337919
2547503679
2549600831
2516013599
2515891743
2515826463
2516342079
2514244911
2514310191
2514310191
2514310527
2514449791
2514483195
2547646458
2539446266
2535245722
2539640202
2539577738
2682151386
2648666586
2648511866
2640059690
2642169130
2642410811
2675633947
2684008217
2679870025
2650374856
2650321608
2641929976
2637735912
2637735404
2638018029
3174973677
3172352221
3176542431
3184992505
3164022265
4238295037
4238228445
3705477469
3705408799
3696768271
3694732559
3699077407
3716084543
3758028591
3741243007
3732790997
3732721349
3732704965
3615262629
4152330213
4116095461
4116111847
3042369911
2504515863
2504515861
2504517397
3577970485
3611630885
3544529189
3553048629
3554088983
2476148759
2211908630
2214005782
2178354454
2178877206
2177709622
2173444662
2207003158
2206994966
2190213735
2207008615
2207047655
2207047655
2211240423
2202851815
2198731125
2198731093
2198862148
2165307716
2169469252
2177857876
2160949620
2156779860
2156762492
2161095021
2177741295
2177675758
2211221998
2211288058
2211298234
2170403738
2166209434
2168314266
2151602650
2168387786
2166285450
2198757578
3352064458
3347857899
3347596265
3347634093
3318376109
2236247805
2215276253
2215200767
2215200767
2215208446
2219339086
2240309518
2240309519
2240641311
2173684517
2173143845
2211350325
2195620613
2195620101
2260636021
2260504813
2262601901
2522647725
2535229613
2669516989
2669066429
3208034509
3174477261
3174475724
3178689244
4258648821
4250198741
4249215701
4245156567
4250879863
4250862966
4252965942
4285470742
2120943638
1995113526
1458245671
1592340791
1592341261
1592467981
493498956
476716696
485182104
1554631305
1554631307
1554897546
1559031690
1559028666
1592054186
1593659818
1593713066
3736936874
3753648558
3724436399
3707687597
3697263341
3697050137
4236026377
4261192217
4260668969
4185173803
4164263723
4161986363
4161983771
4161164571
4165358873
4173727005
2026183997
2026138941
2026202429
2043639053
2068828429
2051981583
2051985695
1783624510
1783489326
1783428670
1800205886
1762459195
1745648187
1749891625
1749883688
1749884712
1766790940
1766724364
1766674717
1774997885
1775034469
1770320999
1803926903
734379735
1778759367
1778758215
1778889431
1778881511
1799721199
1757715695
1753520367
1753545182
1757801166
1745349326
1796094670
1779316430
1779308542
1783562478
1791755438
1787573423
1804346535
1770534037
1770578053
1804378244
1787670660
1791864964
1783600260
1863236037
1829677573
1812904497
1682868785
1682361905
1679165301
1679241719
1830166695
1863713959
1851131046
1872104694
1872039254
798240006
1033121030
1033121550
1037059902
968934975
2042664495
2076222015
1522573901
3670058701
3670054621
3670056685
3670055533
3686922797
3653402141
4169285151
3632404287
3632400174
3636528431
3628074287
3640656999
3640656983
2063625415
2063887495
2076470415
998599837
982449341
986627237
2051980452
2047778228
4195126660
4195135444
4196183676
4196382252
4202608172
4211077660
4225036812
4225061391
4191351342
3117609002
2832452650
2832517162
2832570442
2832640202
3965103050
3960975050
3961308810
3961308810
3961440170
3961447850
3973440686
3985964190
4019711182
4002851919
4007044111
4007040055
4000682005
3862212629
3862425653
3879129125
3845542245
3962963685
3967223535
3975483119
3971227374
3971235582
3164875358
3164875550
2629056830
2628852542
2628861710
2291214094
2307924750
2341528335
2340463404
2340463420
2340456204
2340458204
2613152492
2571209388
2568194732
2568455852
2601947565
3137773759
3137790110
4211531934
4215631006
4224018582
4190595222
4257642886
4241382278
3168669654
3187476438
2650543094
2650563542
2631164887
2631164919
3704890341
3696505829
3696498532
3696565621
3696700789
3715575061
3749067783
3732298759
3732296711
3732393991
3747057975
3705123127
3637884695
3637886517
4166303269
4161056295
4161056307
4161205779
4177678851
4195484163
2048000307
2052129057
2052132897
2059612193
2072065044
2071995396
1518347324
1518346348
1522610264
1522880584
1514524744
1522840584
2059713832
2055584041
2038872634
1753651722
3905326666
3893658314
1748271770
1746178746
3892622010
3909395114
3942965675
3930383528
3938752680
4001736888
4018583768
4018576392
2950071304
2803336200
2802901033
2937184554
2943808042
2952185386
2951171646
2951695902
2909623902
2906395342
2838770382
2821989086
2819895966
2824147354
3922728106
4023400619
4002420905
4270930104
4271253640
4271254664
3734380680
3734397064
3600175240
3583955432
3300840425
3299755582
3303869982
1148000790
1143806518
1143748918
1160527142
1194278194
108925954
117317634
117313539
242888961
241828097
237699841
241943088
250320496
246005361
183025008
183023728
187213936
455711984
422153456
472618224
1009489120
1009499360
741062884
741054692
741079524
741046757
741026789
763046247
779827574
779828534
1048130870
1055471398
1051268663
1051270775
984178247
1000995398
430496326
434686150
405395670
405362934
422263030
422263270
460012134
464206437
464206436
195635792
195570240
195635776
199850560
266984256
258591041
258590801
120162385
120297713
124754167
91224311
91093495
91093495
90814839
90945911
23837047
23722487
23722199
19527895
23837174
23836902
292288694
292150422
292150422
271179190
275512758
283885478
350993062
1420667542
1421716102
1958058646
4105681585
4105284192
4109413920
4101025312
3828395552
3828399648
3878942240
3862066720
3859945264
3860008245
3864071271
1733364838
1632701542
1624443998
1624448074
550515786
550515834
550515818
550532218
550589530
550755530
550754522
567531994
567531994
600964554
592573898
588379466
588510586
574813546
591586794
600041451
583137019
583120521
574731913
574733976
1644273336
1648467640
1648598697
1648539305
1656924155
1648535387
1665312010
1666426138
1662100522
1666571306
3814182186
3780562202
3780566794
3762741018
3762769467
1615140667
1610887961
1615667513
1615663468
1623523564
1619329260
1619329212
1619275933
1619275917
1619342479
1942361486
851842506
843978058
843920650
843851034
853288250
870278458
870313242
836627914
835509450
835488907
827100299
860720281
861898169
861401513
861397433
592961977
576119785
1649861609
1658315753
1658102763
1658102763
1648669691
1665513435
1632092027
1632092029
3759652669
3760172829
3766396703
3833509151
3858728255
3858730287
3892304175
3892312895
3867082525
2793395517
2789032255
2789036063
2922664191
2941538478
2949996974
2911266478
2911260310
2944917142
3217383110
3058990662
3055316806
3057461574
4085131382
4093515895
4058909813
4058907860
4042200276
4042199252
4033695828
4034720124
4028424700
4028424573
4031574367
4048340319
4048342399
4031774185
4040092008
4040096632
3029256792
3046013640
2543660617
2543068746
2530482026
2522087914
2517893614
3613130990
3563000062
3571327198
3298697671
3298763204
3304857860
1144800004
1144837892
1144957460
1144973844
1148643856
1154894337
1172195843
1188972035
3327836467
3457851441
3459948545
3459944512
2398785728
2344271808
3384453840
3367742176
3365452512
3386419808
3394829863
3390621223
3392917798
3392917602
3661353186
3659460818
3659440258
3676217474
3625885831
1477428869
1477267125
1481452269
1221405309
1222457903
1285298735
1285032230
1301809190
1322788918
1255746562
1255858178
173703235
173703363
1312456833
1312460945
1312727217
1329569953
3426588065
3695024801
3565009573
3573541557
3569310391
2495429367
2499292902
2499289830
2499281250
2507669618
2507804738
2499441666
2231036930
2224744514
2241588033
2241461841
2279210704
3327706864
3327678176
3323487648
3323487392
3325656225
3594181777
3575305347
3558777987
3558776961
3557724369
3561328945
3562381873
3570777649
3589798449
2545375793
2545883699
2533105187
2532848162
2390229794
2390294550
2407141446
2381984838
2293917766
2291853382
2291853383
2308504439
2346248805
2321335925
2317042260
2317308660
2317300196
2317168868
3407749300
3373146245
3355845765
1212622999
1279535590
1279536102
1287941110
1288600022
1162789190
1197457474
1182449730
1198182467
1164595267
82474257
78278449
78379553
82369057
1164487281
1198047057
1177125329
1181319633
1181319377
1182503105
1178529985
87961809
1144928547
1279212066
1289693730
1285302818
3451661858
3350741766
3338174727
3338371143
3333063109
3484063620
2410331792
2377820832
2377693856
2413342369
2383979175
2518275047
2520469990
2520715366
3592368230
3609075734
3697156103
3697159175
3705551111
1558137607
1558043223
1557982183
3722231295
3730605519
3732766863
3732898191
3728658831
3728667647
3747504878
3646776942
3655085870
3721669423
3751049567
3755310413
3755300301
3746890189
3679781325
3646231519
3645329915
3636814319
3636749807
3636817391
3695574495
3712474575
3741814223
3730802123
3730151371
1590993882
1590993914
3604455914
4149655018
4116087919
4099245103
4098995247
4099122461
4099056397
4115919375
3036987967
3171172910
3041150574
3083294318
3083288046
3062701503
3063879823
3068013709
4141755788
4141704604
4133249468
4133249468
4133282236
4145406440
4046828333
4046758429
1881454095
1881447951
1881520698
1898953002
4084185135
3807348783
3808331853
3799952589
3862865101
3879646716
3846099685
3833512693
2759770871
2758689494
2758542070
2758555238
2774807910
2783204390
2779005990
2812624934
3081130766
3065455119
3069518348
2524718620
2520520236
2520517933
3611232313
3580758043
3572370458
3501132890
3232632010
3232644235
3232660616
3237774728
3237775272
2164037544
2179764648
2209132968
2193531816
2460918505
2460918507
2464981738
2452390634
2435696314
2418990730
2955831946
2955307146
2959436010
4041492714
4041497818
4050085194
4045595470
4079149647
4079088495
4066440047
4074791405
4091573724
4087504268
4058390476
3504742348
3496889692
2423016748
2431151404
2448190780
2443995420
2444060972
2448260900
2179555108
2179680020
2179613445
2209005846
2264911906
2260267042
2260304098
2528805010
2531955858
2523708594
2519513250
2502801798
3559831942
3560876423
3560892801
1949789616
1953834400
1953964464
1953890688
4109829041
4109370019
4109383394
4104220178
4104382978
2644617730
2678110738
2678368787
2661592593
2667033104
2667033136
2658456096
2675754789
3172814693
3172879863
3179171254
3036286390
3048867222
3047887238
2511876511
2516066733
2507678632
2491028472
2491031352
2490260280
2431507224
2448210185
2997135630
3001329694
2993011806
2988868814
3057549710
3057554062
3024024199
3023987397
3022922453
3022861031
3026728422
3030924518
3030911206
3215661270
2661947598
3735693518
3740937422
3740810366
3740824702
3739869566
3739869645
3706307020
3698045900
3697973212
3693842156
3694107372
3694001124
3693935972
3693897076
3580690756
3622699461
3622183871
3619103662
3619106478
3535223726
3537116078
1381255614
1383394186
1379198859
1378112138
1394954954
3508982602
3508965402
3522072622
3505161262
3500985390
2427250958
2427436558
2427362830
2427387407
2430998047
2216953407
2233737774
2250514734
2523340842
2527485994
2527522843
2527507465
2527968264
2541587528
2501741000
2501876696
2501812168
2503655304
2486943656
2486957992
3023820713
3023755163
3027957402
3051020954
3084575387
3082478301
3082536669
3220756445
3211324525
3207392365
3207396395
3190682731
3194942830
3195990558
3193328134
4267004695
3205771639
3155436007
3161858263
3170245766
3170240902
3166046614
3031763894
3046390454
2547264151
2547263197
2545185404
2548331068
2514772780
2514768172
2498019372
3571699756
3705855021
3698513967
3708995614
3708967246
3708955598
1595026382
1595278734
1532428702
1536495790
3683983534
3683934381
3650412780
3717508332
2647959852
2639563324
2673195532
2681650700
2677453380
2545332933
2549465766
2541011878
2535769254
2535769254
2537014518
2536952902
2524372998
2524373254
3598186006
3598147102
3605994046
3622771582
3580496350
3563719070
3564833950
3562602654
3571007646
3567042974
3567026669
3567027044
3571229476
4101809924
4148084484
4148083972
4265523476
4130781492
4130847028
4147550468
4114009348
4097198032
4097245873
3962901139
1814365090
1835992994
2129597858
2125339778
2125075650
1588203522
1454051330
1470640178
1168646182
1151888750
1151920250
1156102378
1168738490
1202358682
1202363277
1136328332
1118357148
1114423980
1109713580
1109762748
1109828564
1109565524
1378000916
1394778132
291746821
274830343
1348830230
1365740830
1366204190
1366212110
1366216207
1367328285
3562862109
3495487032
4034438712
4034438968
4042825000
4042820904
3786972968
2749085240
2742719049
2721743563
2721891034
2721895146
2738673386
2742863850
2751258090
2717902171
2717771017
2782683400
2774339864
2782859544
2782802216
2778669416
3166310904
3170502091
3169454266
3697805486
3697805550
3697810654
1546265678
1546264654
1283072206
1174021510
112881590
1119505030
1119832710
1123830403
1123841925
1123824532
1121936292
1407148708
1375494820
1365009060
1348264620
1347740397
1349812527
1349819438
1348970542
1348970526
1399236623
1382460431
1382462735
1382470415
1382941455
1382941503
1400767791
1417362538
1425549546
1358506170
1354444219
1352197563
1351411341
1355584141
1405911740
1389138604
1380819876
1380966624
1377722400
1377707040
1362504736
1344673808
1357257536
1352796865
1353846466
1167274690
1200628306
1186996850
1178870374
1179398118
1138244070
1104677030
33048742
16481413
16408964
8053636
70967948
1143640796
1076605500
1076665900
1345108524
1348831804
3546790428
4075731484
3534666252
2460653068
2464842252
2456535804
2452255404
2435457701
2418680485
2431332771
2427191459
2427195554
2426672290
2426674354
2175154370
2171480066
3274517250
3274665474
3274630914
3241074946
3245311266
3320683794
3305028866
3317600002
3321203218
2264251954
2389552691
2653791745
2653943313
2653930848
2674783456
2650595488
2650661040
2648699072
2682245588
2656854828
2656838184
2659001144
2541631256
2507022104
2490042921
3572173353
3572046347
3563600394
1416108554
1164462090
1189727274
1589285946
1589284874
1459269710
1446682846
1444589742
1444585654
1562026374
1545319047
1545391751
1545423542
4229773990
4233898662
4242024166
4237828390
4254601494
4256759822
3719954446
1576609054
1568353583
1551523135
1568295967
3713780767
1574489422
1574492106
1599620826
1595417258
1597506218
1597653418
1455091883
3602555049
3602556072
3619464360
3623656636
1430031836
1430166988
1413394372
1413391812
1412420948
3559343456
3576061024
4146476128
4150404464
4137820608
4154614464
4138975936
3599811315
3599815394
3616596966
3595627622
3593590822
3593652262
4130785302
4130789638
4131367686
4143883846
3070136908
3082535500
3053044316
3161190956
3161027108
3160960548
3026742820
3035391524
3031201573
3082613863
3065562342
3069758630
3067862162
3055221954
3071993858
4112148482
4030344194
4029295618
4029547778
4033741074
1894646578
1890255443
1891304181
1354248885
1356342965
1355295628
1355311500
1367918988
1385089420
1388763532
1380382092
1112732556
1110569660
1114698413
1131471599
1089528422
1089596966
1358084390
3505817638
3505686562
3556022290
1383445507
1382977537
1445892097
1445908481
1445904693
1462632741
1412302135
1546589974
2087681654
2092826342
2090661870
2090657262
2107434127
1608287373
1600029837
1568595084
3716086917
3716054165
3716103607
3714856615
3723309743
3723170494
3756724959
3757781711
4126684895
4126680941
4126696493
4126729261
4126798875
4118540555
4114346511
4147888703
3611022894
3577273710
3579332974
3579316294
2504656966
2487883782
2513058822
2542429222
2543509607
2543559157
2528686788
2528686756
2532882084
2537066148
2537134756
2535176868
3072256740
3072224100
3072289076
3076471829
3084788759
3080593462
3032424486
3032285238
2495545350
2499682502
2489213078
3558760358
3558558374
3508161214
3541719694
1930127758
1934125518
1935166669
2002408477
2004772108
2003756316
1986914108
913700388
913633828
912028180
843858261
843866357
844062965
828256471
811475143
1893360079
1960493693
1956229672
1889052200
4035751448
4031560200
4044130936
4048325352
2983103208
3079601881
3063833243
3070104218
3061723818
3056087982
3060273326
3085443246
4104724654
4239024262
3706347726
1550512142
1411970063
1428744237
1445521453
1445947453
1986951197
1986985181
2133783773
2104936335
2094432911
2094432983
2094310006
1557455398
1559552546
1551131170
1568092706
1467879970
1466569490
1433010434
1424557075
1357383921
1357396144
1424500864
1424910724
1148119936
1197907840
1181057409
1180926273
3328672003
3328475426
3605307682
3618415906
2544803618
2544798242
2528808674
2532873974
2656630743
2652434901
2669203812
2641906988
2625190188
2624203068
2624207124
3697949460
3698202420
3698725428
3698410065
3692053201
3691045601
3691046816
3691047345
3707824513
3712088963
3745708674
3754097282
3755136642
3623010802
2548072546
2531300386
2531300402
2531306498
2522982402
2523244802
3056057698
3074331106
3162423522
3162161362
3162161474
3161081090
3156818194
3173526294
3207080487
3194567205
3198753324
3198685036
2679639880
2612535240
2583179080
2306354952
2314940204
2310743853
2310940191
2311005742
2314477102
2373192230
2369001990
2402757574
2404853910
2408934562
2258085027
2256900240
3334766720
3591143812
3591214756
3592404756
4147030276
4147030020
1999022085
1998961686
1998947366
1965998118
4096655590
4096657342
4235069102
4239333038
4240187118
4256968206
4290522894
3755746582
3672077591
3672110871
3688878871
3655324423
3697267207
3697209863
3697210951
1549682647
1556692967
1556626853
1464351141
1448623525
1448678820
1448821236
1381683652
1381622724
1388872660
1405649636
1372299093
3503209287
3562978118
3565066710
4100832230
3173822438
3178017510
3178009318
3179074294
3179045830
3212075366
3191084327
3195281697
3195408657
3202752784
3203866640
2667388944
2684173328
2631796928
2631539072
3704253056
3700148864
3700022928
3701076657
3753423603
3736641890
3740827682
3732455458
3728237618
3644401682
1480534018
1480468546
1547582915
478020547
484901510
497365718
531641087
512762621
512763897
377548648
394308968
935374184
901823753
348167435
809864458
810978602
807371818
857382954
1914347850
1918546250
1922728410
1921696747
1921640363
1405742506
3574458794
3574591370
3574525834
3578775178
3587162778
3617452762
3617448666
3617121150
3621365118
2684003391
2675606591
2675684383
2674635805
2667312189
2658924397
3749402221
3745187453
3711506165
4246288117
4166854117
4241962341
2111242485
2110980293
2144428165
2134958229
1040229525
1040229533
1057012893
1023524029
1006812605
2084749159
2094181942
1962130966
1961932566
1970321158
2003948806
1987237127
4140993830
4140993830
4274244902
3192183062
2655288582
2667855126
2639140646
2630747702
2627338774
2627338962
2562197170
2566395559
2583174565
2331560116
2665212052
2665065684
2664997956
2658706708
2549855828
2498410180
2498408084
2424036004
2417494692
2417494692
2417494949
2434673815
2436767895
2432577751
2427326551
3502075927
3501514759
3503595791
3503587613
3512044857
3578234936
3579217945
3608578121
3742808267
3748834763
3748848586
3746611930
4291871482
4149330666
4149736043
4145375083
4145834811
4112116505
4145741081
4149925657
3881354011
3782799995
3789087355
3789091449
4057482088
4040704872
2967159272
2975477224
3038652904
3042847049
2513312075
2542537050
2543585770
2526821818
2528649354
2528649626
2398691514
2398826666
2398761130
2390434990
3476630782
3376117854
3442145294
3706366991
3706430477
1558754333
1550430268
1563000924
1562939644
1529389308
2066260396
2133587373
2099961839
1546279742
1550473502
1558845702
1558841606
1558715654
1424777478
1437364999
1472021253
1453212628
1183217632
3351731616
3343142369
3338951906
3322221634
3322295618
3326501122
3335930642
3331802722
3331642978
2256862946
2273640419
2244271571
2236075201
2237582421
2239681621
2273244471
2273306422
2281664038
2281520694
2272608022
2406817046
2387877174
2387877158
2396337454
2264343870
2264217374
2415140111
2415136015
2413120783
2379611519
2236937583
2219897839
2220069853
2220003724
2220085660
3293630892
3293630892
3293868460
1142367708
1142369628
1142692156
1142885140
69081860
69151492
68957957
69161217
71221505
87982401
124682691
116294099
112104913
112114161
116304369
116369649
107854964
1181528436
1177334639
1177346670
1445917438
1446930174
3594415854
3596385198
3600578986
3600566505
3617445064
3583922248
3449696264
3451658537
3455852843
2415604010
2413433130
2388208938
2388134234
2388412874
2387892682
2387925450
2404702666
2378610122
2374411163
2239931321
2239861688
2541781928
2547287976
2522121896
2453507756
2436865724
2955851452
2955849436
2955869804
2955832876
2955488812
2959676717
2968006701
2984783935
3081252927
3047891006
2510954558
2511995006
2509832666
2512930186
3511209354
3511191946
3507132810
4044007579
4045121721
4044925081
4047025544
4080632200
4079665544
4079670264
4046345196
4047377197
4034869031
4043053863
4037810487
4088150279
4071566598
1454253318
1459495174
1446969622
1444622630
1377448294
1396325814
1350179206
280627590
279644550
