828733818
863926554
855521546
853418250
853283082
853299514
839667754
856449066
269230143
269221908
810483812
818811236
818836076
814641768
814740184
864943816
848206537
852400330
302438602
302012618
838875338
855653451
554922873
549610089
545415786
562094698
595645018
579109226
851951726
839337070
855913574
856436837
827289956
550433388
550433384
550367960
562868936
562863048
600283339
587651290
822155482
822097994
805320778
805451594
818045498
545448490
545301082
545296990
545555326
562529382
575638630
571380819
571387968
571404352
571469924
571437932
571355880
592327400
596458200
596400843
595909578
583047370
574666955
570472523
570471499
574796121
583181163
574726890
570467066
587367162
1611039422
1611056806
1611093670
1615074277
1615074276
1615139660
541471496
541532968
545530152
545531944
562305051
596068363
595974219
595630155
591435849
587240521
570601816
574792553
591569515
587440746
587367018
554092142
554059622
553914726
537138022
537146213
537342588
550384232
546190184
546058488
562829512
596400331
596629706
600217802
587315403
570472651
570471497
570667352
574792041
583180651
583114858
591507562
558006378
553817454
537319270
537215590
537133669
537203308
537866856
541930344
550248936
562902520
596515273
595990986
595909002
562076042
553695370
536919434
537113995
549627899
566666219
566731515
587649999
570835919
571347407
638464511
1733239019
1740907755
1707350251
1702906331
1703005131
1703058379
1837280203
1837150155
1837146443
1837146187
4018385003
4022509675
3875709035
3875717231
3875749999
1728184687
1728188783
1694630191
1708327711
1704137481
1703355145
3884216072
3884739400
3888695880
3871902424
3872033496
2932522696
2932581064
2932384456
2946015993
2946019819
2952319210
2770125994
2770226366
2769685662
3843427486
3826647198
3841327326
1823871326
1823875358
1823940878
1821647114
2090609946
4258031898
4249418507
4282944011
3888876059
3867838027
4001997515
4001931977
4019757785
3980960489
4094420905
3825917097
3827223727
3760082095
3762703503
3787928783
3821350991
3821432861
3821433125
4074119461
4074054421
4082442759
4047766038
4030988838
4031514150
4039974502
4102844254
4103928014
4106012878
4122987669
3622763653
3592873092
3593924740
2517749908
2516644004
3070289125
3049301349
2776868149
2760091140
2776867348
3783504421
3816850981
3808478759
3792752423
3792768358
3792833774
3809619182
3808568574
3783468254
3766648007
3767008711
3766800327
3767307845
3767307829
3784291893
3817776917
3800999191
3797935127
3793507431
3793486951
3812492517
3778948333
3781045741
3785179101
3767287501
4035722957
4035757637
4052534855
4052719175
4052727382
4086147046
4089753062
4077190374
4061416694
4061547703
4061541565
4060504508
4064699324
4089771740
3783579340
3770992324
3766783508
3767373364
3767451175
3767447334
3785272614
3814190390
3793046806
3793177878
3793112118
1645624374
1662463030
1616129079
549727253
549938453
545776949
550290453
567067653
588006469
588006593
588190945
554579105
541996961
546193057
546265779
546101907
546101895
562870983
575449927
570927367
570861575
570862599
570803239
570704935
571409447
588120111
588120557
592380845
583861945
579803833
579820217
579730073
579664523
579665547
579138955
591786202
554098938
538861754
555640234
589180842
584989354
849152698
848039562
831467214
278865670
280830726
283976455
283976464
351232528
350680592
1424406032
1474725376
385189376
374646272
1175827729
1177943349
1175797028
1309944108
3474204972
3445037357
3435531551
3432910366
3365865022
3382448766
3414692606
3397911534
2324324846
2328617454
2320090606
2316944854
2318974342
3392711054
3409488271
3413679516
3489246620
1291560340
1291560368
1144754064
1144753072
1143638752
1126869616
1110174480
36695296
36622592
36622337
36605955
103710738
1148167462
1155897638
1424329022
1424328990
1425840430
1425840430
1440510766
1465459471
1465528840
1434059304
1551508008
1549341480
1557663016
1574488376
1581824264
1581820168
1581811976
2118879689
2127203787
2128249738
4209673098
4184511387
3896161211
3963265963
3963282347
3963314863
3833275119
3833266927
3774415407
3765972527
1618488175
1618487535
1895315623
1891114161
1889271936
814551168
277610624
29671552
54825637
54965190
1128726342
1115073294
1114024718
3269835582
3282344750
3283914538
3317470010
3317211931
2511974888
2510852584
2372440552
2402065900
2403260797
2386454799
2384341774
2384080702
2673415966
2681942334
2577125694
2644230526
2644017661
2644021676
2644029356
4250438588
4146060284
4146035580
1997945660
1930836236
1929784372
1913070629
583278631
578818070
579096770
847560834
851738759
860651908
827295108
1900976516
1892596612
1892592320
1884076768
1879898784
1879340688
4026933889
3495301798
4057351078
3013558438
2998781046
2997734406
2997598214
3068700726
3064506662
2527637054
2540201486
2536178190
2671391390
2671391406
3715768749
3719831720
3703050408
3703046280
1287141448
1290479628
1277847820
1278192412
70036765
86810639
119844878
107397134
107364558
103174351
124187999
233221949
217557561
217360952
485796472
494713592
1584176632
2121052632
2116845976
2116456600
2116464776
4263948796
4263965036
4281754476
4231278316
4235471593
4244056778
4239854234
3165915818
3165916074
3166451146
2633765066
3697021002
3696824378
3704172590
3716882734
3750376247
1602814484
1334313748
3427332916
3423121748
3423120468
3423185348
3289099148
1410054796
1409911452
1472875148
3330936461
3465151119
3466461854
3465805998
3738439918
3663519854
4200374302
2145165326
2144641038
2144632858
2102758507
1545578748
1477437580
1477388420
1477326981
1477319077
1481513645
4287514367
4271751886
4271678022
4273840710
4273775141
4277961249
3190587940
3158082076
3158172172
3156880909
4230621486
4096403502
4100589614
4037675246
4054452366
4072287374
1924804750
1388003725
1386791068
1378395308
305702060
305702024
320529608
270410948
269884640
269881056
281153120
277034528
277960209
345043459
97560067
108176899
1181924611
1188203779
1183877171
1183889699
1184147747
1184688417
1184812513
1184527781
1197093301
1159332244
1427767684
1426735500
1342784472
1355314985
1356360489
1356360251
1350363675
1434311482
1433783114
1434242506
1467793866
1610465546
1606336794
1572532506
1571479866
1420353583
1424550959
1411927277
1413024189
1413163405
354037645
387854221
308160397
314992525
315020749
314688799
315659567
317756719
308581679
325354813
1898356044
1903599500
1901501332
1908705956
1942260644
1942457764
1933993089
1914052739
1914839282
304095330
841031714
862139174
832705070
815927818
815878667
815852041
283228680
274963224
351373624
351307801
359958731
2134154378
2117370010
2117566650
4262900714
4283867882
4288586282
4254769706
3986285070
4237947407
4235748919
4231544359
3962051879
3978824751
3844607021
1702561005
1700398333
1699353805
1707746445
633888140
625495948
625499020
894007708
894069180
935996860
936062364
382351253
919226293
919520151
919503750
918988230
2006430998
1972874518
1960225798
1953938439
1950260487
1950192903
1949890357
1949921061
1700412965
1704595045
1637562229
1637430549
1641550109
1633226767
1612255247
1611150623
1611160879
541609771
566774651
566812634
566875594
1632215434
1665769882
1674162602
1674216890
1674231179
3804998043
3804797881
3804860089
3796801240
2735645401
2718884601
2719965801
2736075307
2742294059
2750680619
3820227871
3786680335
3769903183
3774232655
3774225487
3789444191
3789471870
3823091742
1675399182
1667019022
1661788446
1661530926
1627931438
1615462702
1888097062
1888101159
4102759188
4102562564
3569886468
3561502996
3561511004
3578452429
3737844173
3734681029
3736764805
3736633733
3468202492
3757634028
3698910188
3692783340
3694817004
3694800508
3694800588
3304789965
3300394438
3300414966
3304682742
3304645798
3313299622
3345842358
3471737222
3467547078
3467563207
1324204053
1328305189
1546415141
1547446565
1547579173
1479943735
1484132870
1481966150
1297351622
1329861014
1329865890
1338451106
1199971475
1199981969
1201031088
1200997044
1138541236
1176298388
1177937877
1178005445
1110952951
1114917863
1132216295
1107039735
3250459079
3233706455
3300909542
3300762086
3299647846
3320684898
3354306322
3353782019
3345388035
3341141521
3575928369
3575914273
1412373799
1429085223
1432749091
1437990930
1438527491
1419599939
1418518721
1418503393
1422697701
1397527781
1376683205
1376691661
1377734085
3527249653
3525089967
3546065582
4039945902
4035753658
2961998474
3079504602
3062805498
3063849327
3070205997
3061637165
3056390189
4130099225
4281232393
4282263849
4282263849
2138966825
1467877645
1467877647
1467878663
1467941191
134156759
1206850515
1202655954
1202598642
1203647154
1170174610
1152995986
1157128850
1157195395
1152995283
1151946225
1151958369
1156082981
1147727141
1143532853
1143602436
1143835909
1143833861
1429046576
1466938720
3614417392
4134376144
4268589712
4130308752
3056513712
3056509600
3056591520
3056349921
3194758881
3194761063
3219917862
3215727654
3199149110
3215859734
2678988870
2645438678
2629124342
2364850658
2350154322
3422933506
3423035906
3422888450
3422905682
1548121314
1419140258
1469465730
1186874499
1118717057
1122877568
1114423792
1110200420
1093411876
1076307236
1076241684
1080438532
1088802581
1101319956
1189403980
1189586380
1189524940
1189512180
1185317604
1185403493
1336177207
1302594086
1281634598
1277436966
1277570086
3426102326
3426098182
1280711942
1306481926
1338819398
1317860342
1317855742
1317921246
1334563287
1301005797
1288304100
1280963044
1280950772
1276690884
1278772036
1329312588
1311418316
1311424452
1177194452
1181452276
1189721053
1340637663
1609089534
1575538926
3698058350
3697994862
3698060654
1559946870
1492865542
1491862023
1483473415
1479279141
1497243941
1530799137
1579101235
509557843
517878979
517869763
517816771
516747703
508354983
525115815
483172781
349083133
80649157
1087277383
1087342918
1078954262
1079676182
1079677190
1165668614
1575719175
3752505636
3735725856
3735796000
3739977776
3727530032
3727539216
3727536128
3727544385
4269789414
4276015334
4271726822
4274791650
3578539506
3557637586
3557428802
3557426691
1079640579
1086923315
1149837859
1082725170
1082917202
1083114882
1083055490
1088305538
8342403
7195569
23920305
107275920
115667600
107074512
107066128
86086448
203465505
203466529
203466533
141799189
167151879
183929095
1258195719
1248840471
1248710423
3396092535
3405263462
3403162478
2324439854
2324439342
2324439406
2324443510
2324443494
2324443622
2341433830
2307879407
2290958829
2295088636
2287782348
3356281164
3356481868
3356424540
1225697613
1225698637
1494069071
1477224271
2014095319
2014164945
1745860081
1749988513
1749987489
1796190353
1779363969
1779314819
1779302786
1780351714
1786709538
1811678758
1773944366
1757163278
2023501066
2039229706
1502358602
1535927498
1502393547
1506645387
1489870783
1489876655
1489889005
1506784861
1540273757
1523487613
3662594413
3658335341
3658347773
3658343661
3662542253
3670669228
3666376396
3683136076
3683136029
3653841709
3638243629
3638232105
3640200250
3640145930
3629660186
1225340986
1258977290
1242453066
1242460490
1246327130
1250517354
1267458427
1233900505
1216910328
1489549032
1481154280
1477020648
1477086200
1493862856
1527687628
1527557580
1510800732
1510766591
1510814206
1510879726
1515065838
1523450022
1519321254
1535914134
1502094534
1502111174
1216934213
1217065732
1221259780
1209717252
1478214164
1478006588
1477226300
1477225325
1481419631
1498200926
1531887439
1515099979
1522960205
3670443612
3666184060
3666129900
3670860268
3662471660
3675091196
3624816828
3624812972
3629040060
3633203100
3633080028
3633080027
3654051354
3645648682
3641449770
4161603882
4161669162
4174265370
4174328842
1506553930
1540104394
1531801803
1498378397
1481535916
1481536940
1481211308
1481124252
1497901453
1263221214
1246379470
1246369230
1254819278
1255675310
1255743918
1251943342
1267676094
1267487676
1267519932
193770856
185376040
454592808
456706360
523876636
523872572
1060799756
1064994121
1048289693
1048093101
1048098221
913030589
929742237
862583221
862550455
829045175
829036982
829037446
862592902
871043062
313202678
313079286
317208062
317206014
308821343
325605727
292256095
275438429
283827037
300669791
292092287
325908845
325876077
325876093
292510173
292444637
292444637
275733503
275536767
325901182
309197694
317504382
317504894
317568382
317567359
317698077
309301528
309235976
862884104
858436360
858504728
1898494504
1881717288
1948957192
1680517640
1814752776
1764247097
1798832683
1786249578
1786249322
1786249322
1810829418
1777234010
1756295243
1756295369
1760424393
1761399497
947671769
675034747
672999035
1751066218
2029987114
2029722730
2025409658
2074664154
2057895114
2062063050
1525449098
1517126554
2037355451
4176392617
4244545961
4242451880
4241402296
4241336988
4098665116
4094471836
4111463052
3876246157
2736505519
2740503535
2748883303
2715325733
2715327749
2707143429
2707073541
2707140149
2740698725
2740704999
2723857062
2719695798
2719502774
2723688614
2725774502
2742551799
2716474453
2699701253
3773443845
3773443589
4037623383
4042800638
4042792446
1910244574
1943999710
1943499006
1943531734
1943527430
1943397383
1918147895
844410725
307604983
303494599
303448198
303448198
320258230
861390054
936832038
917956622
922003471
913614879
372353039
372694029
372687885
373178383
507396143
511394607
519795247
465126959
464080655
434723151
426362959
422172767
422312319
460062063
434894831
1038858239
1038718879
904501151
879353759
875159455
875264702
875248318
812329646
820718254
820591294
817699774
817707966
815541183
815542191
295446447
318515199
309126101
325886788
334340608
837784080
837059120
820282912
1885642288
1881643537
1881324034
1881340674
1881303490
1898133670
1903233190
1634796710
1674903990
1670844838
1672835503
1672799724
1655481604
1655485700
1659675652
1919782932
1915588636
1915605020
1915695132
4046339372
4042144748
4105050797
4105046703
4240181951
3720091294
3720094670
1610375438
1333551114
1294295098
1277521962
1277579579
1277589003
1551293961
1557646857
411369017
428142139
465889034
440783626
438190858
507134810
523912026
389706074
360404442
360207546
896070842
879289530
887678395
887738811
887869851
887870361
904647513
896127801
929682217
913171753
913302825
376366393
376370457
510510347
510148875
511247834
528094650
494546362
486156730
486161850
486413210
216470426
216339355
216007579
216122331
234018111
267495727
250652966
250652966
250657078
250852358
251035654
242647046
243187718
242893138
259657058
226041698
226045794
209266530
233383762
233509186
233505218
267063746
267081170
258702738
233405330
233429906
229235155
212457969
229243249
233367857
258567472
254504208
258637072
258694416
191585584
191454513
191463392
157904880
158039952
208358288
208358288
208358288
208264112
208403120
225311409
243067875
240970530
240970018
240970018
249559058
249231362
131782659
133876993
91934145
90951056
86617520
74167696
74158480
74158992
82547600
74175184
74315312
74283568
90991136
90991137
132442403
133490722
50169874
50298946
39485634
41590915
37400769
36339824
36408368
304842800
304724000
305702944
305702944
840497185
839633189
843827511
860604727
927627607
927693143
1029658967
1029667703
1038056311
501049975
501050231
501037911
501025095
526190935
525146487
525155175
533539431
533686903
463370847
465259087
465161039
434751823
426367071
422172767
422574463
426752367
435140975
435132799
435001695
426612823
959289431
1026406647
1026554087
1030748391
1030711527
1030564087
489498711
523049303
523176807
527374951
514792039
397228663
397228615
397228615
128735815
132963143
91085127
225310807
221247607
225442039
225443318
225410486
225310130
208531890
208533426
216921778
82179762
1151712946
1151712946
1151581847
3299327687
3300370117
3568674389
2493294117
2627511853
2648483433
3185094249
3210250859
3189345274
3206143994
3206281210
3206181722
3172626778
3160289562
4234084702
4242355311
4175178863
3638372583
3638508759
3630054855
3705542085
3722330949
3724395077
3720139636
3719881572
3722045300
3715853764
3413859796
3413737444
3682279396
3682275317
3673884247
3673756503
3673699110
3673956647
3674038582
3690418454
3688125815
3678680551
3661899239
3661899119
3662033247
3662025055
3410433311
3410238750
3376753934
3360045326
3368425758
3364231454
3380697406
3380665646
3418403882
2319495226
2327949598
2345112349
2340786805
2290385636
2295109344
2294864544
2286513825
2300186529
2300183970
3409838243
3375759591
3360817349
3368157380
3368031300
1220554044
1207961916
1208113436
1208114440
1229090056
1254253832
1250022665
1250021721
1250218344
197448040
155509096
151515465
134729993
134336795
134336827
134341931
134343962
151182667
151182795
184733129
188992969
172019705
172020667
180478715
176284378
192991994
159433706
159420906
1220583786
1212194923
1208071497
1480826185
1497536776
1505925384
1539737672
1581616360
1578468520
3726483609
3728654479
4264444318
4264444846
4284895918
4256051950
4290519910
4288422182
3722190862
3713867791
1478103359
1482298159
1490683455
1490624027
1218264603
1218199067
1234451979
1271152457
1254387017
1254411592
1254393337
1254393833
1254138857
1254138841
1249936091
1254130410
3418395370
3376456682
3359745002
3368268762
3368261626
3628242410
3645093338
3678647770
3661870298
3670251002
3670251515
3661674395
3674252937
3741693581
3171325884
3154566572
3154562220
3155610812
3159774404
3187037637
3220587349
3757392663
4294304534
4294304546
4285817122
4285853730
4285854946
4283823330
4284413074
4150162563
3575532931
3575517059
3558553298
3564705314
3573024294
4104660774
4121437975
3584779783
3585799701
3589920532
3587753332
3579348468
3578305748
3574308244
4245421524
4279173076
4283334469
2136874759
2136944438
2119974182
2132550950
2132288758
2002326679
937100471
936975541
936918429
936914316
936914844
872052380
872084124
871084701
870887997
871146040
828670520
1902477880
1902485048
1894627896
1894758936
1894685208
1886308924
1948913213
1948911118
2082996622
2087194798
2146177198
2125344942
2126147726
1591406734
1590210703
1590212012
1590210472
1590209448
1590668200
1590602216
1590082861
1582727214
1580580926
1446035486
1446010886
337780742
338043142
338036494
74386030
82647791
79632935
79510039
79440389
79441669
98357557
131896100
106726164
106856965
1178505927
1446676167
1445628593
3597187744
4159224484
4104686252
3030949548
3031151260
3052057276
3073041084
3073008309
3056280998
2519218342
2523400358
3001682134
2997495878
2477403154
2477466675
2510906384
2510939136
2494097344
2489886400
2369312432
2635776688
2634990211
2636052098
3738562466
4271171682
4273784870
2666317878
3727607814
3727352838
3727319110
3744080070
1546524158
1551765231
1555959527
1556023857
1286346288
1286349360
1147937296
1143743760
1143929872
1143925072
1160153536
1182181760
1190562176
1113886096
1110750000
1112847136
1100259872
3233063457
3501630242
3501627682
3503589666
3495725346
3507260194
3523914242
3591024130
3592077827
3592110657
3728232929
3711492321
4231585955
4243517603
4239310978
2108617858
1609563522
1602092530
1562242530
2082269542
4229753126
4233948455
3973877597
3835215836
3852189644
3873351556
3997079173
3997156230
3997159830
3996594278
3862372390
2788433958
2805203054
3858510062
4055835562
4055762602
4088995481
3535288972
3535284876
3270265484
3257699212
3257907404
3274631244
3240504351
1076241758
1076765006
1085149710
1085145626
1084818025
1353220968
1370006312
1898495272
4029258552
4029397512
4029393416
4029524488
4112878089
3877996059
4129784331
3055960587
3061195242
3065389226
3064340651
3064856751
3064791230
3077063822
3073918094
3577406863
4097486671
4101680911
4100894479
4096633613
4230785804
4247567628
4247162141
4284925293
4277584751
3201659871
3218371166
4294259310
4294386223
4294255407
4258542381
4241764648
3696501816
3697163272
3697149960
3713927641
1608473083
1591605386
1593617550
1584693390
1584758942
1584837022
1601614750
1601610686
3749094311
4285916133
4283752933
4283752676
4284276972
4250756460
4112400141
4116594205
4099291677
1895709215
1895635519
1891375935
1358697823
1356140895
1347817949
1902002397
1885323517
1885115903
1885125502
1884064366
1884064490
4043745870
4065244686
4132344398
4141790159
3063718124
3197952108
3197953132
3193875468
3191777548
2923084300
2923072028
2923076125
2925046335
2815999534
2782437178
2757596986
2753401146
2753401642
2753528622
2753480494
2772424558
2804735334
2942617959
2917484919
3974585815
3966139863
3966133573
3966116949
3982958961
4016125025
4007724129
1856046129
1857229909
1857170647
1871914375
1817324423
1748118151
1748110003
1818233507
1822432929
748696481
682635653
682631493
967844101
972038437
963652901
955267367
951089461
949025045
999471573
982687621
982680197
986808965
1041334965
2113970855
2113971109
1845536165
1863560613
3964845461
3975319493
3836907333
3835858693
3856768807
3848322342
2770382118
2803936550
2804129062
2770523942
2753741623
2887959095
2887991861
2892252772
2892298980
2901736420
2901723636
2914502865
2947008577
2950945795
2942489602
2938303762
2938299686
2938234150
2938164518
2942324022
2841660722
2841857843
2875349555
2883807761
2883676689
2884692497
2867907921
2884685265
2851194321
2842875345
2824005591
2824073207
2823875431
2823879014
2832259382
2851133494
2884753462
2859714591
2859650079
2859658527
2857561917
2873228845
2873220669
2839607837
2839603743
2839603759
2840645229
3916484605
3982872061
3849178589
3782040797
3815079165
3815070909
3781646525
3764795581
3764795581
3773184189
3773180317
3768986269
3768990431
3786870495
3788838597
3780933253
3780933317
3764184545
3774668000
3773680880
3773814864
3773814784
1643116816
1668278288
1652452432
3799934160
3797823728
1649344677
1657602213
1674383535
1640969434
1624127562
1619933962
1619933758
1889413670
1889413734
1958489798
1425810118
1544823686
1594114454
1308771222
1312949186
1321340162
3464698130
3465816355
3398708513
3398705445
3399250717
2409419529
2408104713
2408097769
2408164779
2408167850
2395572651
2248706280
2249951480
2518321224
2654643464
3210387976
3185222168
3168449068
3024851565
3020473006
2753301926
2753312934
3828615334
3827435686
3848412342
3887216006
3868353414
3867173447
4136691205
4128304645
2115037749
2119490085
2128005677
1855376173
1855899951
1791425599
1782965279
2064097303
2030473415
1745326279
1745200263
1761911943
1761931687
1795482087
1799877607
1803997807
3917890125
3985507917
3989637832
2081172120
2081172392
2085367209
4238226603
4238213258
4104978570
4104913098
3569097834
3581701418
3579604282
3353144586
3332200202
3332130570
2275165962
2279556906
2413751850
2379919146
2357897002
2359005482
2358805098
2358805209
2297991816
2305340044
2301154028
2301103852
2284521956
2351831268
2620270756
2624465077
3698205829
3716046981
3487490436
1334833556
1317331364
1321527524
1308948516
1309988908
1310672940
1312193796
1316381447
1323725318
1147552274
1148109554
1148176018
1148046978
1157220994
1153161858
1151069057
3348687264
3336105120
3327714464
3325616484
3598242324
3606807052
3601699372
3601629732
3601645094
4138248486
4142442534
4264069218
4264200338
4146760834
4096439430
4096451718
4096419206
4029304486
4033482406
4050390694
4092344039
4071367551
4071366927
4071383071
4071444509
4088221709
1898201103
1881523215
1881589775
1882646799
1886841103
838310687
603364127
586651407
641585486
656200142
622645662
1678726058
1678643882
1682835118
1959204542
1891972854
1887708902
1887712994
1887706770
1350839937
1350838144
1401185664
1388769664
1388758144
1381942400
1115606224
1114634544
1114417440
1114417185
1382853666
1382330418
1378267186
1982247203
2000073249
1966519985
1970716288
3828779648
4097019520
4096902803
3827331746
3827311010
3827312102
2757770606
2766145838
2778999070
2812569870
2812606734
3886937358
3886936334
4117586190
4097331510
4095279398
1410010402
1342900531
1879640369
1892223073
1888221408
1889184912
1924838528
1924838528
1986756737
1982828721
4130256048
4130256048
4131043296
3057188576
2755144289
2893752865
2902071828
2896903780
3165142628
3165140532
3181934084
3198744372
3202934052
3203965988
3203970101
3195597910
3208178822
4248534146
4248447122
4113184946
1948911762
1965952130
1969622402
2011497874
1973756914
396435971
379862785
379858689
115614977
107242771
1315353906
1315868978
1307480866
1290438434
1286244098
1286312707
145392577
149602752
1210777872
1210651936
1210603552
3358390624
3631065952
1504619072
2108590784
2142015168
1991021203
1991028886
1996337318
1987895462
1981571238
3860603046
3860668582
3877516206
3855496878
4102489758
4035186382
4035197454
3498867214
3571218950
3573475862
3573214726
3752503126
3735790038
3739992259
3664429185
3660247233
3660505168
3677250672
3644746528
3649006368
3640486656
3638352644
3634137892
3717048164
3750536148
3733754820
3733954949
3735015590
2656878754
2637972706
2621196386
2621319218
2621335810
2623433474
2631821890
2680061634
2663305922
2663301763
2662646433
2666853024
2664719265
2656400211
3729920771
3727888647
3727971591
1546971174
1547102262
1547077639
2088142853
1962838021
1961657541
1932300421
1915584645
1915666567
1915638183
1915629991
1927757734
1923361446
1906653862
4037115470
4041238286
4042318606
4033913102
1903538202
1911921706
1725208618
1725728810
3872229407
3872307212
3998922780
3994719292
4011430204
3979997724
3963253340
3963236972
2888500836
2888304356
2758546148
2762740452
2762740660
3031249285
3031315590
3165595782
3719063718
3756841126
3727476918
3728627846
3728635014
1581130630
1568023238
1559638631
1559699991
1551110934
1550857506
1550871842
1557260562
1557379346
1569888514
1452710211
1452707265
1451065472
1446805648
1446875284
1444934068
1981702564
1964909476
4099354604
4107615020
3566484269
3568576813
2494834973
2499030285
2226467597
2159489551
2159936078
2176713374
2176381614
2176366510
2176354734
2172160190
2201598367
2201991838
2269036046
2267966990
2267948558
2246845966
3584828974
3584564526
3584628846
3618442413
3622110348
3324314764
3324194956
3342065864
3339953160
1158786056
1410574360
3566377784
3549608504
3533086264
3532423880
3532161947
3536356266
3523863466
3541767082
3493464042
3493727098
3493734682
3496880410
3500947722
3521931594
1409052106
1123829706
1121797066
1184613342
1184547823
3348783981
3315098477
3304612717
3304604525
3296314861
1148845484
1413011628
1410893996
1427680396
1461232012
1461625292
1461625292
1461616989
1461617981
1431681327
1968486703
895454015
931039494
1988012038
1986964486
1982566422
1982578742
1982578742
1982480454
4113174722
4096394146
4109042338
4104721058
4105794213
4105728660
4122506884
3581472404
3577278180
3577277908
3577408980
3581568213
3562554454
3562811486
3563016286
3562960190
3697177918
3699275550
3724541446
3720076807
3717979655
3717764727
3721983847
3713590135
2635658071
2635846487
2635747687
2648338791
3717944679
3717821719
3751310613
3738723637
3730400308
3730534484
3592032476
1444611228
1446708380
1446714780
1429880716
1417551516
1425868447
347345566
347345566
1424233086
1357325114
1357209898
1420058939
1151657273
1173683512
1173871880
1165412617
3312896777
3310656027
3453259370
3757350762
3334394746
2260717898
3334324554
3334193402
3619676395
3590086891
3571246441
2489121641
2489293688
2485108312
4078876168
4078875208
4062024264
4061954760
4061954728
4060989097
4065250985
4149108649
4158553513
4158598319
4160693326
4159575054
2012087310
1458507822
1449926702
1449926702
1467555854
1568325646
1566233871
1599782223
1599651319
1448653991
1448640679
370720919
386613382
1342832790
1347040183
1356738215
1419651749
1421806261
1152138901
1147414228
1197744980
1180988172
1181016332
1189536012
3349603644
3315987501
3299664943
3299664938
3299800074
3316552970
3321398650
2204665834
2204743658
3278481146
3546916553
3514349257
3514348168
3510350744
3510350776
4047212985
4047472105
4047406585
3778975097
2738794297
2742988312
2743070232
2742023704
3882832504
3882685161
3883668138
2804687530
2804691882
3882090666
3873702058
3869507818
3802599451
1671828489
1941383176
1941252104
1375152904
1358314314
1089886666
1098827146
1098694794
1092386954
1125941498
1138602282
1100783914
1134407468
1134541604
1136569124
1132375348
3275653380
3325984772
1195302980
1128194252
1361970381
1366165581
279922989
1353546028
1370254121
1374481961
1395435033
1378656856
1916765160
1914209192
1917354681
1917367017
1380692733
1393487839
1359898974
1359636582
3579521254
3581687014
3581751510
3573420231
3573445061
1421493204
1555764164
1555771660
1421422860
1421423933
1425816879
1425828650
1962732074
2088094234
2104987146
2132133450
1041551946
503374410
503341946
520561006
470163758
1548026926
1552157806
1552882942
411708614
462038406
177873286
180027780
179831220
179835372
171450668
188245800
136179432
403630792
403090056
407153577
415542186
432324250
424121994
457691802
466031258
516231854
512193454
261546158
1301721318
1305844838
1563723778
1161075714
1160028418
1206756098
1118802455
1118487052
1122632204
1114245064
1114246568
1126774952
1127823528
3275241640
3245877403
3245894858
1090309386
1157465658
1153298986
1152934442
1287205434
1287336474
1219109673
1235890472
1231568936
1228423404
1228464284
1226350732
219718796
252421276
252421276
235466908
235532444
256561292
88756236
73273352
1082065928
1080831256
1088761656
1084689960
1085738552
1085736456
1085735439
1086145038
1086112558
1147982190
1143796206
1143911422
86947790
119977358
103257486
107320734
107328955
107331003
104119803
372551675
305643259
840351355
840213099
840737387
907846395
908063738
907997674
923431402
856166638
1896613102
1909197998
1904676074
1937907162
1384275403
1451392393
1451388361
1455451481
1379985689
1396919577
1371690360
1909613544
1909650024
1901581032
1897255672
823448248
806639272
808716969
809241259
813570986
821979578
817292426
1905434763
1905492107
1904443593
1908642013
1901307757
1880338029
1880336941
1899146757
1932711439
1915896334
4062397230
4066656302
4083445806
4087665711
4055161915
4053072907
4057230537
4123348360
4158017433
4124448415
3721803454
3713409982
3696239614
3696239422
3704828222
3704758590
3721470262
3717210390
3448824070
3481335054
3481306399
1321239917
1312924668
1308808140
1308869580
1325614044
1291981800
1275142504
1140860264
1140861208
1140987979
4331723
12994766
10471566
12359054
62689678
44860301
49185676
36606348
103714965
1177456869
1177350247
1178361958
1434198126
1425941774
1425419806
1421219390
1152455231
1151349305
1152393752
1156588056
1162932520
3293623592
3292567656
3292567800
3317741768
3348466121
3332277707
3338572234
3464425946
3481162586
3447591790
3447595886
3430295406
3715573102
3446871390
3480359246
3461493006
1321214222
1321214779
1266688297
1237329193
1220554025
1279293737
1275124091
1275173322
1275173322
1296141706
1589740939
1585611145
1585623256
2126684328
2118230248
2113970284
2114039868
2114097180
2114097212
2115432548
2132149349
1027474913
1014958051
1023218402
1016931042
480060146
482288194
482292226
213594626
83834370
83836738
16202710
11999926
11750039
26233477
43043732
46200252
33595548
33599644
34648236
303079596
1393598957
1345626661
1358857783
1353620999
1353623047
1353623045
3500844549
3505055237
3563837205
3563701549
3576175916
3577228653
3711708623
3745459662
3749580254
1610483182
1605633278
1576285262
1307844878
1307779342
1303519510
1234318118
1234314022
1233133878
1220551941
1220543797
1212235040
1212364048
1212306688
1212371265
1229177157
1262735703
172143575
180523989
180522973
1254333437
1245821420
1245751804
1241562300
1308660988
1308659964
1308659965
1292091615
1276510686
1278612318
1282807334
1286805030
1219573351
1234182765
1267737180
1250976460
1254148040
1245953720
1241758376
1258339304
1258340331
1224775018
1497415962
3687932186
3419627834
3386011946
3453120810
3452101931
3435330873
2361497868
2629875916
2629875852
2629868940
2646705820
3754066620
3728900796
3729183365
3662082694
3657720550
4195640678
4195634214
4197767206
4202100742
4199984134
4199001094
4194608134
4211454214
4161189670
3100548902
2827914790
2827786789
2827790932
2848763588
2836981380
2837115540
2906276516
2889483181
2889353134
2889362878
3157797294
3187555438
4255517742
4255188238
4238352654
3702530318
3702597391
3704866623
3695281455
3695420719
3695361293
4290944268
4274162956
4274228508
4198539116
4194346604
4211139325
4177531615
4160754686
4227994090
4232184298
4237426858
4237427899
3717348493
3716229261
3753928844
3477137592
3477138617
3477140683
3478339914
3488760090
3484554026
3382846254
3420529198
3403757102
3396417343
3411244815
3411141901
3410011453
3418399085
3653345661
3653481821
3645085148
1480832508
1476638716
1526969308
1510200268
1577128412
1577128168
1577259240
1581658344
1581649081
1606814091
1556487050
1557535370
1553321610
1553257114
1553248986
1555338074
1553174811
1557307705
1288872744
1288758060
1280336684
1280389916
1276315404
1275200797
1279407471
1279417831
1279778007
1423285703
1439997383
3621029317
3606414805
3606548725
3606552701
3598184567
3598004582
3598127398
1431778086
1414865710
1556358702
1556356654
1287986959
1289174285
206781709
206771469
221332804
221303125
221303253
87151093
91460053
91394453
91394453
133337557
133412341
133412341
125154677
124105783
86357047
69530679
69529653
71135285
71176245
71184437
75378993
75371121
100598481
96273105
95224529
99440593
132977617
91034609
91173745
91173489
91173489
99563123
99561331
132987859
116251603
116231059
250447507
250450578
250458770
250458771
250590096
1592562592
1571594208
3702831712
4237601312
4241926704
4250316288
4262896128
4264993281
4264985154
4263805154
3995386082
3995361506
4012122338
4012253394
1868964038
1877352646
2145781190
2146381445
2103782276
2104830684
3723832044
3719637612
3616804364
3616810504
3599032840
3599557177
3265241691
3281949038
3248324846
3497821414
3493365926
3493583058
3508204738
1377493314
1376412418
302646019
306840321
306852097
290086917
1348103205
1423632679
1421798263
1421773519
347049678
363628430
392991119
304927229
1379684844
1396667880
1365143404
1365142380
1910405708
1407109708
1406961165
1392284191
1924956734
1992209262
1994301678
1985848550
1981611174
2114247846
2114194582
2097550470
2080510854
2084704902
2093101734
2088772262
2089821863
1551903669
3699407492
3699436160
3703631488
3695425216
3691164224
3557986833
4099047715
4143025442
4138970114
4137856002
3605445635
1379392611
1395922147
1882523123
1881016147
1883113251
1895761699
1890326306
1890329858
1471030530
1454300418
385797442
374115826
374113763
1447342563
1463985125
1573036869
2094179141
2018557781
2014374245
2013325669
2013325413
2034423861
4223814661
4208066823
4277355351
4276208614
4277380066
3201405874
3200307602
3200312726
3183537591
3166896039
3028704933
3033927397
4034660021
4030472853
4029424277
4033618349
1894584495
1891434735
1888944139
1356145675
1347709961
1345632521
2402569
1076341001
1097251083
1131317579
1122862523
1190101406
3337519502
3337539982
3337507182
3337515310
2280612134
2515494694
2494555926
2544826134
2528085269
2259453044
2398913772
2386068716
2386289756
2654659676
2503632221
2490034005
2494232149
2494482165
2494351092
2494359204
2491213492
2484922292
2619271157
2618188663
2622371638
2623475462
2631744262
2633836822
2632456486
2649242662
3752395903
3668594892
3668623564
3404236268
1245228396
1245244204
1243114036
1243180548
169501189
437932854
442122546
467289090
465192002
465290434
162251922
141157506
405333122
405351558
405474486
418073262
1488903917
1486218860
1486152300
1490084460
1476452940
1476457292
1476478796
1476529509
1480993127
1489381735
1489381863
1573289431
1338918343
1319027655
1184809863
1183680439
1187831205
1112336805
1397500332
319765916
286135772
286134780
285671788
272957805
827085093
298615077
298615079
1372357943
1372359955
1364048691
1364179251
1364048179
1439537427
1472960851
1607097555
3754571251
3687458259
3654952339
3657041827
3656910755
4168675299
2016996855
2014883141
1746447621
1767419149
794475789
794467613
1847301951
1847187007
1847260922
1728773866
1728732846
3888926382
3885780926
1721503118
2124168335
2126003341
2126130388
2126130276
4273613860
4290407716
4244307204
4244289284
4234843652
4230578708
4096299556
1948803620
1680352813
1697127982
1969954670
4058716398
4058581158
4054780086
1402878086
1405762694
1388897414
310952070
42578356
42709140
46854276
56288260
2811924
2660384
271100192
271104800
271288881
829392387
854360323
310214851
306086018
1379856514
1395262610
1361709282
1345002274
3496557090
3500680738
3517456934
3551011350
3534250573
3534287820
2460778920
2452392360
2469300680
2435758920
3492723208
3492719112
3492589065
3492307518
1344799038
1344798758
1346044130
1345982626
1350185122
1375346818
1386881411
313152128
313115264
317228672
304649744
304715312
287897120
807937568
807937581
539498282
552078634
548931690
599312426
582588426
582522890
849914891
854106120
846963208
1920631304
1918534184
1917420072
1380506217
1376320107
3595238255
3603589870
3604638670
3605922190
3622371726
3320397982
3572027566
3567825070
3702105254
3702171797
4239038596
2087226308
2083039844
2084366896
2084466192
2083926545
2083984147
2031366642
2035556579
2072780960
4220265632
4220331392
3683411840
3649875652
3649613380
2644155924
2644154901
2648541735
2539444838
2535287782
3596504454
3596487814
3539801270
3539800230
1400713398
1362567350
1345790135
1345794087
270875939
291563795
325101826
325101826
308779010
310281218
377126914
370835459
386564097
386593008
520742048
1024128176
1024114576
2110426785
2089323175
1821158118
1821157982
1690873374
1682499130
1695277626
1695162890
2002333802
1977090282
1956126889
1955204280
1955203228
1959397516
1951337356
1410091916
1410124685
1464258509
1456907591
1459003655
1587978517
1588043813
4276396068
4276396068
4269056036
4264932132
3157693972
2893461188
2893450948
2759232183
2753940134
2753874598
2753855206
2753828454
2758148726
2774938310
2774934214
2774802910
2808356078
3219392622
3215198462
4289599694
4289079502
4255525069
3719704524
3723953820
3723757244
3696493228
3428602852
3692946272
3697271569
1549595443
1551672098
3698893091
3699093537
3581582352
3597309952
3597322304
3530180928
3530103648
3531090468
3539478052
3535282735
3552326186
3556512554
3514572842
3508273198
3508273390
3238544590
3238853774
3276589190
3280816598
3280934774
3280875830
3280630062
2206916910
2206916906
2240326955
2223544685
2353564652
2349370260
2349378180
2350624384
3424630400
3424567937
3711878067
3732857265
3730711952
1583228288
1515464576
1578379184
1580474848
1596989472
477106213
477106229
483401743
500178958
366436619
390509835
373725451
375298315
371038233
1935185961
1935194345
1935180936
1935376776
1934263176
1934525096
1934549736
4082000617
3545114157
3528338222
3537774894
3539875878
3538753558
3530304518
3526123598
3546923214
3505029518
3500835718
3500839909
3500717540
3505956324
3491292512
1342711040
1342768384
1342833488
1347027808
277484384
277492193
278412785
284699073
8006592
54184385
41651649
41451601
37257269
35434533
52207653
285783407
1346939631
1367907046
1401526926
1384823438
1456119438
1583011470
1584068246
1592681126
4276380391
4259373549
4242596077
4235251817
4233396313
4229205453
2131028876
2114202269
2114268829
2114855869
1994273196
2006843560
1956511913
1958019163
1425367307
1415900426
1411689226
3563105034
3495992075
3496122633
3563489544
3580267336
2550055608
2663309980
2663277197
2260664990
3333108198
3337101350
2250781730
2250773538
3324649586
3324649538
3345621187
1147822273
1148838081
1146719297
3301480497
3297294625
3298331427
3302660643
3308956161
3324698177
3328853699
3337503363
3333419425
3332759712
2258953376
2187652260
2184191140
3255840140
3238143884
1409426060
1418863356
1419907822
1420034798
1420049710
1147955246
1143261230
1411811342
1411820558
1462673422
1458479374
1454288910
1455203549
1587325100
1582082220
2114517164
2114640300
1998507964
1948172956
1962312349
1957134879
1906610710
1902437175
1462527777
1445732129
1445870881
1449803041
1584012579
1588202834
1609174338
1575619846
1290405126
82379542
78123838
79177326
79179690
78130089
78130088
78142376
124307384
103531400
103449480
37663688
36090120
56656168
299936041
283355435
1365420827
1365424651
1398979081
1377943049
1378976329
1394000521
1360937609
3497919167
3497919471
3506188774
4041482470
1910776038
1910513878
1437606086
1435504838
1170211846
1145186622
3288475966
3289786654
3296602382
3450748174
3451523854
1303905225
1303904952
1217947304
1220077224
1211682792
1212124520
1295941740
1328979980
236363788
236363789
504668509
520397165
524590445
486906223
486971775
1560721742
1595324750
1444318670
1451197902
1459519950
1455325407
3602813167
3602837989
3606897125
3556533684
1367307412
1367299252
1400849597
1937527981
1897718959
1897199023
1897303759
1884720655
1895206413
1894039309
1625599245
1617207565
1613160733
1613120805
1613694311
1614613990
1618820582
1618939126
612310230
611130822
879116230
904015366
2108820998
1605373446
2142301702
2140188182
2123673126
4219774510
4219774510
4220499742
2609757502
2610472239
2602091823
2587428071
3123315943
3123315949
4205448620
4272561580
4272429964
3723238284
3693886092
3426105996
3424008892
3422957245
3427018382
3452184270
1317298958
1251341086
1320641854
1336241453
1336220012
1298467052
1294928124
1294862732
1294870924
1329491343
1312597902
1312596894
1316266366
1591587118
1589612838
1470607654
3584536887
3584204052
3567422772
3559361844
3576547636
3576565060
3576563148
3577622492
1476276220
2006724317
1973168861
1440492504
1465674216
1444210152
1444192328
370188552
504398088
1582530860
1578344748
2130947372
2080549140
4233276164
4174822149
4172712950
3097923462
3097858950
3206844870
3191132646
3189043686
3058983334
3046531510
2962628999
2964717957
2960917893
2418806165
2418805165
2418945453
2431004093
2426873759
2426677063
3500467975
3299127045
3315902725
3353643300
3328481317
3458645013
3458658309
3727094021
3743826245
3711320935
3698615911
3698618087
2096392807
2111072893
1607757325
1589935885
1581602567
1594315031
1561677858
1410723874
1410773026
1415483442
1574863890
1608289347
1583122627
1583254401
1451137729
1450891969
1450899041
4135084643
4132987495
4149748263
4107810327
4107931463
4108004727
4107819363
4107852130
4098415090
4031302098
3494431938
3519712498
3549332722
3616466114
3612221634
3574542530
1410072802
1347225058
3230535651
3230018288
3231062720
3250326080
3262937920
3258773056
3258951168
3263140352
3267133984
3317466656
3300720416
3298650656
3294505505
3440261987
3473542130
3456776658
2383035714
2387228418
2383115010
2320036626
2328421218
2324211042
3397952994
3398087075
2324337079
2392490373
2398781829
2386149565
2403123369
3291791595
3291927578
3291932682
3558254602
3704990491
3700730411
3700730425
3700723288
3571224264
3558706840
3558788776
3692438200
3694535373
3694539590
3723624742
3750957094
3734004774
3733251106
3733234690
3733364739
3733368896
3733356736
3730079968
3725893856
3708846500
3692201660
4229098125
4229069454
4107487926
3029719718
3029654182
2761210790
2777982406
2816255430
2799600455
2799600245
2810110565
2805986021
2772198117
2771133173
2771138479
2909547950
2951482606
2947291390
2947492958
3216974862
3181192462
3181208590
4238273590
4238253093
4242525232
3713584128
3709395968
3709558848
3709476944
3709473219
3709470658
3715763906
3718908514
3584625378
3584577250
3618174630
3618169479
3585909380
3581473420
3558666916
3558666916
3558798500
3558790372
3563053156
4110270468
4160675852
4142831372
4134440460
4130246156
4130245148
4130180648
4063032873
4085048937
4085006875
4085056283
4080993563
4147068011
4151258219
4159644779
4122869835
4122869834
4120846794
3583828970
3583570670
3587741678
3608721343
3608714639
3591931343
3592132047
1985672649
1994059245
1994057197
4141606125
4133082367
4128821471
4279820447
4248756383
4231448462
4231450318
4233546318
4233480718
4235504174
3975458350
2914821679
2948371245
2948432252
2948108636
2941821436
2904286189
2904224597
2889745767
2889680230
2892770598
2909608230
2918127894
3221174534
2950638406
2950524230
2946359622
2946408518
2946465893
2946269412
2946269652
2874974788
3944514052
3911111188
3896398380
2821600812
2821331244
2833778733
2829584447
3903457309
3903481932
3953814988
3938018188
3933741708
4197979020
4198257069
3195367599
3218292910
3163763086
3166709198
3166709710
3703582606
3699521966
3716290735
3717597413
2684161223
2684167366
2388353351
3462062087
3394958375
3392719911
3392687139
3392678915
3412749569
3383390725
3383415493
3384459991
2562232038
2566425319
2556210151
2552015213
4162759437
4162235981
4179011277
3944649373
3926889149
3930890431
3998000295
3993801903
4010656941
3977170125
3960400204
3961453068
3831417404
3841772092
3841746492
3857523213
3984527887
3850109694
3833336742
4110165158
4110168294
4104392935
4104519877
4122345677
1375084748
1372857544
1372862936
294922745
295037867
299286442
322406362
322732874
321683722
321749258
305112378
305048874
304524319
304534543
304529439
325517615
1400181037
1364538157
1373071148
1908928292
1908780580
1942267700
1925494228
1927065989
1927118981
1918795909
1914623105
1896750257
1879841185
1879841441
1884763810
1955734198
1957700278
1974477750
1991303662
1995472922
1727040522
1722853386
1739766027
1688385816
1692580632
3827538696
3827335432
3760488712
3777348360
3777381353
3810919083
2741437102
2711947950
2711952310
2712000982
2712140102
2713102599
2746657029
2748687621
2736038148
2736050660
2736116132
2736222628
2738295205
2804167079
3882157991
3869708214
3886365686
1705847670
1705781590
1688480066
1688480195
1688349762
1956791394
2008273138
2006036674
1993388098
1993384195
1448128867
1462960065
1899133825
1349917588
1357253540
1357777316
1374488996
1911315925
1911350531
1935991058
1399189810
1399648306
1366089778
1365897266
1344950274
1344933890
1412042498
1416235570
1424497186
1421372002
1572366966
1589147462
1591693383
249233605
240648388
188425300
138025268
138025760
141441568
1223519776
1218765360
1219797505
1236316737
177373889
176325345
180589281
1522646753
1522772577
1527228707
1595385890
3743385698
3728706626
1581236418
1446854850
1463615682
1412759686
1417023909
3568725668
4105628324
4105538436
4155812228
4134841476
4264329420
4264329420
4276912622
4276998894
4251394666
4230293098
4230229754
4230354638
4285929118
4273235934
4273259725
4019700812
4019502092
4260670492
3979847708
3979783180
4010968076
3994255709
3993093117
3993162477
3858911981
3847619309
3856074351
2780569135
2780588334
2814143534
2797364254
3204375566
3191796814
3191786702
3208563151
3179207599
3170261677
4243867325
4243874445
4260704989
4292293341
4266996469
4266931111
4262733223
2115250407
2121681126
2012629238
2008991938
1975434434
1962848258
1950121986
1950130211
1949868065
1949868064
4109018404
4104818484
3836381972
2900945716
2909334332
2938694172
2938887740
3983148591
3974693486
4235727870
4235735542
4231793894
4164749538
2020227106
2028612370
2024468034
2041160386
2057876418
2125439105
2125365376
2117047456
2116531376
2116482224
2117493920
4264961441
3979617186
3967034022
3837006574
3836150382
2779713114
3049028106
3048778250
3046681354
3050871611
3042483737
3027939848
3023745736
4096414408
4096328360
3827830444
2754349484
2888108197
3965925541
3986898135
4255274055
4289916935
4289847303
1573971221
1573973280
1557331232
4107467104
4107717089
4124561379
4275359634
2118430082
2114233538
2114237522
4262851635
4262712352
4128396304
4130488336
4151444276
4126212644
4103078517
4237567647
3700764350
3700833966
3701411502
3705409198
3424388790
3426498502
3426086662
3426200326
3290802994
3563436802
3571957506
3567694082
3584463105
3601236224
3605496672
3593306848
2519655108
2519648788
4129815084
4133808940
4142197548
4158974329
4158947274
4133766090
4130079626
4130226586
4134433002
4160643311
4125040879
3571262669
3561761869
1414277455
1431255327
1204689174
1205737734
1189021958
1190989110
1113392418
1197432851
1163911233
1174385088
1157534080
1157530496
1156481664
1157598864
1151180512
1154809568
1145368289
1413770849
1409630049
1141317427
1141185298
1145322242
1145384194
96873474
64375810
47629330
47678482
316060674
306618370
307208386
303018194
386773426
386791330
386169762
352652195
356780449
365173152
398473632
364919200
499330432
532819584
533882496
535987840
519079635
1054909218
1054908450
1046519842
1059103778
1026604066
1026603042
1026652194
1026701411
1024604384
1028791200
533860000
528679568
528552592
529674880
512946880
246448643
246456866
241213474
241213474
522239010
488814594
488823042
471993155
477235907
477498017
483723941
479211428
479209380
498082740
502281108
500200340
491824101
521183717
1024496097
1028690273
1011913057
1014019425
1014084961
477214065
473087297
355663303
1429362119
1433558502
1475497318
1475497254
3621801230
3757078798
1576036622
1576107278
1576230687
1571954207
1572013613
1576011501
1573922535
3713077686
3477221558
3473014966
3456172214
3460306134
1321214982
1318087702
1186163795
1185342944
1202123488
3248870052
3227828900
3223619284
3224798788
1077065216
1077061123
1081336578
1085337894
1085326630
1173409070
3310504206
3339872526
3339864846
1195789254
1166299063
1166308261
1149526948
1149526956
1086611884
1090838948
1124585892
1108791680
303456640
303489412
303096245
303096238
303089134
324308330
299141434
284526858
283618058
1357097742
1424211470
1420006926
1554167326
1605543438
1588766471
1590856981
1581317284
1577118884
1577071780
1577070773
3741724807
3695583638
3705012902
3432320614
3434884654
3433836094
3433834014
3433849614
3450654990
3433922589
3433857068
3370959148
3359424808
3359101816
1209456392
1226210824
1258450440
1313000968
1581313608
1581293256
1447071657
1448132011
1448119466
1383433370
1400344714
1393946762
1360294042
274014362
1347822059
1358307947
1358307883
1358307899
1089738251
1089738250
1081366074
1079292459
1087681339
1351910683
1354075401
3350629641
3333859597
3338053903
3329662743
3323234166
3340030710
3574977190
3558298274
3562431139
3570819745
3570819712
3621148288
3335931520
3260108432
3262147168
3256904992
2187357217
2187355170
3286298674
3236098306
3236058946
3236054722
3227651714
3227717522
3227590051
3244307617
3261080736
3269469360
3269667984
3269602497
3265494083
3336664370
3336593702
1197531430
3340824614
3307507774
3580146734
3571821615
3567695933
3350628629
3470166532
3460672005
3456476741
3456623175
3457610311
3591524822
3597811879
3623043239
3584187541
3568459141
3304279941
3302086293
3295736823
3311460655
3609255982
3609257006
3580161086
3580292110
3706125326
3706113807
3722888733
3723514477
3754959596
3612374700
3578822316
3562134460
3562133916
3562136988
3570528413
3569471639
3569471703
3562106934
3559923750
3558876198
3491768358
3496032295
3500562735
3316009743
3332787013
3466907269
3471098500
1249165972
1247240932
1242898980
1247027748
1517625637
1501438005
1484656647
1480212550
1480180950
1478004198
1494790054
1532538598
1532534518
2036113106
2019530434
4166428354
4240615106
3703736002
3703754434
3695337154
3707910850
2668764018
2654014498
2657092642
2661290018
3735302183
3719569413
3702808844
3432309260
3432298044
3289684588
2484374124
2501151724
3591801228
3593906636
3598106573
3606234701
3597849101
3597804069
3526566439
3526439911
3525312679
3529511075
3554899123
1357020291
1352813699
1357041539
1088802449
1348779744
1361358624
3525356832
3529551136
3529549840
3538073856
3554843392
3521301056
3496103616
3496019632
3228570528
3304071649
3232768098
3231986722
3231987746
3236177938
3227854850
1080436738
1076262915
1097751809
1131299136
1114555264
1114620544
1123009168
1123014289
1106115506
1089337762
1080883362
1093466594
1127052594
1110405634
1110401538
40722962
57501235
7301651
7306003
7194643
1089325107
1089330419
1106244049
57664385
40891011
36684435
36689585
53344929
1093532065
1080936609
1089329313
1106041057
1106029875
1391306258
1391044114
308915730
309062706
317454370
308922402
1399539730
1361714177
271207424
808181536
813428256
819719712
865664560
847826513
583585395
575179234
571001062
1628166374
1611331798
1611331790
1615527390
1619722238
1669922799
1653139957
1657333845
1716058196
1980323892
1980398628
2102029364
2085252880
2093639185
2093577747
2085125714
1028185714
793298418
793298150
793362614
659251334
608904590
604712590
604646078
541792938
541854634
549722538
818161850
813903050
813903882
831533322
832856890
329572970
329553770
331123178
333236410
290212026
289999099
290065721
274338601
284828216
283779608
292053592
292093688
322750905
303859865
34375819
34179274
38460490
47902730
44753162
44720410
61596010
28041706
12162987
1083805609
1100582840
1390250904
1377667480
1379772888
1379707096
1378724824
1362016968
1349435080
1349447372
