3945658930
3928915458
3928634914
2854954786
2858942498
2879915047
2879917156
3114817748
3115903172
3113806020
3150555140
2613815812
2613749252
3146428980
3201991205
3203961382
3220734694
3211300342
3211500982
3207264694
3207264407
3207260309
3040537029
3040537924
2810110213
2919002727
2914796118
2947883614
2950963822
2909016046
2904820222
4247066814
4246804670
4246870238
2137144526
2129800398
915481806
914367695
381693135
381709517
373488845
373486989
356710277
339919764
1346421428
1354875572
1086584500
1082386164
1082254884
1082424868
1082412836
1100226341
1402220350
1404382574
1404517742
1366625518
1360348398
1360151758
1360164174
285304078
285240602
318791466
859847466
834874170
834809115
834821401
834880857
826523913
826512201
826315640
859870057
843093997
851490285
851484159
843416734
306545806
1393005758
1359385774
1347327422
1892595406
4036929230
4036929102
4036273727
4053050925
4059346492
4051087164
4046974268
2956062044
2953993692
2953994236
2706526188
2744338156
3817915117
3801137870
3801412302
3805582334
3792999406
2719266286
2719329774
2719394046
2719394014
2722601055
2739259660
2702401292
2685548044
2687640092
2686853676
2691047980
2695103788
2711882799
3786149118
3819702526
3820755166
4091291854
1896233166
1896246222
1896247054
1611136782
554026334
558147071
558147063
558142903
566526101
834961553
859865233
838963283
906219542
1979846710
1996635430
1565666086
1553082982
1555446486
1421216390
1421740935
347934597
100405124
108267436
108275628
108275692
108274460
40902941
36728861
34697245
34762781
55726420
5390676
13881300
12831701
8624597
8497655
276867559
297836023
1918014919
1918018501
1918018261
1917887205
4077958895
4044392046
4026746586
4027727578
4027723498
4033948138
3768584426
3785624826
4054062283
4055130312
4055166984
4050960412
4029006876
1881664540
1881664828
1881664828
1903613212
1901249372
1641202524
1942155800
4089492024
4056979000
4090797624
4074093113
4074089019
4074023482
4065652010
4066165882
4062003418
1931346138
1881014478
1881022670
1885217631
1893605949
1889276477
1889284893
1352413454
1372353566
1363991598
1347213614
1347275582
3519974150
3516832582
3619331398
3602625734
3602624709
3740922069
3731419381
2653516021
2653573607
2666156899
2667304738
2667116322
3193496870
3210274631
3160057413
3160063684
3170547412
3099178660
3103314596
3155710700
3155690220
3155702476
3172475224
3172740200
3185313832
3181250600
3179677704
2575722573
2575722575
2609151454
2572965358
3642491390
2635989982
3713409694
3721798334
3755287471
3611305901
3590330796
3590330780
1375807884
1388391309
1921022346
1401156746
1367527610
1347600554
1345405098
1345373374
1362199758
1362199630
1408730374
1944430359
1940170517
1407692565
1407627029
1365679381
3513617681
4029459761
4029460241
4030660097
4030652113
4032188081
4048948901
4056227509
1933915799
1934959510
1934893558
1901077878
1894792238
1894791214
551827502
551824479
568644685
595034317
576094665
1649841096
1649840984
1649711656
1649707560
1651812904
3795102232
3794251548
3794199324
3794694429
4063101421
3086877103
3049129391
4122873246
4122810806
4155779494
4159990246
4160023670
4117160966
1948705806
1949754383
1949819919
1949758519
1949752359
1702773798
1700594790
1700541814
1952198142
1960259070
1960255470
1960791782
1977603830
1972889286
4120225351
4120229381
3851716116
3855912484
3847536436
3843337556
3843401044
3843420644
3843441125
3848143717
3848143149
3858563373
3858497849
4118555913
4101974793
4110297609
4106123785
4240366139
4240217707
3971777243
2784789193
2809954952
2793308808
2793324456
2789124520
2788485288
2788482220
2788442248
2788475337
2801189195
2797007210
2796937582
2817844527
2775907863
2752957959
2752955911
2757160451
2765418018
2765422114
2901724450
2775862306
2809414738
2809545922
2790663298
2786471089
3054902448
3075868800
3050441600
3035766401
3031512817
3029350115
3029345250
3029360998
3046138070
3079726550
3063000566
3067316735
3053619551
3053881613
3053824780
3205868044
2903682572
2903696909
2907955775
2891043631
2890973551
2890973671
2764294135
2780974791
2780917447
2814406359
3871354855
3795852711
3812623783
3813867958
3780247694
1616257230
1616327918
1892945070
1892944030
1892964494
1624619150
1620490637
1637003148
1669437324
3804463820
3797123596
3794838060
2720048676
2720048676
2736961061
2741425703
2749874982
2749645094
2716074086
2758155478
2757900486
3026352342
3052431526
3085981863
3086376325
3069600645
3061195397
4151645141
4252307941
4235533411
4235532322
4242876466
4242811186
4242812178
4243678466
4260524290
4285714690
4266836307
2115093491
2113992659
1983967187
1983967159
1992326055
2009160103
1975864815
1975799039
1883534367
1951867919
1947608079
1964463135
1969081663
1700629359
1708493550
1703189246
1740938958
1724168143
1715831263
1711767903
1711780119
1728569653
1696014647
1679172967
1679179111
1683361127
1687620071
1620380143
1620384719
1637296974
866074382
870059806
1927024446
1927025982
1926779198
1925730590
1389097278
1384833338
1451877162
1468584810
1435027451
1422512121
1414167032
1414162872
1414228120
1414360204
1414298764
1146031500
123618700
106323852
108490748
36972532
36971893
38809911
38875191
39014710
38949238
55722326
5391703
5361495
5627863
14139350
281386359
281320807
281318887
323270119
306295014
306290942
322998782
289506782
1354927582
1346550622
1346546494
3495078718
3570641693
3566578461
2509549340
2509550140
2510074428
2514326056
2514457193
2447364843
2443179946
2447170734
2438777006
2436679854
2436843662
3510003919
4080430285
4080428492
1920391164
1918289916
1918338380
3797259588
3813971268
3780226420
3780292196
3763514997
3759404565
3758215701
3759215223
3759219302
3773834990
3786415598
3785361646
3785361582
3818981534
3815963791
3809651853
3809649805
1662231948
3813783004
3813715708
3780226684
3778264620
3778207276
3778272812
3776984636
3844355628
3844354860
3856924717
3886088238
3886219310
3986817070
4239523902
2094149646
1543580686
1543579918
201468686
205662990
214063374
215141710
232178758
232162375
1576240199
1290966229
1301460341
1339204965
1314104657
1582400851
1578205682
1578471906
2119021538
2119017122
4006126242
4006126243
3981156993
3961168512
3963323008
3962274448
3828044517
3827905893
3828100207
3765188654
3768846378
3768977466
3770030171
1639267403
1670653131
1675370699
1661812939
1896825343
1628435934
1615329278
1623689214
1619499006
1636153182
1673901646
1666578254
1666576143
1662515581
1662405100
1662916780
1667181740
1633497500
1633644956
1642033564
1910338013
1909223806
1910265126
1885095206
1887376694
1887315718
1895446022
1358569030
1354370765
1368984572
329006060
316419964
317990156
309616908
376758556
372551705
389132575
336770334
873642518
872651302
876907303
885295333
935628020
776376448
772190336
1846976640
1849090448
1867703968
1841360545
3972066981
3972065965
3959484093
3959488189
3838891773
3853580141
3869307181
3869626413
4138713135
4134257694
4130065422
4129875998
4113098806
4096424982
1948931334
1953120774
1424622086
1425867282
1415328306
1411133986
1411129634
1414926386
1421213890
1421803718
229573766
245961870
245945535
245937389
443063805
438869976
443071352
459845352
459845608
455779304
455795656
506389448
1579663816
1580712364
1591203244
914647468
914368940
918563212
381827980
399640206
397542062
363004590
362812334
341848558
337649950
354476302
354459910
358655254
358726966
358856982
367180038
364030214
395492109
378706700
378969868
374771500
374640940
370454572
370446396
370462781
286724127
269882382
269879382
268831715
281414370
278793971
278742531
280794625
279752192
330083840
1382983936
1450089744
1450607889
1446347089
1983164755
1983357939
4130775906
3879122786
3849820962
3839138082
2894895138
2899110934
3980715014
3993395206
3993379158
3993450206
3876527854
3876199086
3855157930
3851946921
3851950264
1704474760
1706568844
1708679308
1700520844
1695199988
1683748389
1683279411
1624296754
1691542562
1951588386
1968324626
1967276034
1996632134
2118266326
2126653862
1585920437
1585715604
1451493796
1455688100
1447515524
1448534468
1459544389
1475797255
367517974
350612770
342162722
1411448099
1412464419
1947557431
1951909399
1950862871
1975893559
1975828261
1703186277
1707905013
1707904501
1733275125
1729015285
1729013237
1729074407
1661452519
1627902055
1632038975
1632038941
1640427801
1632107803
1627781403
1627519259
1728436539
1732761967
1741146607
1720468877
1653342604
1724842892
2002653836
895365773
895361703
2111121059
2106859937
2106859940
1607737356
1609572360
1340088584
1306550536
1302388504
1285802520
1285741081
1286842906
1217444414
1216383534
1220578150
1208452470
1258717430
1310621890
1580900546
1580900545
506364032
505839760
1042449648
1042529520
640921056
638708576
638610016
1648372448
1674787216
1624381568
1624444032
1624575376
3768387232
4035778213
4035719846
4035715750
4035716814
4089196046
3538180638
3538217006
3538270254
4075206702
4075206669
4150701068
4150699020
4114067468
4097147180
4097278252
4097286460
4097040703
4097037614
4101431086
4099332654
4123515454
4157073998
4157009486
4141278797
4132882124
4135405308
4147922668
3877378028
3876919276
4111800317
4110422494
1967129086
1976635646
1971527902
2004951118
1468014670
1451254906
3598804026
3598906443
3599170889
3351739721
3319226312
2228735704
2228735608
2228735608
2224414248
2224356904
2360667944
2377443113
2377475881
2381591083
2297696890
2289046138
2289046126
2283012910
2283601966
2551771174
2568544286
3641225230
3708518414
3746146639
3688409804
4216887964
4214786748
4265314972
4264199820
4268397004
4277846124
4141432876
4129034283
4129038363
4129169419
4129174555
4097706202
4110297562
1958623898
1891568267
1891371659
1354505929
1353454152
1374425864
1400713512
327033129
333325097
325006107
323748618
285999626
285999898
319571242
319606122
839699822
843946366
843946462
843954687
844085759
844086783
844019167
844018143
860795279
827306399
810529215
810529215
810466751
810466239
810531775
1884142527
1892653981
1909382029
1900965773
1900947421
1897867037
1897738557
1998397740
2002592044
1474240804
1402409236
1402736924
1404831004
1102843228
1085016444
1085081973
1086200162
1084103010
1151215906
1155360050
1142477170
1142469074
203071874
488547202
507426690
1043500674
773950130
774085266
774093459
775142099
707833123
1781574691
1779477543
1779477547
1796447275
1796381739
1762843691
1829952811
1832045865
1836239209
1836272121
1844530681
1844534777
1844571609
1834083801
1834083673
1834083705
1834081593
1842466105
1708247353
1699871001
1834215705
3981699865
3981703960
3847473720
3849439800
3849440888
3847343736
3855736441
3855744635
3855744634
3855744890
3847257598
3847255550
3882955006
3883077822
3866300574
3866562750
3874894270
3874960798
3888070047
3885971871
3885971871
3885967759
4154404239
4254803343
4254687631
4254691727
3583627707
3587830763
4126783467
4118396907
4114198491
4147882443
4147899851
4147768521
4147770521
4151955624
4117479592
3848983016
3832272892
3840538364
3840540268
3857432108
3882591804
3865703996
3865638453
3798528823
3798528238
3798525167
3798484143
3766091950
3827171470
3827179918
3827196639
3833590334
3840204330
3836017466
3835750682
1709242378
1835354378
1832257802
1863714058
1795625739
1761682187
1767056169
1775313901
3918607341
3952113407
4219500175
4219498126
4215307918
3745601246
3712111150
4257379119
3180720427
3182752827
3216944153
3216939033
2667546681
2518452281
2518453593
2518451657
3071062473
3037651849
3041850025
3051287215
3047081646
3047020214
3017670358
3011311318
3006854854
3006912070
2990241351
2994361943
3002746741
3002685285
3018339828
3019386068
2474343621
2977650837
2977650853
2969303221
2969238679
2969232518
2969297046
3036393814
3040448822
3072886054
3056119078
3056118050
3056315426
3068918819
3064655921
3081400577
3177854529
4230614609
4230679089
4231674384
4235029024
4243351840
4104977440
4121268288
4159082688
4134973632
2117505216
2117518529
2117586387
2117425251
2117347362
2121542690
4293925923
4239459379
2092368131
2092315459
2025202371
2023184067
1486321363
3637804707
3629410979
3675548402
3658881730
3663071810
3730116162
3738441554
3738449250
2391023974
2391089382
2374381814
2374975638
2240599189
2241650068
2279377300
2272561364
2251655380
2250683588
2535891140
2502336580
2489753933
3563495806
3564622634
4095002410
4095002410
4095004458
4115787050
4294175754
4294175752
4277169160
4262480968
4195372984
4262624936
4266817192
4275196584
4270920344
4270862984
3733991819
3755094410
3696386554
2618451258
2622643002
2624805674
2628839722
2627790890
2627775514
2627780618
2678079498
2272264410
2234515626
2234651050
2228369066
2224433834
2226465433
2230598280
2239515276
2268908492
2267989260
2268000524
2280579868
2276303404
2276303407
2275979822
2280182314
2267562538
2268644090
2669400506
2639962266
2623204490
3697010826
3713784011
3709503944
1594530760
1595600584
1595746248
2098475464
2131820792
1043464424
1045573865
1053885675
914369742
381709519
373417165
373486789
369292677
356710277
339920565
272746164
281069237
281147061
277079733
276948983
297860455
331664487
324324455
307554431
861268351
827763677
810983117
886214351
886279903
876648175
608221167
621844462
655414766
655615470
655549934
1699931631
1699929573
1683086836
3830562132
3830562068
3830558516
3973099056
3989945904
2916324912
2949881360
2949824048
2941450785
2943601185
2943404897
2943404897
2943405937
2910048065
2775773121
2775773137
2918206947
2918205667
2909818083
2909801874
2909939074
2909939074
2909939186
2918190306
3185576034
3168798754
4242741250
4242679810
4242746626
4239599362
4189221378
4224864770
4266869266
4262467122
2113943346
2113940790
2118137958
2143361254
2105612542
2088974590
2088836575
1572871631
1572877535
1598304349
1581600829
1582071837
1590460681
2127144201
1871424793
1871423801
1837738347
3989408363
3964242475
3825894970
3842679322
3842679306
3843027466
3775882026
3776918570
3780969514
3789227050
3787068539
3784979545
3784993993
3783880075
3783846794
3779656330
3775450762
3775481754
3775615930
3846845354
3851034986
3852149050
3854131515
3836243256
3836275480
3840469768
3832077064
3845771080
3845900104
3877361481
3877361483
3877209978
3881539370
3889935659
3885741355
3852055865
3889730331
4015575835
4011422266
4011532922
3977917290
3984195946
3992584298
3971682411
3971690585
3988333641
3988270153
3891914825
3889805641
3889805641
3889740105
3856179016
3763897160
1614316104
1614516840
3761955432
3759858284
3759862372
3758737252
3762933232
3771452881
3783969921
3804943489
3863670913
3860492677
3860550039
3860689319
3863818671
4023199725
3986501613
3986517976
3986649032
1842702152
1834313033
1830032713
1832125787
1815416299
1693913003
1706442671
1706438543
665921421
670044557
911282332
852635820
852635836
850600117
849354933
849354917
849372391
597748967
568384623
568383871
560068959
576911823
576912847
576879943
572734823
639647014
643841318
644029735
652369207
648117559
664862007
631299351
635476759
618773367
744598519
744602583
757177303
758356439
790821111
790816999
790849783
790706551
795024231
660806439
669194807
669072183
664812343
664811799
664811783
799095047
799111431
799128855
1067564310
937540886
937473310
400917822
393066430
1466810302
1470480062
1470480062
3617962682
3584408571
3583425515
4039555945
4031179369
4031106569
4031041033
4047816201
4048405081
4044342009
4044289001
3775898089
3775702457
3758923145
3763112843
1615711195
1632623563
1665564489
1665544009
1648829753
1657155881
1648763177
1665540393
1665409305
1627653387
553913611
558124299
592203035
600788251
600732955
600827211
601744731
601683323
568083835
558187867
541547867
549879163
549857401
549923945
566705465
566697289
591811913
592340297
592242553
592233833
592236011
592235899
592305531
592434523
592377179
558296411
558230907
558161387
558157307
558226906
558301130
558297034
558100442
557868906
557864299
558122347
566744411
558300507
625405275
625339897
633654521
633654521
633851097
633789769
625405259
625438555
658861931
591740523
591867755
600190811
600255835
600075643
600067577
566545657
566594681
567248216
567251288
550416728
542094172
877499005
876975719
877002358
1950874486
1950837622
1951295846
1439574054
1456351286
1452157958
3599639558
3599573254
3331088758
3331090278
3267647335
2185547622
2202308070
2437252598
2445640950
2978459894
2978460095
2709890493
2709894840
2706153128
2701954728
2701954744
2702151352
2703146920
2702634408
2702632360
3763761656
3774296569
3774296409
3765907801
1618419977
1618289945
1626811709
1622022189
1622018079
816711951
279649543
279452935
11019527
11216131
11162883
65783571
40605490
40612402
36426258
36422162
36393522
40563250
40559410
48947506
33289522
33279315
31182291
22665683
22673907
55175651
55175667
55278035
55269843
21715411
30243313
30271856
30271856
30194016
21806368
290241824
323788064
323787872
843881585
839161969
839751793
839882833
571381841
571390065
571385953
571451493
638565461
638516293
655293509
655283413
625989093
609080805
618520545
618651601
543160769
543152577
543128019
543129011
543128995
551370162
618477490
614283186
614405810
614405778
618477203
617950867
1691696883
1691705073
1691385393
1817210417
1817243187
1817243187
1841360434
1832972114
1866563410
1866823382
1845958390
1850152694
1866799078
2143624550
2105810210
2105814066
2105617426
1971399698
1971450898
1971450899
1971557457
1958970817
1958972800
1682018192
1681955744
1694538656
1711512288
1711447616
1711455744
1711449616
1711384096
1711333989
1711301349
1828721317
1812005301
1812005301
1816203445
1824731303
1820529831
746722519
746726471
747777031
1016277253
1018243333
531835143
512915719
513006855
244438274
247498498
247497522
239121186
104915490
104981026
105018882
105281282
105272578
54936851
30393651
9290867
9291123
1086905842
13171186
4839922
4971475
21683027
55270257
38370081
38334241
1112074081
38319457
38507889
323657041
323657153
390772931
390830275
906594387
906729553
906860593
1041102881
1041067040
1041116192
1046428704
979307828
981273460
721247860
721247988
733863637
699260613
682466245
955095495
946706631
943569111
675281143
675277031
689957351
694151655
727579623
735706087
735705943
735836999
737802503
695860535
695852087
695860279
695827479
691624983
691752311
729631591
805116518
788339318
786250326
1071475654
1071475142
1070426566
1037007830
1038044150
1038076535
966777463
966777717
970587477
962194501
958000193
958004465
958135777
693893601
679189489
687573939
687574003
685611475
677226691
677226707
673032291
673183779
673052707
694017063
794647845
794645861
779973109
796733877
763298231
746260406
1818954398
1827343006
1823152798
1823152798
1688812190
1688743566
4104659597
4104675981
4121490092
4125668332
4251493225
3156780313
3156864267
3156863754
3156863770
4230674986
4235905578
3187297850
3181069070
3181072719
3214496221
3214524653
3218654444
3210278076
4212845724
4196068548
4200262853
4200332759
4200129910
4200195446
4195996982
4198225206
4219204982
4185584951
4177196855
4177254229
4177090133
4177098484
4177032820
4168636020
4168644340
4168642293
4168691685
4235820517
4235812343
4252648917
4286236037
4286305733
4286182853
4269336020
4277790196
4294554980
4294498156
4294498157
4252620653
4252751743
4252657662
4252722686
4252718590
4252714102
4235937110
4235941190
4234929430
4243187511
4259903285
3219715925
3202934085
3194748369
3195721171
2658818035
2574931667
2632586962
2632582867
2632517219
2632464161
2632462625
2640842785
3756552209
3739836417
3739870273
3731487955
3731413235
3731486866
1466591362
1466595458
1466566786
1433341079
1433219509
1433219493
1416372900
1954308772
1954341605
2096947725
2096931599
2096937743
1970060063
1970047807
4117596719
4159605295
4155422445
4156535501
4292662221
4246495609
4246610217
4114493737
4114494761
1965963563
2012154155
1975323098
1975257482
1974733194
1972641162
366268810
357601675
1427214491
1462939881
1999806572
1999806500
1970380832
1961988128
1962127392
1962381600
4110271265
4108043811
4099559014
4149897958
4135221990
3740883958
3740884438
3736624198
3757587526
3715638351
3715704061
1601844733
1467621309
1476005556
1476265652
1476200116
1467245237
1463083733
1429516807
1412740615
1412476438
1412480802
1344339298
1348853218
1357237475
1369949425
3551446147
3534681539
3266244035
3270356339
3530337570
3530333474
2452393254
2519580438
2519445015
2540350983
3749379591
3715784197
3715827221
4250404389
4250408677
4233901221
2094269604
1955792036
1954676869
1958948997
1543561349
469803141
486580439
336704823
343062790
342010114
342014210
342087954
342252306
342760210
393088978
377356690
511054210
519451010
519516339
519316641
1056189600
1047555232
1060158948
925022052
925020709
2002956855
2002825734
1474336262
1440779782
1440848438
3621894710
3617831718
3601251110
3606485799
3607007029
4135159764
4135163860
4135294420
4135321076
4151962853
4101631204
3560651828
2486836228
2486049796
2486050052
2620274208
2629776928
2629632544
2644263477
2644300295
2677845606
2661067174
2658699686
2654510006
2654972566
3189681814
3206456966
3155076742
2890834566
2900284037
2893399764
2888062316
2888055852
2888042540
2892040236
2892118077
3974245453
3971359821
4172685581
4171109181
4189979453
4189799693
4227362061
4218973453
4198038847
2117713199
2118039343
2120128479
2127548303
2127351695
2118397839
2051423679
2063998399
1594232229
1549141415
1559691638
1558511894
1554325782
1285825294
1285874206
1285857854
1218748990
3367288622
3365185836
3364129260
3364854228
2282654148
2552138692
2621343680
3695104704
3716047856
3757973923
3737064866
3741123746
1585251490
1580537010
1580545170
1513431186
2050434498
444015878
461126918
427567874
427572002
409741858
417951266
413881890
1488605730
1488671282
1503183363
1536811457
1251667136
1257916608
1257900176
183044272
443026596
1517827564
1534649197
1501094442
1501275706
3648760378
3677927962
3728259850
3732453902
3736702670
3736785550
3734696590
3751441070
3619291567
2545811623
2549417127
2238973158
2234534926
2233559054
2233919502
3290884878
3349604895
3333356079
3333279277
2259176988
2397584908
2384989981
2351566143
2351576366
3291095078
3295289447
3299500447
3568870797
3567036812
3612117180
3591211196
4127631516
4127631500
4127632781
4127629839
4145455646
4151755311
4150527534
4151062054
4151257895
4260304997
3165456608
3164933232
4238541825
4234403841
3693322241
3709903123
3710951427
3713065026
3654538454
3628522983
3628489063
3630061869
2556365613
2583235340
3686361612
3669587468
3672723980
3672703708
2591556280
2591569577
2591567273
2339899561
2339965103
3413719119
3405327375
3468305422
1321083910
1321155618
1320963106
1316243490
1309973523
1326822595
1292281217
1276028289
1277075329
339643265
359631233
368019793
531601459
1055897651
1047309345
1043128353
2116902947
2116943906
2116943906
2049901350
4192669238
4171565598
4171708942
3634702863
3635751437
3636407876
3636151876
3367503588
3367503588
3359114916
3359127461
3627689139
3627705523
1480257682
1482326146
1482524034
1481420419
2014096035
1023716002
1040628194
2114369778
2115411186
2115421394
1983268034
1983344834
2117493218
2138448614
4259251942
4238083823
4238085759
4238093911
4255065607
4242481671
3699122709
3699122741
1551442716
1551446300
1559965976
1559837752
1551448184
1551489208
1551473049
1595652491
1578743946
1450742922
1450737802
1987940538
1987948794
1986896238
4134510894
4142850350
4159628582
4159624455
4151237893
4117679893
4126002981
4125916964
3622071092
3605293332
4130633988
4130621744
4130687264
4132891936
4141246160
4141278849
3581310595
3560833666
3559539330
3559506610
4100507618
4104698914
4104693795
3836258336
3887638576
3870992384
4269452288
4265254916
4198146055
3929726990
2854929454
2921875566
2909407726
2896824970
2896829065
2830727880
2830642888
3103270472
3090687512
3090686504
3094024808
3098214828
3114860718
3148611766
3132904598
4196191382
3658254526
3658397854
3658411086
1510894606
1582965774
1591358542
1593447902
1425737198
1424557998
1425740447
1425674889
347738760
280822488
280778616
285010296
286566904
856991976
856996072
840207496
840335496
840335497
840347803
326558123
276153199
276054574
275081750
342256134
351169078
397306662
380250422
380247302
380289222
1592426631
1584038071
1579921829
1547215781
2088346549
1954132637
1954132703
1949083431
1881990951
1881419559
1881619238
1881545574
1886260066
1895762275
1891399985
1891433489
1941765121
1392305152
1379714304
305743633
305796611
305804866
372928242
1476063138
1438184866
1555940737
1555989696
1556055040
1417460752
1413261344
1413261344
1950132256
4096702496
4105083168
4155149856
4272472753
4268282499
4264284802
3207221890
3156882098
3161992870
3159894446
3168287210
3168286954
3166251243
3166317001
2578984392
3651676104
3685245577
3668546185
3672736683
3665334699
2587395243
2587598031
3661342925
3661211981
3627723533
3627707919
3627693582
4236116542
4244439658
4240208362
4257006826
4290563227
4290553993
4284262600
4279811144
4246311944
3980046617
1832579899
1832538922
1832593194
1834494250
1842874858
1708656811
1704528025
1742407816
1742349704
1996120968
1996219064
1996284600
1996284540
1986388508
1965548041
1952903690
1952896538
1961810730
1961740330
1818773546
1819822122
1817790538
1834638474
1834673547
1767630729
2019287721
2019291817
2019357357
2019353535
2036130814
2065064318
2048287038
2054582558
2120636190
2129026622
2124832319
2142131737
2109228553
2096644872
1557676856
1549300088
1549283644
1549285180
1549346621
1549414207
1557806910
1440353566
1459227982
1459241294
117391694
117261135
1182552860
1467801900
1432202540
3562973228
3562907748
3562846293
4252796373
4269572807
4277043910
4273902278
3734950646
3738641126
3729534694
3725338978
3708565539
3691853875
4166739985
2019224577
2019206209
2046468161
1585095104
1585086912
1584103552
1445511328
1445471392
2133339297
2103979427
2091593638
2091519662
2092500670
2109224670
2105026058
2100848138
1480123930
2021385738
2029748746
2029552154
2046354234
2079908154
2077807914
2080038186
4193975595
4193967467
4192978249
4185511369
4185493960
4185428424
4185429976
4181309288
4214861416
3946491448
3946493449
3950687753
3950614041
2843252345
2842203753
2826475115
2822287915
2820256363
2820387419
2835997307
2835927659
2870527595
2874691371
2875739451
2875788571
2875931931
2875927834
2884183354
2884179258
2879980602
2879980666
2879984730
2846438490
2846450762
3115050202
3115052378
3119111498
3110656842
3144276826
3144276602
3144408826
3144406970
3177927611
3177927577
3177935257
3177779640
3077111992
3077115048
3060340920
3060349112
3056285848
4146997384
4146996360
4050018440
4041404552
1910690040
1910681852
1910547580
1935713404
1918936157
1914822733
1931702349
1344409669
1348604261
1356990053
1889734247
1889557095
1889598039
1893771845
1910614981
1927461317
1919065287
1919059075
1914880147
1914945698
1914786022
1931489766
4049609190
4041287526
4037180966
4053945878
4087406342
4087409926
4074824710
4083217463
4045657391
4045587757
4049786669
1910691645
1910628173
1944120653
4083214415
4079220959
4079110399
4079114751
3512868862
3496150622
3504542222
3504415246
3504349758
3500155438
3500159854
3500177263
3516981225
3516981160
3555769224
3530603144
3526400712
3525413576
3525435340
1914824156
1914953964
1919049967
1935814894
1902252286
1885491454
1885492446
1885535582
1893923151
1356921103
1373698334
1407248670
1407315726
1407385102
1944245886
1940047598
1940051695
1923322349
1927319788
4066431100
4062245980
4079221836
1931672861
1898113823
1885497918
1893940862
1893807710
1893802586
1893937770
4037084010
4041213802
3504349018
1356868442
1356868443
1373858137
1403222473
1403117000
1407307976
1407434952
1398984908
1361310077
3508760943
3223548719
1076066090
1356983871
1352919567
1369565773
1403059068
1403043812
3537933796
3529605300
3525542132
3525476564
3542254788
3508729157
3508725251
3504600611
3500275239
3504371303
3504373367
3495984887
3495981045
3496115701
3496101333
3512877141
3521200199
1407213591
1407213622
1382048806
1382120550
1382185046
1377990870
1398955222
1398951366
1398883782
1373684039
300011845
333701396
333701940
1399055124
1399058964
1361269300
1428248109
1411479103
1415839262
1415797258
1415662106
1474321210
1386278202
1386275962
1386266874
1390428410
1390416059
1382097307
1407328683
1356997547
1356997547
1357009915
1348485979
1348518671
1348511519
1356902189
1352773421
1373748029
1365486925
1461886157
1999805580
1999877276
1997661373
1899230381
1899156972
1902303212
1910654588
1906525780
1906341492
1939891948
1944088301
1935695853
1931546079
1931611599
1931613382
1914900598
1935749158
1939939622
1369514270
1352672014
1419781902
1424124430
1419966990
1419954766
3567307502
3584077547
3617628923
3617624777
3605103352
3613426408
3508582124
3508577900
3491866484
3492012884
3491914564
3496092999
3512876534
3542223334
3525445862
3529641158
3538031814
3533795526
3533762631
3550535957
3516985653
3504370991
3227528495
3294636334
3294837550
3303168814
3588410158
3622012758
2531300166
3068175111
3069227268
3065091348
3086003492
3072370980
3038837540
2971863652
2971799220
2971797156
2984383141
2963276718
3047163054
3047163054
2514488326
2501929990
3575901190
3609373702
3622284550
3618608150
3534455846
3601499174
2548729086
2503644382
2501553551
2484776399
2487921119
2487998935
2505824631
2539511669
2457818741
2456699477
2456421077
2473136853
2439582709
2423928284
2163879132
2159749213
2159622269
2159556735
2179488878
2204681582
2204664190
2188087678
2474283486
2547754446
2547557726
2547563894
2539361654
2541475702
2536231783
2502644527
2502636351
2489980285
2490051965
2498309501
2516139389
2444836188
2449151308
2180715852
2172208588
2167981532
2165884380
2170152412
2177623516
2206842877
2190188527
2195431407
2195445759
2189162463
2201614303
2534983151
2505635183
2514084991
2510022014
2510026542
2516309550
2179547694
2171077182
2166887038
2167088991
2155488717
2163879108
2157657300
2159615220
2159631860
2162744692
2179515732
2204669380
2200679620
2183836885
2189079766
2189079990
2197533094
2214106030
2439549614
2439624446
2485696222
2485698430
2503519518
2541350174
2523655438
2523594015
2523583807
2523580221
2536227613
2536166149
2508116741
2648369109
2648274902
2681831094
2673368742
2671269542
2671429286
2674573958
2674614927
2650301389
2650334589
2649287724
2649254956
2649254957
2640866349
2636739647
2636791839
2641019151
2632634718
3169579903
3170427391
3162038749
4233752909
4229689677
4250621276
3713695068
3749345660
1602099325
1451170909
1446317277
1446315215
1446330847
1450623454
1459024350
1454809550
1475720142
1442157390
1417134910
1416610606
1416581935
1424843565
1424826668
1416377640
1417420088
1415321913
1440578361
1440611131
1604185886
1604123918
1593627934
1585234206
1585430863
1579073863
1579082071
1579082087
1583341927
1599992294
1608373750
1440731590
1423921606
1423901647
1417483229
1417491065
1417425512
1425815080
1425874472
1426004488
1424980744
342686537
359463241
372030667
304907483
376275099
376410299
376352953
377401533
377401533
360636901
342876660
1550668148
1546473764
1412199716
1416441124
1424894261
1424911109
1554929927
1554996486
1572664646
1610367302
1591526382
1590551278
1590485743
1590452975
1582098285
1577874761
1578093901
1594809677
1598995919
1608421375
2147323885
2147263933
4286358925
4114452876
4097741196
4097741740
4095726253
4101894829
4101858031
3028116077
2766949933
2762275116
2779047980
2779047980
3034900748
3026648844
3023491597
3040231951
3073798758
3061068518
3069444582
3067871462
3067872422
3080328342
2509913286
2648321222
3707383238
3698949574
3699113462
3715884150
3724140670
3751387263
3734548572
1582871644
1578693660
1578687516
1446665500
1446909228
1446916461
1450574685
1475740493
1442251593
1425474392
1419066920
1419602472
1419635224
1419553288
1419553560
1434232920
1446810825
1445757069
1982496911
1982501261
1982509717
1714074277
3882792613
3891049893
3849120996
3850169572
3962889316
3962987524
3961939204
3966112100
3969921895
1822434286
3969917422
3987748070
3966768550
3960475030
4232195014
4240583366
2088970950
2090303174
2006417094
4137091014
4137080007
1456784583
1448404197
1444209125
1985344365
1985463085
1917272861
1380254477
1376002313
1377050907
1360407834
1343634202
1358301707
1354173003
1352997450
1889926730
1958523418
1958523659
4118586137
4145840681
4128023081
4128028201
4132216425
4149018361
4144857051
4144966906
3176015082
2622366958
2630755502
2647524510
2643330190
2643273102
3448514191
3448710805
3431954069
3431759781
3428599265
3426501985
3426148625
3426148611
3426148610
3375816962
1261892866
1266081030
1272371974
1537116999
1537182196
1539082660
3732704684
4265378220
4264865932
4262896012
4262900716
4261458540
4261455396
4282445348
4114775559
4157767238
4137047398
4139140198
4072423654
4076622054
4066172998
4062110790
4078366031
4051095373
1903611660
1903394316
1903253276
1953833789
1970610473
1970607465
1953760747
1962151339
1962875274
1962293642
1014316426
1031017886
536084974
519111018
515051818
531981082
536666890
485483019
485139977
501910029
501844524
536382312
511225704
1580771272
1580904776
1597686092
1597687132
1433290092
1432767853
1441102133
400836887
400645126
375542790
375582742
375648310
384889126
1609691494
1610084726
1568141638
1551356166
1551226134
1551717670
1558002990
1557735470
1553672222
1285241110
1285101877
1285036836
1301835296
1574491696
1563988528
1564054096
1547342528
1412076416
1412071808
1429176704
1462604944
1445975217
1445983649
1982821793
1995273633
4138497507
4138479587
4138036743
4138166791
1994775095
1986330423
4130665735
4130730255
4130853151
4151804205
4126643053
4109752301
4101371615
4097834635
4097728138
4097265290
4096085930
3840179690
3852758250
3886840938
3870258251
4138656013
4143964428
4131180572
4131180668
4130721901
4147569765
4118211943
4126562806
4109782982
4109815750
4109752262
4101043702
4115719654
4258393959
4291952487
4271111975
4275172647
4275106103
4266709271
4279484679
4279686407
4250400567
4233457441
2094362401
2104876817
2105001281
2105426369
2003714241
2003763333
1999569029
1998927271
1969563055
1961177007
1958166175
1958182543
1955919502
4103399098
4120159211
4153717755
4136993145
4143880057
4135495512
4147113816
4113432152
4113550968
4151267176
4150740840
4133753129
4134809919
4134871359
4134952990
4160151582
4126602270
4108831750
1961856014
1954389070
1954542686
2088759422
2084532734
2101281278
2099057150
2098997102
2138320750
2146910062
2142642046
2109691855
2109568719
1572665037
1557452428
1549137564
1544939196
1544939180
1561682925
1599558013
1591034141
3740619071
3740262463
3606045725
3622829405
3589265916
2515519996
2498743228
2498612892
3572286108
3572298460
3589075677
3622626158
3605323886
4133811246
4129604646
4130260038
4130795590
4147568838
4114015431
1949758933
2084003829
2088062820
2096372325
4290001447
3753130518
3673500166
3673632262
3690403350
3632071478
2566467894
2562404629
2562453812
2562454356
2293813780
2310595108
2343100964
2343102061
2313875054
2284486126
2284456174
2552974590
2552945822
2565514382
3635061901
3657147532
3749217772
3726422012
3726485324
3725501004
3725517340
3725488700
3747480127
3570795326
3572892974
3573353518
3573286950
3564918998
3498043590
3506351238
3506349442
3556737410
3539960242
3538649314
3531321570
3526991970
4063862818
4131120387
4131122689
4128893476
4133014052
4132981348
4141368932
3201909325
3201983247
3220840734
3153670446
3682079022
3648598366
3648660810
3631885658
3657050462
3657124191
1543096701
1526258777
1515758601
1511563273
1511891021
1511960653
1528737871
3648946262
3715613046
3715481958
2640139110
2619172647
3156043367
3160407653
3166436965
3166281444
3166277332
3166222020
3166216916
3155735525
3206070759
3189391854
2920968686
2920969454
4007353582
4005255418
4005161099
4026067145
4017744072
3946576072
3950955736
3950921064
3916849720
3916833304
3900051993
4169007679
4168749614
4177080878
3099076462
3115858414
3149428990
3132680334
2597907598
3738936462
3738869903
3738873997
4267348397
3177152941
3156181487
3028194655
3028213071
3028207903
3027556654
3040144174
3044863534
3045054015
3053110797
3032109580
3036246620
3027776228
3040347108
3078124004
3069732005
3065605287
3065739446
3068024966
3592309894
3591783558
3591794886
3591774662
3614843142
3589607717
3589542180
3573310772
3572328196
3572461061
3321763335
3313436166
3430883078
3426684166
3426683190
3430893862
3702380838
3703418162
3636307203
3636047937
3685265488
3672670432
3660087520
3660091616
3660231136
4198164448
2048814817
2048880615
2052942167
1801353286
2038302727
2021001221
2028341508
2028158228
4242613044
4243665716
4241502804
4240454244
2625644132
2625662692
2625723104
2625755872
2542030565
2529477319
2521744322
2538533058
2504910050
2487510242
3557051618
3557149938
3556957330
3573738882
3590516610
3595759234
3604121218
3599861394
3598754467
3602965159
3594838759
3608441807
3610657119
3577613615
1429092655
1466906687
1475311647
1475180559
1466268687
1466183695
1463029789
1467023663
1467093550
1475491374
1475487294
1207119366
3352780294
3319090950
3298612502
3298678134
3298804198
3298399206
3298333605
2243475108
2272837284
2252136420
2252135924
2252264820
2269013300
2239636757
2220830997
2229212941
2229147213
2224764669
2224568237
2226663337
2226671017
2247675065
2268912777
2252127433
3325406281
3323372555
3323372559
3591807245
3612778765
3587608845
3621159260
3620177132
3611610348
2534209772
2517626364
2534862589
2635491037
2623419086
3705602766
3634168670
3636200814
3636208686
3640143918
3631751198
3627556878
3627688714
1491740171
1492793881
1492650553
1482177116
134769292
135064460
134607756
403018636
419922332
453149092
440578212
1522774196
1585495236
2126559252
2118236212
2118363180
4266829885
4267096349
4130768205
4130767821
4130849469
4147528365
4147532781
4147458533
4125893861
3085708405
3081649157
3081112581
3219590421
3219478325
2674157109
3722797589
3706151455
3718600255
4256485230
4290038254
4275362030
4262766846
4262833358
4262896718
4262895694
4279668750
2104918326
2096611638
2088093495
2087808567
2100390437
2138143268
2121620260
2119507284
2119509188
2119639236
2119512276
2146763253
2109145839
2092368638
1958047454
1958079230
1962207998
4094995438
4094995359
4095650189
4118715276
4127035020
4126971604
4150915828
4151042596
4130071077
4134334501
3865899040
2792149024
2783888384
2767107136
2759254464
2757227156
2757090980
2765486765
2765576879
2700364527
2700085999
2687516207
2704290334
2975937294
3085377822
3064275070
4137952494
4138481902
4134340766
3594389638
3594410118
3592318342
1449129439
1459483487
1476256591
1425007375
1425007375
1416622878
1416483118
1954345262
1887233390
4032619902
4049403246
1893518698
1893551466
1893614682
4057912783
4057907663
4091331069
4066174444
4066178540
4065117692
4065249244
4148875980
4116374220
4110082636
4110152284
4108973613
4108906029
4108910383
4100517166
4118343038
4147764318
4147889230
3577398734
3581855174
3565048822
3573441398
3573510742
3573314166
3588028263
3621320551
3604598135
3604667713
3604673857
3604734289
3738759413
3730362597
3726210165
3745133655
3644472327
3631880470
1558842150
1558781798
1558783958
1559831430
1559827351
1555649461
1570558868
1570562964
1607247796
1582083556
1579006308
1579071540
1580645397
1584856085
1583797271
1592182046
1593230614
1593300278
1584784678
1599436582
1595365142
1595889158
1434416663
1172272753
1440142161
1440137665
1431814593
1429571009
1429585393
1433906167
1442294775
1438104023
1438092503
1442092119
1997840503
1964286055
1964355941
4111905765
3828786661
3833062821
3967155605
3967274375
3966158215
3961931510
3961870054
3961796198
3965986606
3991676206
4021036334
4004459534
4277085199
4278134031
4278154751
4278060479
4276033423
4292814735
4259260319
3705477055
3707520943
3707523055
3718905695
3723228959
3723360031
3714900767
3710705927
3694125319
3693531415
3697688613
3707192357
1576361061
1609915637
3732241588
1580537988
1580616836
1449545092
1449608884
1457615588
1457545845
1449157133
1449194013
1457644333
1457627437
1457694509
1466076933
1433897733
1433767695
1432722719
1428538463
1411863775
1428639999
1429147823
1433343406
1433343918
1441732270
1437028063
1436901071
1571155525
1571090197
1576330517
1567941909
1563812917
1563947045
1568068711
1610007670
2146944118
2146817142
2138436726
2134237270
2132140158
2132108351
2138514495
1064701213
930548605
393550460
392510077
392503005
393545421
393560719
401994639
1475863487
1442313151
1438118814
1421333982
3572877598
3572877366
3564431398
3560237158
2499078630
2495539191
2495529621
2495496885
2512126628
2540442356
2519204412
2519278125
2540383535
2645044267
3702007851
3702003771
3706193930
3363376138
1209654347
1208528217
1208528232
1477021016
1477085128
3624580044
3676021404
3658261436
3671040420
3670974900
3670519989
3729248418
3741774242
3708212710
3692482342
2507590438
3623340294
3623120134
3597952006
3596051462
3612798982
3612856678
3621766638
3590311918
3590249919
3581933973
2503863428
2503830724
2503812292
2503685956
2541359652
2481652325
2443715303
2477269734
2477273766
2460484518
2192326830
2196538558
2189198542
2185008207
3258428429
3509496845
3492718605
3492718925
3496934349
3505377277
3497871021
3514569389
3544003247
3548259279
3530498910
3555488046
1374482478
1357708334
1349441550
1350490127
1434302735
1467264285
1987556637
1983295501
2117506061
2115404813
2132249661
1834203181
1834199084
1834220636
1831944404
1831862676
1832125348
1830163109
1834099365
1825768099
1821573778
1821578178
2089899846
2106649350
2106649414
2009131990
2000813014
2002189207
4124466615
4124460469
4125049237
4127183317
4127122197
1970266917
2003624741
2003608887
2011472918
2004218902
2134264854
2132150294
2098595862
957757462
959850790
963975975
956040828
951325276
951530077
2023154246
2023072326
2021954162
2026152482
2034542370
2043000626
2076686195
2059834192
2051985856
2114863552
2115895520
4265095396
2117611756
2134716648
2088646088
2096508744
2092304969
2092190297
2090134137
1419029083
1419033163
2010226251
1993520843
1918280395
1914090075
1912902266
1913950702
1645654254
3780550894
3779559663
3779953863
3775700119
3779916967
3779908005
3779937189
3771077557
4031132565
4039518135
4040568743
4107537319
4105972151
4105972631
4122832773
4093046733
3538351949
3530524188
3530344236
3530354468
3538710309
3622577973
3622646579
3580768546
3563979042
3694002530
3694080466
3697680706
1558592770
1575373058
1610467586
1608296738
1591257126
1591256165
1591255124
1582932188
3742937324
3709382764
3709383804
3709532476
3721067300
2139802149
2123091495
4275697175
4267303447
3665556246
3661353238
3743076374
1562072150
1561951442
1545091282
1549285586
1549359602
1557912434
2092617266
1958381104
1958458944
4105806272
4118388864
4063867008
3795551616
3795553920
3794439840
3794717344
3798814369
2732871330
2732865190
2715821790
2707432398
2707563870
2707563574
3789569078
3785362454
3785373702
3819120646
1940006919
1944464455
1944456647
1946029447
1945961919
1920754111
1920262591
1932820735
1937015135
1936097567
1944434495
1910810175
1902423615
1902550559
1902566926
4083600654
4085173310
4085111854
4067224622
4067222558
3815698442
3790504203
3773727243
2768142905
2768015981
2757554797
2887275243
2887254763
2889417450
2826515818
2833791082
3098228986
3098163402
4171901066
4177013898
3631752347
3648544911
3690652045
3669668812
3669668828
3740902260
4269319988
4263492884
4280204548
4246115845
4229334549
4231250485
4231086647
4231205383
4231082623
4233111279
3973328301
3985914029
4019591311
4271249551
2127002767
1993200799
1984730317
1984734221
1984734221
1981656117
1985985829
1994299173
2120123173
2115928579
2115957250
2098885122
2084180562
2017068978
4167650726
4171778214
3970488486
3987273895
4020824215
4021872773
3883510725
3829054165
3829045845
3829041668
3761933828
3761872692
3761806628
3782786084
3814231076
2739445044
2701692676
2684915204
2685062716
2686381613
2692611629
2783758895
2817313663
2817318911
2775350782
2775414174
2775397790
2909746590
2909224382
2909215166
2942639542
3865386166
3873510550
4020383894
4020379846
3986826438
3986761927
4104202311
1957767239
1957898711
1441928887
1433535111
1433535439
1433469439
359662063
351281263
349185055
349236239
275885069
275954697
271748361
291671307
325226251
308449035
308513595
308386794
308325866
845472938
845430954
845414587
909574331
896938411
878060457
886449901
882126445
881864301
349187677
349185615
349251103
349308731
348327226
348130618
348138811
365980989
332653833
332574985
306352456
302219736
838894568
855672808
855738025
826386073
826320537
809565849
826526393
826460603
559045035
592668843
592472219
592495819
592609355
863154187
862101562
861970474
861970730
828416362
829543402
812893930
282283770
282282715
282230731
278064985
278062857
1353965833
283177227
291542283
304198939
304262443
842186043
1915997465
1920061209
1920126491
1919411835
1915021034
1931761322
1937000362
1945125290
1905410235
1888637117
1891774644
1883447732
1883251124
805381044
809707493
827403109
860952855
854792455
854731015
853747999
854597917
854618397
863027513
324108585
860991785
860925247
844150815
844138527
843155517
1916898325
1917027333
1380103436
1380099332
1465050372
1465018132
1465009440
1473577249
1473515557
1465131031
1465131014
1431777542
1431701302
276170326
284561094
300354254
31791822
24394574
24394078
24471598
58058790
301265959
301248549
1404932180
1407168704
1398583504
1360953728
1360953984
1360954032
1349227169
1357632162
3517575906
3552081382
3552341094
4082919526
4078725150
3007248398
3074353165
3053385996
3048185100
3049105164
2516448012
2633978396
2625442348
2621190756
2625381092
2632458981
2628518886
2645295526
2662077846
2662104470
3732691414
3728481238
3726388166
3322817926
3322815622
1175331974
1205731462
1088290950
3237941378
1090458754
1086150610
3233658466
3232740899
3232540193
3232544293
3282873956
3261894436
3527380340
3527314932
3527318996
4062094804
4129202548
4133347684
4132828012
4141216556
4116017964
4095177497
4027975433
1883113739
1887246635
1912351019
1992112171
1992104971
1994141707
1448870154
308085002
308151162
308155370
299783082
1893719994
1895168395
1895168395
1358272905
1358273419
1358413758
1343530478
1880400230
1880391974
1882624294
4034306850
4039026273
4055815904
4089431680
3002975104
2990363520
2990494608
3006223072
3006231073
3014488615
2745975086
2745969962
2997626906
3001821211
2972649817
2418936520
2419985096
2423137864
2427204120
2426671400
2443456553
2477010986
2176589866
2157715502
2160903230
3226438718
3289286718
3289295134
3244206350
3537807374
1390061581
1383631884
1111015500
1111032029
1111109855
1362764022
1345987174
284828262
278528610
277348977
277398080
1351123520
1347006656
1342876804
1409984644
1460317060
1981450884
2115930756
2115929796
2115887628
2117886236
2049708072
2049773672
2054106216
1777215595
2024696266
2042522506
2040331258
2044523866
2015154186
2016722954
1479991322
1482580014
1486774566
1553888039
1603142496
1603077104
1465648064
1461258180
1411004036
1411005068
1348090508
282663565
282593934
282610366
293306286
309912574
310174158
310165582
308039726
308043814
316629030
333373503
350150924
1425976844
1954450124
1954515596
1950190236
1971108524
4118593192
4113334953
4113335002
4113486554
4113441470
4047381166
4085064870
4089195686
4155249830
4155315383
1973818501
1978057924
1365675268
1395100212
1394911520
1378135072
1378133008
1378283520
1428602880
1412874512
1414939169
1557620259
2092296738
2091182642
4239174194
4289509682
4142701570
4130114754
4264395922
4264538258
4264469939
4269729697
3218990752
2900162208
2757546656
2755453552
2754572848
3022926384
4100858369
4100596230
4100666886
4100458790
3571976230
2494040102
2494183446
2510956550
3584699398
3349696582
3333963974
3334131846
3334135990
3334140327
3334066853
3336071845
3457690341
3457694294
3457686038
3457702678
3462135046
3483021317
2375716864
2361045312
2293871312
2289603216
2285417120
2283316896
2300309168
2602233523
3663395298
3732429026
3732425826
3732423778
3732561986
3598344261
3594178628
1429914060
1413367756
1413435080
1413438168
1416583896
1416452856
1424783081
1425596779
1438183547
1469636698
1468571674
1472836666
1464515626
1461361711
1461366031
3610945357
1450885709
1467662940
1476379260
1476248429
3623739757
3623608703
3623605327
3623470302
3615018222
3611098350
4146982382
4147117534
4151232454
2012103366
2146370126
2105352734
2101093950
4231884334
4231757358
3967474494
3975859486
3904472093
3904417836
3904413800
3904409832
3912818904
3946340536
3929677993
4197069739
4226421419
4171894443
4172221167
4240181981
4242303685
4233914948
4229883396
2082398724
1964425741
1987494413
1987461903
1985347903
1981093358
1981031662
1984177323
658776235
659292299
592183435
843972811
843977483
933115402
934182442
900525610
363654938
363654154
397182026
300777658
292458682
288288922
271478922
271511946
272560830
276734639
297181871
1404347013
1389658757
1920238293
1916056357
1915068453
1915724837
1915595821
1915595821
1982789677
1982790717
1982788637
1987047477
2003714421
1970684757
1953891013
1962345175
1958154982
1974826726
4155797158
4160514966
4160579974
4150262166
3579828470
3571309911
3573343493
3573408004
3580715268
3576520996
3610206496
3615375649
4152345443
4160734002
4122997510
4122998534
4109334278
3563935534
1416372014
1551646591
1568422873
1599876089
1583098873
1585266153
1593644537
1455243483
1454129483
1454162189
116375821
124707133
124707109
86958117
86732853
360398869
360698181
360698325
360679413
369070077
368020365
1433246669
1432730317
1432660733
1432727149
1466295087
1463051055
1463034159
1463103535
1467355174
1475739766
1442186615
1437948263
1437989367
1442298823
1442298757
1979038597
1970577028
4118057620
4097151668
4097290916
4097221344
4096189040
3022471713
3043754787
3014403170
2997626086
3064739046
3064739046
3069064398
3077469390
4118736206
4118215439
4113947405
4113881869
4147505948
4080462140
4084661524
4093101060
4093100228
2985738420
2960572852
2961162928
2961134224
2960020115
2431582898
2498502178
2511085346
2544642082
2527864866
2678336562
2682598402
2641244162
3698200770
3707110787
3637868449
3637833633
3629445029
2554638327
2571414214
2600774342
2651107030
2655368950
2672269054
2682176255
2648621821
2650526717
2583225725
2583194668
2582146093
2582146093
2573757485
2573857839
2573911319
3110764871
3110777159
3111892245
3178804245
4281902164
4280001604
4279956572
4246353244
4112127485
4095415789
4097515502
4101705710
4122676078
4154002782
4137182478
3599294734
3532185614
3536372046
3536504271
3533361037
3535423932
1408764332
1365780908
1344808364
1346052536
1345987224
272503449
276234921
326422123
1383115321
1382328841
317041160
317565448
1391240716
1382916620
1395560972
1412089348
3559575045
3563768097
2498287651
2494097443
2498554914
2498680066
2432615170
2159985218
2510287586
2442977766
2480727270
2480732326
2447165631
2449406095
2432625037
2432658060
2424060604
2419340940
2486440652
2486501932
2490839597
2229608751
2225349678
2225351734
2243177526
2277260310
2260294670
2396769294
2388249678
2388249807
2405169615
2407164237
2407164172
2306501436
2314926892
2298076956
2298085148
2298009372
2288567933
2305344511
2339079094
2322239918
2322117806
2322111662
2318969022
2319165598
2319100039
2319100103
2403002565
2403035205
2407214087
2407146551
2407142690
2398749474
3485336083
3317580307
3433878049
3433879264
3429666704
2351729537
3425667731
3425081986
3424828034
3743595202
3726871042
3730939442
4271942690
4271942689
2929763360
2933957664
2921432128
3055730884
3039183284
3828758180
3826656933
3830787759
3839176367
3834916527
4105442987
4105438187
4038329289
4038078793
4059046155
3522175243
1374703643
1357923386
1414595642
3306298394
3306302730
3306302730
3344056074
3285274378
3247457611
3247752521
3249849688
2176157048
2176300904
2181019496
2214573032
2189341177
2187243995
2187244026
2186195178
2181870826
2198658414
2169297727
3243204381
3243130396
3238929932
3507430940
3490518844
3490448684
3494642988
3519822956
3519839324
3251428556
3284962764
3284963276
3285032924
3280976636
3280976636
2207169261
2207169517
2211381103
2202988398
2202922878
2202393950
2202525022
2168880510
2168946166
2168945878
2169461974
2202959095
2202941525
2202876228
2211191108
2211257092
2173583124
2173575981
2173641517
2160882477
2160902443
2152513897
2152504697
2148309849
2148375497
2152569816
2169486296
2202975176
2194585545
2194584521
2190390219
2194535403
2194469866
2186072554
2181848558
2182053342
2198762958
2169402702
2152657998
2152657994
2160983114
2160900185
2160900216
2160965976
2169485640
2169482060
2169372636
2202916348
2202915309
2202521837
2203046125
2194624751
2194666751
2194664959
2194669055
2194660822
2186272214
2198664646
2232804558
2232874446
2237069135
2228680279
2228672117
2245318261
2513762140
2507472349
2503253501
2503449085
2507586015
2507581918
2539121118
2536832478
2517947742
2517913982
2517852462
2521981222
2521982758
