4105615560
4239830104
4235509880
4097052760
4097053144
3040678888
3044684521
2814015209
2813972201
2811813560
2778246792
2706943624
2702747272
2688198280
2688202456
2688190184
2704983656
2703802921
2703802923
2703802927
2703770494
2691195870
2691183102
2691174894
2783511790
2783642750
2783646750
3857327118
3857326094
4105052174
4105052174
4105053199
3569230927
1419587023
1423732111
1414489487
1414514063
1414890911
1431668157
3614940605
4143365596
4143418844
4133850748
3060639268
3056574996
2788143620
2788131380
2788012580
2804720165
2776426021
2776419879
2810171383
2793229815
2926333351
2926314935
2926523798
2926518486
2859274358
2876178550
2842046486
3907462198
3907265590
3903261750
2025208838
2023107654
2026122310
2026122694
1506115014
1506203078
1506186630
2043581830
4224686039
4224489469
4224497532
4224493180
4291801724
3217986108
3209548348
3205263917
4244910637
4229235247
4229234991
4099211311
4107666447
3499498509
1352087581
1351956575
1351956687
1373100174
1392479374
1384090766
1391428750
1928298910
4075786942
4075786943
3798967020
2725225004
2737807916
2687346220
2687284780
2687300140
2704073260
2704044652
2737586925
2741764590
2733375982
2733375614
2733387838
2729254974
2728797214
2745574430
3852891162
3852663818
4126337039
4099074061
1964173580
1996651276
1979857164
905982988
840183820
571936828
588644396
543032109
549323373
549335791
548156062
816584334
816107150
278249406
277265343
298236349
331852220
1380288924
1380433292
1380361612
1380099469
1396876751
1371989358
4039568686
4036390702
4036389422
1893612078
1358634558
1350045198
1362632205
1396192540
1916281900
842605612
844833852
852169740
847774733
864554255
868765470
826859326
822673278
822672767
822660479
860458461
860593629
860591517
843952541
843952569
844083641
844084153
844018617
575579035
587575707
554009051
537105467
538096955
605224715
607317513
607383049
607378953
745653769
771016473
770982169
702808153
723783771
707080219
707146043
711340331
715531051
733291307
733225739
966013707
966005003
433328475
424948059
427110779
469193051
469189083
199705051
267211099
267211131
233165179
224907611
225431899
225440123
225309051
225309051
493744507
493318489
493834585
493703673
493703675
493744635
502133755
535802874
535671802
535598074
535597562
535597562
1072542138
1064153531
1064284603
1030730139
1026471321
1026471321
1027514809
1027514809
1026945979
1031652011
1040143083
1040069227
1040069163
1040065339
494870811
494739513
494740537
503059513
503054361
486277385
486342921
486478619
216871707
233599803
225198971
233587035
233787739
233763163
233763291
233828859
225227258
124556730
107845050
376348058
384745371
384679865
380409784
1454150568
1592570808
1609015736
1600561528
1567023400
1567023401
3697730857
3706185003
3707086122
3704981306
3721888542
3745887070
3729110014
3737514334
3729122174
3729089327
3745981225
3712368424
3695577912
3695577913
3695511929
3695458779
3695471818
3712234698
1564737610
1548042254
1548185918
1548149543
1548149281
1548543777
1548547953
3696014801
3696145793
3729692033
3729687939
3739125127
3741288405
3740783221
3740590629
3740557869
3715375661
3696562735
3692365631
3692313662
3691259950
3696064622
3704552654
3722376334
3734945935
3738550671
3738534814
3738686398
3738694318
3729089262
3745784430
3712230190
3704889662
3705631038
3705492797
3705535804
3562909052
3577592540
3611205260
3594423948
3594486413
3593323165
3597652413
3607065005
3623706861
3590070381
3573294125
3573361965
3573377343
3573414271
3615415758
3605972430
3605971919
3606037325
3605844797
3606897452
3581731116
3564954924
3560961076
3565079604
3565083925
3563060567
3563042295
3613299095
2522775939
3070132611
3070083475
2532824035
2683691619
2641651239
2624857639
3694407223
3694472759
3711385367
3715570946
3581221906
3621018738
3623345362
3606500482
3598091395
3598614659
3598614657
3607073152
3623850672
3080561380
3053249252
3044860453
3040634414
2973529646
2973521454
2977240618
3052754746
3048568154
3048502746
3048494553
3052690904
3053211080
3044888008
2537510104
2537501913
2541630553
2516460827
3571328286
3570869558
3564445750
3564441638
3698806834
3428798467
3428773891
3480933441
3464158401
3464152448
3472606640
3736727972
3736658340
3736658349
2677596587
2681793963
2635921834
2535246266
3609131914
3592351626
3596609418
3595850186
3730063866
3730129258
3749138794
3581371710
3581338895
3581338895
3572946189
3587555612
3587543356
3621237036
4157977965
4141131117
4132743023
4145397359
4145452910
4111910878
4095104462
4032237022
4032236799
4032241071
4101447087
4110357935
4110358445
4127003605
4126958533
4158415685
1474061087
1398039359
1398043519
1398241150
3579207518
3579207518
3579207518
3587567450
3588019994
3587999003
3585904923
3585913113
3590108217
3590304873
4118713720
3040777592
3040267769
3040272345
3174496219
3174561403
3178559098
3178558058
3184845418
3180720751
3182948911
3183466045
3187447613
3221002029
3212637821
3191731837
3057514367
3057481599
3074316286
3074299358
3074364638
3077907582
3067544703
3063366781
3063238748
3063246924
3084218700
3050820428
3026081740
2488164060
2488762349
2488630255
2496953838
2497469950
2648470750
2684121166
2667409486
2667442518
2667508215
2658857973
2658849495
2658845383
2650788807
3707564535
3699172847
3699172847
3699172863
3699371485
3699375613
3698720253
3749043677
3732397517
3732329805
3732395357
3606443391
3606442863
2549478191
2515923247
2515849519
3053310335
3028276607
3026187647
3042820062
3042836446
3076521950
3076448222
3059699662
3057469406
3078357998
3078435694
3053265262
3036623135
2499612951
2499621143
2499109943
2499111989
2633333781
2648661253
3722370373
3747534661
3747600197
3730690901
3730625399
3730633063
3730694511
3730826591
3747542365
3747599709
3747468796
3747479037
3755867645
3747479039
3747436030
3747431934
3743237614
3747567102
3747508702
3755888974
3758051662
3757961567
3757433215
3757433151
3715626271
3713529629
3714045821
3697145709
3562928124
2489276380
2489272284
2489140700
2489144764
2497541564
2497541628
2514318844
2514318844
2549970431
2549970414
2549903854
3623702894
3622785406
3614398222
3614398238
3610205982
3610083134
3610537246
3614729502
3621613918
3722383695
3721359695
3721360735
3722405357
3722278893
3722266493
3722200413
3716010461
3714052573
3713524189
3713393151
3712279039
3712279039
3712349695
3712342015
3745896283
3746954587
3730763081
3730767177
3730739033
3598683929
3598485273
3598485305
3598562601
3615465771
3615416603
3713986847
3716071743
3711877423
3711910189
3711922237
3715720317
4250500605
4250623453
4249607581
4257861533
4258056127
4258058655
4259111391
4241990143
4233537005
4233532781
4250244477
4258588543
4292141951
4292206975
4250292590
4116054526
4099802622
4101903802
3565100458
3564834730
3573227166
3589881486
3556255375
3556255375
3556272029
3555292093
3547029983
3547263455
3614364126
3614343550
3614278974
3615268142
3614747950
3614747967
3623204637
4160132892
3044447004
3044537116
3044537212
3042375020
3033978348
3036595693
3053438973
3053307903
3044865631
3040667167
3074287134
3074324254
3074319678
3078575422
3044885886
4118631935
4059657695
4042802589
4042802620
4040803772
4057986228
3051283669
3084905557
4158635285
4133469495
4133470007
4133349175
4133282103
4131189027
4131340327
4131278903
4282257495
4248699351
4236117974
4244578014
4244576990
4240259806
4239944398
4244138846
4294503739
4277720105
4277784632
4269334552
4264091672
2116608088
1579872728
1983566269
4118463933
4109092255
4109225887
4109227935
4109236127
4110280367
4110411437
4110407421
4101887741
4101797629
4101793533
4118570989
4160517487
4143740266
4143740026
4143805562
4134499450
4134490202
4151267418
4117681354
4100908234
4100910299
1954479577
1962905561
1962708985
1711060841
3892097323
3866931243
3866923055
3861696558
3878543422
3845054782
3828279103
3832432191
3832434303
3841806079
3839655663
3839649775
3852232191
3885883615
3818833119
3806250077
3797926973
3793601853
3810383165
3810424605
3814614601
3814618696
3881268952
3880001272
3880001257
3854851817
3854917369
3850729179
3838146251
3855968203
4116145627
4149573119
4132787375
4132705471
1984234655
1992561855
1992635567
1992500655
1456613279
1456613255
1607608263
1603743558
1572159254
1554267414
1558998275
1290661123
1290657043
1281684787
1281663281
1558684017
1576178673
1607631795
1590724535
3737171879
3737171943
3745756647
3574789623
3560109407
3559277597
3563471901
3571926332
3571801404
3571842364
2498031420
2498096668
2506612236
2515895901
2515894877
2547315711
2547315711
2547381231
2549470187
2549477866
2541090282
2541188602
3061274075
3061271899
2536987994
3074424090
3045025546
3045027594
3028252426
2491373402
2499401342
2497312638
3046695919
3046695407
3046699517
3051143421
3051209069
3051340141
3042898733
3042899519
3072294430
3038735886
3038604858
3210313578
3218628074
3214427611
3214492825
3220788632
2683860376
2675467672
2675569820
2541408476
2508116221
2508120285
2508120159
2508190815
2508191071
2508027231
3581769567
3581765503
3581769598
3581760302
3581756222
3615310110
3615342875
3615483163
4152356121
4152225624
4118671192
4118609752
4118597496
4118595448
4118593848
4118147433
4118246377
4118246379
4116149243
4116128186
4149682618
4157034686
4123477182
4106605790
4107588702
4107664670
3565022478
3565023006
4118804286
4152284479
4152280335
4152317199
4152320079
4152287359
4118729071
4049585519
4049360895
4049397727
4049401567
4082091775
4090464239
4069390061
4074566367
4074099407
4065718991
4065851135
4149602287
4149538159
4115987567
3847740447
4116634637
4118729741
4152284189
4152356893
3877494797
3877498887
3877622071
3848197991
3856555750
3834601190
3972804302
3972804239
4115476111
4115338911
4148889535
4158195117
4153959917
4153959917
4153959933
4158157309
4149760477
4133442013
4133368013
3596493005
3613270271
3613327595
3613332715
3621729755
3588177355
3583728971
3585724169
3589922585
3581539865
3580425737
3580417800
3614020920
3614029096
3614041384
3614176536
2541404632
2648343544
2648412840
2648289960
2648216297
3176694505
3176706667
3176705578
3176836906
3178936634
3212770586
3212836122
3212820762
3179234058
3161916186
3092648767
3159761727
4233569575
4233374822
4232321254
4240726198
4241483911
4123978887
4132082053
4133126533
4133192581
4135158453
4133004007
4133003822
4133282350
3881628202
2707211818
2736572219
2740243739
2807848217
3881590041
3892055385
3892249931
4127068491
4126879834
4109971514
4109971514
4108001338
4107935866
4125029627
4158651547
4158634121
4292721545
1601998472
1568442009
1551667897
1551692413
3695174189
3695076133
4231979303
4236238887
4236108839
4293835845
4277046725
4276520581
3731261063
3740779159
3740594663
3740557551
4286324847
4233895981
4234028061
4234030109
4233771133
4108008444
4126899933
4160362189
1459225230
1459159758
1584923390
1585197550
1446781034
1465655402
1432100954
1422729290
349003978
349032651
340624607
340368607
336312511
1426827455
1464510605
1449049549
1449035716
1451131460
1450082836
1450152500
1447010852
3611157028
4118569765
4101860647
4101650727
4110027046
4126738662
2010713238
1985680518
1985675398
1985560710
1448636582
1464361126
1430807782
1431858454
1431959831
1467742481
2012985648
1996209456
1996143888
1987753024
1987743936
1463468160
1463533745
1429816229
1417225895
3573098150
3568907950
3573030590
3505929902
3505926118
3505925590
1353199054
1370176974
1370174927
1370191260
1374410132
1361954196
1345291668
1345172884
1345103348
1345109348
1885637925
1902415653
3781668644
3815222832
3781602864
2716253728
2707865120
2707725856
2738142768
2738138640
2738279988
2738282020
2741882404
2775369253
2783758119
2766951414
2767024638
2766950846
2691449278
2691453374
2691513534
2691643582
2691578014
2709399694
2717789326
2749244558
2745065679
2745094217
2749284617
2751387403
2743072283
2707207706
2707207738
2703029818
2803683898
2803647002
2803648091
2807896043
2809935339
2809945259
2818399418
2818407642
3888116938
3885950154
4158578890
4158578907
4150190297
4133413309
4133372348
4132307964
4133422076
4141691880
4158595624
4108198457
3976081929
4236055051
2084320794
2084316698
1815883066
1759329578
1842679098
768869450
770966666
1031029898
1030800538
2096338106
2094447801
2110172312
2110170248
2110235528
2076680840
2076619384
2076602936
2077700652
2077491759
2071213614
1802775598
1798571054
1802830910
1800736974
700719246
700768398
1036300426
1036358810
1036369306
1069923738
1061535130
1061600538
1071035707
905884987
1979617593
1953333529
1949144345
1950326553
1948159545
1968148089
2009959001
2009976395
1992777487
1984326975
1981178927
1981162607
1981219070
1917255822
1917255823
1934053519
1942417815
1909453749
1909306293
1909235700
1959563092
1977588500
1979164948
4126649652
4160204053
4160152861
4151727615
4080469935
4078245550
4082575022
1946039982
1946093214
1945900958
1409033630
1409033374
1374430366
1366111439
292361679
275072973
275079133
275544701
275544957
275573631
275639679
812623167
812618047
1894547773
1911329085
1936495676
1919716412
3794766108
3811482380
3782121996
2691612220
2699998764
2700055084
2691479080
2691493416
2687298088
2691496489
2707737391
2741815662
2725039582
2725234142
2733568222
2725175550
2725212262
2725187814
2724860086
2725130390
2737709206
3761119366
3765305487
3765305743
1626214859
1622488859
1622421274
1622421002
1622436362
1642375690
1667541514
1663344394
1734643466
4016868891
4012740347
4012750489
3878531739
3878531755
3979203243
2888790955
2892902827
2901287087
2901288111
2896567461
2913406133
4289074309
4276498631
4276494415
4277608463
2129948975
2127847723
2144658219
2102715195
2102785563
2101632539
2101632539
1963216602
1963319194
1967508890
1967426970
1708950666
1744602251
1744666763
3892220121
4160663768
4151222776
4147044824
4148126424
3845788409
3845784297
3992519403
3988525802
3971756650
3971752218
3975947274
4235998234
4236082202
2088758282
2097146890
2044570954
2043526602
2068684170
1582142906
1582151083
2118578605
4266062333
4274442749
4274442749
4283880445
4116109277
4099340237
4099327693
4099327581
4099262077
4283717229
4266946351
2119461935
2119531567
2119687214
2119619614
1851170830
1876336654
1842778379
1817150283
1817019355
1812829179
1812786667
1745644011
1812801771
1817131183
3964352941
3973717933
3969779357
4238279311
4254937742
4154204830
4154204846
4140049326
1455694334
1456742522
1456746554
1391816763
1390900249
1391424520
1383037976
1396694280
1363074376
1363072776
1366152968
1366083336
1374471960
1408210232
1408218408
3555697960
3555570968
3547301705
3523119067
3573454586
2499715818
2499785450
3028136682
3028071018
3028136495
3028136493
3044980284
3086925372
3061837372
3195858460
3191633436
3191691068
3191821181
3212181997
3052863999
3033804991
3029611711
3028561310
3028643230
3032837566
3033879998
3075981726
2988360078
2990494158
4063584603
4067713851
4067783483
4085076795
4051522874
4051524890
4118773018
4101994522
4110285882
4110286106
4105819402
4239999306
4242030682
4242030827
4258803945
4291440809
3737792697
3730453915
3730451867
3730385915
3730598907
3747409371
2682037705
2644291912
3180888856
3183444504
3183379000
3187581544
3179258472
3172837097
3172775659
3171731114
3171730858
3171747054
3038708990
2753441870
2770214926
2774426686
2778620974
2812204094
2795427087
2795482636
3062672972
3066879580
4128001628
4110681652
4095149604
4095087908
4097184803
4107736098
4237763586
4236731458
4253476034
3737576643
3738088899
3738141057
3738141585
3595424497
3595424496
2647422692
3167514341
3168563181
3168553325
3170650477
3179105615
4286534991
4265604427
4267172123
4266975530
4265926954
4265927722
4265910314
4265914426
4266120218
4249810250
4161689162
4228777546
3155035770
3159166698
3167494122
3163307498
3179560170
3179576570
3179607194
3179779213
3163009932
3167068812
3024401052
3037516444
3072082620
4129097388
4129109676
4129104044
4068290728
4072607928
1925066952
1940791369
1907236873
1424843787
1416490267
1429060923
1428790555
1466534923
1474855945
1458144265
1458148377
1458279481
3622483257
3580540249
3564818905
3564880859
3573274347
2499737323
2495599339
2495464171
2499597033
2516382587
2507993947
2541679391
2541680415
2508128127
2508192254
2508028414
2508020894
3615315134
3613135038
3579056303
3579138239
2501341693
2505535764
2513822484
2515854900
2511662644
2545282580
2549612052
2547500564
2547892789
2547905127
2547897318
2539471278
2505917870
2506050718
2505727134
2506091678
2506091678
2506096078
2508191054
2507994382
2507990814
2508054830
2516578606
2550134062
2550002990
3086857582
3049104861
3187648396
3187537564
3025983164
3021784748
3038594732
3074377644
3057595887
3060608238
3060542574
3068669038
3068738686
2531996702
2549773318
2650436615
2633688324
2632570676
2632554036
2498335284
2628497940
2649403908
2649403908
2675684884
2654844469
3191668263
3191668270
3191658798
3191621742
3191818366
3191737550
3193844942
4284359886
4292767951
4261298397
4257169533
4256985213
4259079295
4233913726
3160403838
3156139646
3154632318
3158637178
3158638186
3183804026
3180189273
3214799580
3079992028
3084178076
3038036668
3040690876
3074360236
4147585196
4128579755
3864473770
1725313178
1660317898
1660314698
1677190155
1667623947
560462873
539483145
539479049
1617415192
1885848888
1910883640
1910883128
1944376120
4091933240
4159174200
4160669304
4122920568
3032463096
3032326904
3036459641
3035398763
3027010090
3027014190
3027088942
3157173806
2939088406
2922315270
2922272262
2922251847
2923365119
2926838703
2952004015
2897481903
2761192638
2760139966
2760240286
2764434590
3032867998
3074930078
3058602446
2791228366
2791228366
2791297374
2807877742
2776388654
2776388651
2776372265
3044939017
3044943625
3053332249
3053393721
3082294587
3220706586
3220702554
3212448090
4286198106
4294579162
4294660810
4260909785
4261181432
4286381480
4282252728
4282056072
4252755336
4252558216
4235756472
3833447337
3833578153
3832476331
3832406699
3832309435
3844957834
3844482970
3845535674
4118090154
4118020586
4125360346
4125364298
4121255966
1973903423
1961259071
4108742683
4117067035
4251286811
4284905755
4268120346
4277557530
4277500170
4277425482
4275880410
4292657658
3751788778
3718177259
3718177257
3713918457
3709658621
3709730271
3743317471
2673769967
2656007407
2664386815
2659865055
2660946397
2677723613
2644047852
2627254252
2633543404
2625158892
2625214204
2642122364
2675627613
2654652189
2654721341
2654596141
2658761839
2658827359
2675600590
2675862671
3212834207
4284405182
4292793758
4158621150
4158436606
4152140862
4131238974
4130192414
4129618975
4129678367
4129711167
4147515903
4118152095
4110287518
4108259998
1960777374
1895636666
1895574186
1912351402
1941449146
1403533467
1403529352
1374168200
292037000
271127448
271275000
271315944
808055784
812430829
1886172525
1885635901
1902415165
1902419772
4083523388
4075274044
3802639932
2728898100
2728830516
2733549101
2725163565
2737734191
2704196143
2755544831
2755528702
2755598238
2759788030
2768044542
2700939742
3774624970
3791398090
3783077066
4093585658
4076828843
4072593593
4072602761
4076859784
4068331976
4068447192
4085232168
3773669928
3773620777
2699949609
2691556923
2691561003
2708264491
2738635322
2805727946
2807301066
3847554490
3855946986
3839188218
2767682778
2767547594
3036015706
3036144859
3036067017
3053359305
3086909896
3078476696
3061838776
3061740216
3078513321
3086967465
2784785323
2784773098
2759596026
2772186906
3978651402
4012205834
4016400138
3865143050
3882055450
3881911642
3832562778
1953518842
1959885946
1960303642
1960301582
4099339534
4101432087
4101956439
4101952471
4127097267
4143890867
3539912595
3539912578
3530508162
3530381234
2456581602
2464965730
2464965734
4070861942
3534056470
3534120967
3534149636
3534179348
1382882324
1378620468
1378615332
1378684964
1378754852
309208020
317080196
296075909
279282565
283480453
275100063
275096510
812102638
812097071
811973419
807725867
807725355
845474091
845576251
912657419
908525579
908328971
371527995
384717611
380551722
1991164494
1974239950
1957468046
1961409934
1953086870
1953217462
1953217206
4109081255
3840653989
3832413093
3829164517
3879479652
4131137572
1983851556
1988043829
1988046869
914165765
913117445
921572135
917389877
917422597
900584005
346854349
351048077
338533788
338532764
1412405693
1882184637
1882151855
1886330798
1887184814
1895049134
1911826350
1906780094
1906783966
1940141791
1940137679
1407461071
1390683871
1382365167
1399129582
1399129598
3513202014
3512825118
3546414398
3277909310
3328240958
3332418846
3332420894
3332485911
3332813333
3265704468
3538784804
3530081252
3542798244
3493493140
3493476500
3492427908
1345992836
1344224388
1880890797
1885103535
1892968383
1908733630
1908704958
1909752798
1909953038
1912054286
1910809118
1910810175
1894037047
4041604919
4100357413
4100860967
4230876471
4231937295
2098937630
2122006334
2121948494
2121917518
2129175646
2129174639
1860732141
1861850297
1861920168
2130423724
2130290668
4269470716
4131050444
4147790813
4114236397
4101973861
4110227301
4108074807
4108074839
4108072773
4099880775
4099826951
3573432631
3585949990
3619516422
1476354054
1476382742
1467860030
1597883454
3743284287
4284345663
4284345625
4284063049
4267410888
4267426200
4284203448
4158222760
4124779449
3621394105
1473908397
1448943279
1381772975
1381769918
1381245830
1389654430
1945419966
1910735070
1885508686
1885513743
1885452301
1885452604
1898036028
4045453116
3777270316
3777348136
3777364521
3781567279
3764855662
3773039086
2699297150
2964136318
2964264222
4038030606
4054839054
4092456526
4083723855
4084780767
4147695263
4147926461
4112331949
4116518127
4250866799
4252906559
4260241423
2146312462
2146116366
2146005823
2146038575
2113442093
2105050429
2102963261
2082254109
2082450701
2082385741
2081871565
1963377352
4110811800
4145481400
4150200233
4141694379
3602721194
3602720938
3602722042
3606848714
3337891914
2264137754
2260553786
2277498938
2277285931
2243727661
2243920172
2242552108
2242487652
2544475620
2523762596
2520747940
2520682405
2520684469
2535372231
4148094023
4114490391
4114027559
4100928567
4100854807
1961755927
1961821750
1421674110
1421612654
1421620846
1421633246
1440542414
1440522191
1436323725
1401720285
1401785853
1910418917
1881058791
1881124087
1881060470
4028530738
4028547186
4083040370
4066267218
4066250802
4066259234
4066312738
4074575478
3550297686
3550296797
3516873372
3516668556
3516676748
3520866956
3510437276
1346322876
1363038684
1363079676
1898832236
1903485244
1945411868
871403805
1903268125
1433637919
1431475231
1951579166
1951574334
2101455142
2111028534
4258504471
4254565895
3587621637
1440662352
1430209888
3711911392
3745471712
4282313968
4286508240
4294366528
4294427585
4294283985
4294288017
4286046865
4248302209
4247212675
4247586482
4260103586
3182173346
3183221926
3183221974
3221171270
3212799046
3207488774
3211719943
4261335303
4257136917
4173153597
4173075757
4194058013
2067607071
2050894395
2050625067
2050690859
1786322027
720903355
716723337
788014217
779641992
1060688029
1025241533
1012576951
1021223671
886538791
886350390
905227838
1467267614
1450687006
1383520847
1383517071
1383484303
1381911951
1381958031
1409089951
1375564287
1358782831
1357668647
1357669687
1357737271
1349348663
1349319989
1349383665
1350497680
1904133505
2002226577
1985256881
1981070311
907344183
1983249687
1987502358
1986949142
1995337782
2012155950
2113667118
2113679402
2103193066
2110548730
2110618330
2106555082
2110683850
1574853323
1577010827
1576813513
1442595801
1442136553
1473761772
1473438188
1456726524
1448337916
1448321516
1444132268
1578171900
1578166748
1582332189
1582520623
1448221486
1458707262
1440878366
1424099150
3563209678
3563241870
3572732350
3566252206
3565199533
3565200556
3581974940
1433590220
1428314588
1394805148
1395014060
3542494639
3546681774
3512861182
3512795486
1348481310
1356865818
1151394058
1151377691
1151442232
1151514936
1151777048
1155963672
1294453576
1328007880
1311198921
1244071563
1512387290
1512334202
1526190378
1519833386
1520410666
3684540462
3717771303
4258829159
4233671397
4229472933
4179210909
4246319839
4279939581
4284149801
4286215209
4252634152
4117506072
4096731416
4100864856
4100868824
4117630600
4151051912
4159455880
4160508552
3623773096
3617481704
3588039469
3571196717
3497796399
3497812271
4051457390
4059875838
4093172126
4074293646
4073441678
1917504910
1917502350
1918562815
1916657967
1915543597
4062994477
4062995516
4067294236
4092525852
4092524828
4059996116
4123889300
4107048596
4106520212
4106520276
3033503316
3026104113
3024088353
3024088353
3040800049
3043915059
3077441363
3069052866
3068991122
2533107362
2533109666
3623632290
3587444146
3587509442
3587648707
3587318979
3587323207
3587388743
1439786950
1439983574
1439989734
1440513510
3579440614
3579557366
3579426270
3615012191
3622348094
3622352190
3605641022
2532021818
2523629114
2541456954
2541481530
3044731706
3027958123
3034238443
3034288121
3034154649
3050944152
3050943128
3076122268
3057182396
2990045100
2988971436
2989171901
2989368573
3001955431
3018720295
4088267798
4088216838
4058803526
4059032902
4058971590
4050558423
4059989463
2986313559
2977805845
2976686621
2972492333
2972512815
2972513839
2972505647
2704098863
2976843771
3045012699
3053397147
3049067707
3048998059
3082634395
3086378187
3086378185
3076973913
2506614617
2506487385
2506577433
3580253981
3622197005
3622257951
3605316910
3605319726
3596939310
3596939310
3727024158
3728138254
3728142350
3709748302
3692973262
3694791054
3699051450
3703115434
4239947434
4239942314
4239975339
4260946361
4281917881
4246467976
4246464392
4246464152
4250592952
4250628840
4258808553
4250682233
4250685483
4252849195
4253013034
4286512154
4285981707
4286031115
4283806555
4267021146
3209021258
3209027386
3175612202
2647031354
2647799322
2643595834
2509308714
2509242665
2509521193
2626962744
2631167320
2631269721
2622947289
2639716313
2673264603
2673329626
2656359642
2673140987
2673140971
2673177849
2639688921
2635477449
2635473881
2634494713
2634814201
2672570731
2680954986
3716967546
3716966490
3582748762
3587106891
3310803275
2232864331
2237022729
2270249481
2270188089
2269180777
2244010345
2244060269
2491659501
2491585989
2495846341
2495715029
2487326437
2638329572
2634264308
2533535556
2533555972
3070680628
3071759908
3038197284
3042260580
3033798629
2962511345
2979286451
2983550099
3008715922
3004681426
2987838658
2992034882
2992104450
2991973394
2991907106
4061455654
4061521190
4065185590
4064628566
4064631671
4064639799
4081474821
4031143173
4031145285
4031145285
4039603573
4039382893
4039385069
4039384813
4039391869
4047772509
4081327901
4081335615
4089918766
4089918782
4085601662
4052010206
4056194270
4047804806
4048001414
4077370758
4060589446
4060458390
4064654807
3066937685
3083780453
3050197284
3033424164
3026149668
3026155324
3160407932
4232970076
4249148749
4265921805
4274373643
2126966810
2119098394
2119098394
2114969626
2047763482
2030990362
2014993434
945441867
945507531
945376731
945409497
972807643
1073471451
1056692059
1056560990
1056559998
1056690558
1048310142
1044111614
1044111615
2117824703
2134593973
2138784677
2113749677
2092779181
4240275133
4238143135
4238143135
4237683423
3033918206
3033905918
3033840366
3052707558
3086260087
3061682775
3057644053
3074290261
3074257525
3040830053
3028223973
3035432419
3036480947
3036418226
3036483762
4244447734
4236190070
4236120326
3716035846
3714526471
3722800407
3722804543
1508146495
1542812959
1542934799
1540735243
2069222171
2069161769
2069228841
2060564777
985966633
1053075577
1044685900
1040560332
1040679116
906412172
1981202604
1997988772
1954464420
1891582597
1891583621
1956994693
1961189069
1962180319
4109643503
4109643503
4124915707
4124915659
4124849611
4099683787
4099225019
3570754987
3587667391
3587667359
3620960159
3620829071
1473374110
1448207262
1467216350
1466159614
3613639038
3613519934
3613762623
4150651967
4150656319
1936061725
1902597405
1348931869
1349452061
1350369596
1350506300
3498000188
3497934716
3506388460
3522524588
3551842700
3535045004
3532948364
3532956335
3549733614
3554453358
3548233518
3526269230
4063157534
4063161614
4063126798
1915642142
1919889710
1920794991
1927098815
1927034047
1917588671
1917584573
1376518285
1376587917
1389244831
1373524943
1353597519
1353475591
1357702711
1357704767
1357704749
1357704749
1357182716
1357137660
1408714716
1381397485
1383560045
1383101225
1383100731
1450467643
1458844954
1458910490
1458928955
1451161641
1446690089
1463528921
1433962377
1442546568
1438286728
1438364073
3585647022
3589841070
3560480878
3560613166
3024000279
3024015111
3027688967
4109826869
4110417765
4160540661
4135405445
4135527303
4131333015
3610720166
1450515942
1448413222
1456806966
1458839574
1458839558
384049158
375857166
375808302
400998751
83808143
79530639
79530635
1152359067
1424858779
1350352571
1349824427
1884597995
1884794411
4059474479
3823545631
3823927327
3798769727
1647300669
1647120429
1648177193
1662791721
1628254505
1632505449
1619663593
1955281659
1972058779
2106423947
2140991115
1606214283
1608811163
1608876729
1610007465
3757494761
3713458665
3713491309
3712439645
3695502687
3696026975
3629114719
3696162143
3696154591
3712866269
3721254397
3721254397
3720729839
3720672495
3720668655
3720672767
3578124286
3611645946
3607590842
3608639390
3608641487
3612827087
3579266527
3579270525
3587560765
3588084028
3588084509
3623744277
3623723541
3623875125
3621777975
3747476263
3712808815
3712777583
3696057830
3561446870
3561452998
1413969350
1414484470
1414517246
1431294414
1431229766
1432274758
1432340311
1432156007
1432152055
1415440343
3562918359
3579298231
3586573751
3621184949
3621184917
3621254549
3606566901
3598014453
3597493109
3622134135
3622072679
3622138351
3622663679
3547166111
3547168191
1399815613
1399750077
1408157597
1391444893
1391317903
1382871519
1399611886
1399611886
1366255086
1366195710
1374558687
1374624223
1374437373
1407991804
1399601148
1399682044
1399673852
1399608317
1408037741
1399632239
1366143278
1366078782
1366078742
1349303582
1357888798
1357823286
1353628983
1357821207
3572479249
3563885841
3559174193
3559370785
3609636917
3592864773
3593915397
3593882821
3591851445
3596050341
3755292325
4254405295
4254405343
3717468878
3717469822
3713285934
1595156782
1595358270
1582441502
1582444623
1590825167
524533961
524583133
520393199
2131010799
2131011695
2131200078
2131725406
1595849926
1562289607
1545528007
3696916167
3707372279
3724215013
3724030689
3756532581
3740803445
3741003845
3741020495
3715724623
3699108175
3697211743
1558174047
1557961791
1557963807
1602007069
1581023261
3598618941
3598619964
4135491388
4143877492
4152200676
4114400725
4114538949
4095656391
4099916263
4099699174
4116472166
4116472174
4158600510
4154334558
2011111246
2010978059
2002528011
1964258073
1966408249
1953957673
1895243561
1890926379
1888762715
1888778698
1352465802
1373409674
1407026058
1390318474
1926140859
4069430185
4073632232
4074480940
4066159916
4064062732
4064261900
4063162892
4064174604
4080939839
4047438190
4034659758
4110163118
4110223534
4106098826
3573496203
3573296521
2512147336
2545713736
2545844748
2545848877
2545722927
2545722926
2441055790
2436531966
2434451102
2434418334
2434402238
2438665646
2474128558
3011064990
4085212366
3548374110
3514687502
3514621966
3497824526
3497820430
3495923998
3495875903
3562992959
3562988861
3579802941
3621605689
3623777544
3623761224
1442582472
1466698664
1466784169
1450047915
3597467067
3597422986
1449972106
1181602186
1450095007
1458483631
3605963183
3589202325
3572416901
3573268871
3573121271
3573072102
3564696678
3560500263
3560499495
3559586069
3564042501
3580812548
3597616388
3597619524
3598664004
3607019893
3602903911
3619676775
3623739942
3581727270
3577530167
3575481623
3608933383
3608867846
3608890374
3575192662
3510189550
3514513070
3501930158
3501856446
3518695071
3552057229
3535289756
3531353532
3326031021
3326031039
3341689054
3307614478
3290763550
3303342910
3299156542
3299701311
3299697180
3300680220
3451707964
3455903288
3455754008
2380958008
2649266472
2515314795
2506930298
2502788298
2503835850
3040706698
4112417167
4145980381
4145996781
4129178348
4135527148
4143788652
4093391724
4093390716
4059838844
4059896316
4042594751
3770014142
3791125982
3790647758
1632678350
1662091598
1662165262
1662230838
1896984886
1882517798
4029969190
3761592102
3765861166
3772696878
2693646623
2745035039
2996758861
2996753613
3065888973
3060547741
3056406701
3073192109
3039637933
3039630253
3049132717
3047036557
3046909645
3045877453
2513202749
2513189407
2269985566
2270116638
2388539678
2384345406
2396921150
2392719390
2392723534
2325426382
2310550015
2293785068
3362311580
3358165132
3358111956
3359173108
1209642356
1222615924
1234608708
1250075252
1581290340
1577092196
1577096276
1577166020
1577231556
1560454340
1409463684
3561408396
3571371676
3567109805
3570196143
3570198447
2513233839
2546923422
2506085086
2506085086
2506093150
2491278910
2491283262
2489640766
2498094398
2498098494
2498090271
3036005663
3027731775
3042424191
3075974493
3059720533
3059716437
3061825749
3057631477
3057635557
3074388453
3040818663
3024039423
3028238303
4127095807
4156514303
4139634687
3065837391
3069502287
3061179149
3061183292
3077891372
3044338988
3042311980
3042303788
3049640492
3046101565
3079623263
3079492318
3080221614
3084401838
3078097070
3039299774
4113242302
4113447070
4046335374
4093518479
4086751948
4069831180
4069831180
4143228428
4134839828
4134645556
4075994932
4076270903
3539367206
2457209894
2518420710
2501384366
2486835422
2491029966
3573168719
3569039949
3432525533
3432522461
3432784543
3449045422
3448816046
1325433006
1191478446
1158130886
1158588486
1158654278
354330950
358542158
396095326
395954014
1436205431
1422587237
1422562661
1414041552
1414041552
1422498448
1607188112
1590345393
2051719091
2051714771
2048519682
2050651650
2066358802
2016355094
2016244006
4175773742
4171550766
4170499098
3632590026
3632572874
3649354190
3649477967
3654192461
3654202716
3713697244
3715868124
3711673820
3711606220
4282032012
4282027980
4265248452
4269314804
4269319021
4267237741
4267237487
4284051566
4246405230
4229562478
4229563774
4235861886
4244250494
4240138014
4239949583
4122504975
4160253197
4143537501
4135263741
4066057725
1918571709
1920536765
1920602525
1937375637
1895433109
1895695253
1891570645
1356100583
1356096294
1356128550
1891939638
1356246326
1356245303
3519396151
3619985685
4140665100
4140731660
4140733709
4141781261
4292186925
4249133871
4249133871
4227982207
4227986814
4244764159
3171020031
3175214335
2906914047
2906914271
2915293151
2915489757
3217474269
3210167037
3075822335
3076289151
3076272767
3076286319
3076355439
2782874990
2782907743
3856661967
3766478287
3766482383
3766473677
3783246813
3783115773
3783054829
3816576109
3816643820
3816778988
3783159036
3789450621
1637834589
1641367053
1675036175
1666659087
1935089950
1903636838
1912418798
1912414638
1910259102
1942764943
1934363023
1933838751
1934035125
1908817077
1369337221
1371415940
1370235332
1371300855
1404425206
1406653222
3279346982
3342203174
3341576486
2272028982
2280175894
2276111638
2678764805
2678757140
2611512868
2612571748
2599984756
2591790816
3124462560
3191570912
3124478133
3124388023
3107595431
4163508391
4167698574
3903457678
3903469966
2091465166
2092449630
2109219710
2142774011
2142773945
2146968249
2146972345
2136489897
1581804969
1582099897
1607335323
1975898570
1976942922
1954005770
1886828346
1881583402
1965485371
1970597179
2004118809
2004186137
1461121049
3575569416
4115565656
4048391672
4056452008
4052257452
4119429804
3045765772
3045761676
3046679213
3162022567
3158033126
3158296038
3158133798
3157542946
3157739538
3157665794
3157682434
3178655490
3187072838
3214265846
3063205286
3063205270
3066422663
3066553751
3066552759
3067076775
3068096677
3076276453
2977710124
2959893564
2959994140
4033740052
4033871124
4059016468
2986323229
2986319117
3011497229
3009400093
3005206373
3005175589
3005182524
2975801884
3051299356
3051172717
3051106797
3587977711
3570144430
3570209950
3570349198
3569825166
3569686430
3561377758
3562462926
3581327951
3346373389
3328486220
1181003724
1190461404
1123907005
1124012463
1392382382
1392378030
1383923878
1383346342
1395991030
271003910
271005446
270757382
274988551
275250719
275053103
343726639
349751854
366570270
366701854
400174366
1197106238
1197045038
1197065518
3352929598
3348726079
3347677468
3314059036
3314060892
2408102620
2412378717
2413550206
2405063534
2371541358
2371542126
2363159783
2363143301
2363012484
2382149508
2373747332
2671612592
2669589168
2669060784
2673255077
3075581926
3075774950
3056896486
3057027470
3862342030
3862342030
3795315902
3795121327
1669316847
1626259483
1617874971
1613681678
1613612046
1612997678
1613095982
1634096174
1676558638
1672413247
1641809229
1616644045
1615728301
1623854757
1620709045
1620713109
4036705925
4057542277
4090243717
4065094551
1917586871
4073663639
3533579415
3533578398
3533578462
2466198830
2205943086
2167936302
2162693918
2158711566
2158686734
2225779471
2225649455
2376638253
2380827629
2334768061
2301344669
2569715597
2569725893
2552930629
3090850165
4164596084
4252668244
4252534549
4286099269
4281904071
4265343959
4265270775
3212500214
3220882678
3048883703
3049149909
2495570373
2499568069
2491180501
2486980005
3024047527
4097722791
4101921207
4127136727
4160569031
1987917319
1983259143
1983263237
1983197989
1982079013
1986012197
2011182125
2012238861
902873101
897630537
897704393
897803209
830895947
835078443
818301290
810404010
822929594
823979146
924614794
924746122
911651722
1984340910
1992603566
2010418991
2103740687
4251101455
4251102479
4251378959
4259799854
4256461614
4254364526
4286936046
3750056431
3720630637
3713812300
3713977164
3579767116
3709655548
3743271372
3745503629
3728559503
3728622990
3732803982
3623747990
3757650342
3719897574
3702023142
3702023142
3702055671
3706249983
3706250991
3715956351
3749691231
3749633807
3748646157
3743735096
3743704120
3710145544
3710338056
3710260505
3581285659
3590195006
3586088510
2512222014
2545809206
2545804118
2277372375
2275197413
2281501669
2239353844
2235220676
2267727556
3609911248
3610209653
3611126885
3548146789
3548146725
1400857863
1400796943
1937655567
1945962271
1945916783
1937563886
1904009391
1897717935
1881010317
1879871628
1879868828
1884065516
1884269100
1909370420
1943973380
4089356805
4089356551
4093612070
4152148006
4147929126
4148051014
4131264966
4131261350
4135520934
4142730935
4155315847
4155462277
4054205381
4054205381
4042088917
3505152487
3496751079
3497865190
3497860838
1356603122
1356346930
1356411442
1358565906
1358504210
1357393971
1156068371
1206569991
1189779463
1181649095
1181714567
1315736983
1324128167
1588377517
1588376488
2125247400
2112268200
4252411816
4252413421
3176443359
