2544565684
2544821668
2544682404
2544696740
2506911652
2502708980
2486060564
2435720724
2985174871
2980325366
4087627686
3601079206
2523138470
3592687014
3324187894
3324125190
3592577030
3605192711
1453646855
1185197063
1319475462
1319607078
1312209702
1528740822
1495175046
1478395270
2015330693
2018804140
2029298156
2020909101
2016714797
4164214844
4231798841
4229702713
4242156845
4237974124
4237970156
3164097196
3048786572
2549677708
2539171469
2522525391
2518349550
2451227262
2457781014
2457854246
2532106278
3085750310
3044851734
3027823622
3023694094
3038419759
3075115565
2999569933
2999502796
3083391436
2514112940
2499420324
2431198372
2431134885
2968004771
4034410978
4028108274
3541763010
1377702850
1377711042
1381917382
1390310086
1405965046
1405939694
1900870639
1900841387
1901038010
1934010762
2002169226
4151740298
4150624922
4160074427
4160070379
4160004971
4124352877
3050628461
3042440573
3038181247
3073791999
3077985239
3086373367
3220656631
3220522343
3220460663
3212078199
3212078167
3178720599
3052821847
3052805911
2499216919
2499086135
2499032359
2499026983
2499031079
2515795991
2515865606
2281054470
2279483238
2275352302
2274103022
2278313950
2278084559
2253103053
2262482893
2262413004
2264444812
2263461820
2255201708
2251223212
3257843964
3240542540
3223749388
3492196876
3491933700
4032932359
4032866854
4033915174
4033918182
4033904822
4080435335
4063658373
4062630788
3794198196
3794205540
3802442020
3802441765
2728721679
2728780047
2720522574
3794191310
3777414054
2686896038
2690932646
2695135142
2696372114
2696050114
2691784962
2686460162
2971676978
2954895650
2967479842
2963416610
3030519362
3047556674
2443445510
2443445286
2477030439
4087671871
4087785485
4076252429
4067921676
4063531308
4063551784
4078231848
3776196904
1628374840
1879707176
1879645800
1883768429
1887978079
1888014926
1888019206
1955114246
1972938790
1603831842
1589282834
1585334274
1580085250
1311649858
3459191026
3475648994
3752473250
2678768307
2611646080
2611583680
3131620032
4205357664
3131615776
3194530340
3190340901
3207312487
3173699814
3040477350
3023962262
4096655542
4100863138
4105125794
4106164882
4106107521
4106103428
3518835332
3535563396
3605854916
3596929604
3592769296
1445414197
1445213223
1445732390
1445732390
389423158
339096006
343278470
347489927
346015377
345819057
348427681
352627873
319072737
839301459
860265234
1943439874
1945537026
1928758786
1399190274
1344553270
1345257766
1345261862
1350312290
1356599782
1351352741
1350828972
1350894492
3230021580
3301322508
3309759244
3306522909
3340020015
3352602927
3600592187
3600647499
3736764873
3740959624
3726291900
3659064300
3659015148
3675988973
3680122351
4261092583
4244376999
4236182918
4236125574
4233553797
4233615236
3703873428
3720391524
2676009764
2596317988
2597584700
3203561020
3220386605
3182821679
3181773294
3165454766
3165389230
3697553822
3694453134
3692096910
3692210382
4244809742
2130946054
1850783750
1850845190
3996302342
3862331398
3867050245
3883828084
2776560356
2755519140
2755420836
2755396260
2804683436
2733383660
2795768174
2795767838
3064211470
4159711238
4113709062
4248179718
3711308038
3749589270
3734581542
3734507638
3751481542
3717857414
3436862854
3365464998
3365464998
2291723183
2291723247
2295922557
2380058461
2382350173
2381771765
2381771765
2415383541
2413151205
2404500453
2673055733
2673059316
2672862580
2639312212
2618335572
2618532212
3558011188
3557999892
4094938941
4111695679
4145179966
4128406814
4132656414
4132794462
4141174990
4157948110
4124557518
3570909439
3570918895
3587696623
4116688863
3076505293
3076361933
3059523293
3059597053
3061753581
3061692269
3061633405
3061637245
3061702717
3057606717
3061739565
3078517805
3078491501
3086945653
3086974788
3053284948
2516399708
2516518597
2515867221
3572842037
3572772407
3564388150
3564384614
3570675814
3503567102
4057330110
4082479519
4078220703
4063541641
4067735689
4067199113
4075731177
4084120665
3009864969
2984755499
2984731435
2984735531
2959546159
2959548207
2422542111
2423328542
2421230911
2429623599
2425363775
2155879711
2155880269
2155880285
2172653429
2176851829
2210430837
2202103061
2202103061
2202036501
2202040599
2202081591
2202081591
2202077494
3276212534
3242662182
3238402342
3238476055
3238861127
3238792519
1095519685
1103910341
3243233781
3239047653
3239047677
3243046367
3251411279
3230505311
3230645119
2156837743
2173676399
2173549439
2211291103
2194511583
2186277598
2186212094
2194600694
2211346086
2211411878
2177723814
2177658023
2160351413
2168801429
2164775309
2164779469
2164779279
2198317335
2198318359
2168958231
2177219863
2172948279
2173013813
2210762613
2202390501
2202500597
2198300021
2198287461
2202156327
2168601911
2176990486
2160146710
2160146718
2160146782
2160164174
2176941390
2210481503
2193687935
2193708415
2202369407
2202368379
2168806267
2168748923
2168782811
2164580315
2198198235
2202392539
2202400731
2202400763
2210780667
2210766315
2177340907
2177340923
2177349595
2177349595
2160443355
2160458619
2168847227
2168806267
2168945019
2168941947
2202477945
2202476889
2202337753
2210743769
2210749947
2210757115
2210785770
2202393066
2164775418
2164776282
2164782922
2168809294
2168747903
2168805247
2177324407
2177262935
2210882903
2244339063
2244343271
2244335079
2177368039
2168840151
2168508375
2168572893
2168642525
2168646605
2168647117
2168546813
2168485225
2168477033
2168476953
2202238235
2210560315
2210625899
2210756970
2210716154
2210782619
2202391947
2202391947
2202391449
2198197177
2164774905
2164708985
2168976925
2168845855
2168743743
2177196331
2177234219
2177228075
2177227097
2177358297
2168838553
2168838585
2202392985
2202533257
2168976779
2168975754
2168836602
2202392042
2210790890
2193979758
2194106654
2194107678
2194111774
2211927326
2211829055
2178257967
2178388351
2211877341
2188878237
2188751261
2188678556
2203426196
2149046420
3222698164
3221633168
3221633409
1075199361
1077292929
1076242307
6693763
15491970
32302018
65900882
65835362
49066338
49062947
40743987
57523219
57515059
23960881
275692337
284080673
837729056
921671712
913086480
908639232
774411264
774602752
1848295472
1848528928
1848512736
1852637856
1778123429
1755067055
1755129502
1754211982
1755131546
1755114090
1773992238
4209813535
4197231629
2049942541
2033099781
2017367045
2015284999
2015283730
2026822178
2022636066
4221368930
4204559842
4278124674
2667184258
2658861186
2671445171
2621390755
2625580707
2629648115
2629647969
2629578465
2663130851
2394695395
2398622275
2386248961
2386183169
2402945072
2351638580
2351572996
2364155908
2360027444
2360897121
2358796898
2358829906
2361959266
2353633250
2366279138
2384103874
2251983298
2263530370
2259390083
2259326641
2263610017
2254987936
2250793636
2519254948
2519254180
2523509988
2523504660
3597377540
3744129028
3710574597
1546544150
1546520630
1545996326
1546062054
1550257078
341978758
350364294
347079302
76546726
1150292902
1150296482
1154540962
1154527154
1168291523
1117955651
1118208515
1118798339
1118409251
3266098981
3261900068
3257709868
3542988604
3509499660
1412345356
1412345356
1953344301
2011990319
1991022638
1995283518
1852736526
3996024846
3996024846
4264464390
2116477222
2099667558
3961926374
3967091430
3973318306
3969138402
3971246561
3165939824
3182811136
3203856384
3195530240
4265014272
4265525248
4286501152
4257141025
4257072419
4254881058
4259082018
4246482530
4246486642
3709738690
3692957378
3692699266
3724226178
3719892883
3753463280
1589239104
1589245184
1585034240
1585030192
2117641248
2050729008
2067708944
2032110705
1763548259
1762503906
1762127330
1762051522
1796654546
1800914274
727055714
693402722
676620387
676817015
685235253
685231221
687197301
693625927
1800889415
1800693095
1783919078
1791255526
1791431350
1808142983
1800876679
1767187095
1775580839
1754597031
2023558847
4238293709
4255070989
3718064908
3755748108
3757844796
2390703388
2407470364
2378105148
2359099693
2359235375
2359112238
2224824878
2224825070
2224865958
2180809142
2180809110
2172223878
2172227743
2235282591
2218506381
2216343693
2233120973
2233116877
2535108045
3608847823
2535035343
2534982095
2505818458
2505989162
2489198638
2489264430
2237475118
2248093214
2277442078
2210333215
2210202207
2208039661
2208055973
2178728356
2169800116
2169877908
2170011028
2202267028
2198075892
2199058725
2199288085
2199268101
2199269125
2165714693
2164592437
2169245476
2177634084
2173443892
2173439796
2206996245
2207082295
2190468454
2190276070
2190269670
2194442470
2186053782
2185611462
2181388358
2198214918
2164668678
2153131782
2161520198
2161600215
2160883623
2152517543
2152517543
2152566711
2152587159
2152062614
2152036882
2152086290
2152081714
2161518898
2161453106
2180327474
2195589122
2195606786
2195639555
2195508563
2197589987
2189205475
2205982691
2205990903
2204090293
2204089745
2204087697
2204089745
2204089777
2271197616
2237577648
2254355348
2522790788
3594430916
3594430468
3593381908
1580067876
2116903972
1043227684
1043227700
1043229700
980290565
1006438663
997001543
997017927
996890999
996891495
1005280247
1005181655
971889223
971889239
972028791
971893111
964552791
960325831
958228695
958364135
962543591
970928871
966734567
966341341
949564105
415773001
407380297
403189113
403253865
415918697
412011129
413108956
431786700
515673804
519865228
506364044
506368140
506114196
506114277
975941858
980008034
996719718
1031335014
1031400662
1010427030
1010558102
1009436087
1013696423
745522871
745524919
745003671
1843919575
1743252055
1743055415
1726278183
3890522663
3882331703
3848703494
3848785415
2758266455
2758135413
2758135524
2758082276
2758045668
2758569956
2699828964
2695700196
2695708388
2699833060
2699568868
2699568868
2699589604
2699576821
2699578741
2699648343
2699815191
2691426583
2691426615
2708207891
2741950723
2725174535
2733563143
2733505911
2732911975
2732916199
2733112823
2724617623
2742517174
2742386102
2742312374
2708757942
2708831638
2742517142
2742517142
2742517142
2741369334
2800089590
2799761782
2816538646
2808195094
2808331286
2770582623
2770578509
2771643597
2771643612
2905795820
2905766380
2943540076
2951891500
2947762748
2918218244
2766171652
2766204435
2900614946
2917387554
2918305138
2951863746
2935156162
2926751170
2926772050
2926759794
2922499959
2922504053
2939223412
2939223420
2909830524
2909896028
2893233532
2900499965
2900565358
2896366958
2900368694
2917154102
2909811986
3111329810
3153207314
3149078546
3115659270
2578915334
2646483974
2629699599
2633632012
2633718540
2381900364
2331568712
3405295304
3396920008
3396911817
3396879275
3462074794
3713741226
3695837354
3695856814
3696938126
3629820302
3646466509
1511565644
1511565596
3659377948
3665802268
3732574236
4269445180
4265513004
4231888940
2889782732
2891888524
2898169518
2897059502
2898050734
2893340330
2887046826
2886752154
2937283994
2939315626
2909931499
2897415930
2897297114
2897242970
2897242954
2901470554
2942434650
2791495130
2791495114
2792617355
2792482203
2790352301
3864221101
3880928685
2775731693
2775801340
2774622044
2774597468
2774595356
2774660924
2757883676
2758928156
2901538621
2918446911
2918317934
2917269374
2942392686
2942523774
2939378174
2939386334
4017322463
3983760863
3992180189
3992057229
3983599069
3983599101
3983588845
3983645949
3849436253
3849452557
3844209757
3844340861
3844242543
1696734574
1700925294
1826754102
1826819602
1826699794
1826634258
1822439698
748693507
799074305
782493712
715322368
711102465
707166273
708215283
1779934114
1784129442
1746251666
1746717062
1748880319
1748847277
3900451501
3967101609
3974577801
3974431417
3969913513
3969913513
3974107551
3991954831
3992151263
3990052351
4025572735
4025580895
4024527631
3982715663
3991109407
3990961983
1835080991
1835081055
1836137597
1836260589
1878203645
1878209759
1844667535
1844634757
1844632965
1842453893
1834006997
1834007413
1836104501
1868806679
1847766533
1847768597
3995309877
4011951905
1830868257
1814113571
1747138851
1747061026
1752303906
3908176242
3920759106
3954331074
3935487426
3935359426
3934299122
3951092598
4014006902
3976229486
3976410991
3842129391
3879877805
3885107373
3868346556
3868379276
3868563596
3868506252
3864300749
3862861117
3878592831
3844514623
3827737375
3961643807
3961550639
3961530158
3894619950
3912369966
3948087102
3935373118
3935378718
3935385870
4202703119
4202703111
4185942278
4169333702
4169580166
3091629718
3091628727
3091497655
4160792245
3909136020
3942690452
3942694564
3942817444
3943861988
3916611364
3990990644
3990993204
3915421956
3911235845
3912497173
3912423479
3912423478
3945979190
4017282358
4025732902
4008763175
4025544501
4015058236
4015062076
3979467836
3979598972
3962820733
3962755309
3982645743
3848424382
3890350782
3890417310
3890290334
3823117983
3823116989
3823182524
3852677820
3852538808
3835703768
3835704328
3852482568
3886049288
1990256648
1990240267
1453570314
1457689866
1432535818
1411531550
1546781502
1546798902
1599536422
2125768742
1991551008
1991554112
1987477632
910065792
909541504
2000073136
2082861984
2082755236
740636324
1814374125
1827417711
1823222318
1822763534
1822829326
2091793166
2091588878
1017647470
884482158
884675659
905467913
903407720
895019112
924571736
924505112
555405320
555667464
823574808
809681704
817948200
281053736
281258520
281127439
281128518
281126342
281256182
281116838
1355007158
1095109830
1107704070
1108749062
1109797686
1122971430
1118577462
1118314758
1136132414
1100530028
10016236
13150700
119073004
102365396
104488132
370808004
370540996
369165030
507540198
515961574
377529070
377530270
377530758
377530758
377596308
109165492
1451408284
1451667340
1381993884
1916437932
4062879980
1915397221
1932174143
1882034702
1881982479
4029488653
4029554251
3492690475
2418944298
2431395882
2427194410
2427192330
2427199498
2158764042
2175586314
2175587374
2180828266
3279736043
3258879385
3263081864
3263081928
3258360904
3526671416
3526657064
3527181384
3527189577
3541478603
3490107354
3494268574
3498462878
3498464926
3499578030
3499385519
3566494383
3621017006
3612662950
3574900774
3560814626
4096628754
4096755714
4096437250
4096426241
3857355552
3869938272
4008347296
3999909504
3995651712
3996707488
3996675744
3999805092
4008451556
4003728431
4007920694
4276101174
4268040214
2120622086
2120622342
2112234766
1487277119
1554909199
1554663502
1554696334
1554745742
3706240446
3706251182
3706249646
3707290030
3707683310
3640062311
3631506727
4168379667
4168411955
4174822177
4187397409
4224879968
4199793857
4194550209
4194551491
2046885603
2046848738
2046831202
1790970466
1803893218
2074028257
2042526864
2109623424
2104425600
2101267584
2098630528
2098435747
2136007394
2144396066
2127585574
4266668350
3738177594
3736220730
3752999210
3752205098
3718646570
3703327690
3707357838
3439001486
3455759246
3470574495
3457991597
2249478829
2249536237
2249598501
3325439525
3571936997
3567775428
3567769476
3567748996
2493810084
2489615524
2486480100
2636557349
4247169029
4280723719
4263880967
4267814166
4277662759
2121711653
2120106085
2115895541
2132751541
2132683956
2135824788
2144219077
2107191876
2107187716
2096701956
1551446532
1546334724
1546264068
1416170020
1421363749
1419266598
1469664774
378257998
382255438
374927422
1450942526
1459266570
1987750987
1987755241
2000202985
1681434777
1679329417
1678413241
1682608041
1682540523
1682740091
1812836634
1813422378
1813422122
1748361262
1748296750
1764808999
1766967607
1800534295
1767111543
1769200503
1769196407
1769196535
1777453431
1777400183
1766975831
1766975831
1767106935
1800657271
1769195895
1769195895
1769064823
1769077207
1836181983
1836445151
1836449277
1836438973
1836570045
1836568061
1835522559
1818622463
1835399551
1835395871
1701177663
1734834463
1735351582
1735349582
1735349598
1735218686
1701140462
3856998326
3856998326
3852811734
3887150582
3885053142
3868533910
3889505670
3888590214
3888594839
3871820437
3867499156
3867507388
3868032724
4007468996
4269614404
4286522692
4236125520
4236128208
4166926032
2019506897
2027761363
2027241186
2022979170
2039494514
2056336642
1519482114
1523643394
1514191890
1514187810
2051058722
2059447398
4190158062
3905068271
3905068524
3905069036
3896680436
3896610772
3892420052
3976313940
3976440949
3976375399
4009932902
4009941094
3993159782
3997419894
3997392246
4006829398
4006706526
3872472382
2815507774
2807106878
2773814046
2910128958
2918668838
2897705511
3971350068
3904172548
3902067204
3906261516
3910160396
3910160440
1798534184
1796372520
1796368424
1782737179
1803807242
1803614794
1803614794
1807802698
1799413834
1765814346
1766002810
1765937386
1757545897
1753353128
1753680552
1820592824
763640456
763575944
768815752
768664200
802198152
726700712
725656552
721463656
721463336
721528856
1795405833
1796388873
1796375561
1796374585
1779581227
1779573547
3927061289
3926983017
3925869032
1799372216
1753295260
1753361292
2021800591
1484921486
1484987014
3363841734
3376427622
3405775398
3389006614
3389022998
1249961814
1266722802
1233171424
1484829600
3632300432
3629154704
3627124176
1479772608
2016586048
2031266560
1762831104
1795336720
1778555441
1782748711
3938685479
3938484775
3938497079
2856363573
2868950821
2868942385
2839581232
2823000608
2831348320
2831351392
2831350627
2823932258
2823850338
2886764642
2937243714
3859995714
3859964994
3859951682
3860017394
3859878114
3855682786
3834710498
3834842098
3834850002
3833801410
4152573634
4135608258
3061900738
2525029746
3598771299
3753927712
3711974688
3691002656
3628218916
3628218980
4173478500
4224786132
4199550660
4194354564
4194339972
4198542469
4198541445
2076225157
2034345637
2017637025
2013442721
2013389491
2013651571
4229296422
4235588646
4251056238
4267886686
2120407118
2120669390
2120665543
2121060084
1869374188
1826906860
1826910956
1818387180
1835197164
1851958252
1853006204
1859230765
1859160110
1859164202
1869654074
1830856730
1831058442
4012019722
4012015626
4012032058
3929194538
3931272554
3956438506
3952304111
3952150492
3918608204
3905957708
3897634764
3893571581
3893509871
3910274790
3922937590
3952198358
3952116678
3951075398
3951075399
3917784132
3909397588
3909462372
3944655460
2870925924
2855979556
2860240420
2868692500
2868696836
2868770068
2868897045
3940541749
3932152887
3927962647
4011316311
3977692247
3977692663
3963078135
3832894973
3832894973
3832829357
3832829933
3841286127
3841286143
3841317727
3841452815
3839224607
3856001855
3881172799
3881293071
3860328781
2786357725
2786357743
2920551406
2943681198
2952204014
2913405694
2913295102
2914876318
2914904462
2947868813
2947867804
2943778956
4013064396
3977424908
3977487396
3893406757
3960530991
3962628398
3979533614
3979530046
3978481438
3983658847
3983663103
3983666175
3982617599
3983760383
4017184253
4017192413
4017169821
4015072669
4015203735
4023588278
4025685942
4025556406
4025564566
4021632406
3887474566
3887474566
3885368263
4120327109
4120651717
4120667517
4099698045
3563056477
4095671631
1948177743
1965016526
1969083870
1910359519
1910490623
1910363389
1901982829
4145931388
4148000092
4148123100
4152317692
4160640748
4160623341
4156371679
3621528270
3587978078
3587978606
1423717742
1423783206
1417045270
1417110790
1433789766
1431688646
1465374166
1465308630
1465316806
1465308566
1465370006
1408746967
1375195639
1442312565
1442115941
1433723173
1416946989
1417008445
1433851197
3581343551
3579311967
3579705165
3613185373
4150121853
4150261101
4141872492
4158617564
4158486348
4158486364
4150015277
4150014255
3579670830
3579728190
4041098046
4032778814
4032688702
4028495454
4032608975
4049377948
4091329452
4074737084
4076766349
4068376717
4064186591
4064268415
4080853102
4051461422
4043073326
4043210606
4043210094
4043210223
4118640079
4118640077
4118803933
4118799853
4160743261
4160747341
4160747279
4143970079
3623867191
3623736087
3615281439
3078484287
3086873901
3086867757
3086867757
3053320509
3045062925
3042967052
2489277964
3026146868
3028251252
3028226676
3036419045
3049026021
3049017574
3048861910
3048988886
3044670678
2503596278
2503854198
3039725574
3073288454
3061770502
3070223621
4278186757
4278108948
4278174509
4009554733
4252562223
4231747451
3157949403
2889501178
2889570746
2893572282
3973606554
3986171034
4019728858
4288164794
4288295850
4292485818
4258931339
4244314045
4244114861
4244143533
4244138460
4235782476
4252559693
4282182925
4148143373
4135498039
1996390693
1996456229
1742517557
1734128737
1730063457
1730063552
1665041601
1665057985
1665122481
1631371427
1630827683
1635017891
1635196067
1677139363
1677008821
1672814229
1672822417
1671768721
1676094097
1675963281
1634037633
1634201025
1634138049
1642526673
1642312256
1642308112
3789796144
3789592352
3814765872
3810569476
3810569524
3810700580
3814907693
2715993389
2716288303
2690924863
2690938143
2758239519
2758245662
2766625662
2783796079
2817351679
2817400526
2817398414
2934838158
4008514462
3891016174
3882623342
3882623022
3849134110
3983368478
3984417055
3992971039
3992971039
3992841999
4250726223
4250721102
4284271438
4284436318
4259208558
4294894958
4292862318
4023709822
3990151391
3980714461
3980895700
3980832244
3980828148
3980893652
3875913156
3875919300
2802303317
2807480821
2782290405
2784321893
2784785767
2767996903
2759413719
3027851735
3044764119
3078188487
4135398855
4269616334
4269749710
4269692286
4269688174
4278010670
4255478558
4238861070
4242985743
4242916159
4235522863
3161776431
3109348719
3109318143
4182079983
4165409775
4166392511
4166913677
4236119757
4244575949
4261155581
4294717933
4294729837
4294762605
4292141141
4250182663
4249332999
2085010711
3959856391
4246113543
4245998870
4279551334
4278535526
4283827702
4283831798
4225644006
4225529318
3957089382
3952927958
4221428941
4221480269
4225736012
4216884573
4212698461
4279887197
4280218941
4250850621
4259235109
4259267941
4261238116
4261181300
4250793812
4250924885
4250924997
4250822597
4250824645
4284177845
4149763509
4149767349
3881401525
3848264885
3856057751
3856127959
3855857271
3790648887
3790653239
1634788663
1664116071
1630545127
1630745829
1630666913
3782608289
3791523824
4059957840
4088125968
3819493904
3819481860
2817043204
2779491844
2779423236
2780475957
2914681446
2918744806
2938689254
2938686950
2921973990
2922268902
2939058390
2951638102
2813291591
2813228102
2813257158
3891160470
3892078006
3879474598
3843359922
4095161474
4030080386
4030084482
1886260978
1890389538
1889798707
1889810947
1940138497
1923575297
1390933249
1391968257
1381285921
1376039009
1929683175
1929880055
1900197333
1883479527
1883277807
1883277759
1614973343
1614982030
1610870414
1632757438
1666315951
3797120751
3799140343
3799139703
3806359671
3806355495
3806355511
3882963223
3849581399
3832735319
3841124951
3839073111
3838871843
3838876707
3847271443
3847462919
3847401479
3830616437
3826505701
3826470821
3825221557
3841994677
3846254501
3855750575
3856074207
3853847886
3852738318
4154797887
4154535726
4288753438
4288753487
4293943247
4249898909
4250228629
4250400405
4232573584
4232442544
4232110832
2085675633
2088035111
2086727718
2086725670
2120341566
2120407118
2116483150
1848035782
1848495046
1852634861
1835328108
1818522156
1818587756
1814192748
1864508156
1847730620
1850948788
1858078949
1853884527
1853888558
2123380782
2129669130
2137088010
2137182474
2137178906
2145813290
2079827755
4220824877
4219775292
3935157532
3939217164
3948582412
3944449560
4013655593
4265264683
4198110698
2050632878
2050702526
2054751422
2059076798
2056913326
2057180158
1587483471
1586782733
1557456644
1282849796
3430320132
1282394116
1281738772
1281710132
1290747172
1286563363
1304388130
1237123618
1220285218
1215848802
1211687266
3626677570
3643449282
1529777795
2049347201
2061601473
2057407185
2058591969
2060517025
4215287522
4177800934
4177927910
3104709094
3092121702
3097036902
3166178390
3182977102
2679693518
2660803020
2660868812
2664207096
2651623272
2651687208
3189672232
3178662184
3170281992
3166087688
3170279947
3088159310
2819654382
2819658478
2819675114
2819671150
2849228830
2849433615
2882988061
2858346557
2858350605
2866732237
2866503823
2878943407
3908767910
4168745126
4164813218
4163241634
4167240354
2028157618
2024815298
2024811458
1487940034
452345026
183372995
183114945
183192785
183094449
443071649
443065569
980197729
1005363811
702985011
702980403
728870935
724665366
705857558
705861654
722647102
724744238
724736042
724812842
710000650
718290954
717451290
734143529
1807887721
1766001515
1761938026
1762069050
4215739930
4220330506
4220264970
4203536922
3146293787
3146294872
3146296904
2877856472
2845346524
2843314940
2838466284
2837874280
2838922856
2872223339
3929138410
3929027818
3929085146
1781662938
1785861370
720516347
716318873
781331337
747780749
746728077
1015164550
1016275590
1016091270
1552990878
1555076774
1555074470
1587587446
1587980290
1587980544
3752111376
3714360096
3710165792
4247229216
4247159584
3190215472
3194418448
2934083345
2930936595
2864024099
2866055715
2874977827
2837243447
2837246550
2870920166
2870624430
2883286190
2878895294
2845670590
2845736094
2849439183
2838943501
2905785865
2904610312
2904614456
2908810792
2851133992
2847144489
2851266154
2851291994
2842689994
2870215114
2836664522
2841452794
3150914794
4221447402
4221180078
4221254798
4206439567
4210900108
2067747980
2031572108
2098689164
2098357644
2081580508
1012094957
1028749037
1070659199
1072756345
1053878109
1053882239
1070658879
1028683054
1007777086
2081570110
2085756734
2086018870
2094947286
2090590135
2107235988
2140706432
2123933312
1861792400
1861784240
1853723296
3995447904
3877676833
3844125987
3844185138
3844184118
3844200470
3844306998
3978442790
3978442790
3982625830
4024567078
4021486902
4004845430
2929555446
2928475783
2928459396
3213409924
3184040580
3171593856
3104485008
3105791664
3141455840
3123600417
3127774242
3127319602
3127851010
3144558594
3144296450
2582252834
3098085154
3098030631
3098075772
3098059340
3098059464
3165164248
2640874152
2671348392
3208358569
3191597743
3191762862
3191750831
3057516687
4134404297
4142796872
4092466248
1886267464
1886267596
1881827724
1886017949
1626033807
1625834126
887636702
1961419326
1953063486
1949049390
1881943334
1881421862
1885751350
4104575030
4155885798
4135879062
4136481668
4136543116
4137591116
4135157804
3056107564
3056114728
3072960552
3073026089
3073047081
3077229097
3211447865
2943995481
2944194141
2944198429
2910836021
2910770229
3975074835
3916354563
3912159251
3912232979
3912228915
1798304803
1798296609
1803535457
1803541745
1803025857
1767369155
1767373187
1767229874
1867893154
1867831778
1867839970
1876295154
1870124371
1870000595
1836446193
1819669489
1819768817
1819762577
1819761553
1817664401
1825921521
1828051425
1843779953
1869086017
1869081857
1852302609
1852307249
1877329699
1877462323
1835523347
1835531523
1835498770
1835365666
1835357986
3991212898
3991864275
3991345043
3991224243
3991239345
4021680816
4021672688
4004633296
4004756032
2951850561
2943397633
2905648434
3977379106
3960593698
3960593442
3964718114
3981464610
3981669394
4023541762
4015157331
4015194611
4015198673
4015207857
4023858609
4023851921
4023859840
4019665536
4019542672
4018428657
3850660849
3854855633
3846530433
3842437507
1677947795
1678992051
1677927091
1950495363
1967198865
1975522273
1975587105
1976635412
1976577036
1961895964
1974593832
2008136504
1720814089
1854966281
1858112266
1778427162
1778425898
1795268670
3909267471
3909255237
3892478049
3960652256
3967108064
3974395552
3986955937
3987480226
3987480482
3992729010
2910069906
3967230354
3967168978
3975549762
3971429954
4239730240
4287966916
4271189700
4275329988
4283222983
4178352598
4161579510
2014095478
2013572118
1751097366
1772007474
1855885328
1860075520
1848999936
1849017360
1715457056
1715357792
1732119008
1698368928
1709770641
1743458947
1739272835
1722495619
1723544199
1989751445
1989682157
1977115117
1960373561
1962596361
1693092105
1693092105
1827379993
1827187515
1818797951
1814594558
1781055902
1848525214
1847988654
1847730598
1851994594
1860186594
1857048946
1787949335
1786835223
1874914310
1816176646
1812113478
1812109766
1812384214
1833815462
3856191398
3891972007
3887753207
3890964435
4150814675
4151912403
4135266034
4149884658
4158342898
4120463090
4107880146
4109989827
4110017987
4110018033
4105953392
4159434768
4134518784
3593289728
3609679120
3609602864
3559270945
1415920161
1425087027
1420824370
1420821778
1437602050
1437823234
1437856018
1609823506
1599323474
1599191250
1599445202
2136443986
2120191058
2011141363
1734193392
1729995184
1729471920
1696048560
1696071072
1729223072
1729157536
1718638944
1727232305
1727163395
1659069442
1650552834
1650941954
1659334962
1659175203
1643447281
1625228180
1625232260
1625240460
1625241224
1694440072
1688148665
1956395755
2006215418
1989470846
1989476126
1993658638
4132737294
4265512975
4247691285
4230914388
4235128128
4243573200
4244360160
3170585440
3170376992
3161994528
3157795104
2893570848
2901075744
2897925683
2897971762
2914814562
3221012194
3208433394
3174876914
3157152338
3157160530
2888721906
2901159138
2896955619
2829998290
3958302914
4201572482
4198428034
4198483906
4197435346
3941451106
3953718374
2829642855
2829641828
2833836100
2825431360
2822475456
3894060784
3894338224
3898532512
3898602208
3948265952
3931620560
3927178304
3927174145
3927177249
3929229345
3929102385
1781607797
1783705061
4015069093
3988783797
3984659127
3984659095
3968022166
3968282246
3968151190
3968613015
3969665687
3969678212
3969706388
3975998900
3992314324
4017524932
3866546244
3866157077
3866157103
3865174058
3865243690
3882011946
1701038378
1700841786
1696626954
1696626954
1697713483
1697711563
1865613819
796066795
802362217
764490553
768615193
1842373385
1876026136
1876141880
1871822136
1871747352
1875937544
1842384136
2102576904
2085769801
1951535690
1947603562
1410798570
1410675182
1349857454
1356272814
1354110086
1086194822
1086205062
29232518
61820822
44423062
1118106551
1118101943
1118085543
1118085615
1118085487
1139056941
1097130285
1076684077
1076852025
1076786441
1076786441
1093563657
24073481
24102155
24102155
24085787
1131255067
1198363931
1198359834
1198361882
1181601050
3329215770
3329105722
3337500474
2263819050
2260542266
2260677434
2260611386
2260676907
2260218159
2394431789
2380793133
2246593901
2230177261
2221792751
2221921787
2221913563
2221912539
2221781403
2221773211
2221904283
2221912475
2221848027
2221848009
2221927897
2217733467
2217735515
2217662281
2238642121
2248058825
2382210521
2381118953
2305609209
3375122888
3375319496
3408795992
1262365960
1249780488
1249715000
171520296
169476408
169546040
168309036
185098536
420012392
407433577
407491065
407613915
407548363
407549323
407811467
407674251
407674266
416265610
432977290
432968138
424579530
424575194
432391419
499482027
524709307
524713915
507924153
507839161
239866505
88880009
72618313
72679721
7733545
6759725
6761789
15086861
15077709
15073741
32965069
66388445
58085660
57557276
32360252
65857324
65840937
44868923
116237578
242191706
170888634
170900410
174833594
1252571050
1252570026
1252561833
1252570088
1269408040
1211867432
1211867432
1480171820
1482271036
1536796719
1519097958
1514838246
1511689382
1511702662
1513750662
1512702342
1501430439
1488855717
1488725732
1486630628
3634114165
3633065559
3633081158
3649890630
3738147062
3737958566
3738023078
3733885071
3600724108
3600461964
3529093308
4044922028
4030368360
4029319720
4033526313
3765022251
3760760378
3760759610
3777724714
3811231034
3795482074
3797418458
3804823674
3817537578
3783995434
3768131643
3774359625
1895442889
1895705275
1895746218
1977404090
3888946826
3871650186
4131688522
4132872206
4134969372
4134970148
4130697764
4147380772
4147380844
4145480360
4116057768
1955408041
2090674346
2090477786
1962621962
343424010
338171210
338171850
338292458
342601386
367767450
1475000202
2012119438
1457947022
1449427422
1583649318
1600447022
1566843438
1567564334
3698206254
3706330686
3702197550
3702000751
3634900207
3652741327
3656968399
3688409295
3667504335
3667568109
3734675917
3738874189
3747250541
3742925100
2671354156
3711544612
3711494948
4181256964
4179360512
4162518548
4166698532
4166698805
3178941703
3178945542
3178924230
4285188230
4152085686
4151857590
4292359078
4258800303
3179946669
3050242724
3051095717
3078375233
3077491969
4151246081
4159481863
4142180354
4133926914
4129724434
4129737747
4263953747
4264935907
4264846247
4113834679
4097188495
4097189775
4109766567
1958022567
1957961127
1955866111
1972642061
2012487951
1451181343
1466844463
1466852399
1466950719
1970139151
1953468687
1953399563
1954447881
2088668681
2105445145
1868343592
1851566376
3994855720
3994848520
1715257801
1648182153
1613365933
1613365927
1617834663
1626219186
1625698946
1621098915
1939869859
4070577282
4070782979
3533711365
3533727765
3269519404
3244611880
2158480664
2175779080
2175713800
2176746009
2207941355
2207818414
2212007598
2184808622
2184812718
2470287550
2470361246
2470361295
2436802637
2436819980
3493784868
3497967140
3573454368
4106146337
4106045235
4235724050
3692569890
3692633378
4229582306
4250552194
4292477826
4206588547
2057953921
2126291632
2128388768
4283230116
4245483244
4228672461
4228807657
4250328043
4258679279
4156444110
4156360014
3619422543
3607052623
3605952367
2532271853
2532271085
2532266437
2528100757
2663235765
2663239861
3757958389
3749506423
3744329015
3727686967
3660512534
3660250390
4197176630
2032791862
2016006454
3630879494
3631141381
4169106948
4166822516
4165774116
4165773604
3897338144
3986536736
4003370752
4003365191
4009672774
3862487270
3862438118
3862429862
3862889638
3867018670
3875421838
1740517006
1704734351
1960585869
1884039821
1884232332
1892502972
1888797116
1907737564
1906742092
1944560136
4091851289
4158955051
4117015082
4100454954
4096686894
4230895918
3695117326
3694985230
3714920462
3723305022
3752796206
2679005486
2678997311
2662255388
2392623624
2664213080
2655824632
2651622104
2651505352
2673525704
2514141625
2512044203
2493206699
3562549483
3558348191
3560641439
3560581003
3576309641
1432954761
1911033753
1937583065
1937517529
1937534809
1945920313
1941725483
871686459
1937035274
1363132442
1430167594
1430104107
1434224681
4124609001
4120545673
4154100104
4154111368
4156199304
4159353273
3890913451
2791940266
2788794602
2788860138
2788853851
2788031337
2804804136
2771353128
2754544184
2687304200
2691437064
2699301147
2695109738
2694843498
2694909038
2981301374
3081908302
3079807438
3604112847
3594973005
3595041652
1380240244
1380239636
1380303876
1447448576
1175347203
1461674019
1545429027
3695075635
3695068995
3430828738
3437972098
3433745026
3719006850
3735592594
2661852834
2662900642
3197673894
3197674734
3201866989
3189280200
3191386056
3057184392
4131021448
4129956780
4134150572
4142727340
4125884589
4100797637
4101909959
4109823303
4109822726
4105480982
4105480967
4108696837
4126119175
4127101205
4118794533
4118663524
4114371045
4114358693
4147979685
4152244133
4158522021
4153873287
2005165510
1976853958
1968499766
4111780902
4113997094
4118195462
4118197506
2010628866
2010628867
2002239761
1987531124
4135003492
4130807780
4151709668
2004230100
2012680020
4122414868
4105520661
4105500173
4105481741
3031739964
3052715564
3051132460
3075770108
3058991836
3054813852
3205780141
3176420079
3186909414
3165938918
3165980710
2562525238
2565801990
2569938950
2569938950
2607426566
2615819334
3668575686
3686335926
3422033318
3412604846
3374850734
1227367070
1227448970
1266213514
1268310665
1319021961
1319020681
1314371721
1309984923
1309788251
1311959066
1323493642
1202124298
1151549977
1155617336
1147232856
1143198364
1144112060
1288754340
1439755428
1472244900
1459723492
1426235236
1964148244
1948419588
4100163076
3835735552
3835735587
3840191014
2759174694
2887158310
2887682598
2770242050
2805713413
2788712228
2788689188
2788754784
2793014752
2818182496
2814053664
3199933488
3199155248
3198690338
3198710882
3198730482
3202913426
2654510210
2654640514
2637863554
2621110914
2621057670
2620926647
2632461285
2628267237
2628261093
2494170325
3031041223
3030971606
3035149542
3022562470
2905191590
4013657758
3996687054
1849207502
1847110223
1780185629
1849301805
1849230381
1847918639
1826750510
1755447354
1755459658
951200974
412100998
411052935
142633367
146864305
146972097
206739137
206747201
208832193
224509889
259124673
259021233
118500769
118695329
118633377
124912545
133301153
111346577
111167425
111210352
115386672
107198736
115456032
1206107169
1201929315
1201765730
1202731618
3471845986
3461552674
3461487122
3471973890
3467785490
2410026002
2376537106
2359876625
2359868432
2364050736
2355662640
2288552496
2347282032
2326440512
2326702912
2330897379
2390020066
2390003618
2385678258
2401410947
3441614209
3426221443
3426023570
3423922338
3423922402
3423921442
3430408450
3438732034
3434013442
3433992977
3433988384
3450454048
3420999684
3391620100
3391816708
3391753228
3409583372
3380230701
3436784237
3432541801
3432564440
3434644104
3451491208
3484000648
3333009819
3597172906
3542910122
3006565546
2973014442
3023485322
3023481482
3044470458
3077973674
3076858606
3072594462
3076850207
3085370157
3080987948
3047435300
2510579733
2544167175
2679615238
2664871430
2598273574
2597880294
2591604902
2608382118
2636705974
2619940998
2620007559
2620276101
2620279460
2633947812
3181312692
4288457348
4292651716
4267485508
4265511940
4265511956
2116979760
2116457504
1781919777
1781919747
1782014002
1796624674
3910533666
3898476278
3908701894
3904507590
4171960006
4172809959
4172821221
3103269580
3101172428
2564301160
2577011816
2610564200
2593868872
2592631880
2613634056
3419120985
3654190570
3637413866
3630073786
3625830314
3642552234
3676306842
4196072602
2048554122
2119922826
2119721097
2119721112
2119770536
4267324072
4141576872
4141438632
4137244267
3602611738
3552337418
3517722122
1408050810
1399793642
1399656622
1400635566
1364985023
1364069532
1356213324
274081804
274016524
271855372
355741468
355804716
360657452
358154796
400032380
264815580
264799128
231244216
214538684
348891572
348760309
340437207
337553799
337553799
288789382
305562247
304530055
1378239153
1378226849
1382294499
1399072035
1374973218
1374976306
1404557571
3551980291
3535268097
3535120688
3539967776
3556673024
2440742400
2423932480
3520987857
3499890403
3501993446
3518770406
3553900774
3511945398
1342520454
1342579846
1342579846
268595334
268649670
268782662
289785862
298318086
868673814
848816917
848752388
852938500
844023044
839697700
839447588
570986540
554533356
537821597
810390973
810325421
810323108
809867444
826783920
822327440
323140736
1396880768
1396875649
1406312897
1391649091
1457972994
3622153778
3622157858
3580754466
3563970098
4100968210
4100702482
4108960050
4126732327
4160282663
4143669279
4135195679
4135262270
4135401838
4135402474
4127013546
4110228155
4110159497
4110160520
4108079752
4101882552
3565081324
3581846076
3590103612
1442620212
1358751028
1350487348
1350454564
1413369125
3560886053
3577667365
3615422231
1451148871
1382995910
1382991238
1382925735
3530151333
3538506148
3555684780
3622793724
3590156796
3573343724
3569151340
2495474557
2512165871
2545197038
3069490862
3061088958
3056042638
3057042122
3208041162
3174524926
3161468398
3161468143
3169918191
3170043007
3170058265
3169927177
3170136344
2633262877
2629264909
3702947358
3707133462
3428125238
3424389686
3424398130
3692981522
3713981490
1587446818
2126086161
2125172736
2120908864
1580105856
1580114064
1578541200
2080563360
2080454560
2080390817
4240452258
4236258018
4236518946
3699643154
3700883458
3701421058
3449383938
3489392642
3480942849
3480931072
3458917968
3475526208
3475522128
3475522128
3408532048
3391759940
3391762004
3395820132
3400059237
3467167974
3752368358
2645204110
2645210254
2380968078
2373489062
2675487142
2669258166
2535122838
2517297078
3058263462
4074263717
4070310052
4072407228
4084479116
4045681868
1881607292
1881542628
1881550567
543502006
568618630
596967054
595625870
578847180
578846732
575901740
590520360
589734200
1663543064
1664072216
1631291961
1631291961
1700432409
1692043977
3969560205
3988365965
3992490701
3992748613
4252468005
4248207649
4281458977
4013157665
4013084416
4013084416
4017282320
4017421600
4025801760
2952121360
2944321536
2943273984
2943276304
2943325984
2917978913
2917986851
2901272098
2892883826
2892887906
2892776290
2892776418
2892841718
2892977878
2901376966
2901179350
2901178870
2901178870
2901376471
2783868231
2817421637
2809098245
2775441477
2775573621
2775514341
2775506407
2775567799
2775439255
2784876183
2817389207
2817389239
2808476407
2808599411
2770827123
2770691426
2904827234
2942580066
2951546354
2947483090
2951615874
2951622022
2943315862
2951576486
2934758374
2931154391
3203724615
3193233415
3189039159
3205881895
3176591399
2899759143
2897661219
2897726769
3166031377
3170172416
3157575184
3173368336
2905063952
2905077504
2905074992
2909101088
2917485857
2917605169
3177591313
3177591297
3177456387
3118731635
2565079138
2561474786
2561619170
2562598082
2294230210
2294103106
2365336658
2365336695
2248015045
2196669892
2192476036
2192350852
2192357028
3261904556
3257786045
3257685678
3257677230
3258725550
1379676334
1378758814
1365647502
1357258894
1352819019
1084420619
1088677403
1080094250
1075898922
1075898922
3227564602
3504508190
3501689870
4038558735
2965277773
3032399052
3049176572
3057622500
2653389300
3727081796
3727036416
3727110176
3726975267
3739558178
2644840738
2627993890
3702260018
3439198978
3372098114
3367903938
3367912129
3367879248
3451667040
3451668064
3346804580
3325832044
3258792957
1111366603
1110313418
1114442186
1114389738
1114383594
1110208746
1109946458
1115222105
1121505304
1116442936
1137349400
1082831692
3230314316
3298475853
3300646231
3300449774
2229861870
2217276910
2217530862
2234439118
3320738758
3316569030
3299857382
3299665766
3295470950
3425498422
3475764487
3458920517
1311436884
1311371348
1311363140
1244385348
1248523596
1231731548
3370822261
3371149927
3370953334
3370958686
3387732318
3404517726
3404677462
3414033255
3363705443
3361284835
3360237155
3360370291
3369676226
1289295042
1283130562
1265304770
1324074179
1324320211
1324324305
1315812561
1311286513
1311482961
1177206017
1181392401
3350959664
3350767329
3350767265
3336102565
3340264101
3339387559
3238527654
3221750182
3234333142
3230204998
3233422342
3232640055
3232639031
3236850693
1143888900
1143850244
1160003844
120001284
119935748
86381332
90640677
91567395
87502115
204877075
204942595
69993731
74237203
82608497
82612721
82743763
99520915
267294099
258979249
237876656
237352368
237351312
237498800
238514672
240595232
265625888
226828579
1283794290
1283846114
1300540322
1322036130
1313849218
3461259138
3332278146
3602350977
3602219936
2528424868
2522129124
2517934628
2503369236
2486575636
3559264821
3559719463
3492549422
1349267502
1358707758
1356597310
1355683982
13514894
5912718
5840014
16254351
32260509
32494013
32502205
15724917
7332135
7201063
7201058
7202082
15727890
15654146
15650050
32427266
28296466
28295442
32330002
32330034
24080690
32469298
32469299
28274995
28135729
65886001
57530225
53335409
120452561
124622288
267228624
267236753
267238801
170769843
170769843
170376594
170376850
1256568466
1256313554
1256420082
1311978210
1311990438
1309729190
1321264294
1317069990
1317070005
1317073028
1321267333
1308946655
1326923838
1278083102
1277830158
1290413838
1286229518
1286261277
1219004988
1219005228
1214822700
1244248076
1512750092
1529524228
1479185156
1479180832
1479312096
2015158944
2014110384
1493526144
1510108800
1510103424
1589774464
3737274496
3733014672
3733056736
3734219808
2662442273
2678372146
2678891026
2683154994
2624426530
2620097330
3156968534
3156798710
3156765926
3156805871
3022653677
4114221533
4151974853
4142545605
4138409669
4071370438
3538691766
3530302886
3530293422
3530359022
3538288854
3534107719
1118047253
1118579744
1118579744
1122325857
1126581971
1076250306
1143097026
1143099074
1143168706
1143078850
1147186290
1425058850
1420885030
1555098662
1571876134
3752901414
3750992423
3755182621
2639301133
2635132429
2637424175
2574422575
2643890991
2643767853
2643235385
2643260104
2639849096
2618870440
2637810088
2536196264
2523531432
3597273224
3597347976
3593020552
3593151640
3526041768
3525980328
3547201736
1374565580
1101489484
1101326189
1134863662
1118082350
1118082350
3261576494
3257308454
3324413734
3274084102
3274620422
3224234502
3224119878
3228449495
3505290133
3501116324
2427778468
2427761076
2448728276
2514788372
3047465252
3047465765
3051659815
3026485798
3022373414
3022471982
3022914350
4230886686
4230880714
4235069834
4260239770
2108635323
2008823977
1992096137
1992074633
1987359112
1983291784
1983291896
1981194600
1981194280
1935061032
4042708008
4038477864
4037347352
1961691163
1953437754
1567496314
1601048026
1600979866
1568608926
1558065822
1558065846
484188854
1549591170
1545380483
1561305985
1510842800
1514972085
1523423189
3738607111
3740699158
3756427822
4243434030
3169365550
3160973866
3178791722
3187179886
3170402415
2902037567
2893786165
2893785109
3157981189
3157982465
3174698771
3208517138
3208517586
3191800738
3194487202
3199799458
3065589938
2545627282
2545562755
3618176193
3618154868
3580406548
4113211140
4046298932
2972564796
2973541420
2705105964
2736567340
2735522844
2735228237
3003778781
2983083757
3045998191
3181321766
3182958118
3114803990
3114803462
2611683358
2678796542
2645034158
3702017214
3698903181
3292125324
3476744332
1580920204
1580902044
1580901052
1585160925
1591453262
1591651854
1442752006
3573450246
3572418311
3567960845
3584737596
3618128172
3605545260
3598198060
3594204376
1445674136
1399467147
1361717386
1346242698
1349978554
1348877242
1348943514
1357145738
1088741898
1084547646
1151639854
1152163878
1152163874
1152352291
3567948848
3563828512
3710551840
2670364384
2653587072
2653587072
2653668992
2670335681
2502563539
2490056291
2494049121
2494310752
2443982880
3014412288
3001976832
2994640896
4074683392
4070481936
4074545187
3877150754
3877158950
1696284710
1678377186
1678382306
1678643089
2085490384
2089164320
2089238052
3699457556
3649060356
3397396996
3397511941
3397556482
3397618034
3397426406
3397686438
3394797734
3458777270
3458908294
3458912646
3475695233
3580554912
1424551584
1424518832
1417209488
1444460176
1377482160
3529413745
4076243986
4071729170
4087392310
4041324582
4032991014
4029056558
4029138495
2956772919
3021758007
3038514983
3074955558
2663909670
2659912726
2592736578
2593789378
2610570738
2344297969
2310553072
2296970692
2288575940
2284364676
2288755428
2297143980
2583274175
3652772506
3656966826
3647530474
3677079594
2603268154
3123357706
3123357706
3123357706
4201164043
3932729864
3932717640
3928736472
3945415400
4180288232
4163511272
4234753256
4244113576
4244441259
4244580506
4244580490
2096367754
2142519690
2124726666
1587904906
1587974619
3739652393
3731136808
4251757864
3161238072
3161438776
2624518680
2642303496
2675645960
2675443481
2683830571
2394619946
2260406318
2260676654
2210279486
2210017558
2210018566
2176324918
2176323366
2180516198
2170345814
2170411350
2202900822
2202909015
2202908999
2202925895
2202925911
2169338199
2169469271
2169469430
2177858022
2177858022
2169338359
2169338327
2169371077
2169502149
2165307845
2165307860
2165307857
2165307841
2152593859
2160974291
2161105394
2156919266
2173696498
2177825266
2177808883
2177874403
2169485809
2148514176
2165291392
2169485696
2471475856
2479864496
2991569584
2987244208
2450365073
2450479747
2451380898
2470197986
2469144870
2439784502
2443982870
2443982870
2477599766
2209164294
2192401415
2192421895
2195555397
2253229445
2248916373
2248915895
2651569087
2634791591
2617949845
2622140037
2623186564
3156010644
3174852580
3174831332
4280026212
4246078508
4234028061
3969803279
3969838863
3969821215
3835660829
3856435997
3799550077
1647872253
1648149641
1648181387
1647706250
1647444394
1630679466
1618355114
1622553530
1939747470
1922900687
1921803013
1921838853
1367931139
274249987
270183171
1346021890
1412073986
1416283906
1428836674
1596653762
1328218242
1328218274
1298805154
1286288290
1286280914
1287331330
3434637874
3434654246
3700992295
3751323703
3730352325
3728379013
3594421380
3594421124
3609641604
3577086644
2419462820
2419532453
2960403045
2985569063
3013880103
2460231719
2460231735
2460230685
2208568335
2209612814
2178204710
2165081378
3238900994
3239032082
3238965538
3243159586
3343626354
3351884883
1196080192
1326118080
1327121728
1327194708
1293640300
1544151656
1544087144
1481173992
1489553896
1485355241
1485351130
1535879370
1514906826
3659235658
3661267786
3660219258
4205491182
3148522478
3114836965
3098059684
3089671084
2552812200
2570613384
2671388344
2654613416
2665090473
2660961451
2677609658
2679706762
2629325962
2633551306
2624229194
2364190222
2359995935
2364057117
2624102965
2619900468
2502541860
2502611301
2502615527
3077547171
3077545379
3056503170
3057551746
4131298438
4131366022
3866927207
2809975085
2905342765
2905085497
3962251833
3962186281
3974707753
3920103978
3921157898
3921158346
4223410330
4223406251
4221354153
4223967372
4177896588
4161120388
4227971588
4227971600
4232165904
3158555184
2622682659
2641785618
2523267106
2523668578
2532114658
2532184210
2661954742
2661952934
2661936062
2679683807
2675481161
2652420616
2652416776
2652546824
3738870540
3755668228
3747218208
3743023392
3743088928
3728412705
1580937313
1580871793
1601843393
90837185
74072257
69989360
69859024
342490708
342735380
346929700
346864173
866955053
1923919629
1915524941
1915523791
1915523806
1915672222
1932416430
1903038630
1911300262
4042002566
4043051158
3504091284
4036392356
4055284388
4088310352
4071537152
4071401984
4071400960
2997658405
2725027886
2720825390
2720841774
2804696175
2772311535
2688425711
2701016829
2763855565
3835504335
3837535886
3837536142
3053202606
3053194414
3078507678
4084661390
4084657294
4067798927
1920001679
1919992463
1920008894
1920147886
1932665070
1937121386
1902510138
1894124554
820906010
820832282
837593354
862763274
841909515
846102795
1659863257
1654624744
1654633448
1640870632
1611653864
1611539176
1879977720
4028565865
4032563307
1893468267
1356598378
1352605966
1352544782
1082786318
1083769566
3231213550
3231230438
3231230183
2270869637
2249886084
2249891332
2390462981
2397606421
2661847591
2661855782
2666046246
2657657134
2657796134
2658847983
2658846943
2658847181
2673527620
3195710212
3195709700
3191384372
3190330404
3056107812
3073032916
2955596420
4033491584
3760792192
3760729745
1613245090
1617438882
1621886114
1621360822
1621229702
815935630
815931594
283124938
274737482
291531562
91286314
91351850
98724618
98990858
128861002
111886810
111899114
245981610
245916075
262693352
229172716
208248108
204053796
204311860
472231172
472360260
1008972228
1008968133
1030992021
890491039
889442523
890356091
892509995
660781611
652393019
648120843
648063499
648063818
652262474
639926282
656703546
1730584619
1730322473
1730338861
1734799916
1738936876
1705247276
1688478412
1688478413
1693329037
1886260907
1894254762
1894254762
1911036074
854079626
854141066
845752458
845687946
845938859
846004379
846070155
862323115
837161451
820274155
820314095
837065727
837073278
870627710
845527422
845527158
845658230
845658231
845674615
845576279
862337109
828783061
812006357
812006005
820394613
820263541
820263541
820279927
820304759
837065567
837130591
870685055
845527422
845527166
845527166
845543550
845674623
845576319
862337343
812006206
811997726
820402718
283597342
283441694
283966014
330086974
850180414
850171967
849972348
855215220
310086900
322606452
321568336
858439248
825158224
590199376
1663351601
1633847585
1625463073
1625464321
1885453825
1881187840
1965073968
4130399780
4130365988
4134560036
3065008164
3064135724
3064332300
2493907980
2494451468
2494463496
2494323240
2498525736
2498522409
2493836394
2544170234
2678441162
2683060622
2670481854
2636927406
2218669246
2218669214
2487106702
2489195910
2497082758
2492952966
2492785046
3583303854
3616841903
3606357180
4134780060
4129392828
4129327320
3860961352
1713547528
1713548584
1713611816
1726062633
1717690377
1713500173
3860942909
4130480420
4130485028
4126543396
4105570820
4105570820
3569302020
3569303044
3569156711
3317170670
3333947630
3331862762
3327709434
3456664858
1309195018
1309391626
1293592842
1226483726
1211803663
1210747910
1210679366
1210810438
1479196790
1483391074
1224433762
1224223970
1222322626
1224358850
1274677970
3401255587
3400025765
3668505268
3668480652
3673723804
3728253864
2669194152
3558517148
3562711436
3569023164
3568922796
3497537708
3493605549
3493790191
3497403119
3497405029
3505719844
3497265780
3493071364
3514567428
1400770052
1388197381
1472071190
1471947302
1442066978
1433408802
1412437026
1410356258
1426125826
1459792898
1443006467
1581361168
2118363152
4265851920
4123178512
4102207216
3833698016
2692779744
2696972960
2705496737
2734860963
2785192354
2786326738
2786226370
2786209922
2786275510
2788167846
