3749594086
3755308006
3755239334
3754190758
3754190774
3754223510
3754222998
3754423735
3754022391
3603009749
3595808853
3596062773
4128608317
4130640957
4151678015
4118207806
3581339966
3564534046
3558280974
3558082318
3558085150
3573494335
3569234476
3567653420
3232564012
3232498684
3233546652
3237754300
1075801253
1075772599
1075741894
1077839046
3056711
288269573
288273668
359040788
338069044
1411884839
1545905958
2099308342
2132920118
4196550510
4197844966
4206244838
3669828070
3736871366
3753395671
3703063713
3703104672
3698909344
3577454720
3610943616
4131041664
4131291520
4130243968
4129719760
4129719600
4133860641
4146389286
3844366646
3844350766
3848676910
4025353838
3988721386
3988524955
3988536713
3992743305
3982454728
4250398216
4246070792
4247840281
4281393723
4285587758
4285591854
4291838334
4290802126
4257378758
3703714263
3699773925
3699770853
3571254773
3562814933
3581769029
3581900103
3615454663
3614954959
1459078623
1459013630
3598112766
3595943935
3612655487
3612651311
3579094335
3570840853
3572929813
3573469461
3565089044
3565146448
3713880432
3713888736
3755947489
3755941345
3739028963
3738968050
3730583506
1583165394
1314205682
1314205651
1247227347
198393281
198385089
198385089
156319169
156319169
156319171
189874003
189890386
189922130
189922130
198310770
200538994
200538963
166976337
158587729
158587857
158587889
154369009
154237937
156334577
156334449
156334449
164723187
164723187
164723155
166852819
166852819
166983891
141785555
141785555
141785587
141654513
141588961
156265441
156265441
198245217
198245217
181450595
181450034
183611698
192000274
158512386
141729026
1221762818
1217567490
1217567490
1219927570
3367999282
3384391463
3690506020
3681060708
2674429284
2674499044
2674565092
2675611637
2642057213
2641933823
2637821438
3174823126
3174757591
3044725975
3044950263
2541555959
2541494647
2541564214
2541565742
2684319550
2684256030
3217030926
3216817934
3216817694
3216817695
3220747833
3212351096
3073934072
3040396204
3038314924
3021551020
3021680036
4095618468
3562945952
3573423264
3585543376
1471616192
1186148800
1190142272
1181753665
1181971265
124974915
259192643
225693523
225565043
225565010
225574259
259059043
259056995
267429217
231843281
231980481
223583697
223583729
252812785
236174673
504601905
504470817
504413219
508601379
1064543251
1014150145
947033089
947028993
940803184
940629088
939584736
939551968
943749344
2042723681
2042887521
2038683507
2072237907
2076309331
2077357395
2042738129
2034488529
2034490609
2034490481
2034326897
2034318641
2034442019
2069044771
2068913703
2068913687
2035367430
2043752278
2042851142
2042853314
2042877890
2042681330
2067855330
2067850211
2063721459
2030236627
2034430935
2042876887
2076301271
2072051670
2076294134
2076425206
4265851766
3741571926
3742629702
3646356806
3637953798
3638510898
3655152931
3655083043
3688637475
3688706081
3671789857
4204400929
4225319797
4225287029
4216889975
4212696831
4279805663
2115550939
2115550155
4263034827
4263165387
4150173131
4150183387
4149597563
4148557179
4115133819
4115101563
4115101563
4123358587
4116149627
4115101019
4114969947
4114707803
4114707803
4114707835
4114707835
4148655483
4148523387
4156675547
4156675547
4156675579
4148295163
4148295675
4114872283
4114872283
4114872283
4114741083
4114741083
4115789147
4115789177
4149474617
4149474681
4149310841
4149302617
4115879257
4115813753
4115822075
4115887611
4124276187
4123252571
4156807035
4123129211
4114675035
4114675035
4114740571
4114806139
4114806139
4123260283
4123119995
4114960731
4114968923
4114969051
4115101179
4114839019
4123219947
4123088891
4123129819
4123129803
4148294987
4148293979
4148294011
4156682619
4156682617
4148295033
4148688235
4148688235
4148688379
4115133947
4114863611
4114863579
3846297051
3846305243
1682159067
1682158843
1698936059
1698804859
1694610491
1729338393
1712495641
1714615353
1848833065
1848897579
1863577979
1863545851
1834177259
1842561770
1842562794
1825668827
1821437659
1824583547
1841429787
1833035017
1832969225
1833984057
1834053737
1834107243
1834107259
1866614623
1866555359
1866526703
1874915327
1874984905
1708318409
1708318413
1691535053
1842595677
1834013053
1867575405
1863376941
1863443503
1867699263
1867699471
1867701519
1842609439
1842476319
1842402591
1816188783
1816196975
1816258539
1816393691
1833172447
1866718591
1866515581
1850786845
1850831997
1862426751
1866621439
1833071071
1841481695
1824706271
1824643806
1824582367
1824582271
1824648831
1833039707
1832964379
1828778043
1828773931
1828942891
1828880235
1833065067
1875069679
1853967103
1853947871
1858135503
1849746639
1849947263
1845679231
1866650655
1866650941
1841493277
1833095517
1833162207
1816197119
1816199151
1824653039
1824770811
1824611035
1816161227
1832938843
1866525737
1849871401
1859306553
1859309577
1859375117
1869729805
1836171387
1830015467
1817376746
1817374442
1825798890
1825659642
1825667802
3989863131
4023418617
4023408056
4006630808
4005586072
4005651640
4005766312
4005696936
1859257789
1861370815
1869837278
1835100126
1830905306
1835232586
1835264842
1843657566
1844566878
1844502287
1836121871
1836180767
1836314943
1836306719
1836237087
1836242239
1836315943
1836145974
1834057502
1817407294
1825734190
1825721983
1838272221
4022394781
4022398364
4005620908
3997234348
3997234332
3993203852
1863480716
1867667420
1836189429
1835077367
1835024110
1826630382
1826712174
1827884894
1827790598
1844503814
1836098574
1836098622
1829807150
1829809455
1834138943
1834130719
1867680031
1866516798
1845554238
3993037870
3997359150
3997320238
3998696510
4007097694
4007028686
2945865438
2914469534
2897544862
2901679758
2767470238
3035971255
3027582631
3027582645
3027511189
3036422548
4124844476
4122812892
4156498380
4160692488
4160578824
4160580889
4152155435
4114402602
4282174778
4281988874
4017796874
4026174987
4019818360
4019760632
4022906296
4010321080
4011823256
4011753608
4011770040
4011250089
4015415723
3881181614
3889301422
1743980462
1709268926
1709404062
1709436814
1700916687
1700851151
1696656895
1700920830
1684199294
1684164414
3848277790
3844091662
3844089150
3848418607
3890348335
2778923311
2913276687
3181863438
3181896222
3181706810
3185900346
2669988666
2671102330
2671171930
3210149834
3084318154
3080044953
3079979448
3084173800
3086333416
3078088172
3078090716
3040176076
3040098252
4095157228
4032176556
4057403819
4059365802
4059301290
1903430058
1635244474
1630919050
1630841227
1668590025
578202633
854503433
846114841
825081903
808206375
875324451
875441699
879640099
2095986227
2091254483
2092172945
2106680961
1592935809
1591987329
1457638529
1457773714
1458683042
3614501346
3580946786
3564170018
3589372722
2528345874
2662495746
2662486530
2662729235
2662598179
2533125987
2533129701
2550090917
3621700773
3613114501
3608842373
3592327309
3592332493
3594299469
4131170349
4131305773
4135492397
4160129807
2473903374
2440425742
2423672846
2423652414
2432041263
2427733295
2443992869
2544664356
2527362868
2665762324
2658420229
2654226135
2654893814
2638096054
2621318790
2491035270
3573157510
3703070118
3703110822
3703106727
3589858460
3610813580
3611010188
3575297428
3558520244
3561609188
3561541604
3561541360
3511614177
3512659555
3512626995
3510514946
3509981186
1349980162
1358368787
1370902832
1405080352
1392299808
1916582736
1914542544
1914472912
839158213
843352135
843486221
843509773
906424381
907468839
1980817447
1983111526
1970467822
1962296206
883229326
887427982
1952781198
1962226602
1960062634
1887709866
1887709882
1887730331
1888287387
1938603656
4069307016
4070343304
1920770776
1378656808
1378870824
1395551788
1361997604
1881570599
1894138914
1889976370
1890500626
1890484227
1891546131
1937679617
1916710656
1916767744
1916503664
4063920928
4130062688
3865891296
2808902624
2892768980
2892901068
2901281501
2896960173
3165404655
3165397487
3181912542
3086688458
3074040266
4097389930
4097522027
4101646842
4110035402
1421748362
1438465162
1475085450
1399062682
1362378938
1087889578
1083499962
25466266
42238430
1117168102
1112973671
1108779043
1446420499
1446420755
3610419987
3560085315
3560083011
3560082118
3564276422
3572744038
4109414246
3052449126
3052463398
3086082327
3211911191
4285788191
4117975071
4113760573
4114022713
4114029864
1953970536
1953839612
1953774588
1953831900
1953848972
1953887948
2010493517
1993650973
1993646365
1926602781
1918349333
1914146869
1914097957
1897271589
4032692524
4040034284
4102884268
4103871404
4108081837
4102027917
3580820111
3605517966
3605316238
3605320366
3605295530
2531549358
2549440750
2549507310
2515955150
2516053326
2515924767
2515924767
3052778271
3077945119
3077944639
3078468927
3044850990
3044867134
3179275294
3175019550
3175007518
3044984127
3053438957
3047093740
3047153836
3084665020
3040624796
3040694412
4111873165
4111871423
4250283694
4258737902
4254412382
4256527886
4256486927
4260676101
4285833988
4286030100
4285968692
4218852668
4212561212
4195859740
4212648972
4280286284
4246723837
4250754222
4259060910
4259054766
4259124654
4241437590
3701355222
3701420658
1555903026
1560031762
1550066434
1277433106
3425115506
3743865794
3664153474
3672541826
3669266050
4204048099
4204045856
4204044836
3939803684
3927286572
1865871404
1815482408
1681260584
1681263721
1614153899
1618348219
546708123
546773642
563092106
579876490
579863178
844251534
855003582
854929902
854860078
867968294
297676629
1371156180
1371238132
1375264484
3545825252
3545804245
3612906965
3583672599
3569005318
3567953414
2494277414
2628294438
2624095527
2619901223
3156902933
4230661125
4213892157
4197116972
3932880157
4001024269
4000930127
3994835339
1850485147
1716332987
1733107131
1707947419
1633431993
551367593
551490216
551420584
547750649
547620361
547630859
568649995
556042267
556243995
556700683
560894219
569295129
553500968
543015208
542105896
537846584
537832969
541891081
541887035
550341354
1619888570
1636670602
1670230155
4133400715
4129206665
4145983977
4111426540
3037476588
3025082084
3028696933
2492870501
2492935985
2492675345
2492546817
2227257089
2243962689
2244028241
2277717361
2277656049
2277721587
2277561843
2210452978
2202047970
2202047970
2470548978
2462299346
2529342674
2520949970
3057890386
3053687927
3054998583
3055023229
3071767677
3071745405
3038191084
2953189868
2957392893
2965711837
2424647375
2424647391
2424772342
2425689719
2157187667
2178184003
2211832067
2210918675
2210894131
2210497843
2193721137
2185346865
2470690353
2537799217
2529410917
3066142069
3066338645
3057957983
3053763711
3053771885
3070578029
3038125423
3021357037
3021357053
3032692693
3028363221
2491490807
2491494899
2491421651
2508207043
2512483142
2546070342
2269247262
2533415742
2533742910
2533858078
3590765322
3608591882
3608457739
3755246345
3718021436
2648559660
2631918636
2619206692
2636047652
2535383877
2522792517
2530919110
2528826078
4273598958
3199787247
3218924777
4259109993
4233092169
4228316233
4228316233
1812069721
1812190587
1746130938
1767102458
1800529370
1800462794
1783755210
1783820762
1782739963
1799516907
4290975467
4257429243
4257296123
4240518907
4257427418
2512590666
2547189578
2542998362
2526507898
2525357034
2525295595
2525287401
2546238456
2504294904
2483323352
2483412424
2483485912
2483485160
3025594857
3176589803
3210190298
3193406922
3189101002
3189109194
4145410395
4149670251
4124505963
3050761839
3050799103
3042277343
3042195415
2505388535
2505380327
2505376231
2505445783
2514363783
3588175239
3617526679
3619648439
3619517111
3590124269
3581735469
3560751896
3560292616
3560238088
3560204312
3560187960
3560388664
3562412312
3704770328
3700573752
3700474456
3717517896
2643825608
2679615977
2666836203
2654257386
2654324206
2541671902
2541643774
2508140526
2507947758
2508002942
2541621838
2533253710
2529059662
2528928622
2526859626
2530525546
2252653914
2269502923
2265446859
3305597387
3288803739
3288807866
3439803802
1314722698
1591198410
1589019337
1589547549
1449108268
1444716836
1443668192
1443340416
1410760836
1410777216
1412613505
1948482978
1953983138
1962240738
1957980898
1958013922
1973741890
1994849602
1982227714
371593539
371528019
355800035
1412699107
1957986275
1956899747
1956821891
1973853123
2007468353
1990560769
1986297873
1982115873
1982128161
1982161185
4129694245
3844485677
3828289067
4109109866
4104927850
4104923962
4104993034
3569165578
3585614090
3350728970
3334000682
3334189097
2543363112
2547558440
2534967560
2535033352
2669320904
2669329032
3208356488
3212374667
3207070378
3207139754
3177853098
3177853098
3182040234
3182066846
3186354318
4259899790
3714641359
3714688335
3714761997
3580784909
3577611549
3577093437
3577093503
3581286911
4149697519
4158521263
4141672349
4136432525
4153181068
4156851180
4156855276
4114981860
4111836004
4111967029
4111905077
4149662005
4082550071
4090846591
4073994750
4082899390
4085062030
3548253119
3523095983
3523150271
2449408397
3521450445
3521392909
3521405725
3517243965
3550930461
3555114527
3555048235
4083464299
4080318715
4080379977
1933047881
1932950729
1932662729
1899102969
829555435
828453610
829428462
862991854
854594798
854607094
848415814
311553030
317828098
309636098
304453682
305039362
304797698
1122696450
1135271202
1084880674
1084978658
1080759682
1080755586
1076563328
15338400
279579552
1353407136
1403583120
1382853248
1378659200
1378657745
1378656546
1915003174
4066681134
4092502830
3501127214
2431536670
2431453718
2490113574
2498506287
2498377261
2628388668
2628321308
2628273212
3169356860
3156776972
4248348684
4011632716
4010650092
4010716844
3998123676
3998192268
3926192781
3942920879
3942912750
2937458222
2952726574
2913732654
2913482806
3181918230
3186240518
2578083078
2579162630
2610487813
2592662085
2593714933
2597896867
2600042657
2598995109
2657471653
2653411461
2670901381
2637346949
2620570244
2620566148
3692488325
3696501381
3697029781
3705418405
3701223845
3585609825
3585618979
3584633875
1441410051
1198140419
1160652802
1160645634
1144933378
1294912770
1298827010
1298696006
1337492390
1335399847
1586009509
1586019748
1586081188
1590275508
1578872228
1580899764
1580893572
2117763137
2117840913
1048096803
1047061537
1059644449
2066312243
2033859858
2033852178
1501432594
1492519506
2029980354
2025799362
2023358162
2040119026
2073607923
2073869793
2057088224
2048699424
2048703520
2048769072
2047257649
2047271971
1778830627
1783779186
1809207251
2042087875
952096961
951965888
955111616
964524224
960330096
993361760
712369761
720761441
737661891
704074179
963989698
2083864706
2083871907
2088201127
2096458407
2092268199
2092268167
2092268167
2094300823
2094278389
4258538485
4258620389
4259263461
4259123701
4124840437
3571201495
3571394518
3571335158
3571146486
3573110518
3573053142
3573348166
3573323542
3573390615
3573390645
3580673300
3614222084
3610240772
3593389893
3594438629
3615409639
3548247527
4093503478
4093638598
4093637574
4076712919
4068323639
3061690677
3070080036
3070016548
3866934308
3862731044
3879570212
3879653148
3879655180
4013846799
4018040878
3984392230
3900507174
3900644354
1820208194
1819945410
1828268706
1740180130
918100626
918236803
855321987
846931073
842728577
842995105
830289825
820778663
816594599
816066231
816065222
816069326
820271966
820369758
820377951
837155199
837147503
837083005
862314333
862321501
862452605
862419839
828840319
828717439
828848639
812071903
820394975
820386767
820321247
820264927
837041023
837057407
837122943
300374911
333929311
333740895
300185949
300252029
300407677
837197693
828880733
828748573
828682527
862302493
862302237
845528093
841463868
841455676
841455676
841381948
841365852
858142684
811991805
1894122221
1890517759
1957433979
1956913755
346318618
346337082
1436854554
1436854537
1977989192
1969657864
4045834248
4079388936
4079388216
4062614060
4066828860
4066796045
4083614478
1898185062
1881419878
1881417766
4033218598
4037937410
1940261122
1923442434
1386537735
1390797573
304267781
304218645
287454783
271788590
274737710
350235434
1960847850
1956654218
899940490
397672634
399769770
381685935
381695405
398669220
532821428
532819840
500312000
231745520
166733680
166788945
502382449
502381937
1030864243
1030864179
1028767026
894549298
626113586
621919282
554809394
554825778
554916150
554859303
559053607
566446631
562301719
562842375
600329550
592176462
592180702
592049662
591975918
591977962
591976955
592050683
592046587
600435195
567274971
567275995
567275979
558756315
558748155
558887275
542106491
1884284795
1884252699
1892645467
1352620635
1352354554
1083841226
1085946574
1086002766
1102778630
1139421238
1114251298
1114251298
1114251282
1114251266
1114244098
1114262530
1130978098
58325874
58325618
1140563538
1203478355
1203347281
1205443952
1205452144
1163505008
1159309681
1159444851
1193015635
1192958290
1192966482
1165703522
1174093666
1150889827
1150893683
1150828371
1155038019
1146739523
1142676306
1163647826
1197186898
1190895442
1186709459
1184471025
3348674528
3352863200
3319308768
3294213600
3294338288
3558578384
3575355584
3575355600
4112226416
3072047648
4145654304
4112311840
4095488544
4095554080
4095685139
3560773154
3564897570
3589016610
3618379874
1454258258
1454045250
1454028866
1454028867
384534592
392796240
355055728
338278512
338294865
875265267
875248866
875107810
610820834
615011042
615109362
615158402
665489794
912905347
908713089
908978337
909060257
926755233
1702640291
1690045094
1690123910
1975333510
2008838790
4139639426
4143899522
4135494610
4143949683
4143756832
3065818656
3064770084
3068980772
3060592183
3056103206
3207279982
3177841902
3161064622
3170501822
3166377150
3166379198
3170385102
3170396366
2490918990
2506778990
2674548086
2674603846
3748344390
3757781557
3736819236
3736657700
3736657204
1592314884
1579713540
1445564436
1445564532
1579856340
1429910404
1413148292
1411254918
1411193478
1411193526
1350515366
1354574502
1353526182
1370306006
3534696902
1118310726
1118310758
1118314854
1122513205
1139339533
1105756444
1080656188
1081704572
1077510264
1077447736
3721592
272366584
272296632
289073816
322628232
304803467
304662410
304660906
317235434
317235434
1386848362
1386913834
1386913838
1407885342
1374392325
1366011924
1349162004
1349164340
1881848116
1965730100
1999284500
909031444
909031428
775863300
775848964
773832725
773836839
775933999
792707119
795693357
795694381
711808301
711939893
737107733
737107797
737098581
703413085
736959327
738007839
989666111
989674303
987573823
987573823
983508511
448726621
448595548
464373324
1487703756
1487702988
1483577804
1550686932
1555020532
1487911668
2024783541
2024777382
4205617838
3928794030
3928785070
3928261802
3944914074
3894590602
1747119242
1747123594
1748105145
1748034281
1752228585
1750098665
1750136553
1758584827
1758525931
1758525563
1775279195
1775287307
1767093259
1832031499
1832046905
1865610089
1865609577
1865667049
1869858297
1869860201
1878247785
1878247723
1878128954
1878129690
1836180490
1836179466
1832116282
757264426
757317674
761349162
761351482
770002302
770132478
770169343
770170333
770143645
803697049
795304345
796221849
795961273
795967417
795955131
804342715
769874843
769752027
769780683
769780491
769780507
769780027
769785147
761394459
761393419
757195019
757326139
690147627
694404399
694242799
694242815
694241791
702634495
703691231
703687135
703687135
703850879
737398079
735173919
726789407
726789407
729017663
729013567
729009535
727828863
694274431
695336447
795999743
795999711
795999711
795999199
794950655
794943487
761356223
761339835
744560027
744567194
745611674
761341850
1835082426
1843594938
1738608315
1738608283
1738874521
1738812040
2007247564
2007771660
1475218948
1466836788
1466897173
1433350451
1416573202
1413443858
1279152402
1279185666
1283364674
1560186691
1560252240
3724386128
3757883376
3741101793
3732727523
3740985078
2667246326
2667299494
2667103206
2683893230
2683888750
2683890814
2682907743
2683039181
3078612940
3078607516
3078472348
3074278076
3072185260
3072192940
3076289004
3076355565
4286529023
4286458318
4252903886
4252838398
4252842366
4252832894
4236054554
4244582410
2097098778
2092429342
1555345727
1555347261
1570023252
3721701332
3708264404
3708788692
3708737525
3712931703
3713980199
3705554231
3573240071
3573113109
3573100820
3573232404
3321430836
3311993396
1193869876
1160450573
1160394511
1156330799
1157377134
1157613774
1157544142
1149151374
1295494286
1295295886
1311023518
1315210174
1583711158
1583776167
1583788519
1583800807
3757564273
3757457665
3723837713
3715395873
3715392801
3698599201
3705091345
1557599505
1305941361
1339364723
1330853843
1314272195
1188431747
1180108674
123014562
89402786
85208226
89599158
22443138
14058882
16090434
284198179
275813667
811641889
811639840
862098464
1915129856
1982234624
1982234689
1982251393
2116423587
2116435618
2121083618
2125213410
2125215526
2125205782
1455235079
1459298307
1429987331
1413133761
343582593
888835713
884706961
821796480
1614651008
1664978564
1646628564
1646775844
1646556452
1646535724
1650730028
1667507240
1659321401
1655049258
582356270
580796206
580722206
579606286
848056654
806113350
270430214
270409734
270401543
1835042
273425190
281813542
277612054
9182799
9247245
9264719
9361997
27172429
134131149
116172125
241993181
242202111
242201980
510637373
519027773
1044292655
1044029487
1043898431
909737999
910069982
876540054
876507302
876556454
876558246
880623270
1958493858
1957961378
1958090370
1958089350
1421087366
1152657142
1150561831
1154885941
1148610871
1165879347
1161683987
1198297095
1198030853
1189707781
1474990341
1466607429
1466608213
1428863989
1428921319
3576207782
3610811814
3581465006
3580379598
3563733974
3563729895
3572114273
3572310369
3590267168
3623817488
1459556612
1451046148
1381842180
1381965596
1381965628
1398620029
1406959549
1373431199
1372378507
1372374427
1372374443
1406059967
1397683087
1397646223
1398694815
1399661551
325853999
325330222
291777830
300366902
300348438
300413974
1407561751
1407692823
1399239941
1399227649
1466337217
1433831041
1414960769
1414968981
3562452951
3562403815
4233424231
4233424167
4250365223
4249974071
4260394359
4258296159
4291879391
4292080127
4291020287
4265727486
4265670102
3729122647
3747013911
3747018519
3757496085
3758053141
3715979093
3713881429
3713883517
3722253693
3755939157
3714003221
3714003223
1434390807
1149055285
1149055287
1146961191
1146911015
1155524887
1155459399
1174310343
1190692231
1186496919
3606614967
3732452263
3732452263
3728258023
3732464487
3757757221
3724173621
3724292372
1549607180
1545547788
1545540636
1411323192
1432231193
1440624585
364842891
364695434
352096138
351571386
368347562
400014586
383165530
376872970
372678671
371626079
371642463
371617901
1445351917
1433801197
1416970213
1423276661
1425365620
1421212272
3568609904
3568610896
3572803136
3623191232
4269703808
4269707984
4278092529
4277048274
4272722146
2926091494
2921900142
2905196602
2888480778
2888738827
2888755977
2893866520
2891736632
2891719272
2757042924
3830911661
3830514350
3832808366
3840671918
4104916142
4104919278
1420564534
1420695558
1152268290
83700738
75248914
83673346
133857282
117084162
242914306
242916355
507153475
506104897
506434640
507490416
473800800
473276640
406319328
941060321
941062049
676691619
680909539
697654003
697785859
731731457
710676997
974394149
991175461
688137197
671360687
683683503
679493566
729840030
981532046
981513358
1048686735
1053012175
1040617679
1041666269
909559285
893308405
880179637
1014447541
1014306741
1011880885
1028657853
1030820605
1026626301
1029703279
1029713511
1038118455
1034148631
531733783
531731459
1605407747
1605414915
1609609235
1567864115
1551285779
2088155667
4099852851
4099791395
4116535843
3881590307
3881588519
1734136613
1717363493
1712120421
1711600631
1711558807
1979973795
906232995
876950691
885462179
1954942081
1954696641
1955785408
1437854417
1586539089
516991747
508603651
1041280258
1041743122
1041734694
779584550
1877966887
1827651637
1815466181
1748463813
1746280581
1746278311
1744911014
1816214182
1821391534
1821391534
1687166655
1686118029
3850432140
3837832860
3854614204
3762338492
3762405036
2957221540
2957481701
2970993237
2973025797
2972470817
2972454688
2985240608
2981050400
2712606944
2746112144
2997772160
3001994883
3010317970
2704051874
2687274658
2687282850
2687348422
3760514758
3760513734
3810812238
3793903726
3793907754
3793902634
3793963066
3798071322
1659037722
1654827034
1654892554
1654701067
1637912584
1613135880
1613135880
1612890152
1612890412
1613985124
1632699876
1666397572
3813879172
3813748148
3822141348
3818065572
3784526516
3768012439
3768049350
3784694278
3799312902
1647110950
1647110182
1647078438
1647139894
1651397654
573457414
577653767
644762691
662654149
628975047
628434118
896999798
896991590
880083310
880087806
889004794
882713214
345708158
345704030
1553538629
1553476180
1285040724
1280862836
1276705492
1293615045
1312487302
1316673414
1325056390
112968118
112845223
116973989
106488300
106685436
125757260
100583180
92260156
24954156
20771884
20767868
1768645
1756358
341738886
1415550902
1414379190
1422894774
1422505654
1418248102
1435019174
1451795877
1993925044
1985601748
1981411412
2000678972
1967042860
1970181932
1952882444
1979038477
2012526863
913611806
1981056030
1981268094
1997951102
1964380542
1964380478
1410798902
1414995750
1442659878
1438590502
1438515778
1438581315
1438454467
362762949
283068117
299884501
1365092724
1935518052
1931259364
1914480109
1646044077
1646043803
1644462730
1644462778
1661223594
1627655914
4094573418
4098762794
4104005675
4106172521
4255919321
2108435656
1605182600
1606234504
1337279404
1330692772
1328595685
1295237873
1278403137
68264449
336635683
341024035
349345794
351442946
1978828802
1936886786
1915980866
1647412467
1712423139
1712558563
1712640610
1712591398
1679036974
1679688218
1685726746
1828269866
2091386922
2091386922
2091391053
2091411660
1018734788
1014539332
488346692
1042198612
907976788
907976785
907444305
907444435
907460851
840323299
840380643
811008483
821494337
821506625
284501521
280309297
280312371
280435267
280394435
280358595
280270787
283412371
300189619
325432243
308782003
304461203
841319923
841454819
908586211
908586083
912747875
912734067
912725715
912732883
645223153
653575141
1721024997
1721016804
1736745428
1736746965
3884232310
3880233502
3875994126
4110769694
3038002734
2956408366
2969436974
2964127790
2695382125
2695417068
2695399628
2699598028
3777530060
3812526284
3812538484
3793660980
3793658903
1646112790
1646243958
1645670502
3860259175
3881189733
3889644372
3855954524
3788845788
3764201165
3763941023
3772320687
1627065263
1622739902
1621698974
1621699534
1638476558
598224654
585639694
585638175
586743839
582746127
580669455
583843903
600606191
592219567
592284607
588225981
575126975
1648862655
1661449655
1611108823
1611576279
3763250931
3771639398
3838815846
3838693222
3847100718
4280166702
3189643278
3191479310
4269487166
4272431406
4289212778
4289200634
4256707019
1572349385
1570268616
1574594376
1566189336
1560949560
353239832
353239832
890110264
855978280
591672616
601097480
601670984
561809353
627935177
762156939
758101915
762297786
762297530
762296506
628071579
627555739
627553691
661103259
593998523
578286267
571880107
570827435
588654507
555101611
569785519
564530351
564397263
564401359
564408525
593810685
593794413
593793133
593788989
593989693
556249149
539471933
539471933
539407405
539409711
539408703
539204381
539200005
556960260
1716685572
1992465716
2122560820
2126569680
2113954176
2046960512
3724681856
3742500512
4259382944
4238349984
4239407008
4239406001
4239401347
2089836930
1552966050
1573938662
1563442406
1563430118
1026689526
1008863622
1009920390
682851278
699521503
697407823
699440399
699449103
736144927
723564079
723563055
723546671
724906799
725557546
723398698
735711274
764084266
763894814
1016608974
345577870
345643406
77282190
8932238
9424782
14065030
14071174
9875910
77378034
27043238
43820454
43951509
312392832
312378512
316440736
303341728
303358116
322232500
270987380
270725413
274822694
283146806
274741782
291511858
23205378
23466754
6684931
7733511
14553877
14038615
76947159
79108806
95701638
98881158
99389334
82089382
83146150
83144870
83210402
1156751570
1156751554
1165140034
1332920370
1327751203
1327751475
1197700403
1206089523
1168602897
1169653521
1169644913
1207257456
1207291248
1182064080
1177859536
1177925072
1178579409
1178571217
1111462387
1111462835
1379906483
1394582162
1361028738
1363053187
4030368481
4051679968
4088244704
4071418976
4137967684
4158922820
4146397188
4146135085
4116775214
4109644586
4105973546
4103614266
4103618314
4103831370
3571187658
3705206409
1280861832
1280861836
1276853940
1276780196
1142560613
1142555955
1149124882
1170128898
1202188290
250077186
241681410
170314770
187090962
192337955
190179427
1511878129
1583044483
1585103506
1592509107
1588187827
1453912743
1459102375
1450714789
1442327276
1375349612
1403660332
1403664428
1400506396
1128008716
1125909516
1108135949
1132757022
1133346910
1116701054
3264185710
3264055662
3263736174
3263801455
3267995693
3259623481
3259624536
3322604696
3322571912
3323620488
3306847624
1146773389
1146837919
1146063775
1146064734
1427934510
1379712302
1916579119
1916579133
1648208156
3762203404
3760106060
3758529228
3758541452
2684833436
2685482733
2687509231
2700096110
2695103278
2963550518
2963550262
2964077590
2428254210
2428270659
2430392515
3222051009
3272522177
3256803008
3256796865
3258856003
3257807362
3261727522
3270059042
3265815586
3270009890
3278627842
2154484738
2162853122
2158600178
2158604262
2159603430
2425941734
2421712615
2416706303
2148405967
3222152159
3226352751
3251517677
3553487076
3536632004
3528231044
3524103300
3523646852
3523646404
3523654341
3506872839
3491145218
3493226050
3493267426
2423529890
2964594850
2964598950
2963079591
2426209669
2430340997
2419855173
3224181509
3224255233
3228510979
3236769042
3236773138
3236893746
3237888019
3235823683
3252076737
3285643457
3262567872
3262644208
3257265120
3258313569
3258280753
3262479667
3270792482
3264536866
3281838374
3281838374
3251421478
3242738151
3221766631
3221832117
3226088833
3226088848
1078672816
1074535840
1124867536
1108292928
1111896320
47591680
64364544
7808464
3631536
1077324208
1077394352
1345821588
1383438228
1919976084
1928364660
1924432429
1991541546
1995759914
4130613290
4147390506
4247136298
4230351018
4256041386
4289595018
3735356040
3735319176
3740594828
3457262060
3457327108
3459424512
3455246880
1285759520
1285764657
1218517538
1214519842
1210321186
1210337506
1545784450
1579323522
1583526018
1592885378
516985777
503358113
1577103075
2113989223
2130803238
1593981734
1581652262
1591610406
1455105030
1455108103
1459318791
1457115333
1448644740
1431995524
1952090244
1952102788
1954065332
1685695220
3841693292
3841753644
3858531118
3795120430
2721341486
2805216558
2772307310
2759723878
2763659846
3970580038
4238942727
4239991559
4260962567
3174772743
2570781751
2570721319
2604275751
2608478486
2616928846
2595956430
2662937230
2662859418
2662859434
2660786858
2665014699
4141415593
4141587608
4135294088
4131291336
4130242568
1982242872
1982177304
1949605896
1949760520
1681291273
1817606955
1825983018
1822182126
1822182078
1838990222
1876738958
2120139406
2115957406
2115953398
2136793831
2102157604
2084840484
4232325156
4099348772
1952320484
1893599924
1939475125
1922697863
1385759367
1385702279
1385701559
1459167405
1446637737
1462300776
1412211752
1412213048
1949088568
1961331512
1957660953
4105021449
4259880969
4293624073
4209672475
4210750442
4206551722
4210747050
4269440942
4286121390
4248438174
4097442190
4101661070
4101595551
4101531053
1966632381
1897425292
1933207940
1936357765
1944717717
1928072629
1928078743
1928151958
1928250262
1945010918
4092441326
4050431534
3765217854
3765221902
3765283342
3761154574
3761143327
3777959471
4046206765
2976658477
2985034793
3048014889
2494235657
2494242827
2494242827
3299463195
3299639339
3300688106
2361173226
2365565099
2350819481
2619259273
2618730889
2669062540
2652290508
2517812685
3591520717
3604095807
3318883110
3304534306
3304403234
3303289122
3303805218
3305058578
3304993217
1283358080
1333709696
1312737920
238013056
237886128
1579543440
1579458852
2116857892
4268527660
4276920364
4003767084
4272203276
4256999940
4292852420
4249798291
4094562978
4094559138
4032037026
4034659490
4042001570
1894725810
1349400706
1365649538
308685186
384173763
115540803
115392786
107017510
107260966
1197778990
1432660270
1475258670
1605287710
1606321926
3751322374
3717832964
3634012176
2558440480
2621213728
2620246048
2620062048
2636802912
2586454576
2599030290
2594901506
2594702866
2594711078
2678596902
2376598574
2376600606
2376612869
2377657348
2381851908
2230873924
2230910612
2230949540
2238415524
2256241060
2256175271
2262471846
2262351014
2518452646
2537331702
2502400790
2502344454
3039211269
3039210757
3039210804
2804389925
2807400551
2791290982
3864960294
4001285398
4001187078
3995866390
1848581430
1865292838
1831734311
1814365303
1818309105
1826829271
2092053191
2090009287
2088773318
1551904326
1602235910
1300248070
1283601174
1283600679
1284650279
1150635061
1155397636
1280149520
1326221345
1309576385
1310622849
1245610115
1244434579
1244574131
1543417505
1537126049
3684412128
3686374992
3669808689
3731677731
2653741090
2653691938
2670474338
3710780610
3694003330
3563988098
1420699554
1420691122
3568113281
1420568208
1420062384
1148514016
1161095796
1177852868
1175759332
1448470701
1456916655
1380321471
1380387998
1095108046
3233964614
3566379526
3568480806
4109406758
4101023522
2767235842
2763110916
2763102724
2763233796
3174206996
3174450980
3173908772
3157143652
3157139684
4243529959
4239262190
4239328182
4239660982
4237582278
2017770438
2013571846
2013702406
2046994439
2059582469
2046989319
2046984206
1511407694
1514078446
2050621934
2071602798
2023369262
2023426590
1488460318
3635948046
3635949070
3370657294
3362329551
3374891141
3387461796
3383263652
3384313508
1234742948
1229843092
1229937332
1262951332
1271085285
1271015654
1262631142
185732326
185732230
184770694
151052678
423670165
432050612
474067389
474063292
471048572
336695608
353604888
353540360
391297800
930261768
1920375560
1927777032
4071066200
4071525896
4088234504
4093412121
3019674410
2977719146
3044877290
3044942826
3052274602
3048080298
3047626683
3617851801
3580102857
3559131145
3223803915
1076358154
1076077834
1348698382
1416003854
1425441054
1425446174
1605811486
1459522374
1446939590
1445908358
1445942166
1445470374
1459364015
1455169709
1438384300
1549607061
1545547137
1545480785
1413376547
1424879155
346336771
279221761
313427776
317625664
305037760
371556848
371515872
305456608
842278368
859057637
859114423
838143663
831981231
295043743
278270671
280453647
284484367
6612278
73722150
74230054
1441634358
1458477078
1592429574
1584055302
1584054279
1592444245
1543128676
469313252
1501046501
1484269287
473441190
1031282862
1037766830
1033371822
1066147982
513548430
262054360
211788152
211677496
209509176
205314876
204454460
70171164
111844111
1118473486
1118470150
1118470342
1118470278
1110094246
3240796833
3224020624
3492456128
3492460096
2419757680
2432221792
2979586784
3012321892
2978742980
4052420303
3515489774
3521063150
3497863406
3492756702
3492691142
1077818566
1075213446
1075244166
1346673878
1405127137
1388349521
1388493891
1381147906
1448256258
1446158850
1983100434
2083698194
2083757618
3961900834
3971271717
3971277860
3970970660
4241495056
4227867649
1476533251
1476528434
1480993378
1485245026
411373154
412948066
144397890
163286593
199855936
1244380352
1244379376
1244372144
1244306576
1244314768
3391880371
3660258722
3682279074
3650694818
3633852066
3633852066
3633852066
3634106017
3640397456
3627339392
3627386496
3625100992
3641877824
4214402064
4201818131
4210137106
4207982610
3662719250
3661675794
3657528626
2651271202
2652778530
2675577890
2629438498
2628393238
2628401926
2628483590
2628319751
2632485685
2625146165
2516495620
3049170708
3053233780
3040642788
2803666660
2803664532
2805898884
2805903012
2776542885
2784858023
2784817078
2757619614
2770200206
2770331534
2769807311
2704565743
2704543214
2707889278
2707831070
2707826974
2716215614
2716280894
2712083486
2745637950
3013940286
3014923294
2981368847
2442427596
2446638476
2434567564
3508375428
4032733060
4032741012
3759980196
3759972004
3759447716
3759584948
3776373412
3776062180
3778159140
3761447444
4028835093
4041419811
4037090339
4037282850
4037280770
3500498946
3500580870
3551437830
3538848709
3597568645
3593181840
2519251600
3056123604
3056120565
3056382949
4142916071
4277019047
4268630439
4264440231
4282320051
4281601191
4283701414
4271335638
4273141958
4273059910
4270893062
4275350534
3998524694
4000822071
4009136948
4001272084
2788082996
2787920928
3190303776
3207078951
2754228518
3022914070
3035496974
2762932762
2762543722
2896756714
2896755179
2896738520
2892536008
4230518920
4280989832
4264222856
2116690056
2116694152
2116681962
4272624106
4272432622
4290259806
4239928142
2629380622
2629447183
2361019917
2359182852
2375828020
2409378340
2396795493
2388394725
2404909743
2353541550
2363040942
2363042990
2354919582
2352748686
3426535566
3476851087
3460275663
3464471887
3470763295
3470566718
3336348974
3336561966
3311334702
3294514494
2220772670
2228117278
2223865630
2156689214
2160871214
2152482670
2152518118
2219431382
2227885527
3301658005
3301464497
3343440353
3322530288
3322580416
3326776256
3326780352
3326845904
3323569136
3340412864
3292179136
3292199489
3292219923
3223129890
2149397798
2157715750
2426150951
2442925103
2442921277
2173980029
2168770549
2147780565
2152109697
3225592704
3225674641
3556833185
3557095328
3574003632
1443260288
1443243968
1443780289
1444923077
1578952695
1578937831
3757878383
3753675886
3753673790
3734877454
3734939406
3729714702
2387508830
2401177335
2367625191
2365457893
2361000388
2361004228
2361135188
2361140260
2365336608
2356423968
2222272272
2245404608
2241208976
2375418497
2374312866
2375296418
3438544290
3430220242
3425591558
3442107654
3475662086
3475664133
3458918404
3458856964
3459827748
3478710549
3399019782
3418024198
3416972598
2347420966
2414530342
2406138646
2414527238
3484078663
3483947717
3483952044
3421041068
3374947756
3443240104
1295756472
1293675913
1209787787
1208657354
1275768266
1296730442
1573628794
3754470202
3733499706
3733496346
3667567113
3684340296
3717891052
2633531820
2620976300
2620971172
2621163684
3158232500
3173420997
4294356807
4277511958
4277444882
4266959122
4262846738
4279710482
2081886770
1547638306
1547569698
1550453282
1957235170
1957181586
1420376194
1470708866
1453924482
380235907
111772560
381194912
385393376
372810272
1983423012
1966645548
1681570860
1681565740
1685686287
1685687119
1685752463
1836763789
1870274189
2134521485
2117804733
2117607855
1987584171
1992040618
1991118922
1991127050
1991008265
2007802888
1441048616
1881520184
1881586440
1886304776
1887341064
1893501883
1892468138
1891893418
1933840554
1912942762
1914057130
1377182123
4083033001
4041002520
4038887944
4037843465
4037913097
4104956427
4121537035
3068891658
3203039754
3194651611
2854912427
2859053229
2859246061
2859249517
2860427812
2856245812
2856312324
2923193860
2922144516
2922143777
2943090915
2766798994
2766800002
4108991618
4105058450
4104927398
1957436646
1958482950
1979064326
1442193423
1433678127
343680319
343801146
341614042
282893722
299664778
294159498
327856266
332050570
324985951
1363078253
1361996268
1345219564
1357830796
1353633412
1353614980
1908376212
1941811892
4074541812
3799814948
3798774820
2720828448
2720311328
2720443440
2720425776
2703630896
2686857824
2699428512
2763261600
2695106209
2695629730
2980841586
3014154258
2984831042
2976573506
2435508419
2435721409
2502823745
2507017923
2511279842
2511087202
2511086114
2510828070
2544370030
2275934446
2275942650
2376671434
2364093642
3429436618
3425401035
3426478091
3426461707
1277933835
1278979147
1278846027
1333436619
1316659407
1322950863
1322954941
1314427365
1310241125
1327014701
1564194605
1568585533
1560213308
1553909020
1558168860
1557521692
1549268764
1562365720
1595924344
1595633145
1578724811
1578724491
1515879579
1518007481
1526314425
2062071288
2057875768
2057876280
2129179180
4276789805
4268401191
4264202759
4248474118
4231709190
4164505110
4164504354
4235803938
4243141666
4239065138
4109959170
4110168258
1356670134
1352546741
1351490180
1368263300
1384974980
1121716868
1109148356
3256664564
1109168357
1125949613
1393074607
3549008791
3549087620
3247097732
3247101828
3247023780
3514360484
3509109412
3509314253
3509576526
1366209806
1366203454
1362085934
3509377070
3509413902
3576571918
3610131470
3614310670
3354264382
3485008446
3482858222
3451396846
3451528879
3451397807
2377672358
2407055758
2400821710
2384175438
3462242575
3466437399
3468666677
3334387500
3346959724
3307900372
2217385412
3292450244
3292454276
3291932564
3296126868
3564496821
3589600695
3614758375
3732399607
3732337991
3732395287
3615479573
3581736485
3589072421
3572295207
2498610983
2498086182
2507506022
2541196370
3598099650
3596002498
3591803971
3591803987
4133459315
4145861923
4112316199
4112508519
4112499575
4095694807
4116665815
4116665815
4125056455
3051315159
3086897143
3086962423
3069982421
3204196047
3220972415
3753386351
3719837039
3707313519
3707440511
3699063063
3699059989
3699109232
3707479408
4244476496
4252799488
4248084992
4281639616
4262962881
4128485299
3067272354
3082963106
3078753442
2983271606
2958308518
2421438318
2424247855
2431454781
2426945292
3500682508
3500698628
3500725268
3286996036
3262808197
3256516999
3524167078
3524232614
4061044214
4061568326
4065766662
4149715005
4149583932
4111855644
4113903624
4097118216
1413354520
1412307753
1420696106
3568241198
3568044686
3568056966
3568105094
3312227206
3324613510
1177195143
1177481859
1181676179
1181673186
1181740579
1189932322
1199336482
3346820146
3346818050
3326002178
3326008322
3326016514
3460220162
3472869171
3737113137
3686658657
3702846176
3702842080
3707004580
3694923412
3692563133
3692706733
3692718511
3747212463
2128145598
2128145550
2119740622
1578675207
1580837893
1446948149
1458472225
1457967409
1474752768
1466355712
1429094400
1546535168
1546569520
3706641121
3702508193
1554635443
3702319766
3702320790
1567408022
3609499030
4129658006
4130837686
3862275303
3859850471
3864110949
3891508773
3857954356
3883062784
3878146560
3861336576
3794010720
3794015205
3865313447
3873710254
3869648030
1688612998
1889931398
1889931406
1889931406
1420112011
1420045771
1420061035
1424292139
1441196810
1424419598
1415937294
1147985178
1416418618
1424856875
4256085805
4272862764
4272863004
4273967876
3197928311
2655822566
4262257382
4144243426
4094636706
4094564002
4099544994
4105706659
4104652960
4121446576
3081750656
4142840960
3610160576
3610226432
3576491559
3710134822
4247005734
4230363694
4235075374
4239262766
4239327278
4239278159
4257203407
4254903503
1582082239
1577887903
2114828510
2114829406
2114630670
2115694670
1998221390
1949958239
1954223597
1954164461
1425672877
1421433533
1421401741
1438185100
1458074508
1458061772
1458196828
3731780136
3748540968
3748464168
3714854408
3697551880
1558653449
1286027834
1289763626
1559514602
1565835418
1594683530
1578016906
1583259786
1593483402
1588240523
1441441180
1416156860
1411957436
1412121340
1428829028
1449862436
1181297700
1189881888
1181558784
1181706304
1299115200
1290708864
1285980864
1285980883
1554022946
1554031394
3705708834
3424706598
3424731198
3425056782
3426101262
3442878782
3749583594
3686664874
3686468234
3668460171
3668492937
3400041177
3404444521
3392791337
3392725549
3392889389
2319085375
3392830830
3409561966
3388533086
3635980550
3635984642
3634019587
3701193777
4238128160
4233921568
4262821920
4262957104
4130771008
3057549504
3056518016
3207208608
3156810400
2892503712
2900892385
2896706279
2896706150
3215467782
3198709830
3198738518
3198808302
2531872934
2519284886
2520263814
3594136975
3610913727
3581553581
3573221279
1358443423
1350120326
1350115790
1349263630
283910414
283921690
284125466
284093193
275442185
292203016
388673032
908628680
842564488
842564008
842563752
861717672
1943292136
1372588076
1372723516
1406286092
1385309964
1118970821
1116811702
3263197606
3263230374
3267674534
3259269286
3242638802
3494295810
3501632262
3500584454
3500584455
3505174311
3610022695
3594306342
3592225054
3592356174
3542028238
3520989615
3502123436
4037938060
4038011788
1353571212
1361876876
1396486605
1916051518
1915068462
573022254
577221670
585471015
577078308
1647084580
1646051380
1644953620
1711931573
906629799
1029310118
1018826422
2091597462
2091597445
1554857668
3703319044
3702810932
3707038772
3428101140
3485836292
3330711749
3330703495
3599208870
3599140774
3544696742
2467286694
2468335271
2468302503
3543431063
3542377351
3513082823
3513213903
1348953079
1348737014
1348744695
1357217015
1357339895
1357270101
1357333573
1348817927
1348822023
1348822291
1349514547
1349506867
3505379120
3505372720
3505372976
3555629824
3538848256
3538849280
3538912784
3605893680
3069030945
3060376098
3060310370
3060314338
3039347878
3156880518
3157141702
2620275014
2620332342
2632726822
2628528422
2628527398
2645041206
2376609798
2310549518
2310537295
2381893005
2373564808
2373626252
2373630364
2402990516
2268764340
2251863172
2251858052
3325862028
3326054652
3325997284
3524699284
3545689985
1364597425
1347881633
1344015008
1360792224
1362890400
288695680
291972224
300033152
14886081
6417601
6544577
6528209
23312625
291616995
325106915
308329715
308477011
308468803
304336115
308305123
308313571
325269987
291707379
828447715
820059123
820198099
820190931
836837075
836779763
836791923
870415987
870350691
836795235
836828007
828504439
291764567
291633495
325187927
325318995
325254467
325254483
300023155
283244915
274987347
274987347
274980179
274980179
291698001
291696979
325161331
325161266
291746098
291616054
283162918
283163447
300399383
296139525
330209876
1408228052
1391453892
1391190724
1407930996
3555545957
3555479845
3547087904
3513011248
3244759040
1088829440
1084631040
1084635185
1088687587
1089277346
1090389938
6174354
4470418
17057682
18138514
20171906
19066050
19048642
19114179
325302483
325294451
845257009
845389585
853786129
853786129
862043697
857800225
841016865
840984097
840983073
845176865
916504609
1990313009
1973607429
1956833281
1961027841
1961024017
1425132064
1425034976
1347436196
1343237760
3540070016
3523419536
3527609520
3531676912
3531814001
3266473986
3265478658
1134838050
1085040418
1076645666
1076709666
1076693346
1077692658
1075107970
1103482242
310822273
114725760
114471808
105939376
376479968
1446027488
1443935284
1460911124
1429389077
1432525327
1432537615
1432537630
1432481630
1433533854
1431553182
1430475934
1438863518
1439920542
1439920574
1439953895
3585205095
3584083813
3571505013
3571509117
3563186013
3575838557
3508690783
3547466206
1382103518
1382103422
1390753918
1390877822
1390875742
1391399006
1391333438
1391341630
1391226910
1407758367
1365804119
1345031477
1881836340
1903856436
1920699188
1928895028
1928904244
1916311092
1916506640
1916461588
1915413300
1898602981
1613372583
1626212534
1622083734
1622087822
1957640591
1958494157
2113676925
1073489449
1056708136
1056716072
989602857
989605945
997462027
2019020811
2017898761
2018356809
2026678971
1754053289
1753791145
4169710251
4186487770
3146298394
3200827434
3206090795
3038449711
2501772333
2489189676
2493384228
3029731060
3700688532
3751548549
3750514311
3456682886
3456678054
1309202614
1309231254
1258953862
1527395462
421143431
406463181
410526428
410805849
417098251
408218122
402946586
1208228666
1208228138
1212431418
1218196490
1235157274
1268384042
1268457770
1267401049
1267431324
1237898652
1259900348
1243122100
171477428
238660020
236562868
236626356
236630404
236892548
370581956
343060813
342003999
337743146
337676586
337705770
337734442
878918650
1013123547
1012928459
1030755211
1022370809
1034048361
1034347305
1067835693
2146218285
2137826085
2133701157
2133701173
2133631519
2101190175
2099157790
1998502398
1981217002
1917995258
1917978762
1920075914
1920205994
1928601770
1928794282
1941897402
1941770393
1908158920
279716296
283930440
271436312
271010328
270879259
270805850
325396938
317132234
313393354
314441866
314196378
313082281
313057708
334028268
325646844
288012796
824884700
824882652
858629404
841786681
845984808
846043176
1919850552
1919326232
4129732888
4113021496
4234655288
4242960906
4176880138
4171178522
4174123626
3638309738
3635938538
3634890986
3702012043
1588078728
1584933000
238643336
238787976
102478728
370844552
371106200
924754344
930521449
929472569
660964397
1713669165
1713681448
1713683496
1730649400
1679990296
1814224440
1815236328
3964747433
3964747435
3964690091
3966791339
3975212521
2899368057
2911934488
2949888264
2949819912
2941496840
2941363736
2937172520
2907869740
2907865645
2909980453
2893073703
2910113062
2909063462
2943273330
2943277522
2926509266
2926378194
2926378226
2943352050
2809067762
2775513331
2775513169
2775574592
2775574608
2783901776
2783893712
2817448400
2817448657
2810175217
2818440883
2784820898
2784788130
2766954146
2758565554
2758564242
2758048178
2774821298
2774826419
2783403507
2779144151
2780196821
2784390085
2901764949
2901732133
2900675365
2900675381
2918054679
2909662727
2939020823
2940073510
2805778214
2805745126
2809951638
2751215006
2751206846
2734626238
2726172094
3799920830
3798806686
3807121562
3819700378
3786284106
1890461710
1890461710
1890445326
1353496846
1370463246
1907331087
1974382596
3590230020
3577652516
3577130533
3560364578
3559283234
4113446418
4117631490
4125950466
3082551842
3200000290
3065521187
3065594884
3064513604
3060305364
4129857428
4129865364
4129881748
4129881788
4129906365
3593090726
3576309666
3563726002
3567916178
3568176210
3299743762
3299813394
2225940482
2226071554
2276337922
2259556610
2259502386
2259206434
2259190054
2263384421
2397602213
2389213604
2389476540
2406323388
2356067484
2351873180
2357112220
2222893980
2222631596
2356869804
2355686060
2368273084
2238238428
2246820572
2231001804
2499437133
2499306029
2491171629
2485927981
2485960748
2486031400
2502861832
3038161992
3070734152
4144347656
4144466505
4144402267
3855066474
3855934506
3772007466
3766223930
1614679098
1631199098
1631200986
1933189834
1937244827
1912078747
1352138895
1352138959
1351091286
1083787574
10214179
10153761
1136307969
1387963649
1391104003
1114276035
1110150291
1110082706
1110350978
1344732290
271019154
270807202
1357124006
1353782182
1353786022
1351623334
3532664450
3537129154
3260402178
3271478018
3333421330
2259216678
2275994918
2242475830
2276147982
2397651230
2397589806
2667114535
2599993444
2616771044
2649277132
2632565452
3693793864
3559584328
3559487112
4096293544
4230494888
4248316328
2146961562
2143234186
4271860874
3734888586
3730698506
3727655178
2674819386
2678956074
2678629418
2645077292
2645273116
2646251148
2648364676
2501576324
2537031349
2535984550
2452293798
2531928230
2531928278
2263492614
2414554118
3454690310
3433750798
3433726733
3702097468
3702045220
3706227236
3693906676
3693906580
3643660932
1530322560
1510368944
1514300640
2126722082
1048779810
507581490
504566786
504593410
504521794
487749058
483579522
479643333
1016709716
1016615468
2092458536
1558733352
1546153512
3698010667
3722976042
3757582650
3740891466
2665216202
2659957962
2659815625
2542567640
2509078904
2509210344
2978845416
2983765736
2971248364
3003750124
2986968813
2987230886
2988308134
2719817122
3795650738
3811510450
4046330002
1882073234
1886267538
1907234946
1924008130
1924013314
1387030274
1386800642
3261640210
3274238498
3295160866
3303680566
2359962422
2360023342
2360871982
2360872046
2226652415
2175272333
2179515788
2213053836
2213059996
3244932524
3245062316
3224090812
3224353932
3224286604
1077850524
1075765652
1144939284
1143612164
1143612167
1147873078
1156131622
1156262198
3450480918
3468302598
3468302598
3467249926
2393571590
2393391382
2393391406
2393424238
2397618670
2397618671
2397621743
2389301631
2255206783
2255207919
2255140263
2188026789
2187961244
2187892364
3261632140
3278740108
3274676892
1093069756
1344727836
1344698648
1881603352
1881531704
539026216
539337256
544571944
542934585
554208795
554207963
554228395
587824043
601569707
565917931
563751147
563752187
566895835
558573003
927466971
927468799
1070073967
1065973887
1066346527
965163023
948115719
411253045
406994213
402813233
134373651
134275331
134279635
134255059
134254994
134453634
138590594
138590594
1220721026
1287822210
1300404866
3330444930
3335684738
2250621586
2183463666
2183991906
2184122658
2192520226
2259495970
2259430434
2259429410
2276206626
2209102882
2213039394
2204681990
2204665799
2204669581
2204671884
3278486428
3278486460
3274292124
3274545548
3257899420
3258891708
3256264124
3256788447
3258951454
3261726478
3261688326
3328781078
3345557814
3295295526
2359961622
2359958534
2292843526
2292908054
2292711782
2359870951
2364051365
2355661237
2355661205
2288638357
2288613879
2305767783
2406410535
2389617975
2389616405
2398069524
2397868820
2414379868
2649263836
2640874236
2485754604
2502666860
3039537772
3072961100
3073038956
3073298028
3006031468
3010200940
3018593773
2985041405
2985106933
2968328629
2968336821
2968336817
2968352947
2968475827
2968508563
2968516754
2968500626
2985277842
3010443666
3010378642
2993355730
2993351634
2993384402
2989042642
3006015986
3006085346
3006208226
2972584162
2985171154
2985720001
2964679104
2966744000
4040489664
2966797024
2966789088
2966784992
2967440368
2984225473
2986322627
3019881202
3011480162
3010300514
3010042466
3010177874
2972379906
2955606274
2955663634
2955442274
2691201122
2691356962
2699745554
2716523010
2733300226
2733238786
2724784659
2724788769
2720582177
2720549473
2720546657
2720546803
2720538098
2792164722
2791906354
3202947122
3198761014
3215669270
3148556342
2611685398
2611682318
2616798222
2339974158
2335910926
2302360602
2306479162
2297107514
2292782106
2292716554
2313704458
2313770266
2313901403
2313799003
2305410393
2305409369
2305348697
3379147992
3379278008
3379277976
3362386056
3362386328
1282004888
1277908632
1277908632
1143676664
1143619308
70924028
71185996
4072012
3605317
52822343
57540695
40763447
49217591
61632631
61628503
32503111
24025031
24020951
23958965
23897253
32288997
32478164
32412244
19894868
19718677
19685941
19739175
19863398
23925862
32248934
65811526
65999878
44961798
44978199
44953623
61661269
32502085
15651397
7263941
3065559
2905847
19670759
19673447
57479287
65998887
61632615
61628503
65925575
32413639
24025031
24089015
23900581
23896293
32346613
32412244
24023572
19788309
19685941
19739255
19863398
24056934
32249062
65811670
49090630
49156102
49156118
45027382
44834870
61693975
15659013
15651141
82215765
82088693
82113149
90493565
125129277
259225151
259090286
259024238
225760382
234209503
82166015
81838591
81851357
90436189
124940829
124940831
108161023
108258735
108061887
133547199
98926749
98861245
81826749
81834685
90419805
24293901
24293949
20162095
19965487
288466495
322143582
325551326
317031678
317034726
308650230
304607302
304500935
305008855
288239783
270934439
283522727
279922343
279957175
279824023
296531655
334274631
304930887
305000535
321794295
321790183
271463207
283509287
279397927
279303717
279227957
832876037
853846021
841975877
841911428
573476020
573477028
573481124
573542644
573551092
573481444
1647239648
1664086496
1634586080
3773615072
3773651552
3773790928
2700049089
2700044994
2699914994
2716622562
2716599010
2707952226
2691183154
2691183122
2691179266
2699829522
2699834454
2695641142
2964068599
2964064501
4105046161
4122900608
4127124608
3615409348
3615355268
3615351253
3598704885
3598180855
3615450599
3615309799
4126944998
4127009398
4110367286
1962875670
1979456310
1978154278
2011702319
929771583
929763647
925438271
925380887
925377799
929828101
627964279
627964279
627964279
627964279
627964279
627964279
627964279
627964279
627964279
627947895
762165623
1030602231
1030600183
1064154550
1047376310
2121119670
2121121470
2120596158
3865426622
3865426622
3865426879
3866540461
2790701485
2790698429
2802313101
2768761485
2769801917
2769770479
2774386159
2782710895
2763839551
2763913239
2768173063
3833523207
3833488391
3850335254
4152177766
4151645414
4132901094
4158066854
4124512694
4107744663
