2653386919
2654353639
2651990055
2650941445
2663525381
2390899717
2357335301
2358384133
2224490005
2224293413
2226392615
2226391599
2230061615
2246855031
2238536055
2238568823
2238576983
2238576981
2238576981
2238576981
2238708565
2238577493
2238577525
2238561141
2238561141
2238561143
2238561271
2238561271
2406333430
2406333174
2406334134
2338700982
2334490294
2334523318
2334653622
2334636214
3391551670
3391547526
3395610758
3400566918
3400973718
3417486807
3386025461
3360720244
3627198420
2551623620
2551627588
2555812676
2572458484
2572462564
2572527716
3105815652
3175009573
3175007525
3179169572
3187627813
3187439141
3116168805
3116160608
3117733860
3142901716
3138713925
3138775367
3122065207
3122062887
3142735382
3109160454
3109109254
4182780470
4166007078
4166256679
3922724911
1807747132
1807954949
2043027461
956706829
1027997740
1028928813
1014246661
749996294
627964279
627964279
627964279
627964279
627964279
627964279
627964279
627964279
627964279
627964279
627964279
627964279
627964279
627964279
627964279
627964279
627964279
627964279
627964279
627964279
627964279
627964279
627964279
627964279
627964279
627964279
627964279
627964279
627964279
627964279
627964279
627964279
627964279
627964279
627964279
627964279
627964279
627964279
627964279
627964279
627964279
627964279
627964279
627964279
762165623
896384375
829275638
829275574
862827958
846050750
846051511
846051509
846051509
913160372
1982708148
1982707444
1981200068
1984345796
4131827415
4115123814
4026945254
4026940070
4027001766
4027001254
4040632494
1888955550
1888817295
1905537165
1400905884
1363157241
1347563803
1077035530
1076121098
1088743962
1085074222
1085118510
1085114398
1085261830
1089389574
3278553094
3328872903
3337261761
3333067472
3337343969
3328763363
2251876451
2249730083
2253924387
2278047011
2223652386
2224715491
2359023271
2358875829
2358818469
2363007653
2404942757
2388165013
2388309132
2384129181
3457886399
3376359614
3359520958
3358992894
3371576094
3433377294
3433309710
3433325134
3450323405
3484795028
3472123044
3470025888
3394524576
3445016480
3424048995
3426189090
3424942354
3424938242
3425658882
3438180610
1286232338
1286286610
1287197969
1287193344
1223279184
1282048720
1277855440
3442122432
3442118336
3442183105
3475610835
1311286387
1311351827
1311436803
1181369345
1190070048
1203056160
1150560868
1154751076
1141115508
1142377217
1075228419
1092592898
1096586514
1406697506
1389920306
1387954178
1392152579
1382723649
1378529363
1378541665
1396387937
1360605217
1343762725
1347946021
1352207917
1352342044
1086274060
62863884
49822276
36199109
36210373
37261761
56144051
6008994
2011315
270442705
276738256
276730096
275748080
1931852016
1915005168
1915087329
1916660391
1914497702
4065098406
4065074862
4073473758
4087136974
4055757262
4054770102
4054737334
3522060679
3523141761
3523145872
3501523104
3505651936
3492032608
3492028672
1344681489
1344677431
1357262390
1352936990
1387014670
313301775
313362703
376211735
1445500975
1378387054
1378386110
1378521246
1378529422
1445884038
1412309142
3291357346
3232708514
3233617571
3233562211
3233558055
3231460917
3233574400
3233656320
3237916480
3229584848
3242167776
3258877312
3257840000
3257893248
3257894881
3526322146
3526305506
3527229158
3548198630
3523027942
3502186998
3502190991
3502059660
3250335900
3246144684
3273414828
3256666541
3255160539
3259408906
3264672266
3267289610
3282953018
3232556330
3299764286
3303958543
3429550111
3425273909
3358165845
1228576260
1265284612
1525323012
1525392436
1512678436
1513661476
2050531344
4265324548
4265250917
4131049895
4034544551
4043245207
3773237895
4037872263
4037872295
4037819045
3770428068
3768335020
3766238861
4029427341
1898934223
1915613023
1919741758
1928191030
1919802406
3530414102
3530349574
3530157062
3538613254
3572166662
3567972358
3567972614
3567947653
3568011948
4104686252
2968292012
2972486332
2989865612
2989928076
4063684236
3812091644
3810812909
3789841391
3768857071
3768910319
3768992750
3773743862
4033856278
4029470486
4028955926
4028950550
4049922070
1969649686
2003187719
2137406479
2138446861
4284355613
4294907181
4294645549
4294530605
3753497149
3753431581
3736662607
3753419342
2679677518
2679682926
2512059758
2548751726
2548746350
2456799326
2457786574
2453077199
2450879949
2450805213
3542041581
3512628205
4036944620
4037014524
4038906364
3514618076
3543986396
3543982300
3592351816
3608559880
4111884808
4107691544
4103601720
4103601705
4103401003
4105498170
2633289338
2624900442
3711257946
3560326490
3558241758
3558236630
3570885111
3700875492
3700932836
3751657716
3741086932
3732827329
3728615619
3728608322
1312489570
1316496162
1576608294
1555706390
1555747335
1555599893
3702040096
3706235685
3694700853
3692673349
3592075713
3592062339
3592062339
3525230979
3591786917
3606524325
3623100837
3572769767
3572904903
3572377413
3572442951
3568123670
3715905854
3745315630
3732519742
3731532302
3735655950
4272455966
4272455789
3198714092
3202920620
3191398572
3208208556
3172606636
4229837480
4095612585
4099279595
4101249790
4109646206
4109662286
3501221902
3518490638
1408750607
1400356871
1378271511
1378283809
1382474529
1459024417
3606565665
3606892833
3594310675
1312709699
1312689219
1316949075
3472564067
3468246563
3468195361
2662917729
2646206017
2633744193
2298056641
2295897041
2295917287
2295917287
2295933670
2354659046
2354579430
2363228646
2359099558
2359185598
2359059598
2359094414
2363025551
2354624911
2350561693
2402990461
2252013324
2251986444
2255139332
2531959348
2548605540
2548611044
3085737376
3086780832
3059583376
3054864785
3054999969
3054698467
3056752147
3072463362
3038913042
3034587698
3030656550
3030662630
3030650022
3030666406
3052686486
3044430983
2501305735
2501305989
2501273285
3040044997
3044025847
3052414439
2515543295
2511486175
3522305167
3522301326
3514109374
3514047662
3522438318
3522519294
3518357758
3517227135
2448208157
2448205068
2439884044
2423175996
2439944740
2440007204
2469365268
2452603676
2989474621
2989478189
2989379887
3061798191
3061144894
3061079390
2547473870
3570818510
3570823118
3570920774
3034035478
3033906482
3033838883
3033839395
3025450771
3038230017
3054933505
3055465985
3057570049
3057565777
3055878243
3060008035
3068410979
3219466339
3182831731
3166055267
3165982451
2646017731
2646545089
2645390017
2645357237
2678887077
2641139365
2621234917
2621299415
2619304898
2636000578
2669552690
2539540535
2531213335
2530803717
2532979725
2667199500
3487172876
3453618996
3432520293
3431479015
3431470054
3700179798
2363478390
2287907303
2283710439
2300558021
2584718017
2584718017
2651826817
3188566931
3201148070
3198005414
3063775398
3084877990
3038765222
3021856995
3023495393
2755063136
3833002784
3764898352
3815234048
3795245568
3795249665
4063682050
4063577698
4084466658
3782476194
3782480034
4050986163
4059309217
4088734881
4088267907
4088284354
1374557250
1366234114
1412179058
1412179170
3572314082
3568185058
3584954051
3718713027
3752074947
3756271223
3479446055
1299981095
1308434749
1291464989
1291787548
1216158012
1211906868
138157876
135595796
135729924
139551493
146924293
142856965
146906917
155228964
436247012
436377988
440580484
448961933
449020861
515937197
515957165
507568568
503345320
1057026153
1006694441
876779817
886225209
884120331
832670474
585410826
639940618
639929354
774668314
1848541275
1848545401
1848553577
1831793513
1814983273
1680810607
623719015
657200103
661393895
1743524323
1688999329
1823415185
2091784833
4239284867
4239317635
3702504066
3719151234
3605833346
2532176802
2528113570
2532110754
2533123494
2549884327
2508012949
2506046852
2422156180
2430348212
2430349300
2430353396
2447120116
2480669428
2459767509
2461864534
3539735406
3538694506
3529769066
3547072634
1345263706
1076762698
1346287690
1346283595
809478473
1881974536
1881964808
1881440315
1882562602
4063731758
4063666214
4063686914
4128396034
4128641586
3063296739
3065800353
3065793952
3065793700
3064526980
3056126084
3057367172
3071977600
3038423872
3160057344
4244349491
4104696354
3035165478
3043606838
3039380534
3156741350
3156740518
3157134230
3169716870
3166112455
3165994695
3163827911
2626954959
2626955135
2643793262
2379551854
2413038638
2396785710
2254179374
2261310750
2261296463
3330843085
3330843085
3335233756
3294273692
3292168588
3291121100
3291385804
3560950500
3560241764
3558140469
3508009741
3545627999
3536190815
3536188543
3536188503
3527791815
3527787717
3540960725
3575535589
3562952421
3565111015
3590264567
3579065986
3512476306
3511423922
1884225958
1893414310
1889086630
1889020095
1891117215
1895327869
809040941
824804653
824870157
858370317
824741901
825004069
808292391
807387174
269369558
273554646
340666614
349055990
345909830
496904774
532035078
515650055
246166029
250401309
243118649
259826537
526167017
491564011
491563946
533642122
1338949514
1323221898
1191101322
1190117866
3623547242
3623526762
3602555178
3602490686
3535317789
3539528476
1383627580
1399327512
1131024152
1132073788
1132077356
1379479852
1377308708
1394094132
1124626509
21808271
5032335
13535623
13540229
13541253
8828805
282370981
284471781
276070693
1362605101
1361423405
1394977805
1378266117
1378272261
1378272519
1379321447
1389773551
4140040942
4152627886
3582202574
3582227022
3565609335
2491868455
2630282549
2631789829
2623334661
2640178964
2380097397
2413704053
2413691733
2379940343
2379809271
2363306342
2363240550
2363237478
3437063254
3428841670
3424647622
3307060678
3340213639
3340160903
3323907719
1380806311
1380200103
3527681703
3536069606
3536138734
3536072814
3553894446
3511951406
1363439662
1355075903
1355072317
1367655256
1367851480
1397134792
3540430296
3523653096
3591683561
3608456651
3612380619
3578826187
3578957259
3562183643
2513627883
2547150443
2681283163
2666529547
2666529563
2683503470
2643616110
2626904550
2626937335
2630980833
2631175393
2621738197
3742669892
3726091332
3726565380
3726565637
1444811021
1446909759
1434400557
1417490213
1425816421
1423788917
3571371781
1423937285
1423742213
1434227575
1987421047
1987486663
1987477954
1985331379
1984217251
4131659937
4127465637
4095156373
4095091077
4099307157
4103229159
4105293430
4105240070
4122013190
3622891014
3593528854
3593687830
3526496534
3524399159
3545371685
1943409701
1939213364
1905659140
1373051652
282528260
290852356
290922036
290723621
861155621
861147173
583340071
583815207
600626215
600622127
592235823
554491199
554522495
554652271
554586735
810480239
818918255
818713983
814528853
814594132
864925780
1921628356
1380956357
1376697795
1376711618
1376678594
1444811458
1466577634
1554589410
1554525666
1554520178
1554585665
1290329088
1147708416
1428922368
1428857024
1428862080
271222160
271224480
300932768
300752528
334306947
308614786
1390752418
1390752738
1386488290
1407462770
1407592706
31877378
31901955
65489154
125127986
125071650
1195139106
1161584674
1164865650
1156469186
1152305090
1152223874
1286576786
1303227123
1307422433
1333569505
1329373665
1329373665
1329571265
1597691329
1597689153
1600883057
2129234209
1994964257
4142441761
4134052195
1999151427
1950015811
1413087682
1413349842
1413418850
1357720353
1353460512
1890335520
1907129104
1940777728
1946070272
862884608
309232128
376406801
909082899
909086834
909106290
640538722
657258722
669841634
632289767
615438791
615421893
619688261
606990405
608166133
624763105
658252001
640426211
653004259
649009875
933640899
866532034
866531842
329726467
331163139
297542147
33366531
8008195
7062017
6914897
7964017
273193057
269002849
805873761
810059873
868911168
583964864
1649325248
1715310784
1714262160
1848545696
1848570529
4012860067
3945538214
3916185254
3924560558
3924040622
3903076510
3903273166
1755719758
1755720910
2024022239
1018438047
1033118103
533995911
524559749
256126353
222625715
222543250
223526338
124960002
123966738
123766066
132161810
132362514
1172484354
1155969795
1155961601
1156482560
1156483584
3320564432
3355036388
3329809060
3329764012
3325570733
1446789085
1451105549
1467878415
1425935421
352138285
352067615
343220239
343347231
339017775
339484975
69993774
86789414
158202358
158202358
158185982
1231665662
1235859966
1269414270
1252637054
3400120702
3400251494
3400251495
3404310644
3391719508
3391739984
1244338256
1261050992
1210724720
1210724976
149557840
216732240
141038144
137048640
136985155
1227491910
1265195606
1248451414
1248443222
1252571998
1252570986
1252569962
3400053242
3400184042
3400118440
3404243112
3391664300
3391673524
1244339380
1227504820
1210727332
1210727156
1214913092
1224358405
1217997319
1217980935
3365448215
3684216373
3671631476
3663247092
4208497380
3136852708
3136860772
3128464996
3124409895
3124426022
3123315814
3123250406
3123186918
3144289462
3102353542
3099256967
4172982916
4171864772
3920136708
1793636868
1781052420
3928732676
3929710628
3929731108
3929686052
3929669668
3929670012
3917284056
3908903640
3904840408
3904833225
3904835162
4172024554
4172037098
3098310890
3144210570
3106461834
3090069642
3090063241
3094254216
3102642888
3102520008
3170743000
3160318700
3160335076
3176981157
3210506918
3195536038
3194488238
3060272318
3060340890
3068737690
3068737722
3064674458
2527733898
2527732938
2528714954
2264424650
2254168142
2216359726
2218427942
2490011153
2494205440
2494084608
2494082560
2628300288
2364074528
2368211489
2368211490
2401765666
2384988194
2397571106
2393446450
2394627090
2327456770
2327538690
2331634754
2323381442
3409628289
3376041088
3358219392
3362413472
1214925472
1223318192
1223654032
1210903104
1211936272
3376324368
3407783168
3407848464
3675827504
3658001185
4199066147
4207458850
4203321890
4204501282
4206463014
4202224678
4196928610
3676966082
3676966082
4180291522
2037006035
2024495857
2041076464
2074672976
1521007616
1593359360
3728389120
3728391232
3726306544
3743084000
3155875488
3034170020
3028865724
3028869784
3028935304
3028841209
3033023210
2975336170
2994211306
3060537578
3060537562
3060750474
3043940490
3026647178
3026629770
3026629577
3034878536
3034878476
3027677724
3023495700
3040240181
3073844774
3057391206
3068661222
2527595750
2527594726
2527599854
2527608046
2527599742
2259235918
2263540750
2263526415
2263526405
2251003924
2234222628
2485815856
2485816848
2632615424
3166351872
3103302160
3094929956
3089651236
3106410023
3106409070
3106408558
3106408494
4192737374
4223350862
4221189198
3667584078
3667501254
3399196870
3399127538
3401225457
3413822672
3425324272
3425308048
3292137360
3292136080
1148863120
1174135680
1206641536
3345724800
1181715840
1195347840
1193053921
1159507681
1162143329
3569739377
3565606868
3583432084
3587527860
3612628132
3611059365
3594388669
1178496397
1199468359
1442668087
1441594915
1416423203
1416422195
1424814867
1424995091
1441706451
1466877313
1466879361
1450691713
3598042275
3597988259
3597984227
3614761319
3614761783
3614762775
3614764823
3598182679
3598088471
1450575895
1182205974
1198988306
1165956370
1149112850
1157497378
1287586339
1287393843
1287131715
1291465666
1283083714
1299155394
1332579218
1315806098
1189985170
1185726386
3332940726
3350770598
3350966694
3317342629
3350831268
3346571428
3342390452
3342455988
3342849204
1161756084
1161232356
1144389220
1416949300
1414852148
1163261717
1196880135
1182159111
1191067910
1207767350
1476206894
1442657070
1434007339
1434132025
1434065480
392895176
388517512
371773320
375948696
912818616
938246585
904696233
904831403
904831467
896442651
896459035
896360763
1965830443
1970090283
1954427691
1954427434
1425941034
1425416730
1435833098
1469317898
1453080874
1453114667
1455406907
1459597065
1476175625
1466468104
1411942232
1412006872
1412092889
1412355033
1412363227
1416540635
1424929787
1441708025
3555636873
3547248267
3547266699
3530350266
3530063530
3530045354
3538695594
3538890922
3538890922
3534692522
3534692526
3534713023
1387061501
1122820212
1126494324
1092932956
1076287820
1076263244
1076259789
270953439
275214334
279311358
279245150
1369735438
1369735455
1374455087
1097641263
57538861
40827157
40790277
40773909
40844561
40711441
107942145
107876609
107872513
258867459
225067779
166446851
166448898
166431058
191596882
191600978
187283538
1262071026
1266262498
1236902306
1488561059
1488556704
1488491168
1491640996
1500029668
2032693804
2066297384
2066428200
2032873512
2082997289
2087390235
1021970443
951781449
414714185
465066441
448318920
447251913
451444824
443125880
443199720
1516937464
1500160472
1484432328
1484432088
1492887288
1492772601
1492739675
2028475002
2020083306
2036864874
4201135594
4201397418
4209858746
4210351242
4218723466
4183078026
4165443721
4170097624
3096355576
3096355448
3100287592
3155862124
3155944164
3038343847
3057194662
2994212518
2994212258
3002599602
2460760246
2460756150
2460236982
2460290182
2191989903
3269946509
3261443268
3257248836
3525679364
3525819140
3509041668
4033264132
4033256964
2967901701
2960044606
2955797038
2955683374
2955681322
2972191786
3018328110
3081308190
3618314254
3584698375
3618318340
1206593536
1193949440
1328159504
1311377680
1311378704
237634816
238686208
258605056
258622465
258720770
220841042
153719154
158044658
158044658
166441458
166310386
1491710418
1558820816
1554628308
2095823612
4243176188
4230540904
4230506088
4230488616
3962053224
3966239337
1819018090
1827406954
1827407082
1827413210
1823421642
1018106954
1017974795
1018105865
950956811
409952827
422372138
455930154
977064235
977268827
981397833
1048499145
518832857
518837995
233633514
217870314
218065386
209680890
1283456218
1282380890
1290764362
1303281742
1336578126
1319809358
1319809862
3468341828
3334117104
3337133984
3324574116
3325574308
3325570213
3308924079
3292146870
3304725638
3233419142
3233484418
3233484434
3233296050
3249022626
3282577315
3282580897
3286768800
3278380208
1130961024
1126901888
1126836608
1126857088
19586432
19584384
2852304
3114960
2930483
2927906
19704098
23898402
23902498
57194786
57277234
32177922
95081730
95077635
95077392
233391216
224943248
220854416
254539920
254532016
255588784
121219472
104574336
104578496
1178305808
1111196464
1400484640
3514409504
3497637424
3506146832
2968226320
2968095312
2968230512
3035151908
2766726692
2766725677
2758341162
2758562362
2758562618
2754417466
2888634682
2909607226
2909615162
2951689226
2934846474
4008588362
4008653898
4025234522
1844196474
1845240906
1828463690
1819071562
1701675082
627934538
661624138
913292762
930004186
930004218
388742378
388560122
287862986
287985870
321573351
329961957
313188449
381345857
381411392
377093185
104417363
103483426
237901858
242170146
250166050
195573346
162013762
145293890
145429074
145437267
145440321
145436224
150551104
167344720
200895344
192538960
175892816
171690320
237750352
254396529
254396787
258595187
258603378
225048946
225016178
225016178
225016178
233404786
233405298
233405299
233536371
233569107
233438035
225033043
208248275
208248273
208254385
208254385
208385969
225164209
225163953
220838545
254409425
254360435
237582627
242821411
242756642
249046050
247014450
263861250
268064002
267111746
266980818
233414098
233413074
225049074
225049074
233437682
233438194
229243890
229228530
229228531
1307160499
1298769843
1298769299
1294701970
1298892178
3446379954
3454768562
3454645682
3437864354
3437864931
3437864929
3437799329
2364057572
2365126644
2356729844
2356731380
2352545252
2356800996
2357095909
2625600887
2625459543
3699201367
3715985687
3715981623
3716018485
3722309941
3722311029
3722311541
3713906549
3579355125
3612975092
3612975092
2539256788
2535062421
2535030711
2535407543
2535342070
2472413174
2480865782
3552326118
3552321894
3552391287
3552333925
3551318124
3530334316
3525935196
3527118940
1914277964
1930990604
1897499917
807057695
538638655
543095615
551475486
543051022
1616803086
1897881870
1931342126
1935459118
1942540910
1938342638
1938343567
1942607503
1942746782
1976235919
1951033295
1414162383
3562694143
3562759550
3563026207
3573503775
3590280463
3590309133
3623736669
3623736797
3590166492
3588069372
2547890173
2539632381
2541721343
2524959727
2524828655
2524836719
2549936494
2516349295
2514248047
3026023791
3025960303
3028033007
3044874655
3579788687
3613343119
3613334927
3613331855
3613274509
3615371677
3347002735
3455923502
3433839918
2360089630
2360097798
2376885254
2410456086
2393473062
2393604390
2398781798
2390393271
2272953221
2272968324
3307903620
3307965076
3240872596
1127840660
1110976932
1379478692
1379869876
1379807388
1383993492
1383559604
1374024660
1357165060
1352958468
1353495092
1353490983
1420599846
1420604966
3563566630
3559308838
4096170294
4230387734
4246059014
4283739150
4132758543
4128695629
4129224540
4152247916
3053336301
3036624621
4110169853
4108060671
3571206143
3587667414
3621217606
3606439030
3597979766
3732197430
3730169879
3746947093
3743342869
3716084493
3699037708
3707489852
3573145212
3707273069
3715661167
3715652991
3749305471
3615216895
3615216095
3086922063
3086922573
3086911325
3221194357
3221069365
3202137639
3193759271
3189531174
3208454694
3175035430
3023700782
3036348782
4105768295
4105767031
4105705543
4105713671
3581438983
3594101831
3592070214
3591024838
3590948051
3611854067
3611854065
3620378065
3620382673
3616188097
3604670145
2530924241
2520303571
2520565735
2537420262
2541679846
3053409495
3053286623
4099696095
4099171807
4101466077
4101400285
4101392125
4109649645
4107560813
4124370301
3075859805
3075859933
3059742687
3059742719
4133476319
4150085534
4116534174
4125045182
4110361022
4110364862
4110225598
4110251263
4118568189
4118608988
3576556828
3610242332
3597596428
3597652492
3597529612
3605918237
4142896957
4159675711
4159543599
3857553774
3833563262
3833567310
3833576782
3828724558
3828724303
3828658815
3828724327
3828523623
3845375783
3848326435
3881880627
3881957395
3881986067
3881986163
3881990371
1734543523
1734412723
1734417331
1734556307
1742936723
1742936723
1742748339
1738550195
1738549459
1738549315
1738565701
631269445
635529543
627272647
627206903
627194599
627251879
635443863
635451863
631273719
631331063
564222151
568420807
560069575
560069591
560069111
627161447
635680871
635557943
635564039
627273749
623063061
623054905
623054905
622989608
606221608
618806824
614668840
614668856
614545944
882932233
882949642
883199498
938446266
913284267
909030569
909030553
371634313
371363981
371381149
354570982
354562598
358773282
899736098
933552674
1990503714
1991161858
1990887425
1986693312
1715054720
1664728208
1631171476
1613476516
1613480620
1613742760
3764732584
3768866473
3768613803
3772807594
3772803290
3781322970
3814874234
3814872138
1667454282
1667330394
1675850074
1675850106
1642156410
1642157403
1642165595
1642558555
1642331259
1642191963
1642134601
1642198091
1633867083
1633875835
1692591995
1692591929
1692661561
1709307163
3848331545
3881918489
3999494205
3999412285
1868959789
1843811631
1827133989
1823459873
1823377971
3907684866
3908742658
3900223491
1799127139
1848410195
1848033475
1713766851
1714819809
1731407521
1701849763
1706310307
1738803623
1722550405
1991121093
1991130181
1454269445
1458492421
1458041124
1450696997
1584783637
2121634565
2117374757
2146808613
2096341861
2096206279
1014022534
1009893534
741545134
607336622
607332782
611527598
615594670
615582350
899681934
916456142
379597326
383804198
383820582
379691814
917546786
915451698
919641859
920028419
912163841
890930177
1009361953
740928545
1814669409
1814804705
1814730976
1818855904
3840789216
3832469184
3828273856
3828314832
3828101792
3832296100
3832297124
3840682661
3835967926
3836151974
3835694262
1688211606
1688350926
1688367182
1689427982
1689297934
613461295
542161213
1610651933
1610844173
1610778637
1627556877
1644332077
1645389101
1714860332
1714876701
1713885501
1713750317
1717846317
1650786671
1642402238
1626280382
1626289598
1617766846
1625635247
1675966909
1655126941
581377677
581112457
580997705
580968969
580953659
849391390
845196558
841068814
841150726
841109774
841351454
874905902
883362790
883235810
1017592642
1013398018
1013275138
1021695778
1017426211
1067753523
1051111425
1046904832
1043169360
909086896
909045921
640611489
661600417
544156051
539303559
539170463
543363759
547427053
547361389
547418649
548447753
546352409
549496893
536905741
537102349
537037833
587367448
1644340520
1712496936
1712496952
1714585884
1714667820
1714798956
3865428461
3873788331
4024783259
3982963595
1818699706
1684487082
1684351918
1692740526
1692601246
1709377422
1709379982
1738551759
1738596703
1738580269
1738580269
1739631885
1720757517
1711324425
1711309833
1711439883
1711439931
1712517162
1712518186
1735576874
1877199162
1843513610
1843526410
1877076250
1868688699
1864430619
1864421449
1865531864
1865564584
1735529384
1701974696
1685264041
1685140137
1685140415
1693528991
1692480413
1621177341
1621177212
1622222364
1620076044
546336268
826288652
855640588
855771661
838994494
852650790
915597606
918012934
917798918
1056735302
1048481986
1043239042
1043239041
791576752
741314720
741209248
741112224
606878628
611138212
618998437
618998438
1688281750
1692410566
1692426830
1688265502
1688249663
1689300029
1703979020
1716566028
1711315981
1711506443
1711441162
1712494378
1846732330
1865610794
1835191850
3907112762
3907046682
3907056698
3908101179
3916488729
3914457112
4015252856
4015150568
1867648936
1867714472
1867716537
1733497791
1741881759
1743978910
1739788762
1738748698
665005850
649276171
649325323
647080201
647276569
1716819977
1712619592
1713340552
1715372440
1814991785
1814991533
1815016109
3966625447
3967675042
3974425314
3966040675
3831823651
3848596481
3881954305
3865306112
3999421440
3999417601
3999417681
4017124834
4017122786
3992222950
3975501910
3971991894
3971611430
3971590951
3988371221
4026135300
4013449477
4013433102
4013503294
3980080750
3963558634
3966569194
3836545722
3836550042
3836492186
1891380362
1941712008
1922884744
1922868360
1981580460
1914012844
1645642972
1647744076
1629660428
1612883212
1612815677
1612746031
1612749103
1612814639
1681037613
1697814829
3878849324
3862036252
3860981532
3860984120
3865170216
3865133417
3865265643
3890367994
3856796602
3772975774
3772848798
1625369246
1625373598
1625374606
1633693070
1659905438
1655778558
1655777407
1653733396
1654126596
1656076292
1656524036
1647949316
1630189060
1613410816
1613428224
1680526896
1680394787
1743308834
1739114594
1705564258
1709897794
1844378690
1819206850
1814974658
1815024034
1831669922
2101089442
2084317602
2096900770
2091854482
2091322051
2091326145
1554328129
1554261507
1291067907
1294410242
1327895042
237372178
237437282
249918690
267353266
229591170
96454787
98031745
232110512
230992864
265611872
123038224
125251072
123936273
123936291
124196643
90637602
233111602
234705106
232648850
1301128323
1301130368
1334687872
3482290560
3470232000
3459746576
2384845328
2401517091
2380539426
2293309986
2293310242
2292188450
2292188454
2292190438
2297431254
2289046662
2287038598
2287165575
2287198597
2354176388
3423724484
3423725524
3423725524
1276341716
1276276036
1276271940
1276269892
202528196
201545172
201454996
218224020
218349972
251843460
252175236
236446613
259355605
259348471
224733159
233268711
232941047
216188119
232834519
224444885
258011541
258208661
241341429
241358837
241293301
241199077
249587685
266412535
262287734
228741174
228806711
232910903
207655959
476093750
492943655
1064413479
1047641367
1043436551
775000071
640909319
640909367
638817383
638706791
637755751
637678439
658637543
566428263
545538679
545584759
545566583
545566487
562343175
566607111
591627266
587366402
587382834
570646819
570565927
570559783
583143205
578948629
579022340
595668484
545334789
545485573
545444357
545358359
545556023
541886054
604800610
604542834
604681586
743089251
1816781939
1812587603
1829497937
1862991061
1850408437
1858788837
1854658549
1858697029
650670919
642278175
638067503
638066990
625489262
1690916334
1686752430
1703529663
1737084045
3867790476
3871915404
3863588748
3058628348
3067007589
3201200662
3196461574
3180732982
3180802350
3165651246
3097493614
3097494634
3119531226
3119641802
3144737994
3142623435
3176243400
3159601352
4233277896
4229084632
4229017048
3959532536
3976379384
4010973820
1846713116
1712495884
1716618252
1716621324
1712566300
1695719484
1678962748
1678954796
1813235560
1817300840
1817235305
1817204073
1816146009
1816207433
743645209
743641388
745603884
745603692
752948860
748895868
749156956
698833484
715491916
715430415
715962638
720157710
707563582
707563582
707760190
707702894
1798217838
1747362286
1748362223
1752224429
1752225453
3966820012
3981466284
3981474476
3847252668
2773494460
2781887165
2716875452
2715819772
2716077692
2716081692
2716614156
2750164228
2750168092
2729252892
2729248828
2997815356
2460883007
2461673534
2210015262
2174687262
2161051662
2161056782
2223979598
2223979726
2358197406
2357476790
2361671094
2379221942
2303740311
2305907093
3375462804
3375458692
1225877892
1226008964
1226009028
135522628
135522565
403826949
403822871
403831063
403963159
957611285
957594885
991147269
990090581
989959639
960600055
960608246
960608246
960739286
960740830
960601566
990091607
2063833367
2051194119
1582476549
2119366405
2144519989
2144487221
2136426295
2102871863
2035683605
2035684117
2035487508
2035364636
2035296028
2034270008
2042690344
1774234408
1874897707
1875160698
1866970842
1846326154
1712882618
1714979242
1646839226
1663792314
1663712446
1937390830
1912218662
1912480806
1912480002
1371414786
1369387314
1369198898
1368184146
1368165826
1367772547
1372490627
1372494723
3520053203
3519852513
4056723425
4048332645
4048070437
2735453989
2736438901
3814440676
3810066101
3808976533
3808960149
3809150645
3775597991
3780721894
3822853222
4156361782
4156496902
4156107782
2008558598
2140728326
2140708118
2123072775
2123005972
2123145300
3663503476
3659301108
3658252532
1561223420
1543905452
1543909032
1548094124
1419119341
1421675190
1421621958
1421667014
1404874054
1382842374
841973766
908754950
640331779
640327696
640327712
589996064
539615280
539574500
606799780
606867117
1680084655
1692671658
1688485546
1688485562
1687496346
1703159438
1971593934
931422991
398774535
390382645
387310629
389407781
1059513373
1059513549
1063701647
1063701903
1029803663
744591035
744732331
748794603
1826660906
1826660906
1818273338
1815131946
1815143722
1815207978
1819430954
1827815483
3971088427
3971350585
3986035017
3889563081
4157540809
4282850201
4283784091
4283792315
4283707322
4283721610
4260647306
4260675994
4122395114
4122403310
4120298495
3616928733
3604341213
3595886965
3591659893
3591643509
3608618357
3579196903
3570796007
3572893174
3568764294
1426027910
1425925510
1425864646
1442617286
1476364119
1459593015
3605905189
3597446948
3593252660
3593315892
4264473108
4268659460
4286481236
4252877796
4252885996
4246565756
4111809917
4095031597
4099156271
4107610415
4103560542
3835024334
3839226510
3839210126
3830813342
3830810030
3830744238
3830748399
3830490237
3828457757
3828605197
3827492668
1679976236
1679966053
1684082151
1692468726
1705133510
3869393862
3873592262
3873592134
3873568022
4007718182
4003523878
4020268086
3874569486
3883087182
3849721287
3858109927
3837068709
3837068709
1689595316
1744119188
1718952388
1714893252
1651667268
577983764
577819941
577826597
559004471
559128375
1631819575
1665241399
1673572639
1648668959
1644462973
1644464109
1644202921
1661045673
1661122985
1665317289
1673719273
3800297977
3871400393
3875594697
3875661769
3808624555
3813855147
3855863723
3855732667
3855677339
3847284683
3849381835
3849577273
3848519977
3839967273
3772776505
3764401161
3764593673
3831639129
3831630319
3840018926
3852667902
4020440006
4288880390
4272301830
3735429894
3735429894
3736023810
3719155986
3702313251
2628301092
3166216420
3170666724
3158088180
3158162004
2923412044
2922822220
3996558924
3996553805
3995435631
3995387759
3999647023
3999757613
4000801845
3996606487
3995296007
3999494423
4007843127
4024616243
4024618243
4008107331
3995524547
4012367299
4012171235
3856973731
3836010407
3836206999
3840343751
3827758791
3827695303
3827629799
3831819879
3856980775
3856981303
3856987415
3831853063
3831717911
3831586855
3832889383
3833032759
3833013559
3832969527
3841358391
3773254199
1621576279
1622103623
1676669255
1651306703
1651298559
1651365103
1735317759
1736374719
1744829359
1727396783
1727397823
3874877837
3865571469
3861377229
3861115117
3860914668
3865110508
3873570541
3873691229
3873691229
3865171549
3865112127
2791369519
2808142143
2942359870
2942425470
2908912094
2909171678
2908975038
2908770238
2908769726
3982515647
3990978495
4024663999
3890376607
3890311069
3890242973
3890230429
4016059549
4016127132
4024580284
4024580285
4020381885
4020443583
3852671967
3852692430
3835949006
3975262158
3975264094
3975264046
3966809662
3979388431
3845170703
3844124431
3877825837
3877797229
3877767599
3881896367
3882027967
3890351807
3890364063
3856875415
1688223187
1688218643
1688218643
1688284177
1688415233
1956733953
1956832257
1973597217
2007145473
4155673731
4132604035
3596065203
4145535410
4067909538
4067892898
4083943074
4092331746
4092341798
4092339750
4092340022
1911300438
1374171222
1374367958
1371148535
1371029717
1368968388
1100515348
1104783412
3346638852
3342510084
3609901060
3609892100
3605692676
3602547476
3619259111
3619202790
3757635238
4281925286
4280876966
4280993238
4281004230
4281000134
4286243014
4151963718
4149797959
4149869943
4124694885
4124825957
4126857588
4160396124
4160719628
4127033876
3833436725
3833437749
3833434657
3829256753
3829256721
3829363204
3829281348
3829347044
3845925796
3892054436
3870836908
3870881980
3870881932
3869832393
3802705929
3807281161
3798917163
3798917930
3794756142
3794763310
3777972838
3761195622
3761162870
3765435718
3774735365
3837583364
1677508628
1651916800
1983262720
2000036656
1966551585
1953766946
1962150498
2092174050
2092187346
2092246914
1605772162
1588999042
1588937411
1458356933
1450034708
1450089004
3614357804
3580667948
3564940345
3560743945
3560751177
3560882651
3573465850
3569275630
3569276590
3586064102
3580690118
3576549058
3611155906
3611096162
3615285346
3621642291
1476292673
1564348480
1547571264
1547572272
1547581472
1551837472
1509649969
2079972866
2062077458
2062124562
4209546866
4209557090
4209551074
4209545185
4201307600
4201315792
4197119440
4197121136
4205532256
4205364320
4223192080
4193971204
4166708343
4166778230
4183547494
4183482086
4284204774
4284040870
4132964230
2002267270
1699227790
1682577599
1615477932
1623856364
1625244140
1624752840
1616286408
1615632072
1615630056
1632406249
1665698473
1661573819
1644937115
3810452939
3845808523
4114228634
4126811566
4122617774
4122551022
4122489550
1912087246
1356337950
1350243622
1350183975
1350182931
1357527107
1089353923
16644291
62692739
46104963
49971587
310018435
304779473
304783600
304849120
321708512
288220896
808349428
808323652
1883179605
1886128751
1894018863
1906631726
1906630698
1940688906
1940684874
1929150798
1392035646
1400457007
1366955813
1350174500
3497665328
3497669392
3505066256
3505066256
3505091584
3551194177
3534403777
3539568849
3537406131
3529018547
3529028055
1914282486
1933288438
3761939054
3761152622
3761173102
3829265262
3829198122
3829164138
3846002794
2776566106
2775388122
2783713018
2813068026
2813088378
2813162361
3081631096
3081628984
3085823768
3060645388
3056252428
2788860444
2788926232
2788917529
2805630075
2769935595
2753284335
2753223103
2755287967
2759741085
2766996127
2783712158
2783719918
2813075950
2813288942
2779767150
2762993438
3837786894
3841841423
3766257689
3761809449
3761821753
3778673673
3778737161
3812245593
3812250027
1666867883
1675186859
1669943993
1653101208
1657298572
1648909004
1648887916
1648896036
3808111732
3806995540
3890884804
3857330372
3840569732
3840931508
3841324708
4109686420
4109649605
4109649607
3036440166
3053219822
3086511598
3086511599
3086573039
3086637023
3086709455
3078185679
3078103631
4101517838
4034396942
4034593070
4034534446
4033550382
1894717470
1894656014
1944479950
1927736462
846447758
844136606
838901934
838918318
839119022
843272942
851529319
865077797
865344036
838281732
837185028
895929604
1970246676
1979561012
1708963044
1698993332
1728349332
1845990805
1845999509
1845935845
1845915174
2114399782
2119511586
2119513890
2136215842
1557987634
3571319042
3700040002
3700043138
3700087169
3565849472
3565915008
3604515456
3591932544
3591931280
3592196256
4129067236
4129132772
4145471596
3038245948
3040181308
3038195556
3042917092
3033873149
3033872125
3046585085
3048616671
3049210463
3082601247
3086803739
4143769371
4152159003
4131171083
4130257211
4129982762
3862464554
3862727690
3862855690
1715380234
3862863962
3879657706
3844006058
3839549866
2761609915
2761934489
2760758968
2765940392
2757519096
2757521016
2755407468
2759663213
3026980327
3026980087
3035366534
3035497606
4109243526
4121832582
4155387270
4138085846
1994853846
1994657109
1986032757
2002838628
1696636980
1701880124
1683075388
1708163373
1699778877
1695588623
1729143055
655405375
1729287467
1645399083
1649592363
1660307499
1672955995
1677555915
1635739851
1631481291
1635651003
1644038059
1638336427
1672811515
1706374139
3857986399
4117766687
4117766702
4107481646
4103143982
4119855710
3581945422
3581963982
2508222430
2508225022
2235882990
2231880959
2232845517
2539562189
2541725132
2541534716
2536807836
2503384716
4114005708
4095129284
4095660756
4095480436
4097581604
4118554412
4125889581
4155247663
4138472487
4138676247
4156485638
4124504071
4097945871
4093748573
4228099453
4228029437
4228094941
4244688607
4144023247
4127380174
3863396938
3869164138
3871210858
2797385963
2814163177
2816256201
2803756233
2803229064
3876909705
3843494569
3843162795
3854697130
3851689726
3851692382
3985909798
1874139190
1878337543
1869949959
1832215565
1832903693
757048381
759733293
768117789
759729479
789097927
1862837639
1863034295
1829410215
1829412263
1841991598
3851078574
3884649358
3872132046
1657539022
1657145454
1657678894
1657741374
1640767775
1892425997
1884103436
810496540
810365468
273420052
273419012
269240580
269409108
269417284
269384645
323934087
315543942
48222610
48083122
308064418
319599010
323794338
332248482
1385149602
1921823970
1923068979
1919853571
4063142915
4063141123
3794703907
3798898209
3824141856
3790358116
3778557628
3810012812
3793234876
3808954796
3779726509
3772394687
3768197262
1622811850
1638429706
1923673098
1923655691
849913885
849917980
577673276
640588860
641105980
637964300
637964301
654753999
889376950
604139682
604392610
609700770
620579506
616417971
615111313
665557648
648788608
653242240
640656832
640677184
640666656
640470305
657225767
660891687
652503087
652700735
652630047
653150479
669993247
804080479
804117471
762174943
762183135
762183135
762183167
762183103
762182079
762182143
762182111
762173919
762313055
762280287
762259807
762264863
795688255
1064123711
1047347071
1047346807
1055735413
1051549301
1051581045
1068341847
1034795591
1017948359
1009555527
1009622231
740793591
740735207
741796071
762702183
760596863
760600863
760576287
794130751
794130751
796745023
796741503
805130111
804080479
804084575
804092255
762149215
795703775
795704319
795737087
805141503
805135359
771568607
771568607
1023226266
1014837658
1014838202
1012740795
1020870331
1016675067
1016687355
882502267
345553483
362322634
1448652746
1377349882
1376506078
839533006
857359327
819593837
1891238436
1891308084
551314960
542926384
537718052
554495012
554486821
588236895
554613887
558541935
625651183
634043887
625515999
625523663
621325279
621521839
621476847
621530095
621771647
621750831
621685295
625884719
634328623
629937981
562836831
546047439
546049231
566827207
566962390
566962422
566835286
847840278
847958023
864727047
864723204
831029540
1884064100
1879870436
1879874260
1880005316
1896782532
1930327748
1914577476
1915490836
1928073774
1655451694
1722032170
1705250858
1700007994
1964445770
889631818
625454154
633374794
630229210
886413514
878098890
1008119690
1008116618
873882506
875959198
809305006
1886257575
1890472357
1907260580
1924065408
1924065664
1919801728
304989568
304989073
841830887
842879463
847012326
1939628518
1906139390
1938280926
1938150862
1942330827
1934073803
1934011099
1942465241
1933962840
1934917240
1930692152
1930692152
1916735800
1916674345
1929322537
1388257343
1405038623
1371471887
1352352783
1351342415
1418312135
1150000023
1154128775
3571094919
3579482503
3612967319
3614999462
3615028198
3615089639
3615220583
3615225655
3732501823
3732436287
3732431935
3749213245
3715710013
3715839039
3707375647
1559888223
1425736671
1415140319
1415115423
1415116479
878226429
1952164252
1985648860
1983809660
1446939660
1982234636
1982103556
1982111780
1982243116
1743168044
3852907055
3836707366
3836527142
4109128230
4096549142
4097708038
4097457174
4231604262
2084120871
2096761204
2108296780
2141848140
2141926092
1605177932
1604669960
1502843433
2021695083
2088807018
2088807274
1824557402
1749067994
1795267786
704811214
704807118
772980942
775307495
640548965
644751457
653078625
653132103
653136583
653223631
665713389
632150765
766352077
749583305
753776841
757980361
891932889
623468777
624632041
612049321
1694175915
1687753391
1687758527
1956212383
1956149903
1955097231
1955097231
1976052639
1942555071
1926171039
1918778527
1918836895
845091007
327094463
276763071
276763647
283914783
283910687
279752251
816613949
820550205
820746767
1894431502
1911208462
1927972366
1982431758
4130046558
4062888670
4062843550
4083749294
4054330543
4037552301
4037609620
4092270724
4067047556
1915417732
1915400324
1920905365
1922937063
1922867234
1993646114
1987567618
1916199174
1931879702
1898331430
4100864302
4105050606
4105836942
1958353289
1957169544
1961381816
1953031080
1948836520
1948836520
1965683432
1999495804
1999087156
4150766884
4142262324
4142163989
4091820039
1944336646
1910909686
1890463398
1890453158
1891370662
1895573182
1903961535
1898718365
1361867996
1361899532
271376392
808239368
808435976
812637976
816773672
279640617
279632427
280611391
14173710
2060814
2023942
69133830
341697894
365749474
315420898
47104130
38715525
34488452
101074060
101108028
387365692
402565676
917285416
917023529
2124981257
2124972105
2116780184
2133495992
2084233400
4229619884
4229620389
3969578727
3971828262
3970714150
4239141414
3177982470
3056347398
2520655878
2518559750
4133368886
4141813814
4141810646
4154344190
4120822444
3785130652
3767829128
3775955336
3843065224
3826491064
3826428584
1677896424
1677912808
1678961385
1678780905
1685076200
1700793528
3789554840
3772907704
3768717480
3768771240
3836924664
3836773916
2778768900
2778784263
2808144390
2804138534
2804302374
3043362342
3085830950
3081640214
3081578583
3082582135
3086797941
3074212869
3072323597
3206471693
3219038221
3219043623
3084829991
3051015463
3051015479
3185241415
3185241414
3187238742
2641897062
2641966630
2574976566
2574910998
2583367198
2566397470
3103276334
2583178286
2583247934
2583368735
3657117705
3656921353
3648528713
2037933945
2031810536
2048587240
2051724777
2051649737
1514709193
1511579723
1511586826
1243306010
1209686074
1482316090
1485490750
1485491726
1486389838
1538822733
1589158396
1584963820
1445499108
1445642388
1396311172
1345990020
1882860196
811276972
546917036
612915884
612957884
1737023116
1724682124
1984740573
1985326127
1983245359
1983278119
1983274037
4118179093
4105334580
1957768980
1955675652
1553301012
1569054240
1590020641
1590004002
1581549618
2118420482
1980532754
906726642
906671234
1057665154
1008398470
1008453509
744285860
744255141
608972463
608447166
616901358
1687501358
1955597102
2008026430
1995451662
1985309966
1986000143
1994049359
4271539583
4271408495
4288184687
4256862543
3699025743
3699042077
3699113597
4236049261
4242327917
4242328941
3168652653
3168769885
3028133581
2753405637
2753405621
2753402549
2752288407
2752302727
2772814775
2807450597
2799053797
2792762213
2792828724
2801086740
3082039316
4122226741
4122226727
4105450534
4109645926
4099365110
4111657462
3875716742
3875708550
3879900870
4148400711
4144022023
4145037861
4111479333
4111933989
4095095077
3570794541
3566600239
3567193150
3700176906
3700254730
3750668366
3738085582
3734997150
3736895646
4272717977
4269052056
3057037480
3054936492
2769462188
2752684724
2751653552
2755862180
2759855783
2759868070
2760916654
2765097710
2791574366
3865327626
3865327642
3873781786
1726425098
1722166282
2125868042
2123770890
2139505998
1602668270
2110039791
2084874237
2084879709
2084749069
2093391372
2093391668
2084872037
3959730149
3825515991
3825729015
3825655718
3846588070
3846571767
1699088087
1732261597
1733306220
1968186732
1976575020
1954552860
1887438924
1891637324
1883449549
268577229
285673807
323292430
315032862
310772030
310780222
383197478
381953318
390342455
390364951
398515997
532729661
511758141
511758125
507742573
503556479
503704031
503708118
504209302
525311902
2093909902
2089715598
2089725326
1821158831
3972313069
3963924205
3959461612
3842082552
3842217688
3842229961
3842116331
3842124714
2769758378
2776041706
2813725930
2812674266
3869651146
4139196490
4153697355
4157893967
4149538143
4111754622
4111885614
4095111486
4107718942
4103520527
4103390491
4120669483
4124862777
4116457816
1969109320
1968838920
1901727000
1901725496
1901671224
1909994296
869806360
592208184
588046648
588027192
588025144
554209112
554209240
554274779
554416106
554427882
554361326
541778350
550237614
613022142
613022094
612957069
898210701
936033740
1984603596
1984602573
1984602589
1984669117
1984478655
1711856559
1711852479
1661684670
1628060094
1616522750
1625167214
1627198766
1626608686
1622438975
1637147679
1641407839
1628829023
1627706847
1896203767
1901022695
1910459879
1910459775
1910452063
1910386447
1943940879
1946042127
872292111
870260509
870063917
870063933
835474748
827191613
806347261
806199741
806138269
809797021
809799103
826592191
860289974
860285590
1942383511
1942384471
1943365431
1945397047
1944348447
862222109
863262013
859063597
825546029
1897390381
1901519359
1908916687
1908720015
834979230
1933888942
1934092718
1934092718
1371957726
1371953486
1356254478
1358358286
1425336118
1425073959
1959847727
1892738351
1900412205
1934032677
1917255444
1917255172
1917279764
1648646693
1644448301
1661787693
1661788013
1666106861
1666172141
1674368509
1657062877
1657065421
1665466317
1661299679
1627875839
1615260143
1623652717
1619429676
1619364620
3770980876
1627696716
1627694669
1627760367
3775251178
3775383210
3779579818
3787938218
3771160810
3766999274
3767003259
3783780379
3787910409
3821467401
3813098249
3808908091
1661286186
3808706030
3808712942
1665489086
1674004654
1669777598
1669844174
1669709263
1669644045
1665445644
1661333276
1627909420
1627842860
1611061356
1623640172
1619511805
1640778127
1632381326
1628187022
587675838
591796398
601230510
597036206
597109966
596913613
595864396
600124188
600271676
559246108
559278348
559270156
559401996
559401997
555068735
554548526
554539374
592300910
592300542
558189022
558194142
566721663
566656045
558267437
558329197
558360573
566748924
562464508
562333580
562335113
554477707
554494091
554657979
588126634
589171630
603855534
599666334
599533263
599532239
599537631
570173311
569650559
568606079
569133855
564972319
565021199
565033503
569223711
569158175
560773919
560762687
560828207
557817647
555671085
554654249
554634025
588200760
588196668
575613308
584006136
579673497
579615881
579615883
583801995
600644750
567237790
550390174
549866446
545749966
814082910
830799230
869591150
861169790
844458078
843540830
851851583
847645501
847645500
864487708
826616092
805661980
805793052
805756172
822595036
827117565
860683181
852286397
852351964
869260252
827322076
810544860
810479324
810528732
810524605
818515373
566795695
600358319
1674092479
1665900190
1666891422
1629142671
1614462607
1613414023
1881861815
1881859559
1911284775
1911252007
1978283030
1978283014
1953180674
1416177714
1433352242
1575884850
1609435138
1588462850
514457858
448332034
448328470
448308015
451457385
971538792
946375144
942193128
673757672
1747696344
1747630728
1747697289
1747485385
1751679705
1768456953
1768612587
1768612331
1764434026
1864969450
1848195242
774584506
778705082
648698299
648726153
648659592
665375368
934060872
908895544
908909864
908519724
841378615
841403954
1651426850
1672118818
1621852898
1621657218
1622705795
1614392961
1614454416
1613405873
1613485793
1663578979
1646800931
1659379750
1659379774
1659449406
1655313438
1638536203
548025353
548302345
548261401
549228297
1616682057
1880419531
1896138986
1929857194
1896239018
1892032190
1887848070
1956070086
1955918419
1962189345
1693753888
1689101088
1739560192
1718527232
1714336768
1647215872
1647215920
3861813216
3861772257
3861673890
3849061798
3849063854
3857463486
3891083454
3869653182
3869646302
4003870174
4003930310
4007928006
3996393926
2134319574
2083919587
2090211043
2092381815
2092379653
1556032005
1576872709
507459847
507189254
507122950
511316278
519574062
448279099
968385049
950588024
954765288
946375592
942181288
943242152
674933385
674998923
740857739
753435547
803766715
803910059
787128745
1852547241
1848238249
1865087225
1865054381
1866086575
762984879
637146605
632947421
632881869
616059465
611902025
606659097
606645817
607697451
628734507
668572218
668519178
643358475
638080267
789255195
789184553
759829545
751440937
747255081
747321113
747189771
763913803
768145355
793311131
776507839
776573375
793416125
759870397
759870365
743158669
759886733
756724633
794473977
777753963
777624955
1717147963
1717279003
1727707227
1710927049
3833308360
3966367176
3962131400
3963294456
3158193707
3162388010
3170702890
3165394474
3182170426
3215724602
2661810218
3752394798
3753444575
3724037260
3443051660
3443035532
3745101196
1580967308
1580967820
2115675036
1985651031
1994301718
2004263190
1949799743
1949799711
4097216287
3829304125
3827272493
3830221613
3830226277
3855136245
3989545431
4023100359
3998983111
3994739159
3994739191
3996841447
2927217895
2952613095
2818526551
2784982351
2784978767
2784716639
2784588415
2784576111
2784559999
3858305887
3849925455
3833340751
4101842303
4110366063
4110355711
4103998671
4120788173
4125064397
4158510557
4158445053
4158452701
4124943069
4116558591
3848123135
3831347183
3961372527
3978149247
4011830655
3997168927
3930059551
3930026783
3929871167
3929806127
3945542959
3957593135
3953475695
3954688479
3953127885
3918324617
3981239177
3977095097
3980899755
3989214697
3989210601
2908063067
2769612043
2769612555
2803302185
3883321129
3883320105
3882701337
3878429192
3878429192
3878425208
3878618088
3857647080
3853325800
3853262040
3853270216
1638677705
1638870219
1638546571
1906998426
1911160218
1911092634
1911329162
1911328922
1911459994
1911468282
4091982330
4083594090
4083589930
4063667770
4063684154
4147574654
4151792110
4118106606
4126626286
4127125999
4110336511
3051341311
3053296989
3044847373
3044847389
3074207517
2805839677
2804937277
2772365885
2776584765
3044410237
3052865389
3050767855
3050636799
3084191071
3052746078
3048546382
3031703646
3031724414
3031724527
3027580397
2484551165
2484542412
2484566476
2503440772
3606510996
3602314692
3601252804
3601121733
3602170231
3606863974
3732676646
3745452070
3695054886
3698210070
3698229014
4176402966
4176468502
2029828870
2020912967
4162103237
4178883013
4212638149
4262872500
4262868384
4267124128
4271318497
4271837681
3737059655
3736867655
3735839527
3752649518
3723265326
3697642814
3698625886
4229208390
4227894086
4228026118
3959598855
3959596551
3893536279
3910382199
3944084087
3944178243
3944093507
3944154979
3916701027
1806966053
1789992245
1788034309
1792222469
1783832839
978395175
986722343
998256743
947925063
411050051
142614595
142619971
146896195
138673475
138657107
138657089
138853697
155620801
172393920
173442512
173377008
173318624
173335025
172188661
172102391
172098278
172036838
188753510
155198774
155198750
146814014
146830398
142701598
142734350
159552782
197297422
1254524254
1254528918
1254463382
1518703550
1518834607
1585947055
1590010029
1581551789
1594130605
1560592620
1561792628
1561736484
1568550437
1576934949
1571757589
1577008645
1576756741
1610347333
3757818311
3751379351
3755508134
3755516838
3712542638
3712607934
3712743102
3712677567
3722106877
3755984701
3741113656
3739802936
4268534072
4268600088
