3640324452
3630096740
3629695860
3628656580
3628918724
3679430084
3662591429
3662585031
3662580951
4199532783
4215594479
4215598591
4215662543
4198945743
4198908622
4198957818
4194317162
4194313066
4215350634
4223876586
4219489627
4219758923
4219791819
4291296731
4282832282
4282761626
4283224474
4291617211
3721224617
3721277867
3697153515
3699312942
3695118654
3710589246
3714791710
3723197710
3752588046
3216671502
3199894281
3199763000
3197674028
2665001512
2654503656
2520302248
3057189544
4129948328
4062842024
4067100840
4054391001
4104796361
3567921353
3567921355
3303941450
3304854030
3439071806
3434885678
3434881582
3468218918
3468265254
3468338483
3468338176
3741033472
3665342544
3661141232
3677009088
3626669440
3626671492
3694054788
4231415701
4231428007
4241958822
4237572006
4236517286
4253298102
4257508742
4291062918
3712377990
3712898246
3578742231
3613349335
3747552757
3730783733
1608333685
1610430833
1576876401
1509244721
1484223249
2021053187
2021556739
1751876115
1776915251
1810474289
719895601
708356128
708356128
708352032
708429856
1781144672
1781143521
1860829857
1856701105
1739477633
3836637825
4109268611
4109361027
4109360803
4105174691
4105011111
4110188455
4109657591
4101268823
4118279543
4118279479
4126668055
4159698199
4160746775
4152358151
4135440647
4135404823
4135408935
4135401263
4135532335
4135532415
4143912799
4160690015
3623289677
3589739357
3572831005
1960080668
1960115996
1951775516
1952299580
1887218204
1883025117
1933350541
1648001679
1715110591
1715135407
1715036326
1719152806
1853370598
1827406886
1827013670
1827022086
2095195910
2095195654
2095199750
1559312150
1568685558
3716167862
3716184214
3716184214
3481299430
3464785910
2391167813
2391151364
2392719636
2397831460
2263355748
3316330676
3299486901
3232262311
3245889959
1127795110
1109125511
1379853703
306094287
305045519
304521230
321295390
270990398
1344642110
1345163054
1357483567
1354272365
1352175356
1351126732
1384684044
1389017900
1390061868
1459349564
1450796061
1446666294
1446924326
3594436727
3594437069
3560882060
4109273740
4105013892
4105018068
3031284244
2897067540
2896998956
2896994863
2834096686
2871850542
2871791142
2854553702
2854369526
2871212246
3946002582
3989970071
3984993422
3984992142
1837442702
2105812671
2143583917
3590643133
3590621327
1444326607
1448520783
1458758662
1390604294
1373814806
1348616222
1348862782
3227911726
3227930174
3303492126
3303307790
3303827974
3304877846
3321685334
3302605269
3319447964
3344597468
3329921524
3325727508
3728316180
3732448820
3606619684
3606816356
3623585365
3749217277
3749217773
4286289133
4252675309
3982198909
3843668061
3978012765
3978274013
3978293469
1830236365
1830162943
1813119726
1813054190
1825583854
1821392494
1821387390
1821391455
2089843211
2106637067
2144643343
2118495503
1845996815
1846000959
1851169855
1851757613
3860627501
3862855725
3812286685
3778699500
3778678957
1631455151
1643056814
1638734526
1672297150
3802999454
3787205263
4038863501
4039060100
4036234900
4035985044
1888509580
1909487300
1943066324
1926357095
1408491558
3522389026
3495961634
3492023330
3492093698
3492687366
3559527942
3622372870
3602384838
3600303239
3600498844
3736727740
3468222908
3447219128
3292099224
1144660680
1144661528
1076767528
1345218600
1344759848
1344755737
1395117321
1382269704
1383498312
316052168
315093625
1388634667
1401222698
1082445098
1355597866
1355799594
1348396106
1360961610
1398636746
1390117034
1384820905
1385079944
3536759944
3591286152
3609116568
4112420536
4114515608
4110389848
4109804089
3840389673
3827598127
3827621935
3845510254
3845618926
3845602470
3843439798
3847634102
3858640790
4122875527
4089319044
4089388676
4093394564
1929129652
1924935332
1388062372
1388263044
1455167111
1455163302
401868006
354692134
471927846
472071174
471950342
471965702
471961606
1029943565
1029939485
997437725
994155804
994162972
989964569
994310937
1061305099
927365643
626448906
559320603
567707432
1643946792
1643676120
1643675864
3811147960
3811415528
3878655848
3883898479
3084842606
3083761262
3217695470
3209179886
3210215918
3153592570
2611483866
2578061514
2579118282
2310678731
2314807497
2336164763
2334000523
3411956106
3486445979
3452953017
3448546232
3712788376
1561116552
1562168248
1564342712
1563323896
1563323512
1566970936
359531800
342753544
342696216
74986264
70980413
70922815
70872614
209219366
217640290
217636338
96175234
96109954
95073666
1173006209
1206560384
1206564496
3353974432
3622348448
3606619744
4135364128
4135429652
4135494148
4265054757
4264870694
4264825646
4281602862
4231402794
4231929130
4177201194
4171761706
4172879962
2042312778
2075667530
1519920202
1255678155
1242243243
1242182058
1225413546
1494930090
1506449066
2106302123
1032371864
1066184600
781040840
639474712
658476056
590316600
556187948
539419436
540189484
542282541
549880621
546096415
550291663
550029518
541837470
554588350
571357326
571358606
571357070
576590478
582881967
580727469
597435052
563880588
832316108
301785868
292414232
19783944
3006744
271443768
279960360
1353628200
1421781561
1421781530
1572710922
1571588730
489459370
489210778
1059672458
1042944138
1042952378
1042952362
1055551663
1052434852
1052500948
515434436
515418884
518568708
518764804
535550229
502229270
484866374
476476742
1013109702
1013088950
1012957862
879796919
609264357
605066021
620794221
622047597
926082157
926311533
2000094333
2000494027
1465788826
1440627194
1436420954
1421740814
1353535246
1152182030
1152164614
1152234294
1156419879
1345159207
1345244193
1345243137
271984640
322185472
305477376
305529364
310247988
314442340
314311276
27009644
9176860
9177404
9271597
9431350
9414918
9353478
14587138
1999170
53379522
103715266
103723218
36679859
36679859
36615346
36616594
53402514
1395555235
1366260641
1408004000
3552338848
3535598480
1392374400
1384112832
1111384768
1111376449
1450132259
1458402598
1454963750
1454958638
2147018798
1576646670
1559929934
1551818958
1547681934
1545408702
1545408686
1543771055
1547970221
1552230124
1418081804
1419189772
1083510284
12323340
28052284
1135442221
1118791982
1122987278
1114423374
1110229486
3256742334
3255612334
3268194990
3264000686
3263992493
3264197533
3247354780
3230572988
2162074028
2149422581
2149432821
3491609973
3558845301
3560876821
4097747719
4110322135
4122978711
3871325367
1727893639
1714786439
1713799301
1713545381
3861111140
3860948260
4011879717
1868573989
1835019567
1767908366
1751393550
1756239390
1755973166
1755975406
1756892838
2025338583
2029528645
2016962244
1480124036
488238732
504326796
504244916
370022836
382077084
377948300
377756812
310654109
313865407
333853870
15076862
6438878
6518494
274846462
274772734
270578414
270570110
270635903
291545391
291546415
325107007
325163325
325556509
845580553
854493451
854494491
1928307994
1945014282
1936625674
1898741819
1881985065
1882018088
1882067496
1882067496
1886260776
1887242808
1893481016
1889012265
1889012059
1889010890
1889030346
819581130
828043354
928935994
911176762
906974266
906910986
907998682
907863978
1065150378
1031587722
2138932154
2134348202
2138550442
2140582058
4254508282
3716588746
3701337102
2627530030
2627397167
2633680431
2515191349
2515063389
2674451453
2657677797
2666131685
2684088565
2684022901
2508190077
3564946813
3560787324
3558309212
3558226252
1427519821
1427519821
1446459663
372717839
376901391
385176382
385135398
915710246
918335782
918532098
931041475
876249475
808158897
808042145
1613491889
1613691553
1613658789
1626151269
1621887271
1638676783
1672226831
585903119
578552879
570164267
551158267
563741343
580531855
580396687
580394895
848825486
851987614
852040862
863714527
812283915
812317961
820686344
820551208
883471912
887662120
2095621672
2137564729
2121832059
2130284266
4269379498
4134241722
4142566574
4159370478
3052070126
3036294607
4042862029
4034473869
4028570524
1881086908
1880964540
1901868477
1935479229
1943474365
1934971071
1909756415
1676980510
1675660574
602189594
593866250
573550090
1647228425
1663742472
1663734024
1630159928
1631194344
1628973224
1633228968
1636441256
1670251691
596050874
595657354
1904292554
1886593546
1348550154
1348479498
283126282
278948414
10745102
1084354574
1084260362
1168539976
3337520024
3329138424
3324951276
3257907884
3257843352
3530339976
3538739849
2443985803
2159953834
2159947690
2164141994
2155823002
2155812814
3229548814
3237806094
3250343983
3552337956
1391288372
1379815428
1379811588
1377747204
1376768300
302834028
856487848
860740504
600611752
579373993
579373482
579573914
1657779338
1645719690
1647685770
1646375130
1629659178
1612898859
1612869165
1893871149
4041424447
4037033518
4037029422
4037287214
4108583982
3572761662
3568765966
1419709519
1151084749
1150101989
73349541
203377057
1277087105
1544988033
1561699457
1578410129
2114232512
2115412224
2115417600
2120652288
1986369057
1986836003
1986573858
1999365922
4113183010
4097443170
4095348178
4028238210
3506060210
3501865890
3517582274
3551201602
3266848770
2193150994
2197332002
2461835298
2478612515
2445189379
2428412417
2427359840
2968291040
2955713184
2955713440
2704202144
2704210400
3812522481
3810422721
3814598593
1632380611
1631862759
1631865191
1636059175
1636124711
1669725446
1657267974
1644618246
1644683830
1645004582
1649200422
1653394663
1670208749
1640772749
1632383373
1611540365
1611540143
1611541167
1624054703
1636059631
1636092255
1669651725
3817137420
3812992268
4077364492
3842880812
3842737188
3855254565
3851125861
2760422469
2911542613
2911549799
2940905827
2870520659
2853743123
2856040979
2855992883
2923087394
4017766962
4026480130
3984336658
3966503986
1814829170
2083264626
2087468130
2108570850
2108568754
1605239170
1605269378
1605287810
1605213058
1605213058
1587911059
1520809456
1521856560
1513402400
1511284772
1511792676
2067734572
2017082668
2029652767
2024409614
2024307214
2024335878
1488497478
1533737414
1579861382
1579794822
1579697030
1579893413
4293583524
4255834788
4239124112
4239241088
4240223616
3975980516
3967068004
2891228708
2899815983
2891352622
2906638886
2940004918
2923195142
2787781974
2787780086
2801402342
2730033382
2729967846
2746810438
3770549254
3773721606
3765356838
3773819173
1627187236
1625089076
1615655044
1628192908
554172556
537591996
537530796
806236840
617496236
612702956
612690444
613722637
615819789
1973725967
2007278606
1994620942
1981972686
1982251158
1982218422
1982730150
1982732966
921439911
648822359
917447175
917315845
913055749
908877829
372073509
377416741
520023381
534695367
366921159
880526791
880396287
820631167
817491519
817460783
817460783
813200169
1614307625
1614307337
1897553944
1629287720
1707930920
1737280824
2005192520
1988380488
4140127752
4290958872
4253220411
3699568234
3699568366
3699437230
3703629470
3695240846
3707959182
4261605774
4261605766
4278636743
4284399863
4261396581
2105040999
2105024543
2100833327
2134382703
2138966255
2146831343
2141343487
2142422671
2140242575
1606460046
1598072526
1598072430
1593896814
1594031422
3713430830
3713925422
4101701942
4101583326
1425617311
1423716543
1419539629
1976327341
2009942156
1934059660
1917250012
1917254205
1917241917
1926745627
1920779787
1916592970
1916330206
1931002046
1931329710
1942913454
4052656558
4052194127
4035294479
4035224839
3499142151
3503336503
3495357473
3493209121
3493725473
3493725761
3493463745
3497658049
3568963141
3618315845
3332914759
3338153799
1182271871
1188564335
1183324653
1317543401
1317557689
1317597624
1335665064
1327407272
1595310248
1593868476
1560322181
486580423
469934326
469943590
1547947830
1497594390
1497512470
1498561046
1607612934
1335246406
1334195654
1334722692
1317912724
1317847212
1314693292
1310490792
1579064472
1578543304
1578543320
1595058552
1460845096
1465028152
3612446216
4285826568
3740656137
3740721962
3736498222
3740663854
3748921390
3627816174
3627695358
1480198542
1492781966
1486490270
1486362334
416817739
425206603
504951625
509252472
1054584680
2123935592
2140712680
2128133880
2117637720
2134410760
4248536584
4114253336
4114265961
4114531694
4116070894
4116074926
4124471726
3185468910
3181258222
3185513935
3185538381
2642240845
2640147805
2640172413
2648561533
2549995391
2545735646
2545735166
2549994990
2549994863
2508051823
2491406197
2491414341
2491315140
3565036481
3565102001
3560715171
3745321383
1585316246
1451101638
1451182083
1609914389
4242864164
2086725924
2087757109
2104537861
2136048143
2051273246
4207141486
4207376110
4274487277
4274871277
4274539948
4275586460
4267205004
4267237769
4275626186
4275675258
4277845034
4261066794
3169486906
3027142922
3026881290
4096302346
3845685515
4013465963
3998917097
4024078829
3990536549
3965337939
3961323843
4229705795
4229837043
4248450289
4252636608
4289332928
4289337024
3752400596
3753393788
2612537916
2577148696
2577148171
2564765722
3638517034
3638313258
3633889578
3633939226
3634070474
3629687787
3625498537
3641220521
1527507353
1527441803
1527392399
1598958991
533608335
499520135
499520134
492188375
525402839
391147893
382787637
382967837
382907404
1473419276
1441961997
1441110397
1441040879
1474596331
1474593195
1986494858
4133912970
1986458026
1450598894
4084543839
1903440223
1886663035
1886860666
1886796586
1895250730
1895136058
1895168858
1895692106
1912378187
1903989071
1937277263
1400545645
3548030317
3529221485
3596547453
3607033157
3623802197
3615409637
3581765093
3564988407
3571414519
3571414519
2499630455
2516407639
2508029303
2642247478
2541715254
2549579638
2549577335
2679460471
2679427671
2643776119
2647974903
2647974887
2622813671
2639588839
2505440727
2539058501
3612792133
3596010821
3596076309
3528844309
3541429301
4078287925
4063606837
4148082709
4148074503
4152265991
4126901511
4125663287
4100841685
4100812949
4101976485
4116199333
4124845733
4124851879
3084658367
3084658318
4158400142
4127073998
3584956238
3584872254
3584862990
3618418446
3622616335
2523708682
2519505930
2519112730
2519108655
2520173871
2540988175
2515808783
2494980669
2627085053
2627089069
2626946735
2647920110
2675199086
2669988906
2670642218
2674831370
2649661451
2632951048
3706560460
3694955420
3694955420
3694955420
3560886164
3560892308
4114539445
4125082071
4127191511
4160680406
4160705846
4076688422
4068244526
4068224030
4068224030
4068293658
4076280890
4093008938
4055287082
4057253659
4081374985
4064593880
4060186536
4064400808
4131773608
4131871913
4131880123
4144457151
4098253727
4106642015
4102480415
2627715645
2629624373
2629625644
2625433388
2638011196
2635975284
2636041940
2669567685
2673764295
3758032838
3757848054
3757905398
3715962230
3716103511
3648929031
3632150279
1493120791
3639949119
3637786413
3360963885
3377735980
3410242844
3393465612
3401852172
3464770516
3465491124
3482202788
3448582820
3448506023
3448253350
3477719206
3323840674
3325544626
1176669186
1193452546
1143120130
69313794
203472658
217100066
215002914
142654754
1216386339
1220707619
1497533763
1515620673
1518242113
1518307649
1517127745
2054522945
2050264161
2048164961
2048254049
2115371125
1057362149
1011745249
1021117409
1020010145
885795475
886844035
887040643
882780819
280888963
312803970
312746626
44061314
45142962
45144034
15788834
1081142050
1081273090
1088879362
1084676355
1085181185
1101956369
1118535985
1189720113
1181458433
1177194497
1177190403
1177190483
1177284851
1144775907
3564858849
3564715745
3573104352
3573038816
3573026500
3573091909
3320806997
3337449299
3337185026
3328820498
3328759090
2256072998
2256074021
2262398756
2262494740
2262461956
2258269764
2277048980
2243433124
2493002660
2228756903
2227963303
2219052454
2231635350
2265275782
2248338631
2248338439
2530649095
3602359302
3601309702
3601768470
3618476078
3714613294
3694706730
3692699866
3692700698
3692701962
3691653386
3691719434
3695909386
3716860426
3733689930
3733496523
3733496456
3733500856
3738735528
2652406696
2654503848
2520417192
2535118748
3608833949
3579449277
3562748863
3563010463
3565107615
3564969111
3573355670
3572830294
3572969750
1424421170
1424085298
1424007442
1440784658
1441902594
3614683137
3608326208
3742536944
3608577456
3598094224
4159622848
4159621696
4159491636
4150586916
4152157740
3879597628
3879532076
3860616760
3795799672
3795667452
3815267564
3781706988
3764912332
3765047372
3773440077
3837419647
3837388014
3852004582
3868772582
3863529926
3876310470
3842690758
3825925958
3965447462
3973870886
3969647910
3972866823
4225704453
2052727356
2052731436
3663332909
3680176997
1482164694
1557661826
1553475714
479755394
210395270
227172550
249196741
106565700
102678836
104724004
102607396
369994276
374123372
373860589
374113417
370053259
386846857
337514633
75371483
213787243
213853737
213132841
76817961
81012281
71577353
994569
944457
23034827
22858443
56413882
37491386
306061962
306082506
306074058
316592250
916246570
915191850
915187818
365738442
352958858
353099146
487309706
499827082
210423994
144629930
144498926
148676902
1478398210
1547342595
1547342593
1551536897
1610330928
1589350752
1591313888
3730345376
3591962036
3591924132
3592039396
3613273068
3588176748
3570730764
3570729741
2231186207
2227118910
2241798974
2241360174
2240319790
2244511022
2236197918
3310069790
3310070239
3310004621
3343559564
3323640204
3594243484
3594241468
3594507452
3592196268
3592389101
4143874334
4126056718
4109140238
4100762942
4096502062
3962288430
2888408878
2888337199
2905113117
2940191245
2940126028
2940101996
2944355692
2910653677
2908555743
2891853198
2900258766
2900262878
2895990782
2914829823
2914833791
2952590687
3210735951
3206472015
2938037087
2938070894
2908575086
2916961774
2912701934
3181118943
3185387471
3177146063
3160368767
3160360559
3168585583
3185362223
3181176069
3218957573
3193842948
4267584260
4263189812
3726316836
3726180388
3730374756
1585123548
3732550028
3707381133
1555757961
1421449865
1421384329
1421392520
1958325964
1958258188
4109935420
4034433325
4030525485
4079837229
4063109167
4063101974
4063104006
1919826966
1919819366
1928220406
1925105349
1386185349
1384944261
4090278533
4048533125
4031688343
4031683558
3034430438
3030165862
3034377318
3042762862
3038536158
3021894623
3021345519
3025540775
3170180838
3165936358
3165944806
3182746582
3220504518
3193153350
3188959046
3188963198
2922878319
2926957677
2952052845
2952053084
2910187980
2906056648
2906025976
2906610665
2906507629
2952579183
2948389983
2952651854
2950521166
2942263567
2942202223
2950583663
2945926637
2952021485
2910078925
2910086092
2908120780
2908153564
2916540141
2914308077
2918501743
2908015886
2903893006
2887181582
2887181582
2891380542
2899760422
2914337063
2914271597
2952024925
2924946252
3189121608
3189126872
3193244648
3203680745
3199486443
3216300490
3218468298
3176523210
3172463050
3172454778
3177107562
3185504366
3185533231
3185402655
3160236615
3156177607
3159774965
3168264165
3163867621
3163867373
3214187597
3201738061
3189155087
3189241103
3189233007
3189101935
2924860783
2949993967
2916561869
2916492236
3184927436
3184988924
3170109420
3170110957
3161721325
3159636111
4233504910
4250282118
4292226199
4275901589
4275306628
3737395332
3729088684
1591104420
1473659628
1438077468
1419862535
1419796998
1415590438
1142953510
1142950446
1143020382
1144396110
1307974094
1320552910
1319505166
1323565326
1315229982
241479726
241475626
384081962
397713450
364162409
366786984
358385848
1429768344
1446627480
1446693033
1446932635
1377722507
3608887630
3583689262
3569070638
3501761070
3500712503
3500713525
3496520485
3492591924
3493644308
4028557508
1880549524
1884714117
1917993111
1644261567
1644224654
1644491146
1648657066
1648676522
1657076475
1649797833
1652550216
3811502600
3811569160
3781476888
3773088056
3769430057
3769495595
3840860478
2758468102
2755326470
2753151542
2753091366
2776159590
2952318054
2930297078
2797263062
3065968711
3065965685
3086937188
3075786100
3038106564
3038175940
2769740508
2773931757
2782387695
2814696686
2814692462
2806269022
3071694158
3038143310
3042338398
3050796783
3180601327
3214172143
3214171614
3217325518
3175609678
3175544094
3159815230
3168269374
3168138295
3168138293
3168129108
3176526276
3172296132
3172951540
3172949476
3176615396
3176484836
3218558933
3218532037
3201754821
3201820229
3218456181
3218382693
3208944999
3175406951
2769679703
2769745734
2769745878
2809583590
2809513446
2817836390
2801059175
2801124693
2792808709
2807456012
2807521564
3178705724
3178705708
3170833964
3170699117
3162247167
3160152542
3168614814
3181059518
3181059486
2677618062
2683842958
2641895566
3694731407
3694797237
3699254693
3707647957
3572832197
3302238149
3304417093
1157003077
1165411797
1131793909
1113914853
1382411703
1382477189
1383517573
1379911061
1379750325
1379688885
1395925493
1365582309
1348800871
1357189415
1088696615
1088692518
1080304934
1088896790
1088830214
1084689158
1084492550
1084693446
3282442694
3265400198
3269657990
3265332662
3265388966
3265307046
2191630758
2191831526
2196013415
2196013349
2473361700
2439882548
2976890388
2972163604
2972162836
2770713876
2804071460
2804063268
2804083756
2937277676
2936232109
2948733357
2814515901
2811387549
2815645325
2815513247
2815488735
2815488735
2815485551
2815471407
2949692735
2909904143
2893200399
2754800671
2754860079
2754855983
2771534911
2903657983
2941349295
2948672431
2948668095
2948799135
2782027423
2815645325
2815448029
2815448029
2815488989
2815484285
2949702965
2949705015
2907822359
2891118599
2891115526
2893216830
2893268014
2910045214
2903753822
2937285887
2940300527
2940238253
2948815293
2948733853
2782011021
2815624863
2815509215
2815447807
2815488767
2811290607
2811291511
2815491447
2782002503
2759064647
2754870303
2754858031
2771633215
2809316383
2809287805
2792451181
2792385773
2792455677
2807201693
2782297821
2782266077
2765423133
2767467037
2767483417
2767479609
2767479081
2765412651
2899695899
2899818779
2899814714
2908199226
2924709130
2922479690
2920403147
2920468667
2919424171
2919326895
2923642285
2814525373
2815565469
2815641247
2815513247
2811286239
2813392639
2815485823
2815470911
2907749695
2893257743
2889001999
2889018431
2754855983
2754855999
2905752703
2937282047
2941349359
2948676527
2948799167
2916228767
2782027421
2781959837
2815447773
2817545181
2817652701
2817583069
2815485757
2807102781
2773605663
2773677327
2758992927
2754827310
2754692158
2759279999
2773966847
2773839854
2782227438
2777971678
2777956238
2782140302
2782331598
2910720730
3174970074
3174965978
3178833658
3187161451
3216508969
3215460408
4289226760
4155043016
3605587080
3593004168
1446605960
1446917560
1444820392
1376133548
1380319676
1388392844
1370759645
1352937806
1353008910
1357235774
1348859438
1344665134
1344647742
1344639774
1344639246
1349812494
276096286
276098335
274159903
276748575
276748629
293527029
863928572
1916579916
1916637452
1916444940
1916707644
1916708393
1916595819
1937526507
1903970026
1895563946
1889272747
1955987963
1956016473
1972827161
1979115577
2012719161
1987946521
1987881035
1986833611
1982644362
1982776234
1982493354
1999250106
1954427579
1962816255
1962682350
1958489582
1419520238
1419586046
1574779358
1599544654
1582761230
508839198
508608815
527466797
1567662908
2085856020
2085724948
1011065428
1547936500
1547942564
1547958964
1459829397
369244551
369236118
1448215734
1456865462
1387675806
1925169294
1975353726
1975296554
1974250030
2003610415
4134316093
4130125836
4130314248
4264464392
3207516424
3173925385
3112043119
3101295342
3101434478
3101434478
3118211950
2560365434
3636397515
3701345737
3701423560
3638312136
1482433736
1478291657
1226698825
152875019
186425354
186490890
421438474
404667407
404654093
471715117
492750637
534176285
515305992
519324488
509920200
510051801
1584855465
1609738667
1569762219
1551951803
1556145034
1413497738
340001754
273023867
274075947
282473771
282994987
285026651
285026779
33307018
66854282
66896330
24936922
20747050
20751150
6071086
14459686
9219362
8949794
1099595875
1099595968
1138401664
1182433664
1178243504
1178318000
1177533616
1110415536
1110432144
1400888241
1409150693
1375528677
1370810085
1408561789
3556004724
3514069860
3509855589
1362371941
1362502997
1362498895
1366688079
1375142750
1370829694
1368732474
1368666410
1375008042
1372892458
1398053130
1406445898
1390184906
1389337994
1406046602
3519975834
4116615354
4099846315
4095648239
4095583599
4095604007
4095735095
4118734103
4118799637
4126041429
4126037333
4260251093
4261365237
3212664293
3212607333
3195858813
3195858719
3196053263
3196053271
3202216791
3210605271
3177181911
3026113239
3026113271
3026048999
3036468711
3053247989
3053313397
3053321557
3078090053
3078094165
3044398389
3044923239
3044824935
3044890614
3045012950
3078497750
3086882006
3086876886
2549940439
3623629271
3590070775
3497796597
3564976117
3570751484
3570748893
3562360317
3562278397
3709286735
1597385487
1584872206
1584734014
1524897326
1541673518
2045080126
2037871423
2037904191
2069152061
2051334524
977577468
986488060
986577148
1515026684
1510815996
1510815976
3691387384
3696678856
3705045704
4237525704
4237329148
4236288748
3716194925
3749752430
2672142958
3206318702
3206056558
3208284470
3174729734
3178929158
3183125511
4239974485
4242038980
4233633920
4095418497
4097455521
4097445795
4101638822
4126821031
4155165335
4138633733
4138642948
4142704132
4134052132
4129857836
3056116013
3056201769
3072988203
3039430122
3162128298
2902068906
3166375578
3166246538
3166205835
3166236041
3187469769
3179260237
3179198733
3208296717
2670452535
2653546278
2657706790
2657624886
2657820946
2674536738
2649358690
2628387298
2494173314
2494256257
2494126272
2221430980
2217236725
3291007445
3291146693
3303958917
3299741107
3320595873
3622631344
3597464464
3597050800
1450619376
1445102352
1982038288
1981907220
908091692
908078121
908077099
892353003
875706794
1689394090
1957825162
1957692042
1957749386
1420862170
1419813482
3567297067
3567297065
3500191276
4053908260
4058159140
4058155044
4083402996
4066574276
4063418245
3526509189
3591381943
4128252327
4128317671
4128325733
4159980581
4104440861
4105038093
1957145351
1957604870
1437509398
1584173350
3728523559
3726434359
2115788831
2132762653
2101224765
1954417421
1962805775
1962891982
1962760910
1895620238
1912096650
1944600986
1927827642
1928949946
1945776554
2010784747
1977558763
1951143485
1951168029
1947005469
1950675509
1950659429
1950384501
1950453975
2009306311
2118302919
4265781445
4261587141
4261587013
3993413941
3998661925
4001268021
2951450901
2942955573
2942955621
2770890981
2770870695
2770937255
2758479783
3840609958
3840607894
3840606854
4109050566
4109181774
4109201726
4125979966
4142791950
4071483402
4071929867
4076116009
4132739129
4128636169
4128751881
4130783516
4134949676
4143346468
4143391524
4160037732
4126630720
4109784000
3565044420
3564062404
3572457157
3573373662
3569122030
4055657454
4076628462
4076619998
4067972318
1914269918
1916367054
1983525070
2000302158
1967005790
1417492270
1952202286
1959540334
1955074670
1955086890
1955123818
1955132025
1955112920
1959310680
1964555304
1964555320
1966844936
605744136
538634504
537545273
541739562
545787434
1636304474
1942565834
1985491402
1448612026
1985556650
2005529770
4153130410
4152989614
4119433934
4119626701
4253852620
4249658844
4229268844
4229406052
4095728996
4112440612
4112405796
4116604196
4127150353
3858747649
3841586449
3841701137
3839860033
3838675267
3855453139
3880099827
3859264963
3859276227
3860296147
3862118883
1731269859
3849338083
3773839587
3836815859
3851577795
3851612097
3889354433
3864498881
3863261937
3871650531
3867449315
3867451239
3884038503
3846416743
2769529127
2886965543
2886913319
3912430901
3912458548
3945799988
3949994340
3933213156
3941926884
3941664692
3954380724
3954391700
3935382487
3935578966
4202965318
4202965062
4203031622
3662050374
3657843910
2602452439
2556303301
2566796997
3636135629
3634972269
3635996397
2562254565
2562240493
2610473421
3130566877
3193485548
3191441636
3191508052
3174729476
2889536004
3974816309
3903332966
3907530350
3895212782
3894676462
3894414574
3911319662
1772236830
1773285390
2073190412
2072027212
2072030284
2055248764
2122365948
2126756860
4265785737
4261853641
4128675274
3057549770
3073344506
3039425258
3023774314
3023704682
3027829290
3035112490
3030917162
3165140010
3165330523
3165289547
3169779467
3161448009
3023896157
4112314061
4145966733
4145942413
1981681597
1981750701
1981624751
1985818799
1996423326
1992163470
1472073806
364126526
350498094
351021370
351078682
82717450
216935178
1286501962
1302840010
1240777354
1238663851
1233429225
1501864553
1485222428
1557574156
1565954588
3709305388
3709174573
3709201711
1426352239
1464084718
1464285374
1455831182
1456348303
1456341133
1390150077
1389101485
323756460
289694188
1342481177
1414828824
1414826296
1425320232
1441835832
1600629256
1596373512
1596886600
2101133961
2101101210
2086519722
1826549930
1688133802
1972826286
1993838734
1985257606
1981063623
1729405508
1695923924
3776428645
3759573285
4034299941
2716240164
2708441348
2737628932
2720965124
2733539860
2729345573
2796323557
2813117351
2817320358
2804741526
2804729014
2804403374
2805398702
2809556190
2813750366
2813405534
2817538383
2809408334
2809539086
2809544254
2815888958
2813595438
2813599038
3082617886
3081637958
3082711174
4122816661
4057739444
4027842748
4027842716
4027712424
4027737768
4027739880
4033931784
4033915400
4050692616
3790715401
3857881611
3856827914
2816770570
2817294890
3060589098
3060687402
3060404778
4135256878
4145545262
4095216686
4099409966
2088441870
2096764943
1554656463
1554666701
1554695309
1604947087
1458080910
1449953710
1450482094
1448383918
3595874730
3603362186
3599131130
2661163370
2661031978
2677810218
2411476010
2415723547
2415526925
2411353356
2411290140
2381892156
2371406460
2369624700
2621222652
2619188956
2619253452
3159270348
4237271452
4236554733
3163337966
3171727598
3037481070
3038251118
4112132334
4246350334
4258934750
4255000462
2107519623
1570116485
1569985408
1565528480
1158738336
1158934977
1158914498
1192338626
1444133954
1448262674
1456651522
1469226258
3616914995
3516184101
3499939429
3495694061
3508014781
3508145853
3541708205
3529122989
3537581229
3535357068
3534341324
3538463948
3542919516
3542923820
3508902460
4045839884
4146509324
4117148189
4125536805
4125553447
4109723430
4107550310
4099148374
4027910742
4027914854
4027854182
4082380022
4069795014
4069844047
1922560092
1922478092
1927188492
1935638540
1897234440
1880981512
1883042056
1880844088
1880759849
1880754729
1883900651
1355418266
1418210190
1469589902
1589628110
1588562958
1592366086
1579790342
1579917574
1579852050
1584046385
1592434720
2129367088
2049541200
992577648
993769504
691775520
725329952
727292000
727420096
725337280
725341392
725479648
675045857
675033573
674705869
741806409
745870121
744493675
753941099
615525098
615725770
882051726
881855118
345257614
297013966
66454222
61215435
44438217
62264136
66526040
55847272
51669480
318794152
318777769
859849099
860963210
869749146
869753258
869294506
844113323
844369339
307694991
309741502
48653230
48686046
44491534
48537918
48537902
44871982
61715518
28227606
11450631
11450628
15637252
1093319428
1126862596
1126859268
1379578564
320504452
287015556
268994212
1879621284
1896397476
1695070373
1741204589
3868765231
4003107855
4007305230
4015972358
4229844998
4228780350
4228526894
3158976367
3096002287
3096120061
3113835405
3180882829
2644045191
3703071895
3698929814
3694801078
3560571042
3560571362
3576305635
3614052035
1391070913
1387231937
1391259329
1449963201
1446815697
1444784119
3609175015
3579622375
4108099951
4108095789
4125095741
4242396988
4233910060
4233895724
4166926125
4166925117
2019371821
2019309871
2018785598
2035760414
2102801870
1070929102
1044443278
1044422798
1044426943
1044427951
1044426943
910209215
910275743
935523439
886242607
812797743
807538207
807608845
807608845
879829512
351347224
345182776
349456952
352111160
486320429
485263389
397252813
514833612
1584312460
1513009292
1513001100
1513001092
1580126896
3723416225
4239218339
4239160998
4239144622
4238615470
4242809262
4231278778
3692499146
1543905738
1543974155
1413888827
1414929195
350095678
280774926
12346382
66899983
58638343
54444103
19841221
19808727
7238647
7300983
82673239
83745367
83746421
83672933
234661365
1610383828
1593803156
1593742228
1593742229
1593767607
1593736886
1591685030
1582573478
1582572974
3730055598
2145345770
2109726826
2109534330
1438425167
1470932045
1449962508
1446873116
3594504220
1379813437
1379822381
1926655533
1905657389
1888879196
1888748172
1351885196
1343496364
1074004140
1074004140
397220
268831477
273037845
282339847
280259078
10774790
48690438
40255495
40779845
36585813
36598261
36528493
41706280
56420136
31231784
299731513
283094536
813541128
821929736
285130248
284069384
342788616
338344461
1949211213
1965594359
1999155878
3861414054
3875115173
3870929060
2801447072
2788881792
2788847232
3074042432
3039504928
3035114016
3030920736
3030910240
3064464435
3601341474
3602385954
3331918898
3336182802
1179264082
1175086418
1175167954
1191879362
1327149762
1295680451
1282115456
1550563984
1550564016
2084154021
4097419941
3826887335
3843668917
2771949036
2805502188
2805526765
2771919343
2755273422
2755274446
2700750518
2695367334
2695629222
2712410286
3786153134
4054793359
4054721676
4058981516
1361853580
1361845388
388242652
388245532
891578684
904223519
887521055
1021503261
1021568796
1012970268
946901308
416395564
1489019180
1505800540
1501594585
1501796057
2038611675
2042804986
1766243178
3913726826
3913719146
3947267162
4014379210
4010250379
3976564875
3842035897
3825235369
3825348267
3842125483
3847360171
3887400603
3870627722
3869512138
1722560527
1990992927
1990992927
1995252799
1986864447
1919759679
847131967
845036639
870135039
818685373
818753933
281997709
273581005
273187677
273188141
810322989
811370543
828225837
828288285
927923725
919520797
919487007
919495183
919529007
1984816687
2001528623
1967969567
621737227
558806283
558663001
542674153
555257000
1627954344
1628093880
1632286648
1632548524
1640494767
1908765375
1967158990
4110630606
4110565134
3577883942
3583126566
3583185974
3583070262
2509590590
2509557823
2509029501
2492235980
2496574668
3578719484
3607907564
3608761580
3726258428
3730452956
1591357897
1608201161
1568354139
1551510026
1545214490
1276710458
1209542186
139993626
139993610
142090763
1224217370
1240072490
1269435418
1252657226
1252665418
1252665562
1252601306
1252549114
1252573673
192447401
188261353
1243390440
1510782444
1510771836
1510845661
449754245
504272773
504272517
521029253
471729813
473892517
339023524
342888929
347082784
347090976
347086848
347086848
80797700
89308164
131242244
398625029
395479811
2123533042
2127858598
2052370342
2048172982
2048164814
706106062
708186694
1798701602
1763906082
1759519522
1755324706
682628194
679483526
746596486
1065379974
1048689030
1053202822
516339846
382121094
374186166
369930470
369930278
304084006
306105382
1379818534
318668086
368713238
351929862
481955334
1287261703
1287260740
1287326372
1287413412
1280597668
3422869140
3422783364
3422797703
3422596054
3359697638
3380816438
2323790358
2323791638
2324051254
2391151654
2392588326
2398897190
2415445047
2415430935
2247794005
2247863668
2272849268
2272841076
2255210844
2188007804
2188011901
2184915837
2201488255
2164856541
3242981069
3247171532
3280512984
1116256236
1112063404
1376292284
1376357532
1376425100
1376424072
1913622668
823042189
806281677
873333327
1947088490
1947019818
2085366314
2089560618
3701291818
3701087050
3753512330
3483894154
1319682218
3467149482
3467149481
3484065960
3483934892
2406253740
2386529428
2386465940
2251728068
2251727876
2541134853
2498145589
2493946661
3030813220
3035597364
2968492548
2960104964
2704118276
2804920836
2788147748
2787992160
2772181601
2889621347
2889615650
2893809702
3187607638
3200129222
3199085702
3200134278
3200185478
3198014645
3196630180
3133711508
3678971100
3674838044
3659133964
3661227045
2049600551
2116701986
4264218146
4276800049
4272605712
4188719616
3639343680
3626593088
3627752512
3627681104
3631875872
3636074018
3636010726
3635940006
3651668902
3416787886
3420982174
3374849926
3376084614
3376064134
3363548803
1484304000
1484304352
3626666240
3626675456
3626673408
3744118544
3710554640
3693794832
3694661152
3692567072
3709348387
3755543330
3331860514
1184630818
3602711570
3267281090
3265953922
3333062786
3337262208
3613965744
3559439264
3559504560
3559567041
4230655602
4231790114
3027856994
3031968866
3029870818
3046643939
3051030676
2514094212
2623154308
2623159700
2631602868
2627302132
2629427796
2646188565
2645078574
2645336622
2641134126
2486141466
2485801498
2485786138
3559530314
3559528522
3559401707
3563596008
1412045000
1462384840
1177171144
1181286600
1181565197
1190969631
1184661806
1184670574
3349062470
3332028230
3330968902
3733488870
3737693415
3726157029
3726155821
3726553100
3743338508
3692953620
3692955444
3692965429
2086603318
4233976354
4242135586
4237924962
2123926082
2123931459
2124382528
2120134768
4129267936
4128039140
4128006308
3875873964
3826658732
3839238060
3834841756
3833797257
3833605769
3833605771
3837814490
3762317034
3762345834
1614860586
1631686682
1631825930
1631826955
1661189145
1661185053
1661189151
1644549182
1644512106
1645150970
1645097674
3813552778
4090377866
4052630202
4119673259
4103879081
4103875976
3586924936
3578557385
3574453211
3612209658
3612078570
3604737514
1457117674
1993972186
2128214491
2119757256
2119754952
2101076040
2084204616
2084225336
1815795000
1815737896
1819846184
1817749033
3965497913
3839656683
3839656683
4099719918
4098623206
4228779762
4228778738
4241434722
4238113826
4156474386
4138648577
3601773568
3731792896
1579594752
1579594752
1580127296
1580123489
3665815394
4208781154
4225525218
4166807014
4177361878
3640269382
3636070982
3636005493
3640142389
3631754805
3631752999
3640140070
3635949862
3635949862
1490563870
1212687118
1221108558
1216917197
1216916188
1233894332
1225496980
1225492628
1260029060
1295679620
1295925380
1279132101
1289093703
1284907558
1284779558
1284778530
1284778786
3428587798
1279017990
1282966534
1340703942
1185582471
1185586613
1185594529
3333272736
3328487584
3592728736
3592532148
3593614212
3593614068
1446389281
1458843170
1454648870
1455173414
1454955558
3600319495
3604709383
3592070149
3608846413
3558515917
1411024077
1411089567
1410989246
3558571950
4099619502
4041026223
4036758189
2963021500
2963036036
2430170820
2488951364
2488951300
2507809300
2507679268
2532845093
2532846886
2528709686
2526823542
3600666742
3600674878
3604869150
3613122570
3577405515
1346038985
1344207049
1880840379
1880692907
805841066
811149706
551358794
551354634
813510954
813507370
813441578
821830186
282858026
277611065
8914456
8916492
13180428
4860493
72051406
71887566
71875278
215653262
496668558
1606066118
1588238150
2126025015
4206403876
3942424876
3927744812
3995050284
2920195852
2920210188
2919649260
2919632300
2799439276
2813854905
2812894394
2812902586
2779642286
2767044094
2768157982
2759767310
2759828750
2755437839
2754915599
2771840815
2939573807
2939028014
3933012574
3941339738
3941347930
3941413594
3941213914
3937020922
3953670651
3920124123
3970484425
3970607305
3974801608
3963335880
3963322568
3962470876
3979260668
4012814948
2788147812
2789036644
2793157220
2818318948
2747015655
2729181350
2733375654
2750288038
2746102950
3014540470
4054784150
4037810318
4038916238
4047481038
4080969743
3527322639
3527191566
3527189550
4064076846
4063974190
3078230570
3036287534
3032090350
3166373550
3166232239
3166232509
3030958028
3044584900
2537074116
3072044421
3071995047
3038436518
3037383910
3020610791
3024813141
3034250244
3839622404
3856448788
3889999124
3890066452
3864917028
3860623396
1728917548
1963856173
1947075374
1947080230
1951342118
1422858786
1418533426
1418533426
344464962
76075714
361267842
378176387
378438016
1453233296
1459534064
1583327344
2115873072
2114759968
2114773284
4262223911
4261937183
4262068271
4267324461
3149531437
3098151757
2561358408
2561226312
2628325976
2629325547
2629329642
2495144686
2516102638
2549651694
2541259246
3576269278
3576405702
3559581382
3577407174
3709528006
4245286374
4291316834
4287122514
4270480450
4220187714
3683311618
3684360210
3686331687
3652773157
4192775532
3119032684
3110779900
2872807420
2872610556
2872678140
2853937916
2852889340
3943429004
3909711757
3909758357
2903382437
2890533285
2895841701
2897824183
2895764439
2895756999
2899879623
2891556359
2904204803
2937824771
2920855075
2920850721
2922959909
2922988581
2855864364
2854885500
3933079805
3941468637
3937274335
3937344990
3954720222
3919128030
3919259606
3901370070
3901439703
1754815047
1754856005
1759029761
1750641409
3898326289
3894066192
3894131728
3910769776
2837026912
2837166432
2870647392
2874858096
2885339712
2847596112
2851659361
2851624547
2842183270
2842166246
2858942966
2858942718
3135833342
3131710718
3131717886
3131713758
2594912478
2600155343
2600351823
2321427791
2321490767
2345935743
2344973311
2344974335
2311092223
2311092191
2294372319
2302924767
2302920703
2298727903
2369867230
2403364186
2403364155
2411949371
2411868953
3452064537
3452125977
3426763577
3426747193
1279341881
1279339577
1275291743
1275164894
201423030
201390262
201366662
469927046
474120839
498238087
531796625
1588630161
2121315249
2115022753
2115022499
3993021095
4014128806
4022509222
3854747310
2772485806
2907760366
2907752318
2907821886
2918573886
2910316351
2942789407
2942710557
2942775613
2942570799
3111977275
4166979594
4166921226
4175374366
4237260862
4237220062
4253800605
2676529292
2661058700
3726541964
3728646284
3728663492
4265533972
4265533988
4290699559
4257013798
3885550694
3889744102
3860383910
3859400886
1846204550
1846177159
1850355588
1858805396
1850284436
1834564564
1818180432
1825974832
3969011249
3836958259
3836858930
1955648050
1959842326
1962992198
1996549830
1979742942
1715665839
3863148975
3863140591
3871836398
3871640654
3871638538
1715769610
1711653642
1695425086
1679696430
1679696428
1685990957
1690176109
1689914253
1706559629
653797517
913836173
922629263
914239630
375267470
391520478
97919534
127143470
127142462
245115454
245115414
245231110
1251930630
1255834118
1296728582
3424289478
3438970518
3299445413
3299445413
3299457709
2225646253
2225645484
2549655468
2520285676
3057234796
3072046653
3038426653
3021649421
3023746565
3778735623
3778735894
3812190310
3799517414
3803711654
3802807494
1672099015
1642738949
1625952773
552407588
543958628
553396133
547105967
596118670
1921535118
1921879182
1385012366
1385143694
1385152470
1385148214
4069506838
4070485767
4072581653
4075465252
4113230372
4096395812
4096395892
4231663556
4229578133
4233637030
4240977062
2089294998
1552422038
1552486582
1552486839
1283989957
1301848908
1570485080
1570346776
2145163544
2136774936
2132248840
2134809352
2134818312
1967044105
1950138907
1949844027
1949959982
2082082158
2111453286
2140740838
2123977862
2123976838
1593528454
1580875906
1580880018
1600803234
1575712418
1554607782
2092459750
2092459535
2113430031
1566074377
1566076473
2103011880
1574894120
1610271273
3682191931
3677904459
1530401354
1501103054
1492783582
1488593127
1488594149
1488463008
1490559136
1482236288
1209951168
1208370112
134415172
150995748
138421037
146828589
1489172792
1552062776
1552062824
3703671752
3755248329
3732702923
3731653338
4276851578
3203052410
3194663274
3194659182
2923012462
2927144302
2941955455
2908401613
2908485324
2904150748
2904150780
2904151788
2904094700
2908544493
2908506223
2916965503
2917072223
2900029279
2902124063
2918839871
2918766399
2943939933
2943937789
2939739389
2939930877
2810075389
2810084831
2776526287
2784909279
2784298750
2784302846
2782207678
2782146198
2782146486
2774294454
2782879127
2782844295
2812274055
2747134421
2747126101
2750206997
2741828637
2737596477
2704111725
2704152831
2687375807
2691579295
2691569567
2717205182
2712982271
2710622813
2693837581
2698028317
2698029373
2689706045
2689771549
2685577501
3776092461
3809905951
3793126671
3793666335
3793666351
3793535277
3879490029
2804765101
2775537077
2775535029
2775538101
2783787959
2918005687
2913434326
2913435222
2913435222
2913429006
2917494286
2917429054
2918513967
2918501423
2951830655
2941476063
2941418637
2919378061
2919378109
2923633069
2814517165
2810322589
2811365021
2811449999
2815455903
2811294431
2811291263
2815469359
2815470911
2773597215
2754853903
2754784271
2754802751
2754855983
2754757695
2769438207
2941463983
2940284847
2948677311
2948800159
2811369119
2782336655
2765427423
3030127319
3032250325
3032284629
3166481653
2919016565
2944182295
2940189703
2923347207
2921764102
2922807574
2805186854
2939211822
2937087087
2937089263
2940288237
2948798637
2948730301
2782006941
2782004879
2782069407
2781893343
2811261695
2811291383
2811291510
2815487318
2773858631
2776021063
2771827719
2771897407
2771895359
2776089663
2809648189
2809488429
2809472365
2809214461
2776053693
2765502133
3033925301
3033858773
3033797335
3034329799
3051119447
3051221303
3086736695
3220879623
3220875527
3187648775
2919151895
2918157631
2909111359
2939453471
2939211871
2920411375
2920379567
2919316909
2806136749
2814516925
2815575709
2815509149
2811286229
2811294423
2811291511
2815471399
2781916471
2891036943
2889006095
2754784287
2754860079
2754855983
2754855999
2903721455
2941349295
2940283823
2948668095
2814581407
2815565469
2815628941
2815447711
2815448029
2815480797
2815485791
2815471415
2815470903
2907814167
2909993999
2754800655
2754761790
2754805822
2754805814
2752709110
3763414438
4097844646
4102102950
4102494871
1954945669
2107054721
1572739968
1610488640
1600462080
253764912
220225824
488665377
426832161
424718627
424714531
423667058
457225651
524400035
516075937
516076977
507753360
1581381508
1581366676
1447279028
3594697196
3578984764
3564296460
3571894540
3567701773
2494005807
2493874734
2493895214
2511663662
2511659822
2640637230
2351200294
2351708214
2351380566
2351307846
2620792134
3631626006
3650553654
3684450070
3667672838
1520201479
1520234021
1515505252
1511277220
1595167412
1594184372
1593930676
1593860532
520122557
532697310
499244126
499382334
349366382
349432278
278002567
278125189
297979524
323142276
302137989
303186311
303288550
305194022
845195298
870365238
836876310
1894226207
1907265308
1940816396
1923782156
4075331116
3529035308
2450000428
2450197036
2517244716
2546608428
2493132076
2495227157
2495223239
2159752582
2159553958
2157451942
3243772582
3255306934
3255380870
1107979394
1107977362
1111089314
1110036678
53198854
2794502
271498246
275691782
284089111
279837477
279771940
300743972
321843460
321843213
322818333
320652143
353157870
348763822
1418237694
1418239711
1552793359
1557117199
1555998987
1572776394
1606330570
1520429246
1524395198
1514939562
2047672491
2114912425
2114863528
2115396328
2119557868
2135991004
2144379597
2109771487
2109774686
2109778254
4257261901
4249008396
4258445596
2773649700
2776075556
2784814884
2952590884
2919064183
2910794454
3078488822
3074163366
3072865958
3072855462
3068661942
4155060374
4088078533
4054393036
1353195724
1349018700
1076389964
2877772
2796508
272300764
301648589
317375439
309322703
36454863
36553195
36201449
24651755
16530155
1090288362
1086257818
1085717466
1353033178
1373939018
3622142222
1453761311
3605439037
3605504557
3596988989
3609572133
4146565477
3074326885
3072246117
3076519285
3076388197
3078612343
3078579575
3078583671
3078575607
3086964215
3086833143
3086308855
3052754263
3052893527
3052762454
3044369750
3043325782
3043300214
3051684662
2514813246
2516390207
2516399421
2507943224
2239576344
3313178888
3355064792
3334093240
3334152088
3333952392
3331859339
1188610474
1176207786
1161462122
1143648538
1143644938
1412083211
1412016649
1416399400
1433176617
1429506571
1427479050
1545047626
1543996106
1543934910
3691438254
3696160934
3705598118
4124758194
3623506049
3605681281
3597287296
3530242704
3530242721
3538434721
3538693799
3539740151
3531370622
4076662846
4076646430
4088705055
3518275647
3501495599
2430373167
2421984111
2418002925
2417905389
2419998333
2440965980
2516389692
2545691436
2545707324
2482797404
2474139612
2482753180
2482950804
2478764693
2482860727
2457629350
2453426598
2451849446
2468798502
2439438358
2431116294
2431118598
2422733574
2422659590
2423245318
2432618246
2497627478
2514413047
2508059991
2508051799
2508182871
2508183415
2508191351
2506094181
2505963125
2507993717
2541548373
2541613909
3061834709
3061839701
3061798269
3078440301
3212596589
3179111807
3162455375
4236123983
4243988303
4244049759
3656650111
3656656239
3681821743
3679793183
3679924238
3679940622
2043011358
2042929470
2042930478
2042998590
2068167519
1866775501
1850059148
1845860796
3993341100
4010202300
4010202268
4010168716
3875930612
3881239908
3889444132
1723084580
1991583524
1991718677
1991725317
1995796487
1985311814
1443128518
1443196118
1443260918
1448508886
1465798086
1400849870
1367164367
1366123999
1366259679
1374572511
1374638079
1374507007
1357671925
1416390133
1415931381
1416066517
1424447477
1424443125
1425495669
1425364599
1559504439
1559504438
1559506482
1576345142
1607802662
1590967590
1582576678
1589915670
1321676806
1334276102
1301246167
1285320884
1155299236
1155272356
1147014804
1197354628
1176380036
1176396420
1176363676
1176281401
1182573578
1408153610
1353627934
1357888318
1349491230
1948817934
1948824270
1948811741
4147806396
3860775084
3860783204
3877544228
3850370592
3857313312
3854100005
3858294279
4026066494
4000870510
3998810350
3998814422
2115571798
1997410335
1968050207
1422787871
344394509
345451270
211233542
1284909830
1287547142
217890050
208175554
1340637618
1319801266
1319809459
1319809456
1588310432
1592308640
1579721376
1579860624
1579823760
1563047668
3710593575
3714591022
4289226798
4272453674
4272478218
4276874250
1517936714
1509589962
1488634507
1488643052
1505419756
1509482724
1534910692
1530716260
1595727956
1562304708
1544447173
1543902661
1548623861
1557071853
1557071597
1552746169
1569982169
1502875337
1536428763
1519721067
1519413802
1518661434
1518646538
1514438666
1510387738
1511432218
1528209434
1476829210
2014224891
2018377386
2093775531
2089564843
2093750953
2093824665
4241369001
3721134505
3586916793
1435251081
1473114521
1465171417
2002042315
2002041807
2002042319
2002171359
1997971935
1997975887
2000584975
1999496541
1999433007
1998875951
1998994734
1998982446
2003174718
1844253982
1840211742
3987666703
4255553293
4255417613
4260660540
4178883884
4178900269
3910588205
3892732717
3913687661
3922076525
3921949485
3921950521
3921948537
3922090873
3922004953
3921967819
3913575115
4182077339
4177941423
4178002367
4182065567
4182208991
2043110911
2038725975
2038724871
2042981639
2076605719
2069263639
2069254263
2034581623
2034615413
2042690901
2025908565
2026175252
2034760212
2034661908
1514600988
2051538492
2051382572
4207186988
4207186988
4198806588
4198806652
4278515612
4228275852
4098242189
4108191374
4037873326
4037812142
4037819566
4037811374
1618746542
1897688206
1931308174
839870602
839789707
839255449
839778987
307110570
298779374
1352450590
1353482766
1353494030
1353231111
1353296693
1353423140
1403684916
1449823236
1445643268
1446641733
1195245891
1564349986
1564354082
1608461858
1587298082
1520178451
1519132672
1519280128
440811584
453394624
403163024
403164832
415614624
1485107876
1485071076
1489265645
3645141375
3628462395
3628593434
3636901722
3699834826
3716586442
3716520346
3716462778
3571292331
3023866024
2955524312
2955591240
2955585096
4046103112
4063158876
4063130205
3798663886
2733114350
2728947950
2728983662
2745747498
4139378698
4133218313
1980426504
1980419848
1980399885
1717219373
1719509039
1849471215
1832878238
1816035470
1815519370
1813483161
1813371576
3960994472
3960830632
3967052392
2900634152
2896442904
2896441865
2896957706
3182252090
3186561066
3179024431
3160149039
2622359566
2647533582
2676889638
2677934102
2413429766
3757703430
3715776770
3707486994
3706426130
3702166786
3702174721
3651701824
3396111392
3391937568
3391888416
1245592673
1260273506
1263414882
1536110178
1267537491
1251553984
1251553984
1257849536
1244382912
1311409601
1328256403
1295750578
1278786978
1291365795
3434654128
3434843008
3299577488
3291190928
2267661968
2268938992
2520733216
2550001444
2511104036
2493802533
2510583853
2540440607
2255373575
2390647558
2394841350
2394911030
2398901286
2390518822
2319404086
2335898694
3625643462
3638230471
3634250692
1491026372
1478246756
1478258732
1476714536
2013716536
2013717816
1749465401
2026355192
2017835512
1027913976
1040496840
1980022216
1981268936
1916158568
1916166698
4067844906
4076298542
4092862958
4042727886
4106098574
4106144398
4105804462
4103645871
4102597549
3830229997
3876371533
3860767820
