3576590871
3559784966
3564503574
1417089830
1549083951
1549024301
1557149757
1557141533
1422989324
349248517
81093701
83149253
125649351
103744470
103678967
124654439
100544871
100540711
83698983
83633431
100431175
100455759
124765646
107972046
124749278
124622334
124563966
124560895
124761567
116299167
116307387
116172219
116171193
109023641
377455609
376812521
393536361
343204713
343177001
343307565
343287085
343287101
74916109
91619597
125698319
92143895
75371319
83834151
83633447
83633511
83652951
83775943
99500487
124174791
107430391
107442551
124254071
132638567
132441959
133490039
115668319
107464527
107447119
107447263
107328511
108307439
393520619
359970283
359962027
393524651
374641083
374509963
374534603
374530395
374694187
357835567
341059373
341262125
341196589
349581117
349513053
97808845
116736463
116834767
108446159
108446079
125170479
91547439
343205679
359977791
394171147
377393931
377402186
385724890
385660394
402429418
360482282
343774586
1413321050
1950322970
1950257947
1954460475
1962861359
1962926943
1971082061
1971110733
1434403197
1467945453
1463558653
1463558493
1971269983
1979597167
1975402863
1974227327
1437393743
1438626639
1434358367
1430115071
1462563807
1462563807
1966002687
1978585581
1974464749
2007785725
2012016719
1441714255
1433292911
1429041263
1462526303
2003661135
1978585983
1974391663
2007888621
2007822943
2011992655
1969722079
1966592735
1966400223
1999954655
2000147423
2004275695
2012729581
2012508397
2012504268
2004308044
1970688252
1970696685
2004165117
2004185935
1970684751
1979073134
1979150958
1978951198
1978982927
1979183631
1954017919
1429500543
1429492703
1966425055
1979105775
1974882799
2008314351
1471440335
1475737039
1433850333
1467388399
1463083503
1446289887
1987547599
1987477983
1995878895
1995809135
1995743519
2004865309
2000605501
2000679213
2000478509
1966928189
1970192669
1961804157
1961870717
1961686367
1954346319
1971248991
2000609135
1983741934
1982621142
1986851286
2121257143
2129645735
2129522855
2129125511
2096559047
2096550487
2088228407
2088072759
2083808831
4101269295
4101268783
4109698351
4109698431
4127000015
1979647439
1971193791
1971261871
1971069343
1978409359
1978618319
1974354175
1437585725
1470952733
1441064717
1432725021
1428661821
1428546109
1965355805
1965933341
1965998461
1978581357
1978659309
2011980255
2012041551
1970197471
1970164463
2000495343
1999381215
2003661647
1978647039
1974456557
1974269165
2008867917
2013131087
1434374495
1430246383
1463612415
2000483294
1967117278
1979634175
1979642351
1979474431
1979507535
1971176269
1971241853
1429156717
1428955997
1428955471
1433342429
1441661165
1437401325
1437348061
363672653
99488861
1156478077
1172628572
1172612172
1432722636
1197901261
1466864285
1592111798
1592042166
1583715222
3732308470
3598094438
3597771814
3597773863
4134726949
4134727180
4084459020
4044420628
4027642460
2958348780
2966847660
2694218924
2714207676
2748094341
2718729861
2718795509
2735576805
2735728357
2703091311
2692544301
2692497709
2691436909
2708414807
2783846862
2766614750
2766405870
3030647022
3030717566
4104328206
4108465166
4100074510
4100138254
1953589007
1953888015
1952958221
1952825661
1970028863
1970032909
1970192717
1970196861
1970238445
2003575773
2003596237
2003780061
1978548719
2007847151
1454137567
1454137551
1458491855
1474974143
1475047919
1466459135
1434280799
1417630047
343892335
343761263
359425375
359519567
359581023
359581183
358926335
325379935
325423967
333874047
333894511
333734783
308552479
321327903
355340591
342765869
351085613
1437344797
1437537356
1437549772
1202574492
1185739933
1185730701
1185923471
1185857983
1336922799
1308451438
1308451374
1283400238
1300177726
1300047167
255599647
255669263
255529999
226103311
226099471
226165535
209388063
209326687
208352093
208146781
73924989
91030877
99571165
99472861
99414527
99414527
91083231
91214815
91214847
99447807
99427199
99562271
99504447
91189551
124543295
124543263
124735759
124698975
124764671
124580351
124612991
91181407
91181567
91058687
90989567
99611487
99537759
91210207
124580351
124576127
124776799
99537247
91214207
90993023
90988927
91222367
91149151
99537919
99480575
132965375
124621791
91198431
91198463
124646399
124642173
124777341
124703229
133165549
267182589
116191709
133157341
133092319
133149631
133735359
133806075
133928443
109032955
108836347
107782395
109031643
108966107
243265787
121381359
71115247
75379707
75372283
1425950459
1425852091
1425843867
1442621321
1476241051
3606951675
3606884955
3732701723
3745366555
3744019051
3743949419
3722977899
3718774889
3702325481
3702325483
1559049467
1216163039
1211575503
135670991
135670990
152527950
190305550
173457678
173965630
182104366
177971502
177774910
179872037
179872100
200843748
1228444132
1211728372
1478133236
3691686781
3691949047
3721312982
2665384646
2527038158
3063711437
3063448316
3067650796
3067650792
2801304424
2817036328
2909589545
2892972078
2888716318
2888183838
2888179758
2887939886
2893205038
3971471966
3969165901
3973360196
4014254916
4009803084
3993142748
2920464876
2920464876
2786285548
2790490092
2790469612
2798727148
2928768876
2794476316
2796569100
2813678109
2813715007
2784289582
2775905582
2893335918
2889205870
2889795790
3963550798
3979797582
3979764814
4013252682
4011143515
3981906395
3981907963
1842821099
1821714155
1821647611
1821651915
1825849803
1825920331
1826055259
1826057343
1817668991
1834382815
2104907727
2138510287
2138375119
2138375005
2146775917
2146771245
2113348925
2113352733
2113221661
2104783897
1064588569
1065107723
1061012235
1031782987
763351675
746452587
746383211
746386795
754766971
771675355
796848335
1065283791
1061146719
1065210351
1031786991
1023408110
1023260670
2096938974
2113716126
2139071902
2122229134
2122232718
2130690974
4278174639
4278186917
4277594021
4294436324
4294305252
4258657780
4258659796
3981814996
4015371509
4015174901
1796388053
1796453879
1796253031
1762698599
1762780455
1762786599
1766915431
1800469863
1800535543
1800527319
1800666579
1867709843
1867699619
1834206690
3981525494
3830477302
3832570358
3832756078
3849526894
3856866878
3890297375
3869321753
3869456921
2795575833
2812284681
2761952283
2766160927
2766393374
3168989198
3159547918
3158368350
3158368502
3175544294
3200703911
3066482101
3062810004
3062744980
3067933636
3076317892
3074351820
3039483900
3043739501
3077176621
3220027693
3203250493
3194861853
4268603661
4264557837
4197446943
4198494527
2050978111
2050896670
1780364086
1784289062
1794721063
4206379041
4223193185
4170764481
4166770821
4229587077
4229580167
4235873958
4240050854
4240116390
3166441126
3032223390
2516332238
2505846606
2501655358
2503817518
2508008238
2550099774
2545864974
2545931021
2680001292
2679673404
2679673452
2675475180
2671297196
2671297212
2671645612
2536386985
2536382635
2536185018
3581548682
3581556874
3590203530
3590269338
3581688218
3312739722
2237956426
2246082842
2275578682
2275844650
2275910187
2243273261
2243278372
2247396960
2222769828
2486748836
2485700516
2490092980
2506816692
2448091301
2473323751
2468994102
2469123094
2469062406
2439702022
2431299334
2963974454
2968029475
2960689443
2688059699
2686033411
2736435715
2719658563
2719929027
2719896243
2721976994
2804686498
2804693410
3857459366
3987474662
3987609678
4021173262
4020904975
4294648845
4286062637
3747094572
3713553740
3720922572
3431530444
3365464924
3365432116
2293987636
2293906213
2291805989
2375942693
2374976055
2374791682
2374820674
2223829474
2224852130
2231142562
3290990738
3224082562
3240818818
3241861251
3275415681
3275416001
1094632192
1098695204
1081893412
1081878060
1107045932
1102977544
1201560328
1184811279
1184663870
1323075646
1312656414
1580766238
1580769310
1044090974
1042976902
1042985094
1848553603
1831776432
1814532256
1814287264
1815155361
1815090851
1817197222
3975162534
3970968230
4020251366
4271909302
4138155206
4138079431
3618507975
1420627397
1424781287
1412231015
1411690302
1411757086
1344569406
1362395198
1899274270
1937023006
1945624607
1945505820
1943929148
1943667240
1405747752
1372205608
3494520361
3495505419
1343778314
1075334666
1079561754
1079526922
3235386890
3298366987
3298432283
3298431017
3304726572
3304726556
3304742924
1101677580
1101679692
1105873397
1097595301
1127020967
1110227367
1110225287
1110417797
305037700
305038229
305574583
370586278
370473702
1444166190
1427384878
1410804266
1425940782
1420697646
1554391085
1554272284
1555357964
1490329868
1527219020
1510376136
1577228233
3724722139
3724786154
3590625770
3590621642
3595405515
3603598473
3604664568
3617087944
3589800792
3321561640
3321504296
3313116719
3313117734
2235185206
2268805158
2269006022
2272183430
2276376710
2242872198
2242876054
2242687654
2242683558
2221713063
2351746607
2234501661
2234444088
2238638120
2511236216
2544774616
2548897160
2540438408
3341549960
3342794921
3309187307
3292472362
3291311118
3291473934
3291392014
1080999174
1353680158
3502014751
3535307084
1119785292
1122935116
1110372148
1110333732
1110378788
1127161124
1363094836
276768023
285021494
293426662
327079298
306106498
304005250
302825634
302796962
319582370
806253862
811472390
821965366
816603685
817652268
817685100
814515884
1942785708
1657572028
1649121932
3796544137
3804932809
3804999195
2749087258
2704981514
2687151626
2687166010
2754339374
2758308655
2779250735
2812805357
3081240741
3081449639
3077451959
3040751767
2485007495
2489200006
3571330438
3567136711
3701423943
3703334167
3573310775
3313296663
3313483791
3313423375
3313423695
3313423742
3313465334
3313268470
3313264383
3311167215
3311237101
3579827645
3621766300
3600794764
3533684876
3332231301
3623678119
3615289511
3577016742
3577210342
3577144822
3576096582
3580290823
3580225287
3563452181
3563443991
3563574807
3580352055
3614957095
3749044022
1584221458
1584225586
1592605746
1592615991
1584295959
1583759365
1580617941
1595371733
1544810901
2084762557
2092992175
2093002415
1556147198
1556146654
1547762014
3704028486
3721844534
3589686838
3622642198
3622646278
3622646294
3320525367
3320521521
3320394608
3320320880
3320399856
3321451984
3313358272
3313354192
3292394961
3290424785
3289904595
3312972759
3321361398
3321361398
3321157606
3354711526
3346322918
3614832119
3615421765
3607033605
3605915405
3605849917
3530356013
3531396397
3527197997
4064268607
4064211295
4062110158
4062044574
4066177966
4090282670
4090282686
4040028830
4040127197
3495850508
3497943564
3496895788
4033635624
4033629224
4050541576
4093573128
4055800009
4053769354
4057767082
4049376426
4045178298
3776348826
3809919738
3793703531
3797688939
3799786187
1651450587
1659838955
1659639019
1655440555
1672413339
1912479947
1895637002
821838858
812402698
271542330
271477050
1349188154
1375389210
1385873994
1451999946
1468781259
1468592889
1436050408
1167617512
1155082664
1142630568
1142565016
1142577289
1142604937
1415561355
1423745179
1436328378
364683754
397190446
376417326
371693871
371443999
371415831
1461853703
1461850629
1566720525
2145501727
2146476655
2129699439
2123408175
2123407149
2122431533
2122693677
2118497341
1997911101
1964885021
1964983309
1883120991
1883125486
1895696046
1891500702
1908081294
1905812110
1910039503
1901655387
1899518985
1899653384
1903061304
1911516009
1911348201
1643431611
1710277259
1735443083
1968411291
1968354030
1951507182
4098925350
4098926374
4098927894
4096982294
4101174614
4151760246
4142286334
4142810574
4143843214
4160696287
4117508079
4100730863
4100732269
4125889661
4159524892
4138651660
4142854156
4142855180
4142847252
3613900580
3039145508
3040128548
3073766916
3073757700
3075850756
3197559333
3197555431
3197977574
3214690214
3187427238
3178809238
3162428822
3162418582
2893917398
2893323518
2910165375
2943850509
2943723532
2922883084
2922814492
2922615868
2939260956
2939351340
3877827116
3862053420
3874509356
3874517549
3873468974
3873715070
3873714398
3865326750
3882683542
3832416390
3840817286
3840292994
1688615298
1622621058
1890921170
1890855666
1907633890
1924476739
851322689
854573376
847024480
1650237792
1649189924
1649187876
1644988436
3792472324
3792484868
3758484996
3759549956
3759547972
3833464548
4104914598
4104926630
4104928422
4104395942
3735297174
3732307074
3726032066
3726025794
1595319299
1561830403
1545512195
1545514755
3562978066
3565067250
3573205634
3585788547
3619409537
3535328928
2466013860
2457608868
2453410476
2452357612
2456555628
2465017901
2444110878
3568183310
3572377614
3295557638
3291368454
3295626262
3303821398
3572289630
1442702430
1451224095
3598695701
3598686549
3606944885
3531392127
3525071967
3592171614
3608096878
3612221806
3582337646
3583390255
3583972907
3583792697
2279132729
2186840601
2187045385
2203822601
2170138141
2239295039
2222516093
2222630325
2228917685
2161808805
2429257637
2177468097
2211350465
2212406529
2212342817
2438769697
2436675617
2436675681
2973743329
3006958001
3057291153
3057579649
2519623297
2653300353
2653292163
2670069363
3714391586
3701747234
3752077602
3735300130
3601598514
3601648641
3324542977
3324743873
3459948673
3459948934
3425341062
3425405590
3291007662
3425245934
3693812270
2628262698
2628269098
2628263978
2544377882
2410164235
2376598601
2364017881
2355628445
2355837437
2221566445
2229956396
2247681820
2180551436
2209919512
2209980984
2214112808
2172164648
2166917672
2168031848
2166000376
2164964312
2433395161
2445917563
2475275630
2475397742
2479534702
2471207663
2466902783
2434282119
2436371079
2435323047
2448104613
2443844773
3518635157
3545902213
3541642381
1394222221
1127874957
1127092553
334246683
296493867
296493867
296494905
28073752
28100920
28166632
7203240
1076750728
1076870537
1143899529
1143374667
1155957531
1151709995
1571070762
1587651370
1587716366
1587712014
1516404774
1513127975
2047909927
2046878805
2030167233
939683057
939658913
952502945
948189875
948185795
1003235906
986672643
987690755
983220483
989560899
989364433
978886897
991469796
404673748
404675796
1482579316
1482575140
1491017252
1486708261
3634232951
3633970774
4173045462
4177239750
3120139910
3149500054
3149504246
3153632998
3105674982
3105629926
3089048278
4229313430
4229304743
4258596007
4287890661
4002495685
2123574341
1989536836
1993663492
1993647156
2010439716
1963315237
1409630245
1409708085
1410208053
1410205239
1414467094
1422724630
1418594822
3566099014
3582880454
3617443526
3600604870
3600606935
3599296117
3599266669
3600314732
3604508780
3596107885
3592110429
3590964687
3590905855
1443421166
1443400702
1464506838
3721043398
3701125575
3701125317
3638206657
2564350177
2554881249
2571644001
3653839203
3653904995
3650755303
3650816675
3700952743
3436723877
1280841653
1276642709
1278750853
1293738117
1293787271
1327472775
1310171206
1309779214
3610483982
3623336735
3619011391
2545715757
2545715757
2663356972
2663294508
2665120300
2667283060
2659025765
2654766565
2671545831
3174467943
3158235463
3095329287
3101584902
3101451798
3101434406
3103531558
3111649583
3090677807
2553806901
3625456661
4182439956
4224382980
4203390980
4203325700
3666585924
3662329924
3659175108
2652553413
2638086342
2621309334
2491355878
2495558382
2495361706
2495099562
2428000170
2426984842
2439551113
2502531272
2536159688
2536155976
2653596424
3190465801
4264202251
4269469754
4271530111
4271509727
3721920767
3625714093
3625784237
3627955885
3640274596
4171050676
1486629508
1485580932
1485580932
1560559013
1577436327
1309065383
1308786822
1308860614
1313906758
1339072558
1303420974
3702635566
3701644591
3567434541
2493684285
2494990861
2499185165
3715550733
3728688669
3728278045
3728278111
4265300079
4268344365
4004037676
2930291756
2933433357
3192497165
3188498957
3188508191
3205246510
2668375598
2639146798
2492347438
2492334190
2426208494
2426142926
2442921166
2177649866
2169260538
2165185002
2165193722
2165189243
2165193307
2202937865
2202873672
2211198792
2211238360
2211221944
2211221692
2177667516
2177668525
2168821157
2236063655
2215034790
2215029174
3708217750
3708184982
3741723078
3674614230
1531324759
1514549023
1531127581
1530996493
1531016973
2034302236
2034281756
2034285916
1749136853
1749268469
1749136373
1749136349
1745073885
1761851293
3909337021
4009999789
4009950629
4009909669
4009891749
4014081956
3889301428
4124182484
4126606676
4121244724
4154799125
3618059269
3618055175
3618055174
3622122550
3311686694
3291758626
3289858050
3293999874
3302389251
3302411779
3302410754
3294091794
2266274354
2383715186
2656351298
2660610114
2660597842
2661126370
2526654695
2530779365
2534995429
2486816228
2485866420
2485878164
2419681236
2969249492
3030001300
4040820404
3495429797
3494646453
3574343301
3612159879
3612155271
3595372789
1581602917
1581635644
2118446108
2120066076
2120196124
2128584732
2061213725
2052698141
2047390767
2047389166
4211851174
4178239143
4161461941
4165600981
4233823701
4242014453
4242284773
4238221421
4104009087
3566604286
3583249150
3549445118
3545295870
3541350878
4078346190
4078344014
4078338638
4082467534
4064588526
4064584430
4077183719
4043621047
4026946197
4094043829
4098239909
4107536612
4053010660
4086773844
1924540420
1928735749
1456679941
1465070855
1431450935
1431707959
1431704023
1398227863
1381319359
1380716205
1112017580
3267889836
3267889836
3263774124
3332007020
3317358620
3299520516
3299516421
3500912647
3500901426
3501165858
3492644898
3492318242
3492383794
3492475922
3492438082
3492421698
4033491923
1890191059
1957301907
1438322306
1454967426
3605543618
3597150834
3324784422
3324853542
3329172534
3337560126
3349942334
3333955646
1184376062
1183343807
1184460220
1184497084
1140577724
1132122524
1094377884
1077514684
1077773292
1076336428
1076342589
1361357598
296007966
1403034647
1386460181
1944499204
4079391756
4080438588
4078930468
4078807588
4083067412
4066289156
4129219141
4129055319
4145832310
4112449646
4099801134
4099869742
4108269591
4108281861
4104120581
4104055573
4104117957
4156347333
3749462919
3728687523
3745391010
3711836578
3632144738
3640603938
3636210466
1492921110
1543252230
1585080582
1584057606
1583989207
4276715927
4273504685
4273504685
4294484653
3696797357
4229476085
4229607109
4095409733
4097497079
4051223783
4093166823
3001719958
3069099138
3060726914
4130272706
4130329298
4134392354
4143772198
3216778030
3053199662
3028034619
4101842989
4101642348
4105832940
4105833356
4038601613
4057474957
1394413965
1377702285
1377702031
1381904477
1409167421
1354502444
1354502956
1357657880
1081874184
1081874184
1079856408
1138674968
1121357065
1121357577
1117232907
1117568346
1117566442
1385996458
1386000554
1398636715
1362854059
1346015403
1346035883
1343938719
1343907231
1885097374
1885143038
1887366910
1911481982
1945104990
1911353935
1911354063
1902430189
4051463599
4049365422
4116650142
3613268174
3613269070
3598587150
3597537550
3622641966
3618382638
3584832294
3584832485
3517216676
3283414964
3260337588
1108642964
1108837508
1377219780
1379066957
1362291727
1349959486
1895206446
1887340078
1887209002
1887216443
1618780473
1627169080
1641910824
1624228456
3763193576
3758968568
4094626552
1947015737
1948002859
2096904986
2096053514
2091787342
2091196622
2141479151
2125643951
2123530389
1581424773
1577099411
1577100466
2113971350
2114370950
2114363094
4115565287
4098787940
3034295092
3164182836
3170426164
3160985652
3156767028
3173528380
3144561197
3152687662
3149596262
2847412198
3099085222
3102263446
3093874822
3090844103
3090852551
3088755397
3105402565
3122505461
3126846368
3200696736
3196568736
3196384416
3197959329
3220980963
3206956226
3206956098
3206997058
2938629158
2943147046
2952579110
2912745478
2845567237
2832983296
2887270660
2887521108
2887656100
2889234084
2891320996
2912358052
3213627012
3196858245
3196855429
3201049775
3604757742
3605608526
3601475918
3534433118
1391012830
1382877150
1395065286
1344668110
1345716318
1345716255
276168733
283177229
820045085
820030779
811646763
808750891
269782394
290424266
323913098
1397654730
1460581454
1465838622
1434381614
1442768430
1426055719
1425986055
1560199687
1576981007
1577042463
1608308015
3747407919
3747407919
3730679903
4267423949
4133194893
4135159177
4143679368
4143617720
4141541037
4141475503
4151861934
4147721134
4147843502
4147057086
4147065014
4117569782
4159447158
4155334967
4138590493
4138504460
4142702856
4142710584
4150639416
3077019960
2808527128
2774964488
2905573657
2904343306
2839331338
2822570618
2821325546
2888434346
2892567214
2900899238
2896966835
2896441488
3165024388
3165054080
3159614592
3155276996
4228361221
4110920711
4128679943
4133402637
4135245836
4076587052
4076595244
3002715180
3061346332
2973315084
2956595204
3497657108
3500016167
3498902055
3498836519
3498325607
3570674295
3296541006
3463317710
3471710406
3404536006
1256725638
1248334222
1244156318
1244197886
1261089530
1483387481
418030088
954908168
2028575544
2021173289
2033756202
2067310634
2067311658
4281909450
4012523658
3878306218
3886740138
2913657515
2913727144
2913530508
3165184652
3160957580
3156767484
3156811364
3156746021
3156748326
3102287974
4171892854
4172155094
3653114054
3686739078
3671925959
3403637191
3395264599
3663507509
3680350500
3655310652
4187785500
4189891372
4221353764
2052756788
2115670036
4263165959
4263137286
4280161326
4246603886
4229302766
4101114582
1958103750
1956007622
1419014850
1417994947
1417994976
1413800352
3561940128
3557706928
3557427584
3562690944
3587891072
3623802833
3601658865
3601133904
1457836336
1450238244
1448141604
1578181164
1578315277
1578314251
1581333306
1598036010
1564481642
1421871354
1419053193
1418921352
1085293448
1135661704
1116787352
1121051580
1120068013
1121116334
1121116334
1112731878
1097911534
1075890302
1076201806
1080539982
1349364558
1357687366
1357748807
1357614965
3496653861
3542790196
3526004740
4063137793
4063014931
4063010851
4071072035
4071027239
4087793191
4087631591
4092349079
4062990213
4062600645
4062602692
1916166412
1983308044
1987568908
1735768332
1743632668
3853498652
3840850188
3832523532
3829237260
2755429084
2755511016
2754527912
2754593452
3840692908
3840696293
3836500086
2779535382
2795928626
2800102434
2787519522
2922265650
2922264579
3144563459
4194176579
4173209283
4171898562
3098164930
2578005682
2645057186
2678638498
2645083570
2636961155
2621355907
3709789825
3708743297
3708677009
3708152225
4249283041
4257646624
4124543024
4124411904
3052776448
3040126208
3040322304
3073831424
3040264896
3043377824
2716074656
2716074657
2716078754
2699305398
2695111902
2695638110
4037810238
4043048990
4029626382
4029557766
1345203206
1366191110
1912357958
1406944710
1380729287
1380893125
1380881157
3511591685
3521029927
3501958951
3501762367
3568870974
3568861742
3583689450
3621397099
3613008489
3726255737
3728420153
3665377321
1517893673
2054830155
2071672907
993590474
995661018
777552026
718831770
986349722
2051702954
2047385770
2047385774
4194868446
4212888830
4233810286
4238004783
4103782952
4103815720
4103619128
4107802200
4101520072
4097407384
4097501352
4114507945
4147538089
4061649033
4065578377
4065559880
4065436472
4065387016
2450530824
2473861656
2448822825
2511733482
2512257966
2512143790
2646362286
2650589342
3711748302
3710818510
4280723534
2116463886
2116460814
1848021023
1849004061
1846841372
1779490824
1778574360
1829951544
1813142312
1678920232
1691568680
1622546968
1622478344
1890845384
1891369609
1890321082
1890464686
1887315374
1883008238
1629276398
1661437966
1648867342
1657059342
1917107470
1980083470
1980542266
1980499246
1997079982
1959400870
1955215271
1955210148
1956520864
1437868432
1450455428
1444180108
1443274888
1443012616
1427286024
1416804616
1424210200
1419873081
3567618570
3698104842
3731637002
3664576778
3672781178
3668582442
3669631082
3686277354
4187514347
4174965128
4164462984
4164467592
4180184972
4213745292
4197098140
2116723372
2138743532
4284408812
4250788317
4114899421
4097985983
4106373566
4039510462
4039510430
4056222111
1943866783
1935480207
1400644047
1399595343
1366167853
1349394733
1349415228
1349513500
1349313852
1349304108
1358728748
1406963261
1390315023
1390057166
1390073550
1381685134
1381649838
1384021422
1384082862
1937583502
1937581453
1903497609
812908984
812908968
812652009
812658985
811606313
819994943
819999007
283382047
279269663
283431199
285013275
274516473
4950429
21666185
21665673
298489737
291153609
276475403
275360575
300460335
300460079
308849710
304914438
1378713607
1445888004
1445626000
3593114528
3622474400
4255815328
4255768208
4255766144
2645054081
2649256610
2682791846
2649238694
3186101422
2624534670
2624466062
2508072142
2499683655
3300730631
3434882821
3439079185
3430742049
1279039521
1550813201
1475250177
1995352065
1986960387
1982499843
1714131987
3861623827
3995775825
3978998385
3962283619
3962103395
3962074855
3827828455
3832022767
3874227951
3874233303
3807123604
3807123604
2729187540
2729187540
3802995924
3886953668
4105052356
4105052748
3568240140
2494389884
3030973159
3081300902
3064523174
3077085358
3043724686
3026884494
2491081350
2491048518
2489923110
2485665314
2485926690
2490117154
2511088674
2544763922
2678998082
2674574530
2670365826
2670364802
2683214210
2679015810
3215301026
3215242722
3177488611
3174359139
3174310245
4229308797
3960873320
3960935720
3967748392
1828588329
1957563161
1957566985
883762699
887906827
879534603
1009550858
1009620330
1022138474
766285935
787454079
707695693
707702853
707170373
707694711
707719271
707682407
712860007
721235302
721366979
721366721
721385201
717080289
714983141
731770567
702148295
1750837958
1750829782
3900410495
3900411501
3896105500
2822302220
2821220892
2900901484
2896695980
2896691884
2896691880
2766676616
3827835547
3827839402
3760720042
1626146922
1621559418
1621571834
547698826
833889418
833986698
829850506
859210682
859275946
320636650
322737706
293573162
275689994
275685903
284141375
284015917
351049765
359434277
527284369
2116985985
2116989057
1982763136
1982759040
1982759584
1988027104
2013127264
1978491412
4117573124
4100815381
4109138469
4109166887
4121745519
4121742559
4159553679
4150706318
4147527822
4147532182
4113981862
4118095266
4126487970
4260824466
4256658243
4290076935
4290044727
4294239015
4252302903
4246006278
4229950238
4250851631
4024092719
4007299173
4007300293
4000953541
3929579717
1782096085
1782556133
1782492775
1846971959
1846775350
1846607382
1846601014
1863377958
1832371239
1818641463
1819679751
745937989
762780772
712252772
720637412
719654388
719724420
716058245
717172358
985208502
2075743926
2025434758
2025368199
4177046149
4163410884
4163738132
3090127412
3090011684
3090440741
3090424367
3105104446
3109303854
3115588910
3116108846
3114798334
2578136318
2578132190
2578146510
2314986637
2306389124
2306385804
2306451084
2340136588
2340065212
2608499117
2671413421
2671413487
2671483103
2675943821
3084627597
3067650700
3067929228
3057447597
3057468079
2989425071
3006136494
4046329070
4033746006
4042161158
4037995526
4037864719
4054625549
4054628637
4159605020
4159617804
4285173260
4280929820
3978843677
3912766013
3896054319
3895398958
3907268910
3903063078
3902854182
1771084822
1787082758
1791272967
1782885381
1778758709
1778757671
3926909030
3926810862
3926537710
3917094638
3904506606
3903527646
2829662942
3098032894
3098028766
3102223054
3627626126
3629786759
3654230661
3683443588
3666124948
3666129060
4198543520
4194337936
4211314112
4160923968
4228033280
4228037377
4229086723
4094883379
4113977955
4147594211
4134994913
3061777333
3086943652
3082624420
2981919220
2965138260
2969397829
2961133127
2959433286
2422495190
2984592614
3018671334
2464940198
2466059443
2533303489
2533238208
2532192112
2280528416
2238646816
2171080208
2179477012
2175303444
2175329540
2175313189
2477303079
2477295398
2481491558
2976423670
2976620278
2972368598
2737749638
2737811094
2720841382
2720849574
2721044910
2720938142
2725132430
2716810398
2695838878
2695771614
2699968270
2985176334
2980849966
2443970606
3014408254
2444041246
2443907086
2427080718
2225782790
2226881782
2230880679
2220395445
2369309381
2369272391
2368416262
2368352006
2347394358
2410307622
2410201126
2410201399
2313717077
2573768132
2573841876
2607459556
3140069620
3207108804
3191441616
3191773600
3055480752
3071681157
3071685254
3040215686
2977236646
2963541926
2963544238
2426673326
2443450518
2477685895
2460413125
2264171732
2255783124
2251654165
2251796535
2653344019
2670121734
2619761158
2632345094
2628734502
2628307751
2628307757
2633550189
2625145341
2673384901
2656806852
2656675780
3193676612
3189483364
3206186852
3072232804
3038678352
3040796416
3023982080
3023965696
3023904304
3023842855
3028041254
3053198630
3049004326
2512133222
2512192630
2511144182
2242643158
2242647174
2276226190
2280438926
2272107919
2272247741
2268053437
2267987389
2234445245
2221862292
2221862292
2221911444
2221775316
2222819780
2239215940
2507581808
2541136160
2539040033
2539036721
4146049041
4145918001
4112306209
4097704193
2084438277
2084447517
2016283437
1760303661
1772902955
1789721387
1789704971
1789701899
1789690697
2049737689
2016318361
2017387197
2015257509
2015306661
2018257379
2023495779
2057242706
2057177090
1522412546
1593717761
1585333264
1585431904
1599989728
1574956672
1574889088
1503643264
3753624193
3734618834
3738826338
3738758690
3730370338
3747141922
3757819926
2684013638
3757724871
3648541845
3627574452
3627771284
4164611724
4177186444
4173318845
3904146159
3904154223
2851384878
2853482030
2853496334
3927205390
3926139406
3944101422
3894286126
3908568175
3903325293
3903325429
4171769045
4189791429
2042291397
2069472325
2064166149
4211714325
3913984261
3913988869
3922369045
3915090485
2836958753
2835977953
2835919553
2835915649
2835932579
2837061026
2839415970
2842036418
2841786818
2875342082
3152229650
3199218482
3199476498
3214206727
3147083588
3147606996
2914814916
2906164164
2906233412
2904206084
2904207108
2938020100
2921234453
2921250871
2921218151
2922841319
2922646693
2933917860
2929789364
2914130820
2895542916
2828430020
2828528196
2828336757
2828861047
2833051254
2824627814
2837214950
2837190390
2836672166
2838773166
3912239294
3915385022
3925018814
1777481886
1771187342
1771121806
696264910
700459215
701507917
701577277
735262764
737310764
800291868
804385804
802271245
793817359
793874719
759272758
742497334
742496307
608409649
1682094128
1682094128
3779246128
3808595200
3792094464
2718828288
2718828096
3055423072
3086749283
3049004578
3182181922
3181919798
2678598934
2662890518
2662898774
2661850334
3202915470
3202915470
3211371917
3207178124
3207181724
2905310652
2755298724
2755329444
2755291556
2754226404
2754226656
2767071568
2779720467
2813204994
3081635330
3068789250
3068728082
3068682530
2997379362
3081428995
3047871553
3031401600
3031207072
3026513056
3022323104
3023330724
3038142372
3053874869
3058069127
2798022342
2793697142
2793701238
3869077774
3890159886
4116455434
4112265259
1948061739
1948127291
1428035867
1359874330
1372396330
3515616042
3247180042
3247192330
3231592714
3233678090
2227044878
2225734158
2225734182
2225603171
2359829345
2364036449
2229853553
2221774325
2221839861
2221839815
2272179655
2188295621
2188361205
2188164333
2188164332
2188229772
2184101004
2184166540
2452470940
2469313724
2418982540
2418720461
2486883918
2497245790
3034116734
3028869742
3046695534
3197689958
3199791206
2661839078
2615685319
2569547855
2620986383
2621062159
2621057319
2629495591
2629495605
2629351684
2678635780
2531824704
2250801220
2183741892
2184053445
3543020231
3509466854
3505274598
1353529967
1353464173
1353463916
1403795464
1378671624
1377669128
839692616
839688536
571248744
571248873
571315435
554671335
537828577
537836769
537836641
537836897
558808929
596549473
579779905
1657714752
1649323072
1645132992
1661982160
1628436128
1611494049
1623995047
1619801774
1619803054
1636579774
1640774142
1632057854
1631992282
1632058827
1673881035
1673814473
1673818569
1673844187
1665521087
1666178495
592436671
600825279
600831391
600696205
558757261
541580765
558267773
575043903
843512127
851966014
1917675574
1917611030
1980527638
4132262166
3620620118
3566098118
2492878534
2627063494
2627526343
2625955559
2625954469
2491720357
2491720613
2509013413
2547826869
2537419933
2537553055
2520733951
2520713278
2520651807
2520655887
4160630031
4122619407
3568969229
3569025548
3568894700
3571991468
3496477100
3493331373
3493331101
1344013455
1348425967
1348397294
1902029182
1918810382
1920439566
1920238351
1914995471
1915585339
1732088109
1698533677
1698648365
1815753005
1816012125
1832857471
1801194351
1787300463
1787366974
1787377422
1787306254
1787322703
1788387679
1809359359
1811456495
1777907119
1768469949
1802220957
3950687677
3946485247
4279932927
4279949053
3209354861
3175865965
3184097903
3083435647
3084717661
3084650077
3078424397
3078493533
2547922397
2543789309
2543674621
2510123261
2510049533
2514014399
2446913727
2438526127
2471085231
2534065343
2517259743
2518312271
2539382543
2539384351
2547642175
2505624381
2505690397
2505823501
2488987999
2497368543
2492199582
2491998894
2496161454
2487770854
2483638262
3574483222
3609090311
4129224709
1994369029
1990174725
1721351221
1648921636
1913160756
1930330116
1881067524
4028514308
4030595556
4096721636
3836482212
3836482212
4104917679
4105990830
3032282790
2495412614
2486999174
2487195798
2487138770
3024005826
3023481410
3176574467
3220674049
2927079937
2927079939
2922885746
2922754530
2922696929
2922697952
2922661088
2939571412
2906007940
2755013268
2767547108
2763288292
2763286181
2780096190
2780059310
2749646510
2737049327
2703494133
2703629140
2687379732
2700027924
2695699508
3031307284
3048084485
3081593878
2544395302
2531839014
2523450486
2657862870
2657763510
2657775782
2666229942
2682941582
2649384142
2624286159
2619926807
2619922695
2620054277
2620058117
3694849797
3698894625
4233663793
4148789329
4132106432
4127908304
4127912849
4127871633
4127852211
4131980963
4149022626
4157410738
4258209170
4258083986
4258014354
2093835714
2093835730
2093835638
2094331174
2094326822
2102714406
2136989974
4267634975
4266574143
4266246957
4282963821
4257806333
4241031133
4107857885
4107927385
4124736793
4116322073
2010776345
1993999129
1918833465
1918833465
1916539193
857223209
823665705
827853865
814222361
814237768
832080200
865634632
918067529
921606489
921353339
921351290
908632186
908689626
875466958
875483334
875458785
875442336
1949266592
1957459616
4105035424
4155432576
4272880256
4272814720
2662128257
2666520210
2666331810
3068979106
3052201126
3052192998
3052205270
3053446214
3044992070
3044994054
3076451351
3055471654
3055373350
3055311894
3189711878
3192792326
3217950486
2643267126
2644184630
2627417638
2627285798
2583183655
2564342101
2581176772
2581112716
2572726204
2637736876
2620103084
2636810668
3177893052
3186279564
3178840461
3178787247
3178783215
3158013935
3044695663
3053063791
3221097997
2547780109
2539400717
2539404885
3563003861
3571389847
3571258547
3565953202
3296993458
3301253299
3292876963
3238183377
3239218945
1125362433
1381083905
3539056945
3534796851
3535117346
4076307490
4062019682
4060917986
4061103010
3775890082
3758984930
3763112802
3763116835
2689383201
2707417632
2719902208
2721981952
2990413313
3056535089
3056338467
3068408865
3064206373
3215201396
3165541588
3165584516
2628447620
2566453888
2553858720
2553858720
2552913587
2553178082
3091129826
3094663266
3103048754
3109076050
3126044866
4198672579
4198672833
4194470336
3187855296
3188115424
3193402848
3221046369
3187490849
3048035345
3048027395
3085903106
3085645362
2540375650
2507738722
2503546610
2503677634
2503620546
3581620674
3590025410
3585819842
3586082002
3585700982
2513988662
2639850806
2640051991
2639986495
2650404399
2646144557
2646140525
2681792253
2648303597
2639972341
2484783093
2484782033
2488988497
2489311569
3562922355
3579704419
3613381715
3592340547
4129211587
4129281239
4129158391
4150093175
4149180287
4124038783
4124825215
4124702303
4124899167
4124890975
4116504447
3041713535
3075276095
3075464255
3067008023
3067015175
3068129367
3068125431
3068129703
3076379045
3038626213
3021948309
3021886853
3021958597
3026005797
2967219749
4055641637
4043062805
4110231301
4110362375
2499678487
2497577814
2497385430
2513004534
3586682854
3611873270
3611873238
3612003782
3620400519
3586909653
2647175157
2638786533
2639046629
2634921813
2500759813
2500514049
2505756945
2648306529
2648237921
2648207333
2505599719
2505772007
2505706963
3613001027
3587899459
3589996611
3590008915
3589890131
3581506035
3577704951
3611193798
3611181382
3615441158
1467760926
1476142894
1438134059
1436035883
1419459451
1440358233
1432028121
1599669064
223941128
207172104
207099672
207104808
207153453
207137061
73174037
81625089
83787840
100565184
1181651392
1315877872
1315880672
1584118496
1584053233
3664488947
3681136098
3648582882
4214812898
4214878434
4198228402
4198163858
4202415538
4210806195
3942235537
2866392464
2857938868
2852712164
2903041772
2890524396
2899997421
2761839343
3032286182
3036414454
3028029686
3028091110
2961114350
2969507070
2986228815
2986240269
3019795212
3086613004
3061361180
4133006860
3076055564
3042505244
2505658940
2501579372
2488931183
2497262062
2499286254
2499284198
2495355078
2493508806
2493443526
2493441510
2514330470
2541601374
2520679374
2520421325
2518279628
2518183148
2517117164
2517449980
2517505240
3595436280
4153373032
4103880985
3567042826
3567117098
3567103786
3569133870
3564681262
2620950574
3694824518
3709531590
3709526471
3709522933
3713713125
3579462627
3613000595
3606778243
3606778259
1459294647
1450783159
1450779061
1467556861
1441342013
1156130329
1151938057
78134025
99367193
132921627
116705354
117212362
1190953114
1199341978
1143767450
1143899018
1282323339
1291775647
1287580351
1304226799
1337257966
3467961838
3463479662
3459350574
3610542382
3581190462
3564414238
3572805431
3587485477
3579160356
3613324052
3609084740
3575513557
3575591271
3562352742
3561233510
3292792934
3292530934
3586529734
3615910350
3599167438
2526934732
2260501196
2260239068
2263392876
2250809900
2250809900
2268918316
2487218749
2499732070
2426332134
2425635238
2425634982
2161919126
2153565314
2166278274
3239991747
3309201665
3307875584
3341495552
1177232644
1181361412
1181365508
1315570948
1315636224
1332282481
1307125218
1286155746
1286340038
1223675846
1214746566
3362232278
3421999958
3415520102
3466371943
3482100708
3750536164
2631709412
2619115172
2620950180
2621104052
2619010972
2485055389
2506018261
3588220373
3590321605
3590181133
3589062685
3580674093
3576483885
3576521789
4147012639
4148061471
4148040991
4150216574
4150085374
4158506686
4141733790
4141397403
4141389209
4143486361
4135105753
4135302360
4269446232
3208307001
3177898297
3161154347
3161137963
3169522538
3169388522
3170703338
3187413995
3183215595
2646365049
2646369049
2633770761
3564907785
3560253467
3291887679
3292412990
3296599046
3296658438
3295478086
3295560407
3295598227
3320754819
3350106753
3333264000
3605824128
3597439728
3593319008
3611144736
3611141664
4114460192
4114607888
3040472336
4147705313
4135174645
4143661461
4076552583
4074443231
4074254846
4065865130
4065864618
4066060714
4076472506
4076361867
4067978377
4068237448
4047356040
4034839496
4039033464
4038742572
4038615589
4038618659
2969071138
2423848482
2419643682
2436546834
2468017411
3545941763
3529035521
3527985937
3536357681
4073371763
3000936690
3075914994
3077997810
3042349506
3042357955
3025658567
4114637525
4043580133
4043581101
4048821935
2707163563
2751203498
3824945338
4093447306
4093455434
1944857611
1940679691
1672342553
1638917145
1643028761
1618911547
1696564027
1695388475
1729082366
1712104958
1712114926
1980517542
906953894
890122418
877536434
1959668914
1955490738
2089708243
2089740865
1419755008
1420408576
1449689344
3593044032
3526333632
4063137232
4129737649
4133898978
4142336610
3064217122
3051628086
3169592838
2625446414
3707713086
3703244350
3703047295
2629309676
2629588204
2629616844
3698629836
3560410572
3574767324
3574771356
1459744412
1942187663
1937912462
1938166190
1943404718
1931215018
1899495610
1882742986
1882189067
1886357785
1357818681
1370466616
1408084248
1391308040
1383047944
1450099464
1450099577
1466852335
3589170158
3573474790
3573476838
3573516790
4101803382
4047281415
4064052997
4063135493
4067333893
4063139095
3794769127
3794593190
2705123238
2688509614
2688419502
2692679342
2700870318
2700362742
2711904566
2711937078
2745548807
2711921925
2711924020
2746202404
2817431844
2804861236
2787822932
2788837332
2803586973
2803574685
2807965631
2807957438
2799377918
3069722094
3065527534
3065543902
3015238862
2981815502
2969220558
2969212383
2960891381
2961153525
2961038836
2956851189
2956748789
2973508343
3007259319
3011384230
3011380646
3019703526
2985036918
2964069399
2964270085
4038028612
4037897540
4042125252
4117585860
4148121492
4152250276
4068407205
4076335543
4067742199
4084527479
4118081587
4117095731
4117210403
4125599266
4159173170
4159107586
4150686210
4133892359
3614904359
3623682093
3623685164
3606972488
3604875464
3596490952
3608508824
3614735768
3589592520
1420084040
1352942105
1353085467
1369842234
1374036586
1366763242
1362374382
1412717998
1412816014
1413254278
1962708150
1962706263
1953269511
4096561670
4146766342
4129990150
4134184450
3741030178
4273788194
4254655778
4237878499
4173948129
3092143265
3159313585
4246684817
4263384240
4265488513
4130738305
4131258499
3598586771
1992238755
4137445031
4120702703
4106022525
4110200333
4100756748
3492655372
3492786444
3492729116
4029338940
4046191916
4084914476
4093282607
4074408238
4141583742
4141454798
4133204430
4129145294
4129046750
4061921454
4129108206
4116586982
4104007527
4104006433
4104076032
4108151552
3025988352
3021843216
3038682656
3055456768
3055460864
3057041920
3195978352
3069133537
3064738531
3068928930
3060543654
3085697258
2515271930
2494502106
2495495370
3569231950
3434883086
3426498614
1327257622
1310717958
1176137734
102383622
104480774
238702595
238694467
238690419
205070691
209192803
81332835
77142627
10168945
10185409
12316289
66814337
65634689
57180561
53195185
19575733
7051188
16358380
16309100
16579560
8153577
1863147
287203467
1994890
6111370
4506042
1103417834
1132767086
1384425262
1385604878
1385603855
1123984141
1191031565
1165857341
1415550509
3558530797
3558531037
3558534605
3558464703
3564932271
3590096127
3607074255
4142831567
4143888199
4143753063
4143752167
4143948134
4135481719
3577676119
3560767781
4097777952
4097451812
4034535204
1894456100
1353456436
1353464772
1370238596
1122971268
1123012229
1122485911
1123260070
1120974310
3536887910
3528499223
3530723335
3539378183
4076249877
4093026817
4059989505
4057957989
2975631333
2971446373
2703027237
2736581669
2805912917
2816132935
2811909702
4137222870
4141548246
3076212198
3038338274
3023600738
2892621874
2901075970
3031099649
3032133120
3053176320
3072939520
3056148992
2519400976
2519402016
2531790112
2544371744
2544371744
2545424436
2528868356
2526718976
2526782465
2530779474
2522386674
2522382582
2518188206
2520301758
2519417002
2502564010
3022944698
3027135115
3048139401
3081763465
3064773259
3064768202
3060564682
3073348602
3022975738
3022971626
3022938862
3023644334
3023580846
3025678014
3025681822
3050835102
3046726814
3048893583
3048893581
3036409037
3044926661
3040735700
3040858612
3038757861
3042822117
3042829925
3084774967
3087001095
4160742919
4151304454
4151169046
4134519862
4152335415
4160661557
3892230181
1736411172
1731036212
1697611780
1697042436
1680228420
1680224452
1681335780
1681211109
1693727461
3834907365
3834973911
4103354055
4120143559
4153729990
4141146614
3596017878
3596534978
4135503219
4135488803
3070139696
3077545264
3077356816
3074223380
3074289412
3057579780
3061761536
3070117473
3199812579
3199758754
3068682658
3043780002
3027113362
3027111810
2960002690
2969509506
4043058914
4043058914
4034668262
4034666982
4118294774
4126675198
4153950430
3599286479
3599271181
3616048652
1414247948
3558532620
3694846748
3699040316
3699003432
1557856313
1566052425
1595482440
1577723144
1578768137
2119829273
1062733611
936914219
365444411
1439223003
1439468681
1457292425
1448904073
1448903049
1457488281
1453232553
1453236651
1386112171
1407069322
1396579482
1094597806
1094591918
25109422
367469246
350552726
342115014
341877270
341878578
879011122
904181027
937473059
1029738529
471961619
1545774083
1545774082
1546812418
1544686882
3691057122
3749846758
3733067494
3734374086
2660566726
2526832334
2275206894
2245848814
2237464298
3311197946
3311163035
3306976157
3289985468
3289977340
3289972980
3292221684
1149134036
1165944004
1197468868
1180611776
1180612032
1180599744
1207861712
1207808369
1170055477
1174200615
1172893735
1164472358
1160278054
1429934134
1429880854
1417330966
1442760479
1574829599
1604102685
1591585357
3730815695
3726610378
3726479258
4262000554
4127773610
4148745130
4157194730
4137349615
4137345125
4143505476
3059277892
4145668212
4112171504
4099589104
4099555985
4108011139
4107818647
4099438503
4099436454
4149766638
3061545950
3061472094
2524601102
2532007182
2531816718
2666066190
2682900766
2649354559
2649318703
2650367277
2633585965
2629390644
2633527568
2633502993
2625114417
2620993891
3694735715
3694859746
3711569874
3732540226
3606735682
1459309379
1459145683
1459154929
1450829253
1450755476
3615016364
3579356588
4116228012
4116551421
4116483805
4150036029
4133262911
4133332543
3596477975
3604866359
2665440291
2547716131
2514157603
2497380355
3562672131
3562672407
3573420343
3573466399
3586099469
3619006732
1454680092
1450485804
1444186156
1377075212
1376698380
1913589772
856568108
877536041
882778858
2092895914
1555839658
1555835562
1425877642
1416583818
1416153994
1374197386
1370002091
1403556521
1403696041
1391371177
4067336619
4064190955
4067332443
4067394842
4092368426
4092374570
4050427435
4029650463
4029601295
4029552143
4029549615
4033617135
4042004647
1907177622
1940794502
1928209542
1929273730
1945813890
1940767474
1907155811
1894572321
1886183457
1344598049
1344720945
1361462577
1399211313
1382313777
1457809973
1454664247
1452547623
1451491957
1452147285
1456402957
1582228233
3742802713
3711409432
3694438712
3625756984
3629558040
3625425224
3625209289
3625189834
3648258522
3756917226
2661945834
2661950442
2661824490
2393376734
3333961614
3350750085
3317211524
3317473456
3304359072
3291776160
3289482400
3306325344
3608323329
3610422274
2524096514
2532411442
2541017378
2541025826
2550057698
3065695891
3065695876
4137211524
4132988596
4128793764
4128818340
4063151140
1898857492
1613632517
1613112325
1613177605
539365925
551957037
1621578345
1620889225
1636616840
1665960584
1912900280
3792018361
3796286905
4074153433
4139163995
4122468959
4109771518
4101382886
1949705958
1949698018
1949633698
1953760498
1953506419
2012472321
1990374401
1990370304
1990304768
1987095604
1980804132
2115021861
4261649445
4282555431
4115057782
3050196342
3050966390
3187224354
3162256930
3162255906
3179094546
3185517058
3181273666
3216954945
2680016880
2662124512
2657929700
2653474244
2653607108
2520441925
2520409303
2541442278
3573120230
3573246374
3568987030
3568979587
3501803159
3522753461
2474172836
3006849460
3007247748
3074330580
3045034608
3028146740
3028090420
3027004949
4100728341
4100728557
4117509807
3077119398
3219721382
3203990694
3199799478
3198013574
4290633798
4257062918
3723339527
3756371479
3747920423
3727022629
3728169764
3728088356
3725983796
3725983764
3713925124
3707633924
3703439620
3703243535
3434698030
3434671406
3438865450
3749242970
3459958986
3459958922
3459963274
3728661946
3732921785
3747399064
3747402136
3746951608
2673271724
2639717100
2648105588
2631266836
2631164468
3719586340
3753141797
3740562982
2667331878
2590785574
2658714662
2654585974
3726279830
3726294150
3708464262
1544201606
1544220549
1545228165
1410993073
3562736611
3562887522
3573381474
3590192435
3607097601
3605975040
3606544384
2532802816
2530579236
2505895460
2488068644
2488138365
2496658014
2497506030
3030179566
3086536618
3069732254
2524472478
2524542110
2518627486
2518560974
2518556870
2518556758
3596493878
3604616502
3600418615
3348708887
3321395989
3453614853
3453680388
3487218436
3470298465
3461920033
3726151717
2652418149
2635833685
2618991557
2488966853
2488961669
2489043637
3025787557
3025693349
3059232429
3061327533
3061331391
3061518559
3060428895
3068850207
3035620367
3035603983
3035544847
3035532047
3036514861
3036457517
3168579117
3160204837
3160232503
3155890947
3155898418
3157856354
4235722978
4242079906
3705274518
3701086342
3717868486
1603942982
1593375302
1593371414
3732450566
3732509966
3732504846
3732455742
3728269678
3742984046
3709564654
3713680118
3633988326
2560185063
2560123620
2562221028
2566418916
2570601780
2603599620
2604582660
2652300549
2664883511
2660099134
2660103263
2660226301
2680800760
2634633208
2635812552
2618961608
3709480664
3713670889
3755482539
3621260714
3621258394
3621262490
3714000026
1549754527
1544478879
3691491463
3696664775
3696664775
3704791063
3723670807
2683549495
2666640933
2666574373
2658185765
2652172845
2668900907
2635470378
2642283306
2650736746
2646411498
2646149370
2683899082
2683924555
2683953485
3724137228
3724268316
3715817773
3694847021
3694877741
3711585407
3577375951
3579473355
1474199433
1474252424
1474119352
1440499368
1432156072
1427951784
1427407020
1427407101
1427427582
1427365974
1427267590
1427305234
1414714930
1423070834
1423144642
1422942915
1425105857
1152839921
1173799025
1173798913
1164297217
1160008705
1160014901
1164241191
1168501287
1471609383
1472122375
1476183747
1467531905
1329131953
1329324195
1312448691
1312694658
1312686978
1332609746
1307247138
1286091298
1287136034
1555570983
1553473581
1289248828
1280893964
236647436
238738444
237685772
103451656
371756056
371755305
371829051
376154395
385596747
385581258
376144030
505970846
489279670
1546285223
1546264999
1546265251
1558845089
1605052129
1588274688
1588139520
1588126208
1592320548
1583932716
1584000044
1602144268
1551813065
1551813259
1551257226
1547109002
1411383962
1411388090
3564138922
4103102634
4103102574
4153435167
3599785999
3600277775
3604402703
3615409677
3564801837
3564800301
3563829565
3563830285
3589125132
3590107148
3514617884
1427976252
1428037941
1411260711
1411265318
1356727086
1354564462
1404896206
1388250574
316636622
46984590
55356846
289717743
272926159
340689741
1410241293
1411359295
1465688687
1449109231
3596533407
3739146893
3739142813
3739011757
3755765421
3757319081
3623092729
3623030905
2548178987
2543984682
2510446650
2515762238
2488326446
2499865390
3611339038
3598892110
3599143118
3600187598
3600597183
3591913645
3591897256
3608805800
3508418248
1344155336
1356806776
1906129464
1372858904
1375005448
1349823753
1348772107
1348768011
1885831962
1883144987
1883145023
1902019439
1910039535
1905807791
1909982619
1904085177
1899894953
1882073259
1899375019
1903312267
867377611
330309899
330313994
61927738
13672747
12625707
12622635
281250591
273058573
1347324173
1397663749
3592334343
3728646150
3727655174
3660497750
3660186230
3689554530
3652854370
3703120611
3703060385
3719050656
3757837492
3727963268
3726008452
1577459844
1577394316
1593843853
356675979
339900315
349326075
1425033850
1423993466
1424026202
1424288586
1432672202
1164296522
1173274938
1152315706
1152311614
1152213797
1152135968
1147937312
1143480864
69874452
69873924
205140996
91883524
125438148
125454468
108578949
108824967
108299671
116687247
116822927
116831135
112632749
112567277
313828205
316975917
1399105833
1361484079
1361479982
1361347870
1361346574
1394966798
1932951822
3614343470
3580814638
3589204790
3589167894
3723103014
3722971942
3656916790
3656918366
3690672607
3686478333
3753587116
3753652668
3747361212
1595728316
1595712413
1594663823
1594664862
1598859166
1607319038
3620666859
3588151400
3587885096
2497366284
2428156172
2428418572
2428288540
2428016236
2432467692
2432533165
2438759078
2438759078
2970399398
3004728998
3004794534
3005996790
3006000710
3005869830
3010094350
2750047502
3018485822
3085504554
3077308458
3077313594
3077516298
3077449738
4151191579
3622705179
3622639643
3618380811
3584832585
3590264009
3707634073
3705553320
3432997801
3432866749
3449086943
3453280751
3746869735
2517734759
2517796151
2518072581
2522263045
2547297812
2547297917
2513761917
2508158719
2508134126
2507999146
2507670698
2541290730
2549744894
2549747790
3623444494
3622330379
3605618697
1181360137
1198137352
1160458296
1161433128
1278874680
1277047816
1277041928
203295496
224283336
232704649
268229257
234655387
79464362
79463338
79491498
1155457450
1154933166
1146544558
1192665254
1177985410
1182179779
1458997059
1456768545
1456778785
1473556001
1467264549
3598052885
3593920007
3593915910
3609120566
3613185318
3713852454
3721196582
3716928534
3750478935
3733570903
3733701061
3733644229
3747275733
3743114092
3709338476
3625714024
3692903800
3693029721
3714005321
1608456649
1591544267
1587288458
1587312010
1591529882
1591722170
1591640235
1583329449
1598922985
1566548056
