3966089140
3966153900
2753999020
2753750188
2753748141
2754767023
2886871982
3960613558
3830529686
3838916294
3841008326
3839042374
3834843462
4103144466
4103150706
4103223634
3566610882
3717671362
3751095683
3740353921
3472081281
3740500880
3740382112
3738216164
2656085860
2656085797
3209729317
3209729319
3176244527
3176310062
3174229118
3207775358
4279418991
3998412909
4006826093
3998695512
3864350728
1729454088
1729586200
1696005145
1679218969
1817627419
1817561883
1825868554
1827966218
1836358666
1869919322
1865781498
1865908458
1762836650
1750233515
1750213545
1750213353
1750209149
1750209085
676794941
693973565
727262781
735585855
714614331
731391499
731390473
697885385
683193224
687379848
676961672
672774584
672905640
1746581945
1762573706
1766242186
1799524826
1795326458
1795408238
1796436270
1796419886
1800613926
1766010934
1774399542
1774391358
1753350430
2021786382
2026051086
952309262
947928586
411053578
411053579
411053579
427833097
465638665
180371720
197149528
155276120
155218809
155476969
155476459
155543018
189232378
197588058
197563466
197625163
197496155
180403497
172010793
172076088
168006664
168214536
168181784
168235064
168173608
168698152
172892712
181273144
177145353
194577993
198772297
200888159
200888159
192531839
192535935
192544127
192542207
159228415
159363582
159355390
150962622
150835646
149787066
149796282
217030074
218077594
1291819418
1216347066
1214114746
1222503354
3369955034
3365733978
3367764506
3367776826
3367772718
3367772717
3365155364
3369351012
3360955876
3359931828
3376704916
3389320596
1241965956
1245901189
1245888901
1245757877
1245733349
1262511589
139472229
139540772
139532588
420546844
454236164
440608772
436415748
436417812
436416828
437465884
974140204
976500524
1046760748
627964279
627964279
627964279
627964279
627964279
627964279
627964279
627964279
627964279
627964279
627964279
627964279
627964279
627964279
627964279
627964279
627964279
627964279
627964279
627964279
627964279
627964279
627964279
627964279
627964279
627964279
627947895
896384375
896381366
896381366
896381374
896381370
896381370
359511482
363690426
95288250
128842682
128826298
86948746
74365834
342663626
484999438
481005615
480944164
1013686304
489267232
506113056
439008256
438993920
440320016
974520544
974599137
978658017
466428645
411837165
411908719
413080078
413092366
1486670462
1538832494
1526245582
1584963722
1579974794
506380426
388911502
342766270
1425416877
1421288108
1955865260
1955865320
1951687208
3558141448
3493112328
1345628680
1882688025
1944501035
1923521019
1924058251
1387151497
1388183689
1383989417
1396650155
1346253231
1345196791
1349390851
279720450
10756658
10757922
14965794
6773794
3566642
4123843
70708611
74891137
100044673
401575809
384602001
385648627
920949283
912302627
908108323
908304935
2116215357
2116169517
2117085487
2063607850
4165089386
4169283818
4170582490
3719564746
3753132874
3736912394
3468460651
3466502889
3332350892
2262623148
2518476196
2518207908
2518338724
3575313572
3558763908
1954426765
1953376781
875305532
875309613
808200749
539765037
544021545
565051433
564920347
632041483
632041483
632030235
627964287
627964799
627964799
627964927
627964927
627964927
627963359
627945935
627945887
770683323
1039118779
1039118779
1039118778
1030733210
1030732186
1063696794
1063696778
1046653322
1055042698
2130093258
2130093275
2127994985
2136400249
2102812937
1947608841
1949697913
1954481769
1953235689
1894187769
1910899337
1910985609
1944384921
2012544441
2012514793
2004130297
1970712009
1970710345
1970709321
1971229561
4125922031
4125942511
2104259182
2104427390
2137919790
2070814762
2070814778
2070623242
1533549578
426317850
418003259
413809451
413678169
413679309
417882764
409514940
406565820
421438364
436642444
440574668
977441500
1044614909
1044429803
2118167019
2118171050
2118162842
2130811275
1964230025
4111877512
3577087144
3580241064
3588695276
3584308468
1419850196
1419916228
1419908035
1419772898
1558209506
1549860706
1545701938
1563531794
1597029890
1597025794
2116068866
2132976130
2134090274
2133894114
2136006886
2134918374
2109806790
1606629582
1607612422
3723638791
3723655477
3705817364
2648964356
2631987460
2648740628
2346750516
2331038260
2328957489
2327913009
2328240675
2396394471
2411465893
2376599725
3450341549
3479705737
3475507337
1194924172
1195041933
87728519
74097031
350925670
342729506
337950242
337743410
287480322
287500802
321022530
304159474
304093858
309340322
317791398
313668758
313675974
316862534
316907526
308326439
325091629
274760488
275153416
270971400
271496712
275614249
1961659177
1961658667
2142817770
2128270474
2128241098
2119918026
2136626506
1568300408
1568307560
3714607464
3697830168
3714603272
3446146824
3421045528
3416855352
3383439675
3366596650
3366596650
2292719726
2292714734
2297022902
2289670550
2285476230
2302392967
3407521412
3407520388
3659113100
1511821996
1516025327
1524624495
1516136491
1599997997
1564088349
1564096589
1948917196
875235016
879305368
937955995
922563262
852828846
852763070
315674783
852545677
844206216
856916472
806522408
808618552
811829768
887204361
887138827
887417610
929943819
2003419147
1986707513
1986707561
3731480681
3748193581
3714624063
3724147231
3585735198
3617144334
3617075726
3550085694
3281650474
2210005354
2208833770
2204650747
2150160603
2151262426
3225135306
3493505418
3491474058
1348257418
1352417930
1352467098
1354630061
1358835948
1357786156
1349330980
1361324084
1395976204
1379399692
1444327693
369537294
1443336574
1443148270
1984213418
2000991658
4123371946
3855067578
4019104697
4002327480
4002328504
2928517768
2932662857
3122483721
3107590699
3089774123
3156875819
3156937513
3169323048
4238870744
4238871688
4238877832
3652935816
3667845260
3666780335
3662061742
3724575974
2651884838
2653261102
2653398798
3211240974
3215435278
2678503198
2645548830
2650560798
2625448318
2625509870
2625505774
2624980207
2515927197
2511474828
2511544460
3589283996
3578803612
3574615948
3574759052
3574738652
1431448280
1439722200
1439722105
1439721835
1431361897
1433459833
1462883405
1460858893
1460850765
387150173
923824613
926963175
1967277542
1967310822
1438834679
1430319063
1430319047
1430302663
1438756679
3616653175
3616644967
3599933286
3734175334
3738433142
2666648182
2658194030
2674979694
2675028270
2682492203
2648935737
2649200904
2640706316
2640701964
2636479068
2636594780
2670073820
2669807100
3732092077
3740344494
3734184086
3616682118
3618771398
3320971718
3304066367
3294636333
3294636076
3307223100
3340974108
3328585740
3336974604
3333304585
3333243659
3333997354
3331887082
3302722474
3293219738
3290077834
3292183178
3430655630
1283236510
1281139374
1544848302
1594266094
1577499870
1577494606
1577576646
1577385142
1583215798
2136916413
2145043388
2147152556
2128143292
2121858556
1580772476
3727666196
3593382932
3597645109
3622273831
3571876407
3572941366
3568816694
3570918198
3570856214
3572908039
3572781119
3564381231
2490308655
2486045055
2508065663
2541705983
2524805855
3740557007
3740549839
3472180175
3471983583
3471978927
3471909287
2381406631
2364760485
2490582421
2633222037
2633086869
2633016997
3564152549
3558911589
4095778405
4230004229
4095979269
4112690437
4146248741
4133653540
4133653556
3865222164
3999446036
3999708180
4017550356
3979788341
3963044918
3828823142
3828755686
3828746726
3833006486
3831958165
3857128084
3887282820
4138940036
4136637060
4136903303
4136903350
4157874862
3579060910
3558080942
3557033130
4099348666
4099287242
3570821322
3705071819
1603709129
1589024712
1592951432
1584562892
3727737597
3727745901
3744489773
3715181869
3698473237
3698472197
3656782597
3384152844
3384161053
3384750859
3382460378
3415742954
3418892458
3393738922
3389638826
3456748682
3457781962
3472597130
1337635727
1153344188
3300827812
3293954724
3289662116
3289645748
3289727460
3291897956
3295030309
3303872533
3299620876
3299113228
3303365404
3328596748
3463333388
2397749772
2393539340
2394456364
2394464556
2394464301
2394457130
2264434730
2256046314
2251933930
2235255034
3292187081
3292189643
3296387787
3302662799
3318260398
3343431334
3322449574
3322908338
3322844854
3591288454
3742279302
3709775750
3707672967
3701917893
3701983479
3719092399
3723259055
3744227566
4281102574
4281258494
4230935518
4235191007
2097014357
2096954929
4243389232
3698128944
3698153488
3576629264
3610064912
3611175952
3606975536
3551396656
3534619185
3534701282
3534275234
3534284454
3530084262
3543779730
3491453842
3491397266
1344171650
1344171714
1358261761
1352929024
1369725697
1386704193
1118235971
1386658818
1386646802
1390841106
1457884467
1986837795
1982643235
1982637089
4130119728
4130250752
4113495040
4096679233
4096674721
4100393637
4104395429
3837008551
3853789863
4155781006
4137116751
4137639991
3602673714
4152119346
4096540690
2083267618
2083146019
2083441203
2096024129
2091305664
2141605504
1525499520
1516778369
1516855715
1526279651
3673697251
3656919907
3640142339
3640355329
3657166337
3686524417
3686445571
3736830739
3489235747
3489260898
3446406482
3442171154
3442019602
3442023778
3711636835
3715790179
3724175345
3569047489
3569082241
3568881537
3237530513
3237497249
3237493154
3254529442
3288151458
3262591394
3262456230
3262460214
3261411614
3269751050
1403314442
1369745672
1352973096
1352964392
1412205352
1411943224
1413189320
1413149384
1950020233
2084192922
2099135402
2103271850
2110547118
2139376814
1585793182
1585866894
1585606030
1586654623
1586591727
3757069805
3757102573
3722507773
1432614364
1433662940
1412691324
3575887228
3575887196
3609376076
3610425101
3597776669
3597768255
4143027003
4143166267
4277383483
4273180987
4277244219
4277245227
4285565225
4247902521
4230215963
4230413067
4230936907
4230923722
4105093530
4104962458
4105494922
4105495482
4126646958
4118123183
3849618095
3849630189
3883246813
3866600525
3862428685
4129773598
3056035870
3055950142
3055946286
3068534318
2795640382
2795717134
2812400159
3047207484
3030430332
3160453836
3157313228
3157319324
3157745324
3157736365
3174381999
3220965550
3221043358
3183422606
3181847774
3181711582
3181842510
3651543054
3655802894
3655610686
3648271166
3698603838
3699195167
1551841549
1551833116
1549625452
1410627836
1426447565
1443353805
373814733
382055884
314807788
1380168940
1376105708
1376027881
1392805017
1359316363
1363529658
1372049066
3548630698
3615751914
3598968554
3599934074
4273120027
4293371147
4293238553
4251237176
4246776376
4246862360
4230217420
4230119372
4231148956
4229109165
4232123565
3162707375
3180492254
3214074142
2679173438
2679148862
2683352382
2683348287
2675046207
2641621565
2633167404
2633388588
2633368088
2499609160
2490894296
2489850345
2506701227
2502506666
3576182970
3609999498
3610055818
3609546890
1466187914
1474314426
1470124202
1436774826
1436706223
1440901551
1466067373
1466067389
1461910989
1461911500
1461909452
1428411076
1432404597
1411437157
1411510887
1415702311
1432481062
1465968958
1467086878
1458739262
1454546254
3602027854
3618804559
3585315805
3585192813
3572544364
3698381160
3694448952
3710252313
3710383899
3748034346
3748036410
3714538778
2640567562
2650134810
2649868346
2677079066
2660361227
3671257097
2589376525
2589376780
2656485740
2635494893
2618716077
2623438527
2622377631
2630702751
2630410943
2647192255
2680738813
2681791852
2656625772
2675567652
2675694612
2642068484
2642072836
2650468613
2650461973
2642138999
2675563878
2675506534
2673671654
2673868798
2673770447
3209066191
3177007055
2673095679
2672042479
2680500462
2680423550
2646934654
2647078206
3721868574
3704894734
3637781790
3654756158
2580969278
2581552447
2572737871
2572744013
2581124556
2581104092
2581170136
2614867544
2614799960
2606480952
2589572904
2589830444
2652874093
2652820701
2652291279
2652127391
2521059759
3611637678
4123146158
4123145918
4106368702
3569423102
3562013662
3562090970
3562104158
3562302478
3562338310
3558131718
3558115334
3579291654
3621693494
3600722966
3600454658
3600465922
2396667906
2388333826
2403014450
2369469986
2356756002
2365074978
2360884834
2359828198
2359828423
2376604039
2380814727
2414397831
2271776151
2271841695
2238422463
2238365117
2238360764
2238295484
2238299580
2271973292
2255406764
2255476412
3329086104
3324891784
3324899992
3329156072
3329155368
3308101929
1143839754
1143651338
1143646222
1412085774
1412077854
1412406558
1345160462
1395639630
1383481806
1391858142
1391859198
1387661166
4069799718
4074004783
4090552623
4064399677
4064645900
1984205324
1980547612
1460159036
1460212344
1427060344
1544437752
2093362408
2090216696
2039837912
1568728264
1602282888
1572909003
1547742682
1547943162
1543691498
1544738026
1412821226
1417007130
1442234890
1458487818
1458500110
1450108430
1450108430
1462358590
1428701742
1412973354
1954038122
1962459497
1962597400
4110080008
1979443224
2012785976
2004387640
1987609096
1983889992
1983824457
1982092009
4129583593
4150546665
4155790569
4156495081
1472070859
1438524618
1442723018
1434322154
1601076650
1584299946
1592784570
1592652682
1592583054
1316791182
1300144526
3430846870
3430322678
3698831478
3707237479
3707038821
3704941861
2643783204
2597838388
2664875540
2673264133
2675820033
2642199075
2642207078
2640109798
2636108998
2673861766
4266650822
4140820678
4153337938
4157537314
4124950562
4099162167
4095033364
4111740940
3876856124
3859156844
1715866220
1724349052
1720483416
1720480264
1720459784
2001478152
1963729480
1946755560
1410016488
1414204584
1418594488
1435420811
1468434570
3615930506
3615992970
3595019739
2652348763
2671158025
2637603340
3173429772
3110531644
3118944812
3116110373
3120308783
3153593134
3212312814
3212313774
3120043194
3120243850
3103403146
3631949962
3625658766
3694861278
3694860622
3446348046
3320448078
3349807310
3333038302
3333296543
1185878412
1201955260
1122291116
1126468008
1092987288
19130760
52619656
19064200
287498696
287736648
287736632
824488488
824484392
841266728
841255464
841255720
841259048
841328664
1915222024
1915174984
1915617416
1361969544
279839384
279843499
279327402
279199402
1352940202
1348747178
1344591018
287420618
321036298
321103118
325162303
828611373
824678716
824678716
1898362908
1361493020
1361491212
1348908804
1349960193
1346650723
1346646754
1355100898
1350968290
1351492002
1368204450
1402809490
1391855747
1109788801
36047232
36124592
305472416
309617572
317776813
870359535
853583227
845195579
845187355
845584394
862107658
862106638
824438815
807596383
1881600894
1885786670
1894241838
1906624038
1940184598
1940187918
1390799694
3605461326
3605424398
3597024542
3748017214
3697619246
3697611054
3571778350
3567583790
3568055855
1151871581
1151871956
1088977380
1076414628
1093191812
1395371204
304784452
306094148
842965188
842376676
844139941
852527525
1917094319
1912900031
1929682397
1897310175
1909892863
1888920319
1891092223
1907638013
1906584239
1944332718
1931491503
1931692271
1931627629
1898071049
1612800009
539091209
807572024
539415081
539282985
539294315
540330730
1612565162
1642039722
4087319707
4070473867
4087775306
4154888206
3081019694
2544166702
2544657710
2532195374
2532191278
2666411054
2666398766
2662204734
2527795191
2511865733
2226669444
2365415044
2355064708
3423879076
3423866788
3424013732
3558243732
3577112004
3614926085
1441588229
1441572117
1424799013
1416410405
1550368039
1547239223
1546189622
1562999602
1600797442
1592401666
1592395010
1525351730
1526534450
1518154019
1534353891
1532289203
1531241607
1514253702
1514379670
3661863862
4198603510
4198611558
4274104886
4253267510
3700601365
3700675088
3706913296
3631223328
3627024928
3625979169
3626175587
3648133218
3671210054
3733072070
1317087366
1585506438
1585559998
1585490349
2122366376
2122364296
1858113672
3993276504
4013195304
4012736556
3878388780
2804787501
2788088110
2922264878
2922257198
2922319422
2943223374
2918057550
2897674974
2897490606
3164872878
3030651068
4104388748
3572763788
3558099084
3573934220
1460070796
1443261324
1443261341
1985380318
1995950046
2011546430
1977909551
1961132335
1952757007
1952822543
1952888085
1432726837
1429531957
3608671540
3612802356
3579237684
4124499764
3029831460
3045428772
3045363252
3045363220
3074735637
3188037175
3188123190
3188619126
3206416370
4250535410
4250600610
4244118690
4244384934
2105289910
2136812678
1600006535
517876355
383131283
385162899
400618178
1465951042
392213270
375501078
325161750
291553078
283179810
274758435
274807585
270678833
270670096
270665008
276169664
274072449
331613057
314836915
46403507
47013810
47053234
314898851
315927011
383039841
384874848
921938768
920890192
920890064
1994500848
1987099296
1987156645
1997658791
1681095334
1681275558
1680227302
1684347366
1692665958
618928230
631519326
635517006
635517006
627124302
627144798
660854878
660854862
660732239
660715791
660715797
660707636
660838708
761445172
761444884
757332500
757201461
757168757
757168743
761355119
761362798
769742958
769742974
769914975
769914975
769899869
770808653
795982413
791788108
1831975452
1832107564
1836293677
3983777581
3983777573
3992043317
3186736661
3186736663
3186736951
3184713010
3168197922
3168689250
3168668850
3168472226
3168750754
3185527974
3076345238
4132302215
3863341447
3859081671
3864324406
3881171238
3883260206
3781680926
3782186782
3778000670
3782979870
3789067582
2777187374
3850931245
3855190124
3976767692
2920851660
2923088044
2923089068
2923060396
2927517092
2935961524
2876718741
2836868821
2836868679
3897960966
3906284086
3902028326
3904707350
3904576774
4172813383
4172808405
4177002677
3648811148
3676104077
1577889165
1577954197
2114300823
2118629791
2118557071
2143739279
2009519501
4124493197
4116563885
4099733229
4099696237
4101793327
4101856798
4109195838
3572316990
3580832030
2642225438
2684107838
2677543998
2677542958
2543390766
2543326318
2279083486
2270694861
3344517596
3353016700
3621432668
3621498140
3615206684
3610885404
3543764252
3541665820
3540617340
1393162364
1363761213
1363872061
1347034407
3494522659
3494538786
3561713186
3569908546
3569896258
3234384322
3234515394
3284852674
2194341825
2194339520
2261444224
2257184416
2258166432
2257122976
2261295012
2261289404
2261424558
2253060270
2253973614
2271004714
2239645726
2356030478
2356027662
2356093198
2288595230
2297058095
2297055085
2296923588
2347294148
2322132036
2317920324
2319165780
2585439732
2585505725
2588518077
4220102333
4253721501
4242191261
4233855405
3828909161
3828917288
3828984856
3829115928
1681583128
1614801976
1631517737
1665031978
1666862698
1658406618
1657284298
1657284554
1674057562
1657280282
1657486907
1653222952
3801755176
4070129176
4073199368
4131915019
3590849546
3574209610
3557440842
3705282382
3434811134
2359901934
2359899822
2292725422
2292723630
2292739487
2305346959
2338954653
2305486333
2306519037
2314905597
2365236980
2632556276
2632486836
2624098196
2624097748
2552991444
2569715412
3106582228
3140152916
3141152340
3141085813
3141082087
3144222886
4222159014
4222164118
4222170246
4222099591
3690733701
1534943429
1499456885
1482030869
1490348865
1559555009
1559288785
1565555105
1599172005
1581385109
1581385093
1581404597
525521317
525399525
493937943
477144327
477148422
342015254
342015254
342007062
1433581846
1431550326
1473354742
3603143670
3603078614
3603072326
3603137798
3595678006
3597988135
3596927269
3596899124
3605926180
3622704420
3580759524
3563851156
3565034884
3564514692
1358310789
1351837589
1355872167
1364260774
1393620918
1378938846
1377889790
1377887726
1919067486
1919074574
1936180238
1935983678
1944103982
1910750254
1906490414
1906486303
1910750479
1902155023
1931597599
1931671103
1914852909
1919043437
1918961132
1935947180
1902388412
1885830556
1885790196
1894174421
1894223427
1894563330
1886170642
1881976626
1881980194
1886311714
1886311731
1903088403
1970193153
2003817297
2003691345
4134530896
4133936400
4133996560
4133804080
3068459041
3068460067
3068624162
3068604690
3085775126
3219927318
3219928046
3215668142
3215656618
3114864267
2583181961
3640146824
3631774152
3626526984
3626626328
3626624888
2099897176
2100060893
2134663837
2132222879
2119573951
1044783279
1052837039
918623421
935468217
936607225
902953432
896580552
896572233
929073929
1449166872
1449167896
1449438264
3592806444
3593367596
3610128444
3572376365
3567919655
3300537974
2226786006
2224556710
2224557734
2228749998
2216477102
2151579850
3242107081
3246302664
3252660616
3553929640
1397008808
1376029096
1376225673
1376163209
1914085515
1914101898
1916170414
1936134382
1902392814
1910779246
1894068029
4037164572
4104355356
4108647996
4100234812
3026493244
3030890300
3047530780
3081019652
3215237470
3203703214
3191690414
3191736494
3190687914
3190167978
3207477610
3178113306
2645174538
2628398347
3702073096
3702010408
3366462168
3366470284
3383281308
3387748012
3375688428
1228176239
1226246446
1226189070
421406734
425602062
425358399
427447613
1211647244
1211690252
1211669524
1209776180
1209641076
3385437653
3683303349
3667566231
3734670995
3734671026
3733565090
3737684898
3591145891
3592342965
4129181061
4147543989
4079366053
3877779365
1734567893
1742796247
1675687262
1675664414
1742838798
1742841870
1742972942
1734600735
1696693543
1680023015
1679953893
1684146165
1692540660
1709186805
1705000661
1738565575
1705043287
1709290806
3856772406
3831610646
3831544070
3760241414
3760250422
3781350951
3823260197
4087747189
4075164253
4066644013
4083430444
4079224876
4083640525
1902536909
1895229647
1895222478
1895220430
1895268766
4109865974
4118192918
4118259478
4150562614
4133793575
4133793063
4133938469
4133941525
4142317845
4150772053
4101361941
3828740381
3828808989
3827751229
3832007469
3831843373
3765255692
1634674184
1664025224
1663828664
1668023980
1669074604
1677466029
1672748207
1655976110
1656086670
1923522766
1940037646
1357029638
1344315942
1344319010
1881209378
1881471778
1894152483
1889954081
1906723105
1989560064
1996374528
1916404224
842662400
842666356
842543332
840442092
835199208
814226616
277420104
277547337
9112334
9308942
25611022
109357318
1184335110
1183756742
1453236678
1457426567
1446936961
1445888913
1412406960
1412299424
876428964
875898533
873472685
873472431
883957863
631295015
664832022
664840198
648062978
920754178
908235778
909279234
2134016002
2100445314
2083652514
1815295650
1827678882
1821391523
1821391525
1821386372
1820336772
2143298508
1598284109
1598198031
2118159419
2126551082
2126555178
2122430490
2122496011
4287017992
4257644620
4246634956
3156116476
2887426732
2887426796
2891884141
2919075375
2947862062
2946816554
2943146602
2922151898
2923374474
3996983706
3996913834
4000579754
4007919786
4020700330
3987090586
3988155595
3987958539
3985894927
3987983933
3992044063
4016108303
4016103695
4017217583
2918379563
2912076075
2912145195
2899434011
2903566859
2903566859
2803232266
2786555482
2792833530
2798993914
2798993642
2812231931
2782815451
2781281753
2765552985
2765487961
2773772121
3042730841
3038605787
3042251259
3042185706
4124377322
4124508282
4124446810
4107744603
4107610379
4124322057
2144823373
1607878861
1582696653
1582629069
1578369245
506724573
490602959
478028631
485368373
481282593
481073696
482126368
498903344
519875633
507359233
506363971
505839746
505856178
1060032674
1026489762
2095968162
2092756898
1824320930
1694295938
1692247683
1692247777
1692180196
1692188196
1700570676
3879511060
3879526436
3879624748
3846045996
3829269053
3829345830
3833399846
4110228006
4240185894
4256971122
4206639314
3669775490
3668635778
3668619395
3672801408
3458896272
3475747744
3693732512
3693634272
3694928484
3699122988
3707514669
3705432365
4237678637
3700869133
3719727115
1610057743
1982106638
2116325390
1982758926
1982758919
1714327588
3878592800
3866992928
3866943840
3879728064
2771284608
2754495120
2758787744
2762792609
2762799782
2779576998
2813111270
2800527454
2787945486
2789123086
2788598798
2788600878
2804321327
3848718631
3832991509
2755091973
2771723844
2771723220
2771726756
2708734372
2691958180
2695103924
2695239319
2696314510
2696309406
2711943934
2749688438
2737105238
2720328007
2736975175
2804081477
2771579461
2754789973
3830503207
3832609062
3840993318
3840997430
3857930262
1735539782
1729246338
1695687811
1678914723
538056097
542245537
548471457
548471472
564134612
580911628
580919816
849355272
333471000
14731305
278956074
279021626
295872522
400730122
375620618
371556554
371622027
1445888143
1462669455
1429123223
1416539559
1895819938
1890904802
1890872934
1909744438
1934897414
1930703126
1930698806
1930698798
823615534
596044078
579127791
579111311
579635599
579836047
1657779342
1644605582
1661383054
3758531214
3759579822
2687952494
2690705966
2690673198
2707434026
2724474411
2724468027
2732916779
2796421161
2796421225
2796372221
2762755277
3022346445
4096182341
4097235205
4231442199
3967084350
3981762846
3881099534
3843154122
3847419131
3973237931
3973107113
2899369897
2890989208
2890985144
2890981112
2907813416
2943477304
2926700060
2925782540
2925721356
2943539069
2943569901
3950071789
3949987311
4012901855
4012908686
4012908702
3998228654
4006674670
4002545902
4019336398
4019416398
3985730318
3985893902
3985807934
3987917375
2918702607
3212302095
3196049231
3193946605
3210593260
3176977316
3160270548
3156209348
3156176452
3162471988
3170727716
3183235429
3215770102
3081687238
3085881558
3077360742
3073165414
3072653350
3056003078
3061245966
3061212175
3056873479
3189055815
3205894999
3187016423
3166045925
4105506533
4104391397
4109646405
4101319429
4101402373
4107791877
4124370693
4131706135
1980560423
1980556391
1980720295
1980372135
2001274023
1707606183
1686897085
1690784685
1950540733
1967318941
1967303309
2143529679
2118183622
2119232454
2115010390
2114990358
1582436413
1592918060
3753250860
3720290364
3703270412
3703142408
3703105800
2360912680
2633542187
2632485418
3187377722
3220931130
3197731626
3196617770
2794226734
2789639198
2919670791
2920588357
2937503860
2906015204
2888963749
2900493990
2913011366
2946569894
3215996582
3199215286
3199214983
3218107527
3035785413
3035785348
3027400836
4029888644
4044368308
1930505620
1913790852
1913794708
844312749
844177645
829501501
811733261
283578125
279243295
279755311
279743038
279744014
283942662
812551430
1899924806
1434357702
1467397846
1461118690
1446339122
1463226898
1463222802
3610576674
3623116066
4139576355
4139637809
4139749568
4273901696
4269768832
4282352000
3962546096
3963600608
3963599461
3967134245
3975458349
3967084335
2889115006
2771657182
3845595582
3845596590
3844408750
3856990638
3852796350
3886420382
3886428623
3869651277
4154730253
4159975173
4118097685
4097186581
3560311045
3564571717
3572958429
3584492743
3618521159
1454260295
1455243575
1459413287
3598508839
3615270759
3581787767
3565075141
4101937861
4114516677
4114583237
4080895684
4080829172
4063539940
3877937892
3878151140
3844531680
3832008161
3840003313
3835790643
3840119074
3856790306
3878711826
3878692434
3878694626
1731275170
1735526566
1710426294
1706099863
1689391239
3834785925
3834798221
1688330861
1688265261
1637933580
1633706504
1897935368
1881290296
1885486376
1894127656
1889929448
1889929387
1889929370
1353129098
1352950922
6603146
3441514
3510830
2597414
321823270
304783922
912958225
1047048496
1055424560
778797056
774537216
774545600
1814732944
1814929568
1815461028
3960732068
3963714220
3837790892
3837799036
3837798972
3855695388
3786416671
4037026358
4037281058
4037805090
4037805090
3505914898
3494588418
1347035202
1363861570
306884675
307930305
843745472
852007008
852015136
575182884
570996852
1645128900
1645142212
1914593412
1916142500
1932919460
4082573991
4086573734
4086573730
2458131042
2458126850
2458140162
2189779522
2189812422
2207572630
2241106854
2227537070
2219739294
2215295166
2215164134
2483591206
2486732839
3026889236
3035278852
3068765700
2523435524
2519319040
2520400448
2520397536
2520460515
4131141858
4050061410
2980448258
3015071746
2476137474
2475729922
2446368771
2433073219
2484420851
2485113763
2497630881
3030045345
3030044321
3032013463
2759371510
2754128358
3056318646
3056245966
4129997006
4129964359
4129883653
4113047076
4230557220
3161013028
3165129008
2628518928
2645491715
2595098626
2393767938
3467297090
3467346418
3467156642
3601377442
3597183138
4130908295
4130909317
1983423620
1983439044
926621892
907681812
370813988
303704864
316279329
310905395
310921730
394824194
344690242
344624578
1956285633
2092600448
2112593104
2133834992
2116924640
4131235744
4131219104
4129107616
3054775968
2798926497
2765359783
2761165526
2761820742
2763926022
3031788806
3030707238
3164924974
3181403246
3174042718
3155365070
4162195406
4162203263
3906891308
1754656300
1756690748
1807005708
1779742732
704948300
705144972
705080476
771937444
1862456485
1695729325
1691539116
3834830524
3834830471
3834740422
2756717062
2769300022
3073387054
3059759918
2997094446
2997619742
2426936380
2427067444
2427067392
2158631936
2229800256
2221412320
2355629280
2356874656
2272925107
2254058882
2254053762
2262323618
3470316706
3478701218
3440954546
3424450694
3424643206
1277094022
1276569730
1297542530
1200813446
1200801159
1204995461
1190381460
1182003124
1390669492
1390657172
1390452404
1382057636
1914741484
1931600620
1931735676
1898050169
1629581929
539049577
543234664
543165288
560204264
862197928
853883032
853946504
853934280
849690840
312795240
312778792
312844328
296136733
283554061
6725917
2330937
2202939
270637371
274827578
274893086
1910942174
1940303310
1924039118
1928102346
1646821834
1647024074
1646962394
1630203647
1630154413
1613305519
1613497007
1617691050
1642856618
1638147242
547628222
547765390
547759310
547823950
816067095
816067101
816058941
295981848
23556873
2450185
2487611
2476346
6670650
10799418
11323658
11389386
11520394
28237195
40822154
36627854
36102558
36090254
35951038
39879086
44073386
313824683
330608040
330559400
326299576
305309576
304519048
304514520
304385512
841268589
317037887
316849421
1390587148
1382264092
1398914852
3307589412
3295071764
3299237392
3433987600
2360245808
2360180512
2309521184
2343071009
2347269411
2340048243
2340085187
2340093379
2306530755
2306530755
2306596307
2306604499
2306473459
2306440691
2373548467
2373548466
2373532082
2356885906
2356877714
2239314354
3296278962
3312990706
3308797042
3308862482
3341433858
3278519554
3286895874
3282783490
3282619698
3282632034
3249065443
2179518435
2171128801
2171328977
2171271617
2171267393
2238310705
2238250288
2246704400
2238311696
2238316336
2271792928
2271858481
2263502595
2263514882
2259382050
2259183906
2397595938
2389207334
2389244214
2385026071
2389279749
2389280004
2389283076
2397671700
2397737236
2330629444
2339019892
2607463533
2569644078
2552997934
4164594750
4164592670
4164613130
4231970843
3966713961
3966566504
3982820456
3961984489
1814501355
1835480810
1843738362
1873114826
1873082058
1856296907
1856298441
2120537176
2116416600
1864791128
1831235928
1818653560
1818629736
1818564216
1818506840
740569945
740565883
744764251
769921611
803542619
799430249
765984488
770045672
753186504
1818530760
1818530184
1814402456
1764210089
1797764523
1797633451
2066044346
2070353306
2045121946
2029401530
2025203626
2092312490
2094999482
2090365594
2106127259
2106106328
1570480332
1557901340
1547206692
1411965984
338422816
338356256
339405088
878365232
869191232
843501120
303484480
372430593
375633201
375497779
355591185
875816193
875812113
892849952
933613408
1990575584
1990583488
1994736768
1982153856
1999051921
1965374881
1962163873
1958493863
4105453222
4105447078
4122224310
3587465974
3558139442
2484469506
3560303874
3564431618
3572878626
3568756002
3586053154
3724464130
3716022466
3711828099
3695051137
3694531536
3705090912
1557406500
1573921596
1598039816
1447173400
1447172376
1448155432
374351928
383019017
374627595
375177546
327140282
289387178
1411359402
1411162794
1415353258
1422706090
1150078394
75844830
109985102
109985087
115221797
117318964
108999108
108999056
104165808
121041280
70431104
338854272
1148339
273712290
273722406
829466658
846243874
845391906
853720083
849515541
1659015396
1667661988
1614070956
1614663100
1614731916
1617857181
1621592807
1621400110
1634004254
1663362062
3794034698
1646678062
1650851886
1659240750
1622410046
1622417934
1891051015
1890982452
1891523108
4106013220
4110207764
4135359812
4130971972
4131037444
4129981196
1982517821
1982493293
1965719277
4109970159
4038605487
1891114922
1895308682
1895564682
1894516122
1910840490
1923562667
1924539567
1924587663
1928765647
1920249917
1650761773
1646568493
1663348524
1663351340
3795159596
3793128988
3809904140
3877028364
2803249967
2905874798
2888040942
2901214638
2897085870
2896826798
2896761278
3166179774
3166196110
3166233805
3169365068
4230522956
4230584364
2804582444
2788067340
3862865932
4130798604
4128641284
3071676932
3040215588
3023962660
3035439909
3031171363
2695364642
2981675094
2996347078
2995298438
2995295374
4060649630
3524036766
3540830350
3573942670
3558222751
4096928439
4101181175
4120983095
1939944244
1923445520
1386606848
1387131136
1382654208
1379636992
1396361808
1360710371
1880836774
1879661230
811154350
567819434
601373866
597165242
597562555
570303579
553526330
812524330
812593706
820785726
820781579
816587273
817631800
282853928
273485368
5180153
989882
5176218
1087285642
1082960010
1084011658
1085112462
1101430926
1135522015
1122410996
1176936804
1176936800
3324439904
3592879440
3598179808
3612631008
3753930340
3745525271
3745582614
2411793942
2412068406
2396327478
2392139046
2392142885
2258440420
2258358436
2258145444
3264774332
3271065756
3262686393
3257576618
3257575662
3526006894
3526347838
1395572750
1361977614
1346253327
1358823945
1354367499
1354376730
1358637786
1349003962
1349008298
1374162090
1403519115
1118519433
1118756936
1106235656
1081079336
1076685352
23898665
40676107
107911435
107908123
511606843
440049689
440049677
438997005
438997197
2067693719
2017427622
2014613670
2013326502
2013522086
2017716646
2025974374
1807804966
1791027751
1791026741
2127684372
4275564820
2136330324
2082395332
2082397312
2084227457
1684785827
1688984226
1689843362
1740137122
1727553974
1849173126
1849306502
1832528262
1815751350
742071974
754516718
749208110
749208122
749237002
749248778
749250570
749250569
1017751576
1071290381
1041139789
1057914893
923713549
823590975
806748206
806756654
811475494
832438823
832438853
832242372
277357248
8921815
13121254
1078484710
1078483670
1128909518
1112465358
1116667854
1117714382
1119679935
1119674792
1119674536
1098704040
1076679848
4035724
18791620
33991972
38766372
42895136
47096065
39755777
53387265
3076096
2769008
2867424
271287264
350982880
883923680
900577856
648850176
648849409
644716562
639932454
1713676390
1714725102
1714585770
1714606506
1714607018
1701933739
1685070511
1685268191
1685269087
1710561837
3785628460
3819182140
3802413148
2729323596
2792239565
2771256015
3022914302
3169719022
3165401710
3165401702
3165397094
2493787366
2544138486
2527910083
2519566528
2386528384
3460218240
3728648064
3728647040
3728638912
3577381825
3563815926
3563702246
4110210406
4110218598
3036472686
3036472686
3033918798
3025529166
2757081466
2757069097
2782370104
2798893064
2798763272
2790297864
2786362168
2920579624
2919625256
2903958061
2887148271
2891333550
2902265262
2896432318
2946766014
3853791382
3839045830
3838976070
1959863367
1892888437
1887578644
1887574556
1351683660
1402025548
1389814476
1377142477
1394378487
1359517670
1342739942
1414051046
1422500054
1423876166
1608425542
3741249622
3732595014
3732595991
3740983159
4276707175
4159208039
4125633133
1952983645
1954033224
1933322200
1914446232
840310956
843448492
843255980
851521704
868233464
281022728
281284360
29706776
63302152
47557387
47688458
45529866
314474762
314474954
922648715
930001035
1949216905
1949211833
1680709807
1814927599
1814871342
3962890026
3962905130
4013298234
4013888046
4017952366
4294709222
4288419302
4287373718
4253622722
3716817351
3700044100
3432730884
3438935812
3429481268
3693840916
3693779728
3693779284
3576272980
3613951188
3597238468
3597570244
3593400532
4130214385
4131197345
4131136418
4158399138
4120651494
4119666342
4152630982
3616298946
3595354183
3591278661
4129203268
4145982660
4145916852
4114516628
4097481348
3023760012
3023664796
3023573677
3022525103
3026715374
3051880814
3047687214
3030914086
3030917174
3031310358
3568181254
3706085391
3697729549
3698783496
3749112072
3729910040
3603994857
1447069883
1447164090
1442854026
1393561738
1343422602
1349911210
1353065131
1353065133
1352934117
1356866069
1344561677
1361343245
287597881
291777848
837089592
845609272
845609784
841386760
842828616
840212424
840205656
303333675
303407402
303538474
1914106170
1917776362
1926160874
1925604266
1355220622
1350962830
1350962831
1350960789
1422930605
1410343597
1410393071
1947247081
1951435848
1707116617
1708173401
1708501833
1708571144
3858143752
3882780424
3878585609
3861876781
2787434541
2737201388
2737176812
3781563301
3774223028
3770094261
3770094293
3769990727
3773102871
3773626407
3790391335
3815565318
3794166790
1915101190
1915093062
1915618150
1928201070
1923625775
4071105321
4072173320
4072205064
4137200136
4137204233
4140534283
4123704906
3026092746
3156181706
3156116186
3158234090
3158209002
3160875246
3160678638
3170119927
4109709557
4107739644
4107473372
1958819788
1883318988
1883450060
1363356412
398539517
381696735
381739982
381981646
1985249738
1913954794
1715773930
1740937070
1719967279
1720030781
3872298508
3859711548
3993806637
2921129061
2921197799
2937979046
2889744550
3967418534
3836346758
3836348111
3836619277
3836553740
3836488461
3857475853
4134336543
4130249803
1714328778
3865870474
3874259115
3875045612
4000896036
4247450916
3156894501
3156877863
3156877863
3093955126
2896822790
2896889542
4121431463
4154992804
4138219692
4150794396
4146595976
1965701256
1965698232
875176889
627712682
568992494
833368602
832840202
299954699
283148809
283281929
351447561
351447577
888257051
1039174155
1072990731
1056278283
2120401162
1583534106
1512218682
2049089578
2050203690
2047926318
2059447350
2055313726
2055379438
2055379181
2055592092
2051832964
3659009172
3728346276
3660196517
3643419302
1480208006
1559899782
1285498374
1285497350
1285362182
1285292599
1285350948
1284811052
1289062780
1276561868
1293339084
1276300740
202560452
202560448
201368417
205555490
209760034
511749409
511880464
516078592
2119350272
2117502976
2116455424
2116979728
4248800288
4231311652
4229288485
4229394978
2903859746
2907972194
2912170722
2895385314
2898068434
3166569158
3032355527
3028161228
3023846044
3023841708
2755426540
2759710956
2696853688
2713627528
2730275529
2734457418
2722005514
2720956974
2720772654
2720588326
2737333286
2737571878
2817345622
2796443766
2930649126
2930653490
2935887682
3210683074
3038585542
3021550518
3025801630
3030003854
3030004874
2493003946
2511870122
2679650474
2679647371
3454788809
3295322121
3559886856
3559884056
3559824696
3564026136
1416603916
1462544700
1445834028
1445860108
1445856005
371852119
304743398
850006502
1923625447
1890072037
1890216333
1890232717
280725901
282901405
836549293
844926639
843876271
840806831
1981194479
1983307887
1983275111
1983651943
1964908627
2086020307
1557531587
1557531267
1553926787
1553926787
1555897011
1421686513
1438393045
1471947717
1471961015
1476193703
1461512615
1461512622
1461042366
1914090638
844558478
844611838
846512382
846513503
859262269
825634108
808855308
808870668
879157768
620147224
666145320
654089784
645433880
1714981400
1983416360
1983482088
4231713944
4231684236
4229570701
4233765279
4237977262
4254789350
4271492838
4271673090
4271674370
4269577234
3996955763
3997021249
2906041536
2889264836
2889273060
2752863908
2752782052
2756720356
2767202020
2762220260
2762211815
2762736886
3030977774
3047889134
3047905534
3081435358
4142573710
4142573710
3598429326
3594036358
3591939142
4130972742
4146789462
4113233954
4113230115
4159328033
4121839120
4121301568
4121305792
3571655360
3563074208
3564118688
3562024612
3570412455
3570416038
3587184870
3614444622
3325428750
3325489422
1190568206
1606267678
1572716350
1555872045
1555871788
1560053804
1597286460
2117440524
4264722636
4262625423
4261576878
3993154222
4005602990
3850611374
3833772686
3833772685
3770796684
3761307308
3760218796
3760206568
3777237804
3794141996
3798340908
3806672948
3802933268
3802937364
4071364660
4071427108
4054451204
3567911173
3572367950
3438218990
3434355438
3434100846
1288710190
1288703022
1284706310
1283596290
142811136
146808832
134246688
134267168
134471952
134406400
184706308
236091652
238438660
103729412
36622156
107591629
107525017
107778985
241996715
241997226
392992170
401388970
368357546
326217882
846639242
845586570
842446010
303477994
303342698
844406826
920031499
905871963
905610987
1627111147
1618513647
1633193725
1665959884
1661239756
3877015756
3878854852
3877822948
4011943653
4011863780
2905619044
2905672300
2775583276
2778991148
2762737692
3181911052
3215471628
3215536143
2611486734
2611487038
2347438638
2305361774
2288586222
3362326718
3362461854
3425269895
1277749380
1277732996
205105284
524266624
504800384
370581632
370319504
1460830416
1427277056
1362269968
1361288736
1902164512
1935727201
4075211602
4075212242
4071015650
4070916322
4137971810
4091813990
4049871990
3496426871
3496414165
3514051284
3514116756
3514186388
3522576020
3522564740
3518370436
3248817108
3248768996
3248778613
3244620077
3278166319
3278231855
3261521182
1122434382
1122434382
1139111422
1130649070
1126553583
3240547295
1093072589
1097262797
1097103199
1088714607
1088714095
1105689902
1374051646
1374051358
291863838
321219902
321322302
321309966
321707278
321768910
288292301
275690909
275683005
1358861037
1354011245
1354007085
1354015533
1352967983
1357180206
1357146414
812005742
858135022
841876878
306053519
308085215
308089133
326902045
7135501
6863135
15509799
284146470
296454962
314280722
47874306
39485443
102404097
238743617
170553427
1244295267
1479227491
3630774881
3634969317
3634957013
3635104396
3702120076
3703108236
3719852716
3602412205
3598214063
4130923694
4131243246
4062168302
1930326222
1929797774
1929798799
1392934077
1392970936
1392774280
1392969608
1095108248
1082528317
1084109343
1086272007
1085023750
3299616278
3299667750
3291281702
3291138342
3274361094
3257583942
3257584967
1119601093
1117319653
1117282797
1116234221
1116226027
1124647403
1091092971
1091359978
17824970
17689802
17689802
6210699
6184331
4095371
3078795
24033947
65978042
48539322
48538298
1122272186
1122271866
1122275882
1122279977
3269763624
3270304296
3253630776
2163096856
2163084568
2158890296
2157788472
3231530296
3231479080
3233568107
3237275114
3228886442
3224687802
1077200042
1075167406
1343668366
1342615942
1346806726
1350730325
1351856660
1888723476
1934729749
1914021405
1914039871
1914174014
571956010
574048298
578243834
578766074
578580666
591196298
538755210
537837738
537851370
567212778
630155882
1703373354
2140613130
2123644426
2080310794
1496191498
1495933498
1495933674
1604854186
1605907629
1587029164
512238748
379073692
102285500
35160252
35226012
20947164
2531340
270966797
270961693
23431228
325421100
326080564
309237812
305121348
37637252
1130250628
1084113798
1100890806
1136022182
3249861286
3311727206
3320117046
3353652486
3315902726
2225376039
2229389871
2216872495
2216840751
2352090655
2354187791
2357209694
2373988206
2373991726
2411730223
2411725885
2411790380
2411937836
2408670236
2408604940
2407590924
2412809340
2404486372
2371323044
2371256485
2369163703
2373358590
2373366782
2373101310
2635317214
2668870622
2668865998
2668015054
2668014990
2634479502
2634536846
2618771455
2618771455
2618720255
2622959455
2622959431
2622844695
2639357206
2681303318
2614358294
2597548294
2596368662
2592093494
2323660070
2340502823
2378373411
2361461539
2354073395
2354071315
2371081987
2396189442
2390926082
2390930179
2395313683
2386859619
2382667619
2382663137
2387070177
2672739539
2647586001
2648632561
2648702197
2640313812
2635988436
2635922932
2638050804
2621339124
2625532356
2625515980
2633832413
2633766652
2633776876
2633251564
2631678572
2363243372
2359040300
2359036188
2376023052
2409571340
2325553180
2325225532
2329481260
2329477164
2398684197
2397834277
2414627175
2380581239
2380581247
2372258271
2372377054
2372386270
2372382206
2271587774
2271583670
2263189686
2263193782
2263980214
2264119446
2253564310
2253564310
2270358406
2236803718
2220026566
2220030535
2222184963
2222055187
2221012273
2220926257
2220925296
2229383664
2229515216
2222175952
2221967088
2217772789
2234685399
2268262215
2268228382
2268281662
2251754302
2253863742
2262248762
2257854746
2257854730
2408841242
2375303419
2358624425
2362803368
2622982328
2618787992
2618792092
2618735004
4245858956
4279412364
3994198668
3994260124
3996361388
3996361389
3996181157
3994088421
3931165031
3958457135
3958461246
3948949274
3948947738
1801468218
1801525306
1793464378
1811291162
1811813386
1809789962
1804411978
2072847482
2039231594
2022454650
2021994827
1485205835
1484976459
1485014233
3636495593
3644898536
3678451960
3678443928
3745749400
2646785416
2374172056
2357622200
2223396265
2227635627
2244281770
2245342634
2278905322
2278901242
2278913818
2415257370
2381637130
2371941914
2371935802
2372001342
2620513838
2637291070
2635177759
2568199951
2567028559
2566958415
2604723463
2604920598
2596437270
2596437302
2592502822
2659517478
2661024998
2667056310
2683919541
2640136372
3697264788
3692551556
3691373952
2080612992
2080612996
2080613108
2130898532
1041427253
1041360918
1043359766
908081206
912399478
937563350
900858318
884343502
884360783
884244068
888434276
1416914532
1428546132
1445089876
1446134492
1985069788
1993394172
1988151657
1988208699
1972627482
1957882122
1957883210
1424219610
1953547754
4096810410
4245978538
4245122474
4282803690
4259205418
4240261386
4238885130
4108869898
1424500511
1424764719
1424975661
3698227053
3715514863
3746972159
3611672653
3611615241
3745832968
1565916216
1565972536
1415465240
3571370504
3705326281
3717974714
3755857578
2684146330
2675753610
2652160698
3658839018
3679789930
3688310574
3686214935
3686153239
3417709605
3387362340
3379301412
3644595292
1496902988
1494787404
1498982220
1494787532
2031728093
2033816829
2031715453
2082454559
2082467039
2084972767
2084977071
2084703149
2084702893
2101480124
2135046796
2126571212
2126553612
2126553613
2127606319
2119213614
2117120814
4264723758
4279405870
4249074982
4232288742
4240636902
3166890870
3166895935
3167112495
3168095527
3184811319
3184882951
3218568454
3210114870
3192330230
3192135158
2655788438
3729001655
3737584823
3737531543
3754058895
3720508815
3654311887
3696262014
3692063614
3692095870
3696487774
3698521439
3704803543
3704848885
3704717557
4232090848
4232100976
4232095760
4233144336
4246121744
4128685584
3057026576
3191260672
3190276608
3190641169
3190563427
3194759138
3194754470
3221161142
3220573326
3199671438
4290215054
4288014542
4292192334
4258573323
4258575704
4235501912
3967066488
3963613560
4232003944
4229891432
4229762409
4229897071
4244519534
4256570990
4256513759
3214157519
3197134543
2659247503
2663445679
2521167021
2522272933
2673263764
2641810884
2625005508
2489787988
3560257076
3559134757
3559135015
3706462502
3702333542
3702477014
3703522518
3703426294
3697073206
3692357639
1547036935
1563847429
1562521092
1600273924
1609696788
1607664356
1606419116
1606431405
3712234431
3695474586
3427031514
3436496938
3434383402
3434068282
3434015514
3484344842
2260627978
2260091594
2258584491
3470540972
3462155436
3464252588
3477042316
3474874508
3441352780
1277092108
1279172884
1278648613
1148694821
1425309989
1555334940
3700723212
3717631500
3738610189
3671501327
3663112798
3658993390
3658794990
3675275690
3675275450
3644944570
3649265834
3649266090
3649267610
3716249226
3745529498
3741335466
3742703082
3746979066
3740685514
3740692682
3740623066
3730071578
3730075710
3327422511
3346424623
3304486447
3304480319
3304475167
3302443534
3293399566
2354039630
2353725262
2412509006
2391405438
2392388335
2392384237
2413355693
2379806381
2354628260
2354894756
2287756196
2554683892
3696713972
3696709740
3746975868
3730206808
3730187336
1582705736
1595227480
1595159928
1562124632
471081224
471143176
477512456
494325256
528415256
528460665
510962137
510967179
506758283
509903003
510034075
1601343899
1576182267
1576182123
1574085418
1574019886
1573955374
3683706174
3683710255
3688199215
3679941677
3679257645
3641507884
3646574908
4183454492
4183487028
4191810164
4174952053
4174947959
4166563574
4166565622
4246257310
4280024734
4284153494
4267335095
4267379879
4267252901
4133164213
4149884053
4152242325
1971269783
1970090142
1432696030
1441215966
1440955742
1474379102
1470119198
1470131486
1436607770
1436939547
1420138297
3568076600
3589054248
3580731180
3577320749
3577320509
3577323551
3581648926
3581599806
3497718830
3506066478
2432588846
2449431870
2480688447
2480688957
2464007964
2463028748
2463028748
2463090188
3528312412
3545073404
3507330812
4044144365
4044142319
4077696746
4077705214
4077770238
4044289502
4044320990
4026863822
4098102494
3569816814
3569761390
3699784750
2642819102
2642881807
2642765069
2576671517
2580861757
2580841308
2563085132
2294588372
3359944677
3355765223
3624368614
3624278518
3624275398
3679847878
3671458183
3734438293
1586835900
1523852204
1515467180
1511272952
1510220120
419898392
135736376
202582296
206797085
475134237
483429173
482379543
532775237
508731589
508731588
504537284
506630276
1580371072
2117241040
2134039008
2100518501
2087794215
2096112175
4243595823
4239401518
4254339630
4236522030
4236567870
4258049342
4287408414
4018964494
3936126990
3935864846
2048695390
2048839886
2050900110
2134769806
2101219758
1818890926
1822951078
1822953126
1822957221
1755856517
2041065092
2045259460
1529376580
1564469012
2101274389
2084484869
2087362309
2095746837
1962712037
1962720229
3967593133
3978075804
3860764300
3862861508
3862349524
3811757668
1643347488
1626414624
1618019872
1630733057
1664294913
1932660737
1920081937
854733827
850540551
848443463
864356693
864291437
864307773
847568399
315096591
307752458
307554094
326391086
326616446
292995286
274124950
1349951670
1358012582
1357938918
1353744742
1351647542
1351856950
1350738479
3502482988
4039360060
4098001464
4110584348
4144405068
4279671500
4279630332
4262784428
4195644572
4199944333
2060845198
2127954110
2127958182
2127569062
2119180450
2119180722
2118329734
1061234566
1036025734
1019281286
1015069582
1015069086
1032894718
1035054142
2145496127
2137060413
2099303469
2099463469
2082625324
2087075372
1952919084
1962883692
2097093244
1021123164
1029446156
1029451292
1029453596
1027548941
876046109
877811564
894652396
868241324
847301564
310430092
1451289996
1451289999
1451255198
1455678910
3621189614
3564543790
3496381230
2431617807
2964101644
2964106764
3031213628
3031212588
3169624620
2888602157
2906449519
2906474222
2905540590
2904952238
2904951966
3980270798
4026412106
4022217738
2109547531
2109547531
1553802250
1553788174
3704404302
3435960830
3297556974
3313868286
3330786510
2256715974
2256978118
2258035095
2274845157
2245272036
3302231908
3302296372
3296541204
1165830676
1161767700
1195321628
104805660
373240092
373170460
908861757
913051951
669781311
627964279
627964279
627964279
627964279
627964279
627964279
627964279
627964279
627964279
560854391
560853495
560853431
560853435
560837051
560838075
829274555
829274554
829274554
812497338
811974074
812036554
812560394
812490762
820879402
284139562
300855321
300852488
284076808
813611560
811436584
810322472
810322312
827097224
839680136
840364169
841375883
841359518
842408366
842414758
313862758
1386510894
1990515214
1990502670
1986307086
1982758926
2012119054
1957330989
1824161836
3971977444
3975976100
3962877092
2887027884
2887179692
2886871724
2819762868
3897637541
3973070573
3970973423
3970186990
3970700766
3970442398
3853001918
4121453758
4125656206
4113335438
4114398415
4147948877
4148145932
3862867468
3862347276
3879112220
2805107244
2809580076
2817969709
2784847486
2780586510
3049075262
3086815790
3221029422
3212313390
3212320062
3202902078
3202934845
4004239388
4008368140
4001012748
1849602060
1847504924
1864294412
1813930060
1812336844
738590889
604440489
1691683497
1687423657
1687427753
1956461195
4103879371
3567004362
3583784650
2547577850
2530800634
2530972506
2525729338
2525737514
2659754538
2659754539
2659754601
2655565160
3189284072
3189363928
3208303832
3208278264
3206443496
3177084888
3167106760
3167174344
3166973656
4240713320
4241756777
4241752603
4258529802
2013070090
