627964279
627964279
627964279
627964279
627964279
627964279
627964279
627964279
627964279
627964279
627964279
627964279
627964279
627964279
627964279
627964279
627964279
627964279
627964279
627964279
627964279
627964279
627964279
627964279
627964279
627964279
627964279
627964279
627964279
627964279
627964279
627964279
627964279
627964279
627964279
627964279
627964279
627964279
627964279
627964279
627964279
627964279
627964279
627964279
627964279
627964279
627964279
627964279
627964279
627964279
627964279
627964279
627964279
627964279
627964279
627964279
627964279
627947895
627947895
627948023
627949047
560840191
594394623
594394879
1668136703
1663942335
1663942398
1663942398
1630125818
1630174954
3777641962
3777637610
3791207546
3787078778
3787076731
3784979545
3784993993
3783880075
3783846794
3779656330
3775450762
3775481754
3775615930
3846845354
3851034986
3852149050
3854131515
3836243224
3836274968
3840469768
3827882760
3845771080
3845900104
3877361481
3877345099
3877209978
3881539370
3889935659
3885741355
3885610297
3889730331
4015575835
4011422266
4011532906
3977917290
3984195946
3992584298
3971682411
3970642009
3987285065
3988270153
3891914825
3889805641
3889805641
3889740105
3856179016
1616413512
1614316104
1614516840
3761955432
3759858284
3759862372
3758737252
3762933232
3771452817
3783969921
3804942465
3863671169
3860492677
3860812183
3860689319
3863818671
4023134189
3986501613
3986517976
1838509896
1842702152
1830119241
1830032713
1832125787
1832193515
1710689707
1706442671
1706438543
670377869
670044557
911282332
852635820
852635836
850600117
849354933
849354917
849372389
601943271
568384623
568383871
593623391
576911823
576912847
576879943
572603751
639647014
643841318
644029735
652369207
664894775
664862007
631282967
635476791
618773367
744598519
761379799
757177303
791910871
790821111
790816999
790849783
790706551
795024231
660806439
669194807
669071927
631258935
664812823
664810767
597767439
597785871
597817627
602012443
560069403
559987483
556042555
559921499
558808395
558755163
558482811
554262395
554262379
554400111
592148847
600537455
600537471
596212063
600406351
600430943
558488575
558488575
558496223
558496223
558628351
567014911
566882751
566882715
558477723
558478267
558478267
558478267
558743483
558873530
558873242
558873290
558874315
554688075
555181643
588654091
588719899
592778553
592778537
600249385
596055081
596980761
563442697
563893257
568182041
559798073
592287547
592287595
592295291
592295291
592295227
592287035
558863739
558863227
558887803
558887803
554529659
554506107
554506235
558833131
567229931
567229563
596458715
562920651
562951371
567145931
567129563
600158650
600158618
591901083
591902619
860333993
860340137
860266472
851885528
851881432
851881465
851961337
868607355
1439027578
1439154458
1413890334
1413902654
1413898558
1413899583
1548051773
1573154109
1573186844
1606810908
1606942556
3750100829
3750035327
3485753198
3351608622
3351721262
3351721274
3351582010
3347338538
3548697898
3552870699
3510927675
4047798617
1900381641
1610978521
1610980601
1610988697
1611111577
1611111577
1611046057
1611570665
1611579369
1628352233
1628366457
558753657
558691704
604828792
1678595196
1678136444
1682330988
1682068845
616712173
616781813
750860229
750790597
750858183
742604755
742596435
750993267
750993203
750860051
679556866
948122114
964825602
998654466
982349314
986508802
977928002
441039171
436841969
1510600177
1510565329
1527257040
1527322592
3754637024
3750442720
3750442977
3481827281
2391340531
2257370467
2257427810
2257554738
2530053426
3603217698
3594820642
4127687699
4127622147
4127622147
1711707217
1711717489
1711717457
637967475
637721831
771880423
776040943
792802303
760427481
743642073
743641561
743650265
743522265
751921913
748026617
613800665
613784265
613727177
609543625
605352136
624181496
657854696
657863145
628503529
620114667
615985882
613884634
613753594
612644478
612644446
629417486
633611790
625239567
625764109
894266684
894266668
894184492
869018668
847854652
311106652
1384842588
1384842620
1384728429
1384959789
1401720623
1401720190
1909296510
1909300606
1632484586
1632091386
1627897050
1627888842
554014938
554146042
554088698
554088682
587639914
587638123
587657579
587714923
625463337
625299497
608522297
608638233
608581433
742798905
751711785
747311737
747188937
747119305
751314633
751315659
1015622394
1015753466
478886618
478681934
76023558
77071110
77529858
77468178
77476371
94253587
127799825
131945041
123590257
119396179
123459538
125541842
108764626
117161458
117029362
110733682
43628914
1117371763
1121557857
56212848
18591088
18591056
52140368
35362896
34199664
34199664
34199664
101317728
101250144
369751136
374076528
374013269
534498773
494520797
427415773
422140127
422131935
423311871
427506543
419117679
414923391
412695071
412695071
412642847
144206367
148433687
140044663
156821863
158902375
460961903
460961919
460962175
444316031
450541951
450608255
444185727
439983199
456760415
455842911
455793791
455792751
460999039
461048191
528026111
393820604
391719836
291191452
282729116
10160796
12257949
12126879
12139150
12069534
11022014
11021998
11021990
1084764134
11025879
11017717
6839796
2645484
2641404
2709980
19753292
288188749
288192781
862846233
862846233
829283609
829279513
292396313
292403513
292403515
325957915
40605979
40601882
40601882
40607002
49282074
116357146
116341819
82197775
216149263
216149263
206638911
406855471
406863663
406875951
406874989
943782909
960560125
1061280189
524409277
524409276
524409244
524548508
373553564
373553564
373553564
314833405
314694015
314689855
314820894
289601822
272820494
272787726
272853790
272653119
272649007
272681855
289524607
289528189
289532285
331475453
331594197
314808789
314808725
314677685
851548597
859937205
860092855
826469303
809659350
809659158
809708310
809581366
809573158
809503014
817891622
834689334
834693399
834726223
826403167
859961695
927042527
927058943
927063039
658635645
658594621
625170749
625174845
625158461
625027389
633407805
633407805
566311231
557934911
557934911
557939039
566352351
566348255
557959647
557959647
557959679
557959679
558095359
558099327
558099327
558099327
557972319
557960031
557959551
557959551
558094845
558098911
558098911
591657439
591645695
591649791
558103551
625081207
625072983
625080695
759392631
759392631
759376247
767768919
767768951
801188215
801188215
801188215
767654263
767654167
767686935
767687007
633469279
625064447
625064447
625056703
625052607
625068958
625200030
625200030
625212350
625208318
633596927
633437055
666978623
658594109
658602301
658712893
625158461
625154365
633407773
633428285
633436989
625048349
625047837
625080605
625080605
625072413
625068349
625035581
625035581
625170749
625174813
658712861
658712863
658585887
658585919
801323327
801339711
801204535
801155383
902860151
896382391
292401591
292401591
325956023
325956023
325956023
325956023
325434814
325433534
287701183
287766671
291960975
291694735
1373858191
299912655
329275323
329282475
333456043
333456043
316678825
308376237
1383264941
1383248629
1919132629
1918935893
1918935573
4049647108
4028734980
3760430596
3827472916
2757933604
2757933604
2757868068
2757791268
2892086836
2909255189
2909259303
2904934246
2905394662
2905361574
2838002854
2842188966
2842647798
2850975190
2884530134
2884529878
2867822279
2860285637
2860281477
2877056949
2884981157
2851422717
2834645215
2826203199
2825249839
2825252149
2825382149
2825382149
2834802957
2851576076
2866252044
2856755020
2856752973
2857808765
2924843821
2926887725
2926887725
2943733563
2905991995
2910120747
2910112555
2910179130
2808596315
2809058123
2809128411
2808898991
2808366511
2808434109
2783432125
2783371165
2783377823
2766662031
2758076894
2758077806
2774813999
2775010621
2774939420
2808489756
2741317468
2724470140
2732854780
2728741084
2728876255
2728910078
2796024958
2796549246
2792350814
2771313870
2754503886
2755030414
2755035031
2765311671
2765180583
2895142567
2895145718
2918248150
2918248023
2909859415
2909922887
2905794247
2939246559
2939208942
2943403246
2935016687
2951900383
2951900365
2909957581
2893180669
2893235948
2893104740
2893022933
2891984583
2891984838
2908827110
4016114918
4024503526
4020374610
4288810050
4288818242
4288769090
4288799811
4288783569
4289967344
4260468208
4249925104
3977294704
2886767408
2886972192
2889004837
2887974694
2887932710
2908883238
2908883238
2942437686
2950892886
2946713430
2947634135
3184554951
3184550854
3176162262
3171968502
4283594230
4283571670
4275190998
4275125399
4132518039
4132640917
4159839388
1475546524
1441797532
1441801629
1439719837
1439752653
3585323341
3568341309
3567296813
3567297317
3571552829
3563295293
3559102013
4095909421
4247968303
3744623166
3744627566
3729922430
3729852510
3662679118
3662705678
3662897174
3671253015
3671257141
3671249205
3671315221
3662869248
3658674689
3658643013
3675480023
3642170854
3629582502
3637971118
3633776798
3633646750
3633604094
3365168382
3365200126
3633636479
3635733861
3639999844
3631603172
3631336948
3627081044
3624990036
3641828724
3675448676
4212299636
4212561492
4216829524
4284264180
4284264164
4015828469
3982274005
4011441399
4011496678
4013594086
2906576742
2910242406
2893465126
2901626407
2901434229
2893053813
2909826932
2909826932
2943485764
2943488709
2951951175
2951820151
4025512294
2949666158
2916113630
2907728078
3981568207
3990023391
3990017429
4240687573
4232168389
4097929797
4094702085
4094699299
3562024226
3564320802
3572631602
3585477634
3585481730
3623252994
3623802178
3602810305
3600777616
3600658864
3600590240
3604804768
3596407968
3594276257
3594395047
3593875430
3608620774
3612687958
3612685846
3587454486
3572774663
3572851975
3568821509
3566468373
3566443860
3565395252
2495844132
2483129893
2483064359
2483093046
2483055126
2487319318
2495813670
2491620390
2508657702
2508603622
2542715014
2543501703
2543425429
2547816340
2507968404
2503249332
2486566324
2484528356
2484528229
2484497430
3574754566
3578948870
3620885782
3620886294
3615971094
3615872518
3616523797
3599601524
3603728740
3591145588
4127754324
4129201156
1981723648
1981718592
1964941504
1947644305
1947654065
1947619235
1947684770
2002062754
1993620642
1989420258
1991582738
1995908098
1927750931
849684257
313343520
317660720
309272064
305073664
321867520
321864960
326059328
326096337
327013843
327013875
327015923
327144947
292541939
292550131
292419027
292421107
300810227
300810099
300777331
334323571
334323027
325942643
327017843
327017779
293565747
292379923
292373843
292377971
292386163
292517235
292517363
292386291
368924147
368926707
368959475
368967671
367919095
359530327
359527703
393049366
393179414
393175318
393180478
393041214
392978222
401366830
401432378
397238043
397236057
367875417
368931193
360542584
338506233
338638841
342849530
343768794
352190170
352123642
368901882
398245882
381466107
380417241
384283864
375829720
371635320
371653752
372702332
372698492
393674076
326565213
326622557
326491485
292937047
293076311
292027895
300408311
300408311
300277239
292937207
326491639
326499831
290847223
290978295
301463893
301463877
292944213
326467029
326467061
326467061
326467061
326598133
326590421
326622165
326499285
291896151
291895639
359004503
359004534
359000438
359004534
359102806
359094646
359094582
358972214
400915254
400915254
400948023
400947991
400943379
359135507
359127315
358992147
360044563
360045939
360177011
360046071
360013303
360013815
358047735
366836726
366836694
366869462
366869366
366868854
366868822
366868823
536738135
536738165
528342389
528342389
528317781
528448853
527916405
527915511
494361590
502782806
503176022
503183702
503183702
503183703
503184759
503307637
503044469
501995889
501864817
493476209
493484401
489290099
493615474
493608274
493477202
493477202
493477234
493574518
501963255
501840885
501873621
501873652
501873652
493484501
493485525
493485525
493616599
493485527
493485559
493615607
493615607
502004725
1038728145
1038728176
1038728176
1030339060
745127380
745127348
741063860
741317812
741317845
741325045
741325029
1814935909
1818556708
1818557220
1818622260
3966237972
3966237972
3966106932
3966099252
3982876196
4024752740
4007975533
4003781359
4020558574
3991165950
3966065118
3962010822
3978787974
3995565238
3995434166
1852144822
1860663478
1856461206
1873206150
1822882758
1827072455
1836576199
1832250439
1864690789
1852108261
1860499941
1856359287
1839713111
1827141895
1818754310
1814555654
1814424630
1818618918
1818610982
1826933030
1843714854
1877343030
1860565814
1860565879
1877441367
4016535879
4016527639
4016392503
4016314727
4016389607
4007734774
4007870358
4003684247
4003682967
4003560085
4004575925
4008770229
4008770549
3983669527
3894605831
3894601734
1814162438
1814293558
1747123494
1751371622
1776405223
1806748389
1789975540
1792076244
1799416260
1761732932
1762848085
1796373847
1800553974
1852919270
1861238246
1861237734
4008778742
3920825046
3925023430
3925031750
3958466894
3947915614
3939527039
4006734309
1859378148
1840352212
1823711108
1827913092
1813099908
1813050612
1813045476
1829986532
1848861156
1714631525
1717769846
1726154278
1742933554
1688410642
3836111362
3836115458
4104609282
4108797762
4101263682
4118553031
4118618583
4152230885
4158587621
4154210020
4154205948
4288442060
4292702156
3749666637
3715620125
3715487039
3698718015
3698651423
3698717455
4236243471
4242527807
4242535973
4242323301
4259100149
4267569349
4129222853
4129210565
4129210839
4129289703
4133447150
3070064110
3070064126
3086841822
3053320014
3050698575
3051341647
3042920285
3045021565
3044898813
3053217789
4127024109
4127027693
4118770111
3579532439
3562751191
3562751175
3581572295
3581634007
3581507559
3581704039
3615254391
3623843655
3623802182
3590247750
3581933430
3581278070
3581278070
3615348566
3615463254
4150121814
4133281126
4141677670
4269632566
4269751326
4269743166
4286254126
3682278446
3682155566
3648599326
3647549702
3639292678
3635099190
3634914854
3634947586
3651712579
3651778240
3685332672
3672684272
3664289504
3677984480
3642397408
3625644768
3624821360
3624800848
3624866372
3691524725
1548231015
1556616302
1553534062
1419381838
1421483022
398078986
45614090
44564747
44843803
49104729
49240056
40760824
40695224
40689064
49073576
61660584
95278584
95417720
95351099
95150378
1172955434
1164550954
1198101354
1193907178
1462338554
1399437226
1399369642
1407758266
1404677531
1924838812
1929029004
4066092476
4061767148
4078673900
3809124076
3775569516
3775499836
3775516188
3775483453
3775608365
3779798317
3780845613
4056625199
4056559647
1909075983
1909129226
1367933018
1367950682
1367995722
1367995658
1372116234
1355329802
1422635338
1423634763
1423955273
1417467353
1547558873
1547620251
1564367771
1564375963
1601994138
1602018698
1585304714
1584324747
1585438937
1585373693
1601872237
1610260845
1610133989
1599645157
1599646887
1595451571
1595604099
1595856003
1600045443
1432306129
1439977761
1440047904
1425306400
1416913697
1416913445
1417110037
1417025031
1148587535
1149111823
1165839902
1165844286
1174173562
1442633035
1442629067
1472054747
1459615225
3606965737
3598577145
3598710233
3598702041
1467838809
1442345849
1375302441
1375433257
1373332009
1364812332
1365074780
1361007436
1393510365
1393379317
1934362597
1934365669
1934365551
1934438767
1942970735
1942839677
1406005373
1406980217
1406976089
3554459737
3520906569
3252542794
3235831114
3234786650
3235802970
3231676410
3298686938
2224936410
2241451482
2247874042
2373575930
2368271562
3426276683
3426469197
3426412381
3430606428
3428509204
3428505108
3426473844
3443107312
3413877968
3663369408
3663429840
3663302880
3663306977
4199129569
4199196001
4200244513
4200578353
4196244785
3944592689
3911038000
3893747812
3910530277
3980776677
3988901093
3984837797
4018357407
4022563983
3980620175
3976278431
3976270521
3981907689
3973519081
3971419753
3971810873
3971757627
4240188939
4244385546
4174916874
4166728154
2027633130
2027624874
1507334554
1574712714
1608331419
517419161
374739085
370217357
101773740
101754284
105954724
22264276
24362325
15905029
6467847
6456598
1080329510
1080857890
1080925458
1097702674
1098814738
1207866630
3355104518
3350904838
3350942967
3623433445
3623370157
1465401260
1364732584
1364732600
1363753656
1363941048
287052696
286527944
286601480
288715032
825549096
811920680
820292392
820484664
296196632
283612680
275613193
271418890
272600634
272547118
276805678
285064294
282956950
861835394
842969218
842969218
841891970
841351603
841355937
845558304
866595372
832844328
548676120
546579977
819207209
815532345
277694731
277732683
278699467
280794251
15565963
74354843
338604219
338605243
876586170
897488026
1970183578
2011602398
2011600878
1986372462
1983160614
4130705687
1983770743
1916760293
1648238756
1652433060
1660813472
1912475776
1895708033
1895761553
821890785
284965411
279718402
279718402
283912706
334249491
317601539
309203203
309199171
305070273
304939477
326042213
279914029
280962601
278662697
10227243
13372987
5066506
5201162
5199166
13586726
14536743
14544903
14590213
16691461
25080068
40801604
36605940
305109652
376281740
376224413
372030361
372021435
371498154
505721002
505737450
505704490
505819450
518140202
513941803
530719007
531699461
265355589
230761329
79766513
79766260
79766165
79904389
80157317
81070741
83299007
83233438
133638046
39072238
34873838
34865514
307695914
295054122
9845515
9841480
9841608
13053832
1335720
844200
844205
1884589
14451183
16744726
11506966
11447558
15640838
15641350
7252742
7244550
32493526
28102646
28104691
28066097
32436513
57581857
53452832
36675632
36615168
36611072
36672528
36470896
36274352
36343936
36335760
19599520
2824352
2833057
11222691
27988578
27865602
28058118
28074510
15524622
3074318
3066126
3132223
6933039
15333995
329838329
317219481
325599881
288014985
272290745
272212397
274243757
819757229
815562925
819772629
811448325
807319557
1881061381
1897835525
1937679365
1918800909
1918813261
1914619340
1914588572
1667174061
1643986605
1643982511
1626084026
1626083994
1617703834
1881416090
1882529978
812982462
821113966
815876398
815909183
815843599
815835407
870492431
845335823
841351439
841351439
841876279
842924847
844964655
869016367
277611310
277611366
277612502
277632966
9197510
13465543
13629381
9368013
42922444
47117772
39777741
39624093
41720239
39631275
39627178
64271802
64328074
131568011
399937931
1414967775
1414964591
1415032110
1557441318
1557507894
1607894278
1584828678
1585364998
1581137974
1581056038
1528308771
1499081763
1507474705
1574575889
215680769
217580289
267989760
242890000
242883856
242944272
242960656
106940720
106950960
108912912
108814593
121454935
70206326
70189822
70193918
74127018
78322411
78346937
78346937
78183320
1370024840
1390980488
1382585817
1382847993
1382846889
1400893867
1367270315
1360946091
1360978619
1902027451
1943974591
1674417071
1653379503
1657569519
1657569319
1650237477
1664917525
1631367173
1629835292
1629884716
1629885228
1629885996
1643515437
1639254701
1637620654
1889278342
1888238982
1347171462
1343107222
1343107474
1078866306
1088316290
1086222914
1101943298
1118663170
1118627638
1118627111
1118629157
1122823972
1131183924
1131306756
1195298580
1195363700
1161688180
1161606228
1602138305
1602126019
1585349075
1585353074
2122166626
2120004067
2119999715
2114823329
2114888865
1863247024
1813341344
1813328037
1817514405
1825898927
1821442543
1838224143
1842358027
2112892681
4260441624
4241979944
4237810232
4238204424
3164380680
3164114440
3164126808
3046750072
3051010044
3042612092
3038429821
3074409341
3074388975
3061801454
3070058734
3065774334
3086225662
3077915886
3073723902
3038075214
3038144847
3042339084
3050711308
2512731404
2514304268
2506036492
2508067613
2248020799
2243564094
2277179958
2243494518
2243433326
2226663918
2226660842
2230876634
2222545355
2235157448
3342588872
3325755336
3325748680
3325731017
3594232059
3526992362
3526919082
3531114154
3552087722
4089027242
4089043627
4072365736
3539942824
3531549848
1379869848
1379865768
1378816168
1378754745
321855627
284106893
279954381
279544341
816426519
1894296083
1894296083
1621928467
3769600515
3798374915
3794187777
3794702849
3794715200
3794748064
3794547360
3794543524
3815507108
3790346428
1638668477
1621966009
1621566553
547758089
816259081
816062473
283377673
14997016
12433961
10336809
9210475
9210810
30379402
34506122
35029386
36082058
304517518
1379307966
1400219118
1945412646
1911860263
1945484301
1919329284
1982243844
4129727760
4129739568
4264968737
2116489761
2116289315
2120552738
2129604610
2129596434
380567574
397348887
347028487
280832775
280570573
12139165
12257949
12061325
12060300
27808396
41661336
37262248
35160361
39619881
308058411
308063019
844999466
844999450
845124362
840335690
1930854603
1947635855
1949491437
1546898533
2100526119
2138252583
1995515685
2012291621
2008228421
1955792581
1423001221
1422987141
1414598533
1414860423
1417092759
1425485718
1419062758
1150553190
1150561314
1154753586
1154752562
1146364178
1146434322
1146425874
232134210
262020802
245239425
245040784
249037728
236479456
253288804
219722036
219722028
223913256
500739368
526105368
509254152
375036424
375048712
846940680
855115369
855384938
872227114
863842602
859648042
287248426
270344250
269247530
273467513
277842141
277847193
277847435
1351587466
1368299146
1389278858
3604921994
3607018382
3605969326
3606883502
2533139630
3070075114
3070202074
3061301483
3061240303
3057050607
3057054693
3073832693
3077828341
3077663476
3050396532
3083885364
3067362100
4143266580
4143332628
4134941973
4129624375
4129558566
4130082854
4151185654
4100854150
4105061262
4105029258
4105034394
4109236923
4100782827
4101548905
4109937960
3036389672
4109943048
3027824904
3022578008
3022668777
3026866155
3035237354
3047819998
3085580878
4143525390
4135068426
4135063818
3605532697
3618189353
3618250792
3589006376
3714637016
3748170120
1446545800
1450740105
1459592587
1451156622
1451155646
1463738542
1430184118
1949233591
4100891541
4100368020
3840385616
3852972544
3857023488
3882123812
3777028653
3760202539
1612856618
1614154218
1618872490
3770550442
1690175658
1974864010
1991577994
1453597130
375718154
103027498
48522026
44360489
27573544
11516216
16759064
272218392
272206088
270110664
272205704
809207688
828016380
861578989
843769597
844035661
844001861
843870831
1917645677
1934418280
1909235944
1892528376
4040005816
4039674008
4036528536
4040722841
4057701275
3554341834
3529139018
2457477418
2465927466
2482704426
2430087210
2430086170
2497264078
3562691022
3294251918
3294284687
3428437389
3428709772
3430868356
3426677188
1279186196
1279120672
1211999520
1232971041
1602200849
1583280129
1583005697
1583071315
1582940259
1583048035
1448750947
912136785
908008145
1964850867
1946953378
1951146658
1951167398
1892467110
1351385254
4035742966
4035745794
4035492097
4035488000
4035554064
3076172624
3059396560
3057293200
3191489424
4265478064
4281143265
4230220257
3961797475
3965922082
3970067730
3970028850
1823511602
1840287810
2119210050
2115167426
2114084033
4262598880
4262598880
4275506016
3063155232
3065252400
2512203264
2512201216
2243896832
2243695157
2243707430
2226930214
2246623854
2238235630
2229924350
2230055422
2365251806
2365318602
2356798922
2356778955
2369361497
2403055177
2402991945
2384113611
2656742858
2656808426
2656677354
2673378794
2675540442
2541323210
2541261787
2541269753
2507780712
3044714088
3027939192
3028007736
2759375144
2776143912
2809764909
2793059356
2793058316
2788851725
2788851733
2787819637
2787825125
2804637415
2808695527
2812902134
2813164278
2818342519
2776395335
2772231749
2772231877
2772236276
2909554148
2918010109
2918013117
2780788927
2780784831
2784979134
2818469054
2818469054
2818471103
2817971381
2817906101
2817916247
2809659143
2770792194
2754014994
2754080530
3827660050
3844428818
3849802770
3883357234
4009706595
4005514465
4005514448
4005485696
4009684096
4018077056
4286570416
4252847841
4286346977
4286326513
4269613649
4264371793
4264503121
4268692563
4276948215
4276817143
4272626903
1605049799
1605990343
1576560455
1576593023
1559881279
1576793879
1442567943
1417529175
1417532775
1417506149
1430220149
1430150597
3581824453
3615442901
3758036853
3741135463
1610359407
1572615935
1560100831
1493121351
3632077125
3363113044
3363122228
3371508772
3364954404
3364967204
3363881524
3414221360
3397427761
3397433122
3397491810
3401813090
3389115618
1310182626
1310117074
1293306946
1142303810
1142828418
6098322
8194994
8325811
16464563
12463745
62862976
43844224
47465168
37016352
52748576
2416932
270853420
270847276
272075048
274107704
333351944
312380424
315526600
315592648
1390198520
1390262008
1386133209
1402902267
1404892907
1409082346
3555460074
1399784442
1400779642
1367225322
1363095979
1897741755
828188827
828188827
870201482
870197386
853486730
847048778
845987850
858554394
825073706
808296490
808296491
808292393
807371800
806259976
810453560
818846248
546224856
1670298248
1649326728
1646048904
1647149720
3794768568
3794711481
3794711481
3811505055
3815666158
3790348590
3790349614
3791398174
3783075150
1635590606
1644114174
1641877679
1889009833
1889009801
814220424
277355656
277429640
10171800
28980120
62596041
61416203
61391626
61374778
325889322
304917802
304916778
841459978
841451850
841452938
841331898
841277610
841228458
824455355
807535001
815940329
817001001
816899625
833677833
837855753
322149131
305302859
322078155
324436429
1364623821
1364623852
1364566316
1364570428
3512121108
3554059828
3554125364
4090996244
4090930701
4090933854
3017048686
3017589354
4082942826
4066332986
4064096314
4064030762
4079760426
4146863162
1969622107
1415978059
1424366921
1420238153
346299657
485776649
217376013
209036573
204972309
225882453
259428695
259948914
243192178
243200114
243197026
1333523826
1333491058
1341739986
1341772787
1304032755
1425665521
1425664465
1417281489
1417388017
1423672305
1425658737
1366847841
1395143009
1109991745
1110049105
1127941601
1104682976
1083711456
1083707296
1083840448
1201301444
1186981828
1122809716
1114427189
1114492693
1110440511
1110306351
1111289391
1396500015
1360908810
1365230410
286245886
856540142
856441839
860639983
843862639
827077166
810300202
810295594
810296362
818756666
818755642
818747482
828114394
320734091
306058123
322847115
40685995
61666475
44874923
44866715
45061259
50237577
41853065
37593256
37150856
121005448
70655368
73550745
216169147
212073130
480290538
480289322
480289594
484475198
476094510
1482727462
1499571235
2054337570
2054599682
2054601986
2053016851
2053021043
2048891219
1780325745
1797111008
1762960608
1761932512
3909481700
3913415844
3988905380
3989031349
3980609941
3980492183
1812016567
1677797303
1683175079
1683162791
3841394422
3840214759
3835961189
3835964709
3768855813
3770104581
3769970180
1893023237
1893015063
1909921334
1943344678
4091282726
4066116902
3529264247
3528215620
3528255556
1405995076
1406060612
1389288644
1389294916
1385096180
1386214390
3533525478
3531362414
3527151662
3527147566
3493724174
3491635982
3500020234
3499823642
3231389210
3298383451
3298320104
3304652520
3313037048
3342458824
3344627080
3344852360
1195173096
1195177065
3275539499
3544089611
3544093711
1396614414
1407027038
3554510814
3617292958
3619324558
3757721294
3757705174
3682080102
3656918126
3656918127
3724156991
1559887949
1559822797
1559954316
477696916
494429084
511239052
507048396
505258056
371122184
370597896
369253384
285362968
273861353
282315435
278252186
278183562
282362763
1358201225
1349550521
1886564856
1885516584
1961012777
1961012781
2007214647
1994563078
4134978054
4265001318
4265066534
4265463846
4265529378
4269708290
4009731075
1859953665
1851565073
1847372853
4011703413
4011769045
3978205399
3978218483
3982379747
3984350945
4026281569
4001113649
2121016851
2121082627
2121217283
2121204755
2129595441
2125401137
2125405201
1588542721
1605205829
1542291013
1508769366
1500378710
1483593430
1484642038
1493170086
1488844710
3636328342
3636032390
3636024711
3640411557
3632033188
3632065956
3627941348
3699367420
3716015436
3748979981
3730105357
1582814239
3730234735
3740720623
4134965229
4135030781
4151674876
4096099068
4100436684
4034318860
4034286092
4030005820
1882456623
1949573678
4096011310
4100261934
4108716142
4106111182
4103522438
3582770310
1435276230
1473086150
1474212422
1465836086
1465786927
3747554093
3749455148
3749455913
3741260011
3741190283
3606972554
3606841482
1324883338
1324925882
1319666618
1589412763
3735917561
3740119848
3740050216
3479544616
1147578124
1143405836
1411783948
1412827420
1345652973
1343559855
274081951
299239838
334841246
315933071
307552397
303345805
303464669
326533165
300257581
283420461
820293167
820296239
812031807
829332767
1937677583
1920842783
1652341791
1719504095
1712754061
3860237701
3793139605
3809653397
3776098980
2685662884
2689853156
2691819220
2700209717
2699099685
2699362085
2716127015
2716127015
2708438839
2708438551
2708307510
2691452454
2700889894
2717699878
2717699582
2717711830
2749234583
2749234327
2749226133
2740845716
2724097428
2719903133
2719890685
2786991223
2789153846
2792698934
2791645206
3068534806
4121305358
4104524302
4238737934
3701933774
3702865551
3568577199
3572787629
3289708717
3306478748
1194783948
1194750028
1194725388
121049357
91627821
81142063
81142574
13960990
12846862
13567774
14554910
31397386
66851402
50070091
44843865
49141721
49281016
40744376
40680888
1114422696
1391236520
1403819432
1403818425
1403761083
1386918394
1391109114
1391108970
3530221354
3530223402
3548048746
1400565226
1362844875
1345930443
1883063689
1883132313
1883132857
828249021
828191229
861680111
860631535
592193007
567223663
567246143
567037727
567037725
818740797
818800189
818800189
835712637
323998461
290309047
290308535
273514675
1347260595
1347399889
1347331073
1347331072
1344185600
1346298628
1350488580
1365656068
1399259677
1449461311
1449399854
1474567978
1441020970
1425288234
1425304618
1560079434
1290650827
225345999
258900381
242126999
242135223
242135286
243183698
255782962
255778850
220192802
1297998130
1298129170
1342099923
1610531315
1610597811
1610472851
1610455443
1608358835
1608363683
1599464114
1584751250
1584730771
1601516531
1609838885
1609830445
1567895596
1549020184
1416964376
1425484312
1442265608
1471093256
1391218184
317214536
317244760
334009833
335262697
293250027
1364910843
1365172955
1360978939
1930417135
856544239
856445551
860640879
860640815
860640047
860647727
1942774059
1926062121
1926099065
1389219961
1389150425
1406977225
1406979291
3503283674
3503226330
3503222170
3499027866
3499097498
3498630554
3498630538
3515471290
3554333099
3545948587
3543916959
3544052175
3576615183
3559843639
3496832551
3505203751
1357720117
1353333269
1374306053
1407847872
1382745232
1383802032
310059152
307769521
303575459
303567270
840712486
326955302
326942766
283943998
283946006
284141878
1887353634
1885245026
1355515602
1351123587
1351193028
1368043584
1373545472
3510561792
3492734976
3492788256
4096703264
3035540256
3049234256
3082663493
3069151044
3060695632
3056588336
3056587360
3056431841
3060560613
3069977063
3069452710
3065251006
3067937982
3070168558
2541559286
2541559623
2503945989
2508154116
2516542724
2495607057
2495607043
2495213842
3564753202
3560657250
3560588738
3560583042
3560583042
3564767122
3585803671
2510885335
2545431511
2549638015
2533123645
2524767801
2533355035
2533359163
2529009467
2528677242
2532869610
2524480746
2524677274
2520416395
2520424603
3594248379
3611025595
3610965407
3577369999
3581821407
3590276095
3590091631
3724305263
3720209213
3753763613
2684155709
2684155181
2675766573
2671761213
3175012125
3158300191
3160407583
3160407647
3159883358
3159744254
3159685103
3168073711
3168064509
3168129885
3159880525
3159810893
3176654173
3210083453
3193231599
3193297135
3193428158
3193363614
3193361566
3210170846
3210039758
3176485855
3178723199
3161876263
3161910583
3170237751
4260689207
4260689175
4260753751
4292342103
4267111927
4267111927
4267171063
4263365879
4263369943
4284316887
4252853759
4244596223
4244599551
3170829055
3170699007
3162314367
3162257023
3179046463
3187439415
3187439383
3185440599
3185435991
3185440215
3185440247
2640270807
2673755591
2669564359
2652861783
2657056119
2659153269
3221216629
3183336820
3183279452
3185377101
2648499789
3713398365
3709335151
2669106790
2668975990
2673169782
2681549878
3755439158
3721886742
3721755671
3704912919
3705011205
3705136389
3636979061
3628979045
2555167461
2572014293
3679450773
3746428855
3746070439
3712581047
3713695127
3713693079
3705558517
3707586021
3699135861
3715396869
3744785668
3744982788
3749111572
2666968852
3199639316
3199586164
3218902644
3218931308
3210538604
3176986156
3179140668
3162494492
3162494524
3170751276
3170124589
3186901807
3220460350
3218601550
3210208862
3176427390
3176423406
3176418798
3184905470
3184909533
3184913628
3218598988
3210148876
3210116364
3210114844
3210113596
3109515836
3109368365
3109294637
3092251439
3092250987
3100660858
3100670170
3099715674
3099715707
3091454043
2551368459
2568148491
3142775307
3126059547
3134251626
3133207406
3133194734
3125051886
3125052910
3142039486
3137791622
3104239494
3104304518
3104111782
3175402662
3175531702
3218527366
3218531783
3210143429
3075929813
3075856117
2807324261
2809421541
2809405413
2775856631
2809472247
2807379175
3075801334
3067543622
3067244614
3067274255
3083985983
3083906095
3050355743
3183590669
3166936845
3166883357
3166881375
3091424863
3087085167
3087015789
3088059685
2819820581
2840730645
2844922884
4187100165
4186977605
4219494743
4223689590
4215338982
4181907426
4181874146
4181818866
4190207218
3686890706
3670244547
3670170819
3661778113
3657653697
3657528817
3661719009
3644945783
3636621654
1489138950
1489131270
1489194774
1489035046
1489038694
4173376871
4190223863
4215455173
4198741381
4194538884
4194408372
4211212004
4211212021
4215533301
4181884517
4181909283
4190359331
3922841395
3921805057
3913328385
2873140817
2873144913
2856556243
3120813811
3120649827
4194317923
4194316071
4198512935
4206958631
3665958967
3665955893
3665955861
3671461893
3403026501
1263931397
1240862735
1224098127
1224032639
1224040815
1221944443
1213562235
1209358715
1208090459
1275195339
1547759305
1548803721
1414582169
1439748025
1473314729
1388441256
1388455577
1388458649
307430043
309658026
846467242
845422762
845422826
862216254
828694542
291804174
325355790
308582686
308648758
317176119
384219413
1457962261
1450353924
1450358020
3729954564
3724711428
3741496837
3712128597
3695347317
3703817831
2630076007
2630344551
2630180839
2630112743
2638509415
2672062815
3208737119
4282511839
4248949247
4232311135
4228052319
4160935247
4161007947
2013524235
2034364443
2051142683
4198626331
4198757403
4198759451
4216845369
2035635481
2035578697
1758746313
1776109561
1771948009
1804977513
1790235753
1861604475
2121658458
2117460058
2064982090
2014392410
940713082
939664490
1010968362
1016202874
1553139418
1553007326
1552970381
1555100300
3752891036
3471869620
3463481012
3461584564
3461527220
3738363828
3755141044
3757237669
3723748517
3715232935
3711026343
3710948583
3711018327
3711149831
3743655430
3743528454
3743477302
3743673910
3647141430
4184266038
4193645862
4193546294
4192195606
4221490246
4225682647
3688876503
3679214037
4217139157
4213010421
4213143413
4216672629
4225028453
4225036775
4224050663
4224050647
4182046661
2017785813
2017818101
2017932789
2017867221
2018907379
2018974819
2018860067
1481661747
1480617219
1480617731
1480816131
1505916435
1539462738
1539528274
1254184946
1254127090
1254456818
1254579667
1321655491
1321655747
1321653571
1314305345
1314304323
1314820419
1264567571
1499448627
1482514209
1482440481
1482432293
1477779236
1477779236
1481981300
1480861009
1506043347
1271166402
1254159746
1254160274
1254225842
1250097074
1250358706
1254610339
1321522403
3460682962
3461797186
3457602882
3457602818
1316373778
1333220658
3436475683
3437032736
3432834400
3700750304
3566569440
3570698192
3697051584
3558193088
3607604688
3590827505
3590827377
3591354211
3595564390
4141864230
4141700470
3607057718
3598671158
3598605622
2524929342
3078446942
3076347742
3084736222
4288541406
4255118045
3717849820
3722213052
3697047228
3692843756
3692319588
3692523812
3629477924
4191183924
4283526149
1581475845
1581475911
1581676743
1581676694
1581669526
1598440598
1564950918
1548186590
1548087934
1557525038
1570026023
1570023207
3721701157
3696541445
3695677189
3691417093
3628523029
3628525109
3645204327
3653530983
3687068902
3687257318
3687189718
3687189894
3687206278
3687136662
1531194774
1531192727
1497638391
1497708007
1498379623
2035242295
2035086647
2035084599
2069669175
2069734679
2061218069
2060030324
4199068156
4194873852
4211717612
4211774956
4182679532
4182679164
3118390876
3118456412
3185041021
3183795822
3167016814
3158635886
3158594038
3159769558
3159753030
3159753046
3159822695
3176407397
4258537845
4258608477
3721862413
3717340495
3717413711
3717299022
3721494350
3713071055
3713324495
3713323471
3746943453
3747082725
3755471333
3755472359
2547510774
2547428822
2539036630
2539096022
2505410006
2648019286
2631250215
2631262501
2622808357
3159648037
3155179317
3155173233
3176271585
4248968163
4257431458
4257234354
4257230274
4257342658
4282639554
4282623042
4215387411
4215318067
4215580195
4211392035
4177894963
3909590545
3892756017
2819014193
2819612275
2823675763
2823673715
2840548979
2841514579
3915330131
3911005043
4166792545
4166782049
4175169633
4173273136
2025723904
2039880704
2073439232
1519330304
1523459072
441324544
441406480
441220195
449636578
445184166
445175974
449370294
441248902
168617350
235860886
235860615
1313796739
1330562753
1304874689
1171638993
1154862065
1154867184
1154867184
1154867184
1146486736
1146220529
1297182561
1329687331
239171891
239171634
239429682
240479282
240641078
240578583
242663431
494321863
478118045
477597085
484940733
484678591
484547422
485726518
491894822
504424486
1040247846
1040244774
1040441398
1040379926
1040352262
928154838
897027575
560826807
544054167
545102743
545110775
540393079
540409719
540409655
557182247
555084071
559278375
568195431
570411351
566217543
570280775
560855879
557711127
557840151
557837623
557837607
561896551
561891815
1634716151
1634720215
560987031
560823223
560822951
560822951
602766263
602749911
602749911
602749271
602880339
602745111
602744855
602757143
602884119
602897415
602893573
602930501
560979317
560844279
560847319
560855511
560855543
569244135
569228279
569228247
560316375
556121943
557184791
540933415
540929319
561900903
561871207
560946167
560943063
594365911
594370039
602701223
1676507555
1672444819
1643020163
1643085699
560955011
1634545299
1642936306
1642936290
1673336166
1742493046
1742498902
1700588630
1709176886
1822333047
1824426325
1824495941
1760931269
1748346823
1746248647
1746383575
3960980198
3960850086
3981770407
4019518373
4002732452
4003322260
4024428932
3980323973
3829326981
3827746023
3848782887
3890596902
3873733926
3873729079
3865340453
3865541157
3865562932
3865562900
3865562373
3882274565
3849248517
3832536583
3966754326
3966631446
3962435158
3962437238
3962371942
3966564838
3983309287
4025309285
4008663157
3874380885
3867114565
3867143237
3867143540
3883916660
1735347541
1701797317
1701806021
1735228917
1735220725
1735220599
1726831991
1726839863
1743617079
1743617047
1744796935
1744797447
1736408583
1736400439
1719524983
1719523959
1744624503
1744625015
1711070327
1711275087
1618934863
1614740815
1614806367
1614675311
1614675439
1618796015
1635605999
1635737055
1635745229
1635745181
1669169085
1677556717
1673395181
1673395037
1673526095
1644165391
1644031247
1635642687
1631450431
1631442295
1665126263
1665126263
1669323623
1668143975
1676532087
1642977399
1642985559
1643117639
1634696519
1668249943
1668250087
1668111335
585980903
585980919
602766295
602897351
661617095
661614023
661487095
669900135
1743641959
1739578711
1709701959
1843919687
1818753607
1815083607
1814952567
1814944615
1835924453
1818622821
1827010917
1827666295
1819146583
1819146615
1814953079
1815075959
1814945127
1819139431
1819137893
1835917157
1869406052
1869470708
3991788532
3991927253
3991927253
3975150039
3975149911
3966697286
3983474502
3983144694
3915970278
3915964390
3915931111
3915931127
3916135895
4016795095
4025050615
4025030135
4025161207
4025169366
3991610838
3974704594
3970526642
3970653590
3970588038
3970596743
3970883207
3841969797
3892174549
3883695575
3866390007
3862226151
3866223846
3866285286
4000466430
4008858958
4025707847
4025575189
4025575221
3992138325
3983741653
3966833397
3974116005
3974125221
3969993639
3971074551
3971471687
3992315907
4017481731
4013286402
1865801746
1730670642
1697017954
1697530082
1701727410
1711229362
1706412707
1706351329
1706425041
1710583552
626337024
890512384
890249249
926101537
926028577
930218593
396559057
396559057
296161921
1101473409
1084698240
1084557952
1084574336
1088756400
1088760544
3231985504
3231721249
3231723809
3231719713
3231785267
3231850754
3298956546
3298886930
1155616034
1155595554
1147184418
1080136979
1076069699
1076331971
1126544851
1109765299
1378331827
1378262147
1378321539
1915060371
1915072691
1916248291
1983373538
1998053862
3876935654
3889518566
3885325926
3887558230
3887590918
4254461446
4258660102
3184880918
3176475910
3172282134
2669494070
3208449574
3212512806
3187281461
3181082180
3164202692
3164119700
3180892820
3180892820
3210252964
3206316709
2904330918
2903871982
2887171310
2889267310
2893199434
2951931977
2926766152
2922510408
2922431848
2922430760
2922463784
4016247336
3991024169
3974309437
3974179647
3832625463
4109441075
4109568051
1957890067
1974669315
1471291393
1475751937
393609216
393625904
100488480
134053153
134167825
134167811
108988738
108990450
109000418
107950754
116208274
132977282
99467906
82678194
1153220018
1153215922
1153280402
1419221890
3566575250
3572805363
3564416739
3581191923
3614963313
3598177889
3596899169
3596902753
3597935077
3598062037
3598057797
3598123349
3581220213
3581371701
3564563733
3564301573
1425251589
1978898693
2008258839
2008127543
1995553846
1724953662
1733333054
1728348222
1728544814
1728491566
1661378606
1646253094
1645200678
1716505958
1716510582
1717436278
1734213415
1709047605
1692400917
1692296448
1834968128
1868395728
1851618464
777868704
777867168
786255520
736059028
701988484
701955909
693632261
727055621
710733093
710733101
710733613
736091709
702467919
684707279
676199886
672001166
671607998
675792302
676709807
684738479
684750525
701525693
801139445
792738549
792799953
792931155
793914194
634527058
632751602
901120450
816189634
820909250
812516802
812601331
820894435
833223395
833219171
866773507
866777346
845798402
841604098
841610258
841741347
842003747
846190435
602785507
552455857
552590209
1617942913
1613093248
1614150112
1614145888
1635086176
1651795824
1651794800
1658086240
1675391588
3785147109
3767321310
3771519566
3771725662
3780115774
3813538110
3813206074
3805276186
3823037467
3781090571
3764372745
3764372811
3760158043
3760022906
3764221802
3764344686
3789510254
3789386590
3821888334
3821887967
3788370431
3855472125
3855572445
4115619205
4149050773
4149182389
4149155765
4132378261
4133425813
4141814421
4158600885
3080681141
3080546293
3086772180
2515822404
2507433796
2507499348
2507667316
2499269988
2495468901
3049116775
3046954086
3051156518
3042767926
3040859414
3074348870
3074356822
4148160246
4148164342
4146059254
4150248918
4150236614
3890197591
3890068541
3873225788
3864837180
3862735900
3862799420
3862881580
3862873388
3997060927
4018036542
3992943934
3976158270
3967615006
3965517950
2891723006
2900193774
2896118441
2896118440
2897827480
2897772168
3174575752
3174579880
3174645416
3174706584
3178900873
3170575561
4240127435
4239078747
4239357243
3165416763
2628545819
2565635358
2558295326
2570413374
2601985326
2585162038
2589348102
2597503238
2593313078
2660282662
2660540775
2677319141
2677325236
2673642900
2669448628
2669579700
3174993316
3175017716
3175017716
4252953812
4252957893
4252368085
4248173811
3983727843
3983707491
3983707411
1836301571
1853074691
1848763394
1847981106
1847976994
1848079394
1848525858
1853836578
1811762530
1807699286
1807732167
1805635015
1809640773
1801252181
1801317733
1767894373
1751043445
1751108949
1753206103
1750990199
1750953446
1767730662
1801272822
1800216566
1791835894
1809653478
1771904759
1759327831
1758933573
1758929413
3906433604
3969110772
3968906996
3967856372
3988826780
2936056460
2936056460
2936209036
3041064668
3041280765
3032826607
3034317550
3034329966
3025941798
3044809766
3044890646
3221125126
3204380678
4278122501
4275502084
3730305088
3730141264
3746914528
3713409509
4250285047
4241883862
1962279518
1961168510
1961101870
1961114478
4108610426
1953819594
1970597834
2001772426
2001766282
2001961882
2010288618
4124291562
4124287023
4124287021
4124483629
4116096045
3074861357
3070753149
3070614015
3070741470
3041300190
2781251326
2778170110
2778043126
2782241351
2807341655
2805245477
2788476453
2789066533
2788679989
2804408693
2774941813
2783395927
2766490871
2766428391
2766502055
2767607983
2776005774
2809556110
2792744335
2801137119
2801260333
2797067821
2801663549
2808933893
2804737541
2804933141
2775564837
2775564839
2776580983
2906591735
2889618599
2889616551
2893809831
2762868887
2762872963
2763947395
2768203139
2768070531
3044861875
3044926387
3086869425
3070095793
3070054869
3061666133
3060614165
3060544805
4151061799
4125961582
4109245918
4108717534
4109831582
4109705118
4109709215
4126418910
4124338142
4124439326
4124415766
4118054678
4101283638
4118064438
4117212214
3086396438
3204353027
3195962689
2927003201
2943873649
2941641248
2908545632
2759619300
2759594980
2759591412
3028032693
3045006517
3028171957
3036559603
4110294483
3569294658
3569103938
3569099842
3590087762
3622822994
3605955650
3605693762
3605693767
3605693701
3605828916
4134315300
4130120812
4147963372
4114473452
4114502633
4099801773
4107667183
4124514286
4126482238
4118043934
4118047758
4150586382
4159155214
4155409678
3081144079
3082258204
3082073916
3084167036
3076293484
3037512556
3037582316
3037672172
3021873885
3026069197
3036561317
3031174565
3031174311
3031178391
3036492935
4101907590
4097729926
4099861894
4102025142
4152360886
4135059414
4135040966
4134908743
4142175093
4142182692
4142244140
4142260268
4134924349
4130693149
4147519519
4147515707
4113958187
3849717547
3841412905
3841284985
3853839304
3858018248
3858022280
3883177864
3879503752
3845948841
3846164971
3846103531
3832439594
3832427306
3832485678
3832362814
3848628063
3857671519
3892303317
3892171989
3892116693
3875314901
3866922199
3867067895
4152287735
4152254951
3044942309
3028234741
3027178837
3027178871
3035567927
3035569959
3030736439
3030742535
4121294343
4125411077
4151608597
4151615773
4147437852
4145533197
4149659469
3178678141
3187072623
3179077231
3179085421
3176953437
3042731849
3042800472
3042799992
3053261304
3086882264
3070112988
3070123261
3070188781
3069992173
3086800381
3084711373
3076518223
3044471135
3044536703
3086348775
3086348774
3086341094
3075994518
3042407062
3025629846
3025621942
3025433574
3025432934
3025432870
3044303894
4118113286
4151766022
4152294414
3615390750
3615448158
3598669006
3596572110
3596567951
3596572093
3596433341
3596433333
3621741205
3588186837
3590279893
1442793047
1426020103
1424583942
1432972566
1432910903
1567390822
1567454694
1551364598
2088145367
2094175063
2094109501
2094043437
4241531181
4241534255
3964708923
3977492522
4010981674
4262649178
4262643658
4266836570
2929181227
2928951849
2935252537
2926865944
3212110632
3162425704
3162426584
4244554956
4253012173
4250722509
4280082671
3994935535
3999200751
4007566695
3873348375
2818480645
2818542085
2776468996
2772219396
2755502612
2755588660
2755576356
2754396709
2758591013
2758592231
2783758311
2783761910
2775381394
2775383186
2775579794
2783870194
2783869170
2775415026
2808953026
3865984194
3865978306
3865977810
3865842402
3891016434
3852805079
3852808663
4104461509
4104591557
4104534151
4105660551
4109691318
4107595190
4099203478
4099195286
4149723606
4132860407
4275462437
4275400993
4277434144
4277430048
4294272548
4260722452
3723970308
3713355013
3713891669
3680333175
1516072246
1515156798
1524568350
1591685150
1591685151
509284383
507183129
490411321
471480825
1549429657
1557920393
1553959561
1421708939
1958511243
1979482779
1994162859
2128380651
2127340523
2136335471
4279692399
4246105191
4248200295
4231414110
4235608910
4244001358
4243936846
4241817119
4258589231
3721722669
3721690413
3713301789
3746853901
3746972687
3755360319
3757981991
3741278502
3741147414
3732795654
3732927830
3728603126
3728531446
3732721654
3740766167
3736510407
2677452487
2681644611
2673209939
2635387443
2635358835
2618778487
2622976357
2631226861
2631145965
2631154077
2631346381
3721799885
3585476813
3623095389
3614186553
4146865193
4114441257
4114080121
4114015199
1968611999
2111148703
2144649918
2138359487
2138329023
2134268911
2134255983
4252118319
4260504879
4243661117
4239515677
4239520013
4237340941
4241536796
4240490364
4240486140
4257718012
4282818237
3204880029
3205416585
3206432649
3206422011
3210157547
4216667242
4185136186
4193530910
4194115610
4189921306
4189806874
3686527263
3690657629
3663462237
3659070284
3659070220
3659070772
3680238628
3655234597
3634253879
3634233399
3650556198
3646231398
3406103410
3389981506
3389990726
1242378007
1531783991
1506491157
1490696965
1490684685
148441869
148381663
140013999
471392687
487104943
524853679
524857773
525895085
509382061
509446581
525773205
525773271
1565976918
1565977366
1549205270
1557583382
1559659266
1574404370
1570021426
1302126627
1339875425
3419403344
3410951504
3411992176
3680406128
3649014288
3715930641
3699158549
4244483607
4242511383
4242309686
4250710566
4246581794
4280283446
4280184886
4279700518
3205826598
3210611046
3218999638
3221101126
3221100102
2683835334
2679649255
2677547500
2644074988
2644075516
2627266260
2631727828
3424439269
3441215591
3473787110
3458170086
3458097350
3726532806
3732824262
3472277958
3400975974
3417634342
3384059430
2627511846
2627511838
2627708703
2631765821
2631700324
2639831012
2640023460
2673579956
2675700660
2671505796
2537189764
2541437092
2541573284
3044894884
3028253109
3028187591
3025567686
2505406294
2505339454
2547274526
2547278606
2547327262
2516004159
2507610607
2490829295
2490715583
2513788297
2513757576
2514280840
2514285448
2514458360
2508103400
3028205288
3023941228
3023892061
3023894367
3023886207
3045052783
3044462975
3044471767
3044467541
3161843573
3161777509
3035938085
3035995431
3033894163
3050553106
3060968706
3060970754
3057046530
3057106962
3056976994
3056944354
3061206178
3086372226
2948484739
3216920259
4294792897
4294731297
4294730533
3195822373
3212652599
4286395445
4286518645
4250869109
4250869237
4250869205
3722393029
3718210756
3717690436
3717680196
3588050197
3579706741
3579834213
3615413877
3623862997
3615326933
3581252308
2503452308
2486693524
2423773909
2423773941
2423611127
2423551718
2431936230
2449221350
2478585318
2461799654
2461815906
2461879314
2464750594
2456370178
2205035522
2171481090
2171481394
2163087154
2231305074
2231190226
2229130195
2514346449
2499649936
2499652752
2491201680
2487072916
2487064820
2487078116
2487221476
2503959804
2537514493
3613353471
3621219839
3621154814
3721820150
3723973622
3707098071
3698643543
3696546655
3696522047
3709101870
3742722862
2652272958
2652264734
2656553246
2664811870
2660619615
2677318621
2677318365
2677338845
2673136301
2668905389
2669482477
2671649005
2659066989
2684230717
2650216476
2645948700
2494937372
2494929676
3166013964
3166023180
3170352668
2918684221
2943717934
2939453998
2922676846
2939470318
3979346158
3844473006
3978693822
1836989626
1874471098
1855596682
1855597706
1854549387
