1886827004
1884791676
1884590716
1879344857
1879871193
1900907225
1942932219
1938749867
4120833531
4103890377
4108076489
3560773065
3560842585
3711853945
3745440813
4143895853
4139249981
4136952077
4137476367
4137476367
4137547054
4141872430
4145923438
4112500078
4114257246
4112167374
4112495054
4111250895
4111238607
4111240413
4115565805
4115578341
3083775348
3219040092
3219056412
3221214748
3204302717
3204306925
3195827695
3195811311
3195803118
3212641774
3212773310
3220641758
3220641374
2650216286
2650092302
2633769230
2629640462
2629637406
2629633406
2633846142
2633883006
2625477919
2642254877
2675809293
2675745884
2524750940
2520622300
2518601948
2518303148
3592033196
3596227244
3621393068
3619304109
3585687215
3589814958
3564911534
3560716730
3560799690
3581866318
3590254862
3585966362
3584594218
1441308971
1441390889
1416363288
1551493144
2084136984
2098870296
2098862088
2098856984
2099134808
2136916697
2107605643
2109571723
2091157178
1575259818
1608814574
1592196462
3740726622
3732300046
3730251790
3730264190
3754255607
3703962789
3704084660
3704014980
3695611268
3691415488
3642069824
3742425872
3742491409
3749077555
3757462050
3719758370
3701240418
3701269346
3721192930
3712785635
3657996483
3725109313
3726289985
3726286913
1578815937
1581138371
1429143958
1416561062
3572307367
3569106351
3569106863
3703319471
3703320463
1560031181
1416589069
1416089357
1466420509
1382415637
1382540565
1382510877
1919402349
1919390703
1920443311
845669375
841282363
572834091
539346233
543604489
543616777
543686169
543550985
606404105
611632649
611631929
636240251
669778427
661393627
657199179
657338683
662577451
632693035
901194027
884224265
884216073
345243915
366219531
97849691
123146587
132059483
100602202
100611418
83694938
82662778
82662778
82662778
78476666
78606682
212758878
212758878
212758878
212750687
229527932
250597756
242209260
238024172
238026232
237895128
237829576
237829593
204273146
208467450
216855034
212726267
212857309
212791772
216986052
208581012
204386740
221230000
221098896
258839472
258331568
266860528
266860528
258340848
258340340
258269684
258335220
258076916
258200021
267637207
267645430
267645942
267498486
242263030
238068734
238139358
238523743
238523743
241545599
241545595
249868667
250917241
511025529
511162361
1048033273
1045798393
1045806585
1859500281
1851628792
1851634936
1849536632
1866305593
1831309353
1814483049
1680793961
3831948909
3975597669
3975662165
3975670469
3975540421
2910189125
2943731285
2935342709
2926958133
2926966324
2927093296
2927059504
2792710708
2809934436
2808885988
2783711660
2783707309
2779514031
3031174318
3165395134
3165460670
3165599902
2632853710
2649712718
2641325326
2674744591
2674875661
2674812676
2683233812
2617168436
2617233940
2617037332
2614948389
2614927911
3151799846
3120074726
3120073710
2842201022
2821294750
2821438110
2839260830
2906304142
2904204942
2937840286
2937807526
2938050470
2940013750
2905344182
2892761270
2897152246
3970570486
3970579478
4289601542
4272759042
4272743171
3741115139
3730174483
3657760274
3389287170
2332437250
2282101506
2286029762
2362575299
2360806785
2377449616
2375286944
2375037089
2358255779
2354078946
2350040114
2352137490
2356322562
2246484738
2275845634
2259140098
2263661107
2255260385
2252114848
2252114340
2250161308
2250173580
2250140813
2266311903
2216106078
2216036638
2222340894
2226530878
2226466350
2224301614
2224300598
2241622807
2275180855
2262597729
2264696033
2256309424
2251065520
2267977872
2234448001
2234448321
2218715587
2221862723
2221862723
2246928130
2246932226
2280519186
2280650355
2280488675
2280405731
2272008931
2171341799
2154432855
2162830679
2162845015
2162779479
2162749749
2162725237
2155382224
2155593200
2155588064
2151201248
2167966672
2201652160
2185135552
2189337024
2189402336
3262947552
3527192736
3508319393
3491552433
3490629777
3491678643
3491690898
3497946498
3513738434
1366253762
1361915970
3513585778
3505153890
3500437091
3500436067
3500497443
2447657523
2473871874
2183546114
2183536642
2187730962
2187800882
2208764898
2209285858
2175601315
2175535779
2175540195
2204633938
2204633350
2187996422
2196382982
2192253750
2192056870
2192060967
2209089063
2213285415
2179746615
2179746103
2171390263
2171357559
2171427191
2171566423
2238675287
2238610295
2238675831
2238544759
2238479191
2238503767
2238568823
2238577015
2238577143
2238577111
2238577111
2171468279
2171468279
2171468247
2171468247
2205153751
2205154167
2205121399
2205121367
2204989783
2204981623
2205112679
2171566455
2171566423
2171435351
2171361623
2171459959
2171459959
2171468119
2238577111
2238577143
2238577143
2238577079
2221800855
2221931927
2221930935
2221799859
2221406643
2221406609
2221406673
2221406657
2238118209
2271406401
2263018833
2263088497
2254560753
2254527971
2271305187
2237914595
2237914083
2221005299
2220947795
2220943699
2237787479
2237918519
2237823251
2237848339
2238176019
2238029619
2238029619
2221381425
2221388561
2229777153
2229646865
2221186592
2216991265
2217581105
2234513939
2251176451
2251176706
2251176962
2263757874
2260677666
2260481058
2277258274
2242649443
2246840147
2238451523
2238668739
2238676931
2238676467
2238577891
2238577907
2238561491
2238682563
2238682513
2221913521
2221784561
2221784561
2238691825
2238441969
2234198355
2234202451
2234129667
2221546755
2229939475
2229939507
2229810483
2229802291
2230060339
2221753683
2221921617
2221923667
2238701011
2238709235
2238578657
2238576115
2238707155
2238635459
2238676307
2238545251
2238545251
2238545203
2272222467
2272195843
2280650067
2280650067
2280512883
2280447347
2272058723
2272058723
2272132467
2272261459
2272261459
2280521075
2280521059
2272132467
2272116083
2272107891
2255339507
2255470547
2255486931
2255486931
2255355875
2255257059
2389540323
2406317491
2347572659
2347571635
2322364835
2322364851
2321906067
2321807811
2321784067
2321661235
2317401379
2318708003
2320805153
2328144437
2344921621
2344987349
2346044117
2340227815
2406288103
2406418919
2406422759
2280601719
2280601687
2247043079
2246912007
2179819527
2171468119
2171455991
2154678775
2154809751
2154813847
2221931927
2356116919
2356116917
2355625429
2356673877
2289302805
2289303313
2289299249
2289282321
2289544449
2283250947
2283250963
2286925139
2286921171
2312086979
2345315537
2345319569
2321189008
2385135760
3475638400
3475650688
3442359168
1298538112
1307707024
1332810384
254812848
238035632
238085104
238085616
238071265
238074339
238074339
242285539
259062755
527498211
494009315
477281779
477279699
477279681
502511041
502382033
492879185
526433107
526498675
527555443
526612839
526530918
534920550
534920567
534975831
502347095
493973847
494104917
494137669
485741917
485554525
485555069
502299517
502274943
535895039
519191039
510801375
510800351
506659295
506466815
1060120047
1064316399
1029732855
1029831031
1029831031
761395575
761395575
1029962103
1029962071
1029831031
1029831031
1029831030
1029831030
1029831030
769784182
769784183
769915221
769915253
769784181
761395573
761395573
761395573
761395573
761395573
761395575
761395575
761395575
761395575
761395575
761395575
761395703
761395575
761395575
761395575
761526647
761395575
761395575
761395575
761395575
761395575
761395575
761395575
761395575
761395575
761395575
761395575
761395575
761395575
761395575
761395575
761395575
761395575
761395575
761395575
761395575
761395575
761395575
761395575
761395575
761395575
761395575
761395575
761395575
1029822839
1029814646
492943734
492943670
492943670
224508726
1306639158
1302444598
1302444598
3449928246
3315710518
3315841590
2242099750
2242107942
2179189542
2179320119
2171455797
2171455861
2171459925
2172516695
2172516695
2170419543
2170419575
2170419575
2170419575
2169355127
2169092983
2170141559
2170141527
2170141527
2438576757
2438707829
2438707829
2438576757
2438969973
2438986357
2438855541
2438855541
2438855541
2438986613
2975857525
2974808437
2974808437
2974808437
2974677365
2974677877
2974677845
2974661461
2974661493
2974661500
2706226044
2706242428
2706242428
2702048124
2702048116
2702179188
2706340709
2706340725
2706209141
2706209143
2706209143
2714597751
2714597718
2714597718
2714597718
2714597718
2714597718
2714597718
2983065942
2983065942
2983033174
2983033686
2974645078
2974645110
2983147894
2983147894
2446145910
2446145910
2446145654
2446145622
2446145622
2446145623
2446145623
2446162007
2178775127
2178808151
2178808151
2178808151
2170419543
2170420055
2170403703
2438840309
2438838261
2438838260
2438837684
2438837692
2438839740
3042819516
3042949556
3071785916
3071721148
3071733484
3071731436
3071730284
3210109804
3176554812
3168744765
3168539967
3168623999
3168755067
3170852187
2642238811
2659016011
2659153354
2665443786
2665292282
2656838123
2672570619
2639139019
2370703563
2379092217
2379026665
2240557177
2240552971
2240618507
3297587467
3301782811
3293871899
3293904651
3306539787
3308751625
3342305609
3342109129
2255799497
2264191195
2410959098
2409042170
2407674218
2407670122
2412127210
3452778222
3385343678
3368756887
3360252564
1212703364
1209811596
1211949708
137752460
135686604
135424452
134375876
134379969
138498498
138465735
134250823
134316311
222475557
256022817
247638288
248690704
114530320
106009792
101745536
1192395392
1159123584
1161171600
1165361824
1139212961
1134563746
3248513506
3567313186
3567297538
4104170546
4104173602
4104173602
4120950835
3068377344
3055729920
3055977216
2787558148
2788115188
2787720868
2809736868
2763525804
2762546845
2779461263
3853202062
3857200846
3891008814
1735144494
1735139374
1735270410
1702764554
561913866
838475786
905465883
397987049
514361530
514365578
250189962
266967434
233823626
216716682
213545354
211444154
211444223
211542517
215541088
219720992
253340688
102411264
102409408
104509568
104517760
104481154
103417234
120524210
221192098
233774818
1286544930
1286102818
1286139686
1286137646
1302900522
1269542681
1269411384
3672677928
3665332840
3661138584
3660095116
3660101276
3660165804
3661279908
3711619732
3694805636
1547315077
1547242983
1551370471
1553533154
1553930482
1553934531
1552297155
1556493507
1155338723
1155281315
1155342481
1307988097
234242177
234340561
232899057
367109475
367046499
358656867
376481879
372291783
305191045
305137797
305203356
1378946220
1383544492
1386620588
1453793964
1453683405
3601134095
3601117711
3551310382
3504907822
3496512046
3496712750
3492518510
4046019310
4079493039
1915234190
1396187534
1345986726
1344934119
271451235
271518723
275015683
275032067
283482147
866551857
853968897
853707008
1919068928
1981988368
1981914656
1714460192
1865459488
1829888817
1829926183
1863718182
1853228518
1991706018
2008352162
1974736306
1960054914
1960125570
4107725954
4103531907
4103519169
1957140993
1957009921
1986301441
1915549201
1915499027
1915564579
1982411111
1986532583
1994917031
2008745141
1956258949
1958371533
1962844621
1895610141
1886697261
1899269677
1896910397
1393733135
1393749535
1448275775
1456622895
1454525479
3602318373
3623297329
3623313681
3713487121
3692491521
3698783040
3698771904
3707146176
3700923856
3700801008
3720656352
3721176417
4190953825
4165989171
4165867319
4161675046
2030962982
2031814694
2065250342
2051738710
2051674310
978006222
986194430
445145770
445178538
445179578
449637066
449637322
181205450
180803979
247875977
232181640
1155450780
1426031292
1425375924
1414894260
3562378165
3562058658
3557861346
3608258354
3341975042
3526563330
2452689426
2460029730
2459980066
2460237861
2477016380
2444024780
2494417548
2221525644
2217462404
3425634964
3425050548
3441570020
3474989089
3747618850
1231107090
1214397442
1214392322
1223833859
1223822083
1223822081
1221725440
1207979296
3372272928
3389058352
3397430528
3397500208
3397516576
2323774752
2323709216
2323700773
2346175526
2314197118
2296961150
2297219198
2314061950
2314205566
2296904062
2363947870
2364981086
2365040462
2247467982
2239013838
2171900894
2167772043
2167772808
2167905928
3275201160
3544095384
3544169112
3541941128
3542071688
3507404168
3507469725
3503142358
3503093302
3503035959
3226287665
2166238496
2172529696
2210278432
2209225728
2276328448
2276196608
2242642403
2225882018
2229851042
2229830050
2221513874
2221668498
2217474514
2217408834
2268785474
2386225986
2256187138
3334045955
3333980625
3333980576
3338175908
3336088740
3323575468
3323640988
3256530316
3491407244
3491406476
3491422860
1346298572
1358714477
1358177838
1348742702
1348746030
1348942206
1349925334
1358305478
1358236866
1354040514
1106723010
1400229954
1395105842
304521234
845586690
921604354
917406722
648842275
645172261
791980077
1831909416
1830001689
1829936249
1828887721
1828898217
1828915115
1812151994
3980598970
4014083754
4005759722
4002422330
4138741274
4137690634
3600818446
3533709326
3517001734
3231847621
3232176256
3236251776
1076742272
1076861056
1076804800
1127146560
36627904
36497376
304899744
305940128
35407524
63718292
27132292
12461444
11414980
28207556
28080484
61655525
44358118
1118151142
1114022230
1109831950
1126596878
1093042958
1076142622
1080340011
1088727595
1088727594
3236215338
3236339210
3514212106
3512634634
2480772154
2464130090
2533274682
3065942025
3081469960
3081343448
4159215272
4113094312
4114435752
4097705640
4030083768
3776328605
3843240125
3874549933
3870330988
3870331956
3870342148
3874531588
3860900100
3861028628
3877803541
2753741333
3023438359
3024028279
3028091558
3036418734
3032224174
3032224942
4037811370
4038859962
3506322570
3520998538
1364602058
1364483547
1129667979
1130331529
1113418120
39611800
308037048
303906984
303780008
307982488
293302489
283668779
283930923
275538730
275177994
275173898
23502345
1400347160
1400220184
1389669176
1389668664
1389726984
1389789256
1385607179
1402396682
1370898458
1354105130
1348874794
1346310698
1882989114
1880890906
1880902171
1611450891
1616677195
1620871371
1638767051
1659802185
1647227464
1647223368
1915413096
4146606632
4113044008
4113040936
3588832296
3551209512
3551209704
3517593739
3249150090
3249150090
1101940874
1131388074
1110422954
1110372762
1110372746
36630926
36615054
36615087
19702703
7120874
15507262
6598438
6598434
14984994
1088901426
1088819506
1088820530
1084627986
1084626963
1089345553
1089079617
1089014209
1105846209
1080816448
23835344
23831248
36217520
36220592
36240048
36244144
36375216
103483824
108988576
116654177
379596834
383787042
392192318
337699134
69251386
69312570
74509370
79808538
75614427
8575435
9632719
13826959
7523215
56936381
40157628
48738716
40296580
107405445
103211399
102936914
119833378
90473254
342663982
342402350
501786926
535341102
1588308015
1588176957
1525191692
1526235268
1494925444
1547305092
1547309188
1278869949
1144981229
1157045869
1152850471
1151416855
211824206
211824334
78651342
82902463
97581485
116586941
108195716
102942596
102793872
102793904
102806176
102867872
102802401
119579427
388018978
354465570
388217138
304257026
841127938
845584402
846567478
586979383
582784023
582545439
603680809
560672808
540750056
540743084
1612648108
1896155789
1908673165
2004880027
2005146122
1434728970
1572612874
1571612938
1571400730
3719017531
3720053033
3686367592
4212696744
4212690588
4214786700
4213811852
4197165644
2053814845
2120940846
2116689966
2116681766
1982529590
1982398518
1982464238
1974337710
1957580173
1957579656
1957026696
1550178696
1546091400
1433675448
1442063017
1418994347
1418801898
1418737386
1422927594
1414591998
1414574334
1968222334
1983942735
910205005
637707340
637712396
637700141
1728284719
1728219183
1729268782
1731371134
3878727806
3882939118
3889619630
3854984878
3838123687
3829734038
3827055234
4030475954
4029416866
4033610978
4037804258
4037804258
3501065427
3500543171
3350620353
1186351363
1182714627
1178274579
1177229859
1311254050
1315447075
1323835683
250294545
250310672
226095124
205238724
205165956
205163916
69963148
69831612
74037944
23640728
58239625
309906073
310049705
310242729
310141369
310177979
845988075
846188587
829349931
275701807
271507741
270923029
270916384
270801632
273943200
1346636448
1363152544
1384252048
1116873344
1116873344
1118958208
1119073217
1369553875
1352710498
1356900642
1885644838
1898232870
4062679070
4062674958
4062429198
1914856462
1914842414
1898331694
1885740591
4037281327
4038328879
4036235791
4036235791
2430366238
2416759342
2416759358
2421999134
2426195547
2426195705
2444807096
2443926456
2548710296
3341499292
3341621660
3324843197
3328577727
1181888702
1446125750
1377984582
1377947654
304145414
304130102
308324663
308394263
291633429
292714823
22418374
22414278
22807526
56361954
47981858
43517218
43597826
43773954
45785089
45785088
39493888
35306944
51022720
17414836
17345188
21539236
6006964
1748100
291471492
290951316
326602933
333943015
300003430
291561510
275046710
271056182
342285106
342285106
337991955
337935121
337934896
1411859968
1415725632
1440932544
1474482896
1991361264
1452327905
1452336611
1452336626
3537036626
4076002834
4067675766
4067741286
4068268654
3808213294
3804018985
3804018985
3824728856
3761874440
3761938952
3761938952
1681834280
1681653807
1681663015
1813777443
1812400419
742525282
750919586
746722722
763367586
1048776834
1048735875
1585638529
1317054592
1321248928
1589684640
1455467424
1455598228
1456648916
1391637076
3533881877
3555050046
3513014062
3492051238
3492047142
3492084006
3496335718
3501576151
4036461447
4053115269
3548684733
2453975279
2449846383
2434200607
2419223823
3492948494
3496356414
3504740902
3315927590
3332639014
3333162006
3333357574
3337224194
3328860162
3329941506
3346719042
1199227330
1195100055
1161420438
1161424534
1165753087
1172176621
1172111337
1440542073
1439462489
3310290043
3289322618
3293453434
3293453338
3427736858
3435736378
3435669306
3364434490
3364434554
3431543450
3431490236
3365446572
3369640876
3380118444
2302510988
2571021960
3676221064
3675694712
3675760168
4180976169
4168413755
4168364602
4230813226
4230678826
4230547562
3161016555
2583383211
2612708489
3686449291
3384467919
3371885102
3371835950
3430491686
3447221542
3481000998
3740961815
2667220039
2533002436
3606807680
3597370244
3576599172
3560891012
3560907412
1411130036
1410605997
1951671726
1955609774
1957694638
1957694666
1977617482
2002840586
392277002
375827738
1449638970
1449505850
1449505850
1449627706
1451200570
3604983850
3603791914
4136207594
4136144297
3079380924
3049959052
2497359500
2488960652
2486814388
2485741220
2619879140
2619879137
2485730147
3563982194
3580235202
3588365762
3621928386
1470250114
1387289731
1387330720
1387310240
1401988244
1398256084
1396019572
1111328308
1110308388
1110205988
1109657121
1126630689
1097735200
1156455440
1152256000
1286473728
1287268673
1287269315
1287274114
1303053954
1319698866
3471311266
3462934694
3463979174
3329779135
3354977677
1199288205
1165597529
1149078315
3228543807
3232737853
3232741917
3236810268
3241002540
2167165484
2201485868
2266759996
2274099981
2240611590
2223859030
2224941542
2224924834
2230945954
2222688386
2235213954
2251992194
3325734018
3325731971
3323634915
3524821027
3527127347
3543835137
3510280704
1346020864
1346356737
1344097795
1343949570
1075316834
1087899874
1369049330
1469741186
1385886915
1385886673
1392226896
1383707216
1378464320
1378460224
1396302545
1362694899
1360597734
1360728998
1375220910
1368921262
1369179290
1369388170
1352606922
1348465867
1348457979
1348337515
1348320811
1350418235
1358735129
1358751001
1434248457
1434351387
1566447162
1574903338
1566053930
1566053930
1557665066
1557733434
1557798938
1016803353
1020792888
1012425000
1010361640
943240568
942251484
942259548
405386740
1008317409
1007334129
1007334049
340378273
340034467
365396407
377918599
377922695
382135431
239528079
239397023
105769391
114191275
382623419
365905609
14631881
1079997384
1146966472
1146962232
1155384104
1155512872
1155381800
1419029037
1419029039
3583283006
4123296094
4157046926
4131815566
4128669838
4145475719
4147512229
4113892069
4094702189
4099154475
4103087659
4038344203
4038343179
4038342923
3501467659
3502074891
3233629195
3236626891
3240759691
3240767887
3275370894
3287956654
3281664174
3281590438
3285728438
3275235462
3241746627
3241828613
3225116948
3235672932
3248289764
3281968052
3265173892
3265173892
3267201428
3270811047
3258230190
3257172398
3257368954
3274089242
3223758622
3228495646
1081077558
1081064758
1345295575
1345094807
1432125605
1431089333
1431209093
1432270017
3579749376
3581903888
3563619376
4096310304
4096305444
4096371236
3043687972
3068839461
4138353349
4142617223
3001549463
2993424295
2989243813
4062980517
4064028845
4068227245
4072604927
4071489870
1403924750
1370366222
1349263678
1344544814
1411658030
1415845162
1425477146
1468403211
1451568648
1589931592
1313106648
1325694616
1275479960
1280491656
1423097993
1423098011
1423032506
1364255978
289466731
302050090
303164202
286452523
290617099
324194635
309772367
307675263
307523631
1380208687
1128579119
1095225149
1087302156
1088350732
1088350728
3254693384
3284108808
3534258696
3534258888
3534259896
3538718633
3542919595
3492719786
3492725898
3492200586
3493122458
3493163498
3510067502
1383556902
1390225202
1385963779
1390354691
1113460737
1092222977
3225288704
3225296948
1089416564
1085152212
1086217092
1086179973
1102876311
3283920566
3262939822
3257696686
3257700590
3274618094
3241061574
3496914114
1349430722
1349490130
1349288802
1395425635
3526197539
3526287635
3526287619
3526254867
3530514723
3606012451
3585028642
3569291782
3573227023
3573090831
3505920607
3501730027
3501730027
3552053418
3535274122
3539660938
3529150602
1376424106
1393074347
1879615407
1879812765
1883941509
1615563477
1615711588
1615708196
1612668965
1883185205
1899962453
859778773
847186597
845089447
852298423
848037526
848052615
1402851527
1370394629
1424667660
1416277260
1147906588
1143646724
1198172676
1189734965
1323892263
1588124966
1588130855
1453887525
1449820180
1445625860
1445630144
1446686848
1461366928
1426821296
1414316272
3562849505
3562888545
3560794723
4100844065
4109367843
1957534243
1739430418
1722652674
1722582018
1714192434
1848414242
1848635618
1865347302
1814980006
1814497958
769919663
782506669
782523117
783383101
1857102605
2127634445
2115182605
1578242085
1544695847
1544947491
1549208147
1553402578
1553926786
1553812098
1421728386
1421384322
3584601730
3605894787
3597501137
4130312785
4130312705
4130337281
4130169393
4264370721
4264305199
4000056682
4021029994
4255910122
4255975514
4257101898
3718129738
3717999690
3486278730
3486270682
3452813530
3452956826
3436114074
3436114106
3431653627
3432685816
3566973112
3571029496
3564670696
3577252584
3577514728
1462742776
1999611864
1983750473
1983692826
1983725610
1983848490
908993626
858664074
829307294
820910750
883822270
884933294
882115262
344203983
344219919
341106725
338972965
338972965
338550071
338534183
352292646
362713030
378441678
378449806
1456449231
1456453327
1457500797
1457378857
1383876137
1383954299
1396596219
1367264426
1367329978
1348322698
1348322699
1373624267
1371928441
1406529836
1935011884
1937104936
1931829288
1898405912
1881550856
1886847272
810813289
834930410
864290554
851711690
314840906
306452298
306976602
333281146
332851018
299296715
30863179
30724057
81108313
81172761
349616957
475512639
470939191
470929969
470905457
470905553
471036577
520229536
1514365856
1522548912
1518400673
1585494177
1585490163
1585490035
1585489943
1607642119
3587350533
4116152332
4099899692
4099912488
4112508456
4045368888
4078926456
1914657529
1918720746
1927043498
1927040170
1927069946
1920843994
1916719310
1932456071
1916723589
1916723888
1918681760
1942799008
1909244577
1892602577
4034848257
4033310481
4033183505
4033096465
3504615207
3500420391
3500410151
3501458710
3506308358
3237881670
3237885762
3254518770
3247976930
3281523878
3281585302
3248114822
3252312198
3285969030
3344820406
3328042150
3330076838
3330068646
3329212759
3329216773
3329028911
3312215854
3313249070
3313461822
3313401406
3346945818
3353232138
3465298699
3465036040
3465071896
3481843816
2412292204
2403895404
2367196492
2350486988
2349507533
2349507325
2362086045
2307572357
2341029507
2324177571
3393725090
2315784610
2316828838
3459842214
3480896662
3446293702
3446336710
3429559239
3425278549
3426343509
3426279013
3447256933
3721978733
3722113885
3718173661
3722232813
3720930797
3720928749
2647248367
2681981055
2673465470
2656595070
2658755678
2658816094
3757723903
3724169727
3455718909
3430488029
3428593605
3428593621
3445587797
3445587765
3722444069
3755595045
3747120437
3747128644
3747194180
3743070148
3726350292
3729298148
3729322733
3737772781
3738890991
2656720622
2675525102
2675559534
2641091678
2641026127
2642074639
2625367311
2625234703
2625369887
2625327903
2633716014
2633580910
2650293742
2650363390
2681863646
2673606110
2673605982
2673575711
2673456925
2639898140
2641999388
2642138652
2671504956
3191598909
3191471599
4269300911
4268231854
4285009054
4108991646
4108987526
1961770118
1895695766
1887175974
1886922021
1886922532
1911088692
1890102788
1890168324
1885978368
1882754368
1611172080
1627949216
1661503712
1661569056
1644869664
3792349216
3793382432
4135199776
4134220896
3060348385
3202955169
3219855011
3165327026
3165195926
3165216390
2628348614
2629364423
2650336839
2675502663
2671308757
2654535141
2671433189
2675623399
2675623415
2642105815
2642114502
2642110342
2642112406
2642100150
2650291622
2650291366
2650299622
2650758351
2650766671
2649451791
2649321247
2649354015
2674521911
2674489142
2674479894
2674512150
2683958647
2683893095
2675506535
2640050551
2639960405
2639961413
2631572804
3168509716
3159996180
3162025777
3162094881
2910567713
2939854113
2923072563
2788875283
2789135555
2923330803
2940026019
4013362339
3983937442
3992325778
4020704914
4020712086
4020581078
4155777734
4126417222
4126941534
4125058334
3718245151
3718048541
3718036236
3715935052
3577519564
3577382340
3577386436
3579478484
4158292460
4160389612
4135232596
4135318533
4130204725
4146981933
4113431853
4118798127
4102020671
3036661341
3036530269
3053311605
3187471989
3212601205
3212665717
3208606677
3212793813
3221190629
3087005669
3049119077
3049061845
3053251909
3036507463
3044900855
3044612070
4117432294
4117432246
4083883446
4062985398
1916550310
1920736422
4074650766
4070524046
4070367695
3537674575
3522994957
3497960197
3505296149
3501033252
3567814436
3567898404
3568040228
3563845924
2620115044
2637842452
2654631940
2653612036
2653676804
2657678132
2666062372
2661868069
2661863975
2678633062
2628380150
2632643794
2489977986
2485783698
2485849266
2490056098
2498441126
2494504871
2545688453
2549936005
2524229572
2518984244
3055924796
3059787021
3059786765
3055588413
3055590445
3055934525
3072785469
3039199037
3036563005
3032351293
3032023935
2495090814
2510823550
2515017838
2506690862
2507015726
3580761694
3563994702
3572444750
3497946702
3497950798
1346293582
1346160606
1360852990
1360815850
1364993770
291321850
828317675
861804011
857421051
840446171
844640395
844632219
851981483
847785131
864565675
864557497
851975097
852457353
843997577
843932041
847004073
862208489
862217583
836857134
836987174
904100134
895580470
1029732630
1029732615
962689295
971205407
971139871
971209503
972127007
961665343
960617791
960601407
994155839
457282911
457283037
465671581
465802653
465810844
457422268
457424308
1539554709
1539489173
1539489173
1539489175
3686970807
3678584247
3645021687
3712392695
4282818391
4283883349
3176650581
3185432087
4250784597
3713880949
3713880951
3697234423
3697235446
3713873382
3722261734
3722384630
3757772870
3757707335
3757789255
3749409111
1568354567
1568282383
1434142495
1433099839
1441357439
1474920191
1474854603
1474846603
1474842523
1400395707
1400715179
1400645099
1400644075
1400713722
1408631294
1408631038
1375150334
1372856574
1371803886
281309678
281297263
298107161
298242312
332856584
307686152
307751736
303868713
1377348137
1376296651
1393132490
1896514442
1883931018
1884987818
1892327914
1888005614
1892195183
4039691869
4048537293
4077843149
4077839005
4078953391
4081898927
3821853870
3804551342
3804534943
3804413071
3796022733
3797065997
3866272520
3865092664
3881870889
3848384041
3831676459
2753743675
2754858346
2754626794
2754609387
2759000315
3857846667
3790742491
3790743291
3774028649
3769633145
3786414171
3786434635
3820088393
3820201161
3813847499
3809973195
1929679358
1929687534
1627705582
1610944750
1611011310
1611021806
1884699118
1892817903
1905400831
1905426255
1941171983
1940972815
1928373517
1917893949
1917885740
4082337068
4082549564
4082561852
4082524972
4082389868
4089730921
4089724779
4089712634
4052158446
4056302446
4040577902
4032750974
4032621918
4032605007
4031560525
4047802188
4047947212
4081512652
4081508572
4078395624
4077146280
4077131176
4077199064
4089662168
4085435097
4086488779
3784486858
3853559114
3858017306
2775944250
2769653050
2770181434
2770056986
2805654282
2805687067
2788701035
2791842283
2801350059
3871018409
3885960617
3851816349
4107668877
4108264909
4099924429
4099728252
4116226876
4116484892
4116550172
4149847580
4118390556
4126797117
4126932265
4125038891
4116580651
4095085930
4095610362
4045278718
4049542623
1908746191
1908680654
1941968606
868225918
859918702
843280622
843145406
859890822
859890823
822146199
822318263
822314166
805471734
1883407990
1891796502
1904385542
1905437191
1909565957
1632938548
1666497068
1662504492
1667155964
1667130604
1641832621
1625034919
1615593638
1879314614
1879511446
1879180278
1891783654
1939003206
1922231046
1924393735
1924180229
1928378652
1993383740
1985266456
1998017305
1997959977
4111873833
4116070187
1975794474
1976310106
2110524874
2110325130
2110407066
2106249658
2143871402
2143872427
2143874491
1985608185
1985698060
1985617164
857349388
823792908
823932204
807216425
811480363
818894190
818726366
281855438
281838990
289705358
289779086
323467678
315013566
315013373
310836348
315028572
307683340
1897324556
1880547356
1880532797
1884732991
1891929646
1891929710
1623494270
1631881182
1632602078
1632605679
1632499565
3779884908
3809294188
3809358844
4083033084
4091421612
4087178157
4036768703
1891902350
1355028366
1346389502
1342358886
1347607831
1886563591
1952623877
1960945925
1961076997
4125276421
4133719109
4062416005
4062348421
4062625941
4062662820
4066849189
3802342309
3802210989
3802149485
4075042623
4091820830
4058261822
4054067518
4054137134
1906711838
1374029646
1362576334
1360847822
1360323566
1347719678
1346870654
1355266398
1371859742
1363468062
1363660575
1398199823
1398203167
1398728047
1406987631
1406983663
4056205791
4056207311
4047949773
4077320157
4078363645
4082492397
4082427817
4082427833
4047822489
4047818459
4031170303
4032201582
4034310462
4034241822
4058295582
4059343162
4059363611
4091005721
4078308120
1916148492
1714831116
1714894140
1735725100
668274732
630521900
613748764
613687309
1020534799
477421838
409764182
409842102
946715062
946452918
1751759286
1760148470
1806285559
1789506292
2058007236
4209685188
4264092260
4280820324
2083003808
2083133600
2083129507
2095712418
2091518082
2091780226
1571170434
1319183746
1324356354
1316012818
1315995938
3471880482
3465584930
3666911526
2592122405
2575406652
2575807228
2575676076
2567799468
2638070444
2637120168
2619757992
2619765928
2499177640
3029760136
2491836552
2491934920
2495802584
2496845288
2438119896
2474000840
2469740888
2457293160
2457265449
2465655865
2461395993
2465528859
2465520697
2473903161
2440544281
2155237657
2155245849
2423731065
2431980521
2448758697
2482470827
2482929307
2482855579
2214383259
2205472459
2200228681
2200294169
2204627737
2204623161
2481316153
2477122857
2447768875
2447757179
2171981787
2171981723
2239092154
2239066522
2239197594
2239115675
2239132123
2247520731
2281104351
2275796863
2212820779
2196559659
2188170555
2255287563
2256397579
2269078843
2235519275
2218656059
2222859546
2365465882
2361277786
2361334234
3371964922
3378252282
3374058490
1259675418
1259811354
1259746058
454172938
453058842
452993087
419438653
419439645
419462429
960552287
960617823
960626015
960757087
960757087
960757119
960723327
960657759
960723295
960624991
960551295
994172287
994180447
994311519
994311647
994180607
1002569711
1002536941
1002536829
968982397
432242045
432274812
423755132
423755132
432143836
465698268
465829340
465812956
461618685
432258559
432127470
1531166190
1514386942
1514388894
3661872542
3670128030
3665934270
3665936319
3683104437
2579936932
2571550372
2571554468
2568278004
3138709556
3121932340
3189107732
3193365508
3210145796
3184968452
3185041973
