1345793099
1077241865
3459337
3459849
275032841
300264201
291876617
288857355
857113915
839287083
839885883
839754779
843627545
570984509
638158892
638224428
638236692
772451348
772449300
1847242868
1864028405
1834893783
1836976054
1836385958
1819557542
1825843878
1825909430
1825909398
1825910407
2094345863
2090022559
2089883294
1551900318
1551903374
1556097742
1161850718
1170243358
1166137118
1167259406
3232954140
3232944108
3249622764
3243265700
3272625812
1124356740
1128686284
1095131437
1079496750
1091888174
1127540790
37009414
35436550
35490822
38699271
38437189
1113227719
1096458695
1081779654
1081784790
1157220822
1090111710
1085864174
1354299630
3621318894
3604529647
3604529645
3596129256
3596149736
3612926568
3713591865
3713559099
3713739386
3713673962
3579448298
1431899546
1440482442
1373443211
1373574297
1373581752
324805048
320086984
51651400
51700507
18200378
1091870506
1079282490
1096059674
1105038090
1100855562
1100848394
1134396731
1099923945
1099866537
1104060841
1137616300
1380878780
1376028924
1376032788
1376032788
1912903685
1913103365
1913036871
1980145735
1981198791
2002700247
1977534421
4122828772
4122748388
4059833828
4034667692
4034405565
4041942457
4037945273
3502114491
3502048943
3501983405
3497801465
3559663117
3559663113
3571737355
3567575307
3567707915
3567695675
3571883562
2486996522
2635906682
3709120202
4279543498
4149514954
4131881610
4140204762
4140217083
4141279081
3059088681
2989803880
2989770860
2989784140
2989241548
3006136524
2423128460
2427335564
2427335557
2427388598
2427205606
2428250598
2449221862
2189166838
2189297734
2189302854
2214491462
2214273287
2180522799
2172138287
3226993453
3227078957
3235636525
2161895741
2157570076
2157508636
2152237372
2148370984
2165213704
2165229064
2198688264
2211189307
2190213674
2257125738
2273858798
2273860846
2411255982
2380912798
2372647054
2373630349
2407180168
2405147528
2388239240
2656674776
2656679784
3189475625
3061483563
3061483563
2788866089
2788927513
2786765833
2787029004
3860779788
3860779628
3860754991
1727333934
1727274542
1727273254
1726224414
1718487054
1726875662
602822670
569343054
552500366
553645198
553374879
551142847
551147439
551157423
551156397
1683614397
1683614421
1686105669
3828112983
3831768679
3831767662
3840287358
3840283230
3170240206
3166506718
3166448174
3166186287
3166189869
2628270413
3571984845
3571985796
3563659668
3588886692
3589144741
3522560181
1364590737
1362312513
321923585
287320577
287319555
287387959
325193783
60948511
27656207
11797567
13945135
5544231
5552935
283093782
285124870
318419974
318406854
316309638
310022279
310005910
305864867
322446243
1343759013
1346904749
1347159787
3503031819
3498335754
3230456586
3230444298
3247288090
2174658346
2174658410
2174714862
2208269231
2212464557
2273163181
2269093820
2537463708
2537483732
2537481684
2537481717
2508121589
2508092887
2508092759
2505915735
2505915671
2237602071
2271164693
2271165749
2264874293
2260669717
2258571541
2258579733
2258383143
2258383911
2262572070
2270955630
2233206846
2216560670
2219706910
2229157406
2224432727
2224317013
2226971349
2231157493
2231160545
2154613491
2154683379
2155796850
2168355122
2206099458
2189322242
2197709826
2197737475
2197667895
2214384997
2180570469
2155399653
2153634804
2153708277
2155801189
2155866725
2181036917
2214518101
2197748935
2189295063
2189221814
2189219494
2206062246
2172482222
2172482207
2172416925
2168222140
2168222872
2149399753
2149526601
2148411403
2148411402
2148407306
2152601866
2173577482
2207005450
2190214922
2190279434
2190283578
2190230314
2195505962
2214385647
2205990895
2206056381
2205988765
2203956108
2203956108
2170532764
2153756604
2149433276
2149562861
2149488749
2148972607
2148001806
2164746254
2185636878
2189827086
2190352175
2190349871
2190214703
2190218781
2275161613
2375824925
2380011117
2312920813
2312953581
2338103037
2337584861
2337650685
2332406269
2332532921
2332532923
3674644667
3674710154
3657540746
4194412682
4194478234
4194482346
4194474410
4211268602
3141721818
3108131530
3176547018
3176530654
2650211182
2648651374
2648581702
2648649302
2650551907
2629588839
2650556247
2650654023
2650789186
2673732946
2673716723
2636113363
2636051905
2640233921
2640299985
2642266085
2684223205
2684219109
2665244279
2656855655
2656884583
2673722855
2640205271
2625533127
2491372743
2625586389
2633975221
2633987508
2633527284
2641915893
2640930517
2641098453
2674652917
2674521719
2666133079
2667314695
2667446039
2667375927
2658987367
2658989159
2659041383
2659090645
2667479493
3221140437
3212681845
3179061877
3158304277
3158234901
3158295853
3158099245
3160732973
3160761625
3161943305
2893503769
3161804137
3168095465
4258624763
4258604235
4241760395
4233375899
4233565359
4233500079
4233502383
4241981087
4258625231
2144696015
2119529167
4267012942
4268979038
4268970878
4266743598
3738268974
3738199342
2664490286
2664490042
2664490250
2676089102
2642587935
2643628925
2627109756
2631370716
2499645396
2491272660
2491402740
2487220709
2487086565
2508187109
2541679461
3069104757
3069153876
3068957300
3068965476
3060573796
3060580196
3060637541
2788007717
2804797223
2804864534
2804868614
2804837894
2940170038
2944163110
2952535158
2952346718
2918782174
2914743518
2914677981
3183162589
3187217620
3187414228
3176935668
4246544628
4246611197
4234034621
4234026911
2094926479
2094803599
2107386511
2140958669
2128409932
2120020236
2115825980
1058853160
891213625
874407449
873887359
873923311
878445486
886849967
1016873151
1553908959
1570700319
1604185119
1608313885
257811469
257880077
87965709
71172367
75104526
1157259070
1287319406
1287256558
1308162558
1333578958
1316783566
1324909022
1324975101
1320858332
1591386716
3730481780
3726223332
3659048420
3661213156
3644518340
4168765060
2086342276
2081963703
2082219686
2082218662
2087985574
2091122862
2091909294
2089812171
1031806985
1036050440
524334104
1431550009
1439873339
1442224442
1375111946
1375635978
1442680522
1442628298
1441546971
1441530584
1476268664
1467884072
1467884328
1461526824
1465654584
1473517592
1167329353
1150748874
1150684362
1280734602
1276405146
1276442010
1142261130
1146521050
1154983422
3298141678
3317150150
3338044359
3336995717
3329135509
3329139636
3325010869
2251285429
2523846565
2549010405
2549078885
2515331884
2515331372
2540498204
2519527692
2653868300
2671661324
2650730796
2646597935
2629690670
2629631342
2650590446
2641939694
2635648430
2635838878
3176838542
3160319439
3160335820
3160401372
2619211748
2618646373
2618766871
2618697218
2622957314
2622829858
2631144738
2631337250
2629698930
2646491458
2411655617
2399138240
2390737344
2386265024
3460006736
3480983140
3757620836
2681777764
2681777004
3218717053
3195570301
3191377119
4265399502
4282372558
4281750494
4246090478
4246086382
3982308334
1843147119
1703416173
1738080605
1972970765
1977101581
1968713501
894971709
826809709
566758781
566758749
596118876
600526172
600393596
591972220
554230620
554210140
554271229
558858733
567260589
567146939
558680987
592268235
592321482
592324890
600714555
600712507
600727867
600596763
592240907
827113754
827099002
827232250
558809054
558296030
566619134
566524286
566577535
566648093
566652220
558261564
826761500
826798429
827180509
827117055
860671151
860670142
860637406
843913695
852376063
852373375
864956189
831401741
835462941
810307901
269271341
269259067
806138138
806126974
810060270
818645486
814455286
562665942
583637191
575576133
571390980
571384836
571383829
571400225
571401249
638477345
638483491
642731299
651119922
652166419
786265411
785215815
793638341
793767349
761260477
763222973
754961309
753257373
744868829
745929055
745927967
741728319
758505582
758472942
746025454
611272126
611125950
619518654
636299967
665680639
650074719
649420557
653583629
651485213
643293245
660010045
626969621
627034389
610125879
622713911
622718007
621636663
656239911
643648871
643647847
788351863
787315703
803994581
803994455
703322951
686511559
677999047
677978327
677978343
677982439
678236670
678236926
686626494
950868654
1017453231
1018510015
2089085583
1568991885
1602530949
3737428357
3469119685
3334914373
3334881597
3347448109
2172920621
2156670767
2156731179
2160925482
2161969978
2220624698
2281179914
2394428235
2393375435
2393391769
2276250536
2242704300
2230096556
2221708980
2221906581
2217736949
2217736807
2269018934
2252237574
2254368006
2262737158
2190254390
2190246191
2190049789
2212004284
2197327036
2189199548
2183960765
2185214189
2185164911
2183033886
2199789838
2160993038
2157847094
2157913638
2157723170
2161904226
2155612994
2151549379
2168338753
2188257601
2188262657
2196643075
2192447235
2192519970
2193384226
2193417058
2281501538
2231144930
2222756339
2222756305
2155712960
2151653252
2151660164
2151594692
2151594692
2201926340
2185145285
2189404615
2197597543
2195514471
2254205031
2250190974
2266898518
2220773862
2224964070
2225000882
2225001874
2226970002
2222775203
2216491939
2266921605
2250123973
2252220997
2256420373
2260145957
2258907429
2258903079
2276728879
2243190847
2247414831
2280948975
2272560559
2239595967
2239738271
2239738271
2239207327
2235021247
2235039742
2269052766
2252273934
2252269835
2256431369
2264819980
2264627464
2281200904
2247640376
2230931832
2231006073
2231260009
2231124847
2230600558
2230601582
2228614526
2236937502
2236921119
2270541087
2270674199
2253830485
2524944853
2659031447
2654773143
2654836374
2671694470
2637042310
2620273294
3694007198
3706533295
3568057517
4104923304
4121700488
3618384072
1450978504
1446798408
1176302648
3344823353
3344360505
3245790233
3245770011
2180351803
2176091691
2475984427
2476508910
2459928303
2459867119
2527051245
2522725733
2520684884
2520709892
2536402452
2670079540
2636529204
2649098020
2644837669
2645824871
2629051894
2633248198
2631331270
2633428470
2381631462
2415710182
2390517599
2388419919
2384405837
2252221933
2235436271
2222853359
2164133071
2159938703
2160024975
2226941343
2231169005
2222776301
2239549167
2239749887
2239690319
2272977502
2273047134
2272842346
2256073322
2256069611
2256037337
2256038345
2256087289
2268739817
2235172985
2218395721
2222595081
2230985739
2226860299
2226860331
2243436847
2242388271
2280390959
2280408871
2238662439
2238694903
2248005111
2180821431
2180821429
2164035989
2155647381
2155648407
2150473143
2150627827
2151574007
2151573781
2168334597
2201889029
2189310215
2197700359
2193494787
2193572115
2193412387
2210197799
2243752743
2247935591
2247937639
2239547991
2235529815
2235464567
2239659391
2248047743
2248041567
2248014943
2247941215
2238504191
2238483967
2356125119
2356057495
2357114774
2365237174
2373563831
2373490071
2402849943
2403071189
2402974725
2402954245
2402953477
2407148309
2409245237
2409310767
2409111087
2277246527
2281440799
2281456415
2246955373
2246881517
2247927023
2247931135
2255262975
2255330807
2255461879
2523897079
2519577815
2519577815
2520756439
2537468375
2503926741
2485003989
2489199173
2489006917
2505587191
2514229743
2449279487
2445153743
2176725455
2159875023
2159809535
2159809519
2164004847
2155636591
2151442303
2220831711
2216637390
2216432606
2216429054
2215321054
2215344607
2219604303
2223823199
2240665919
2274225943
2257446661
2391663109
2391728645
2257998373
2262254439
2270512995
2205638003
2213969171
2180472083
2213903379
2213834035
2213870899
2205539635
2172509555
2172517747
2155732467
2154683891
2154814963
2171442611
2205005235
2189276595
2188885426
2188901778
2188901778
2189426578
2206195634
2168455063
2151579589
2151050693
2151017941
2148855156
2148855060
2164651268
2164625668
2168820500
2177213237
2173019957
2206703479
2206699363
2210893411
2537983859
2534842179
2537471235
2503910659
2503861523
2487055731
2487162227
2487096818
2486842866
2491094514
2511017458
2545759714
2545694182
2260477366
2260477334
2264159638
2255799767
2268513493
2266483925
2232937941
2232937812
2232904980
2164745492
2168804629
2177331973
2173117189
2206610197
2206603047
2172978983
2172915047
2178223487
2178366815
2180791391
2180799839
2180799867
2172476795
2172476731
2172476731
2172517690
2180838778
2178807166
2212352510
2212336126
2203881983
2206045631
2205595551
2205613983
2199387039
2199248895
2199182719
2199385439
2199282959
2236048655
2236032287
2235899199
2378501439
2244286782
2240757215
2240485279
3314090927
3318219693
3309846952
3306803640
3308843400
1161355656
1161358408
1144776968
1144711432
1144712457
1149169419
1089849099
1102431755
1106759435
1096780778
3277691370
3286019498
3265115530
3265171850
3265172426
2193544155
2197205867
2186781035
2186781993
2186784029
2454174733
2454035548
2454166652
2462494685
2479273693
2437322461
2416346751
2418000495
2420101743
3022897711
3035166511
3030969709
3047734653
3085482445
3060308429
3056179661
3056262655
3056270463
3056264319
3060424830
3060412638
3057267918
3074106590
3078303150
4160687534
4089253294
4053601742
3549896654
1402420495
1389636879
1121201439
1112810781
1113011213
1111953421
1111969821
1111978013
1111969801
1137066249
1104068953
3231698777
3233668057
3304971001
2230172281
2225978233
2227027929
2226435033
2226955257
2226955241
2231153641
2231341803
2222888687
2218630846
2218588862
2487058174
2503896830
2508075006
2508010990
2516399342
2499572094
2497474910
2489078606
2489312078
2489050958
2514216302
2547633263
2547566829
2253932764
2249730124
2251827212
2251961356
2272923916
2275283228
2275291933
2241147455
2241081967
2224313071
2228537003
2219084475
2216139403
2216073866
2216671882
3292380046
3309088142
3342718094
3326070942
3594416366
3593347182
3597017118
3605410062
3534094871
3534033445
3551814181
3551814188
3251954460
3243561240
3242575144
2164641064
2165304184
2169437017
2169490265
2169326427
2177715035
2177718027
2207199515
2208248107
2208112939
2174492971
2177642799
2177646639
2177679487
2160693487
2160824815
2161086911
2177867679
2479724959
2454493599
2450307263
2450373791
3524244623
3540967631
3507413191
4028556117
4032750165
4036951605
4036360757
4103399957
2538924549
2516900357
2517522959
2518562335
2522821439
2533101615
2461794351
2461794350
2461864062
2449363150
2164183246
3237904846
3237976062
3565010670
3560745711
2487200717
2487139277
3491740109
3491756509
3495820733
3512477079
3596366231
3596551094
3606975398
3602789351
3602719719
3539738965
3539218692
3520340236
1356096280
1356330504
1356320264
1347783224
1342487096
3491539529
3491544009
3491531211
3508308475
3525103035
3260993017
2197689849
2197696857
2192453897
2192453913
2192515373
2192318765
2176590127
2159825215
2157756895
2161939438
2161939374
2153558462
2153746846
2153746846
2148922814
2147874238
3490182654
3490112859
3490080523
3490146057
3490014985
3489998089
1359312137
3506767129
3510895979
3246671339
3248244187
3248442827
2174640075
2174648315
2212327147
2203926105
2187269897
2195665689
2193432873
2193367337
2193367339
2193387823
2197606703
2197603182
2203944942
2204075934
2204080026
2170402714
2170535327
2170001823
2165815711
2165701087
2165693823
2165767453
2165761293
2165728527
2169988365
2177193245
2177189165
2177221935
2173041983
2173562143
2173558047
2173486383
2240595311
2228049263
2228057599
2219652607
2219644863
2219378622
2219382431
3293131487
3293131775
3293131741
3293126989
3293078540
3288918028
3288901660
3221858316
3238967564
3255732557
3264122181
3264119239
3533603287
3533550055
3533484391
4073496615
4065109031
4060916791
1913633799
1645146119
1645113367
571346991
555626623
538837339
553583195
549263963
549280347
546961979
579402267
579385611
583571467
570986571
639283275
641380443
774549739
795513323
762040815
610923991
606725527
606725543
606727589
610913700
1684917156
1693309876
1693317780
1693416148
1693416140
1710059100
1744662335
1727885102
1727888686
1718418734
644675886
644864286
661571854
628017422
623859974
623738119
791506215
795700519
795704679
804085111
804248023
770570711
753785847
753523159
745265479
745232711
758085975
791624039
778910055
778926951
787348327
783145813
783260485
800046021
770554821
753777348
745380564
741186293
1814928117
1814928125
1814952687
1680736239
1680110062
1684287726
1684279530
1684476122
1684419034
1684485082
1692740346
1688546046
1689598590
1687509718
1688005319
1620881351
1620877701
1658814852
1648263556
1648264132
1647760372
1647768292
3809799781
3759467301
3772054311
3767851311
3834943807
3834952719
3872780367
3793146063
1647755469
1647722669
3862393261
3866386861
3891555817
3837221881
3837184841
3837254153
3854428681
3892161033
3883707913
3879506443
3812409867
2738275115
2738242346
2809540910
2808427822
2808364326
2808364343
2808429887
2745638189
2980515117
2980383101
2443450749
2444499295
2176596039
2208054343
2208046279
2212247007
2214426111
2214452703
2206064077
2170411469
2199910857
2183133561
2183092585
2183100760
2182053640
2194499336
2190341896
2190464872
2190407528
2211370857
2162087901
2153706447
2155738107
2155639786
2155631594
2155681274
2155690458
2155690202
2155690106
2155690106
2151495770
2172614666
2197741898
2193547595
2193617243
2264707433
2264699373
2255259117
2272108509
2238693343
2238693311
2238560175
2221914023
2221913526
2221389239
2222372247
2222435735
2503851413
2537537413
2470346629
2470324629
2453548437
3544065213
4148045053
4118687869
4118180173
4101436685
4099188557
4099190605
1880403679
1896648335
4111306383
4115564429
4150183349
3613312423
2550064615
2533123383
2532076855
2539924791
2548382999
2548972823
2242778417
2242774321
2242713393
2242713361
2243704625
2243696419
2277248801
2277248801
2281442673
2278825297
2278840593
2277801781
2269404981
2235850549
2237521719
2245982039
2245977975
2248015847
2247905255
2239515639
2172389717
2172459349
2172590101
2239654935
2273242135
2279531895
2279584246
2279440822
2245825430
2245826486
2236915638
2350177206
2366921718
2367117654
2367060230
2366041350
2412175366
2407981062
2392187079
2392653223
2396835237
2253965732
2249788308
2268991364
2268989316
2234914708
2239113124
2247370213
2230594871
2225350934
2225367350
2225110310
2225200438
2158462262
2162525478
2162984230
2162984231
2171112823
2205715925
2472123573
2455345333
2518400181
2518334613
2535128197
2501535157
2487101157
3021879015
3026075383
2497657423
2493266511
2493266799
2375817583
2409379863
2392599559
2391745542
2391744838
2391618406
2395752230
2413561638
2405175158
2405269270
2405264663
2405264695
2270977061
2279394325
2279467269
2262542613
2262669621
2195556647
2187299127
2186713463
2186717559
2186787189
2187304789
2199822277
2153682629
2153682631
2155779743
2164178351
2164045999
2164062383
2172442799
2199672973
2199787661
2165194189
2165194317
2149465693
2162110045
2157718269
2157718237
2157723325
2174554029
2174160045
2178227373
3227794621
3223608573
3223383255
3224612295
3239227206
3239292678
3271663374
3275787550
3259014206
3268519966
3268651031
2194929719
2210584631
2172832551
2156056103
2160512550
2161624598
2161632774
2164253190
2181026343
2210252325
2214088309
2205682388
2201488084
2200439420
2200582188
2204772461
2213489901
2214404319
2174705799
2177884295
2177208471
2168750503
2164295151
2197851503
2198051087
2202183951
2193795343
2206640399
2211817775
2169816109
2167783453
2151563341
2151551213
2422084076
2430538348
2157785700
2157458037
2161653333
2153265733
2149071431
2149137239
2153461847
2245601494
2258119894
2258317446
2257211526
2257240198
2261369254
2261304742
2387148198
2405035430
2384194006
2384128470
2386226247
2390420551
2407165127
2407197829
2407464341
2405424565
2405195189
2404134325
2404134311
2404134887
2403745590
2245402134
2243304966
2242344450
2158293542
2158265126
2158264615
2162459941
2162985781
2155645653
2151516885
2151537365
2168404725
2201893463
2189323607
2197741655
2191499383
2191372517
2174529765
2161938645
2153612501
2153618677
2149554407
2149562599
2149542246
2199791990
2182757214
2181708510
2253003734
2261269463
2273853333
2240561077
2223322804
2223198868
2227229316
2218832516
2231407060
2231603284
2265099268
3343099909
3351374101
3284364079
2202155566
2198276654
2182024750
2181760778
2185830410
2194153498
2189959230
2189960287
2206731599
2206731135
2206993262
2207075174
2177714534
2169502054
2168974838
2177887671
2177742231
2177734549
2178783108
2169870228
2205523892
2201328060
2201328124
2201466924
2201479228
2201380877
2199267341
2199268621
2210797327
2206598703
2206993967
2173439527
2173442599
2173516327
2177710903
2177653559
2177654117
2177654133
2178801141
2178801111
2170411479
2170411511
2170412007
2170543078
2170542966
2170485590
2170518359
2170386775
2170386775
2202892631
2202884439
2202884471
2202884471
2177718615
2177849687
2177366391
2177236455
2177236455
2235938295
2236985847
2236985815
2235938775
2236465119
2236324863
2236324607
2232138365
2232089213
2232089165
2232053324
2244699981
2275008589
2275139821
2275005677
2212023527
2203601383
2202847703
2198731127
2198845815
2270083575
2270080471
2270080135
2278532231
2412623254
2395835830
2387381670
2332614566
2299076342
2283412214
2283416182
3357158135
3363384276
3363318212
3363580036
3357281412
3374140548
3406294212
3389500484
3469192980
3464871444
2391129652
2391129636
2273689125
2273828709
2244462951
2236500327
2152597622
2148407318
2165250070
2169388038
2177838342
2173512966
2206997811
2206752547
2211008289
2244730673
2244599669
2244534133
2237193077
2236144503
2269707127
2269772663
2269904759
2270822263
2270822263
2270814199
2270813687
2203704823
2203687383
2203687383
2203704279
2203835255
2203835255
2202729238
2170486534
2170482455
2178936599
2178809719
2178796919
2170342263
2203896823
2203884535
2203950071
2204088789
2170470353
2170535889
2153774833
2153635569
2148884177
2165775059
2164669427
2168863091
2202478706
2210736182
2210674806
2210740342
2210740310
2210732246
2177715415
2178768087
2178735303
2178735317
2170346741
2169888101
2205678965
2205641045
2205640981
2188475185
2182314801
2198272817
2198272848
2198268736
2169481536
2169485632
2169151296
2169151297
2169148993
2169156161
2169152065
2177561171
2160710497
2152513889
2152481121
2152468983
2152676823
2169387983
2194553823
2194480127
2186025467
2253134331
2253132955
2261520521
3347869849
3248185787
3235602858
3227017386
1077435562
1075366058
1092323514
1394256270
319464846
302621582
302621582
307864574
1409003822
1408206126
1944423726
1944562974
1944234270
2011344158
4158828318
4116883230
4252210719
4235298591
4233348927
4250126207
4249214445
4282703277
4291087804
4291153308
4282908572
4282869660
4245121020
4178764780
4178768756
4183028021
4249940245
4283491351
4283560982
4250137622
4250139911
4183028999
4191614743
4258682581
4258678517
3185510389
3218867703
2681476583
2647930087
2648007895
2648143239
3721872775
3721746327
3720636343
3720406967
4292076991
3218588895
3059073117
3073675324
3073679676
3044516408
3849758232
3849686552
2770120280
2770119401
2770120683
2769681642
2773796074
2759115866
2759312654
3967221534
3979798070
4013318935
3996606469
2927063060
2926985236
2868264964
2868793348
2885609232
2828922404
2896031268
2895894028
2761541199
2765639674
2692234410
2704816298
2738555051
2737704089
3777888649
3790541720
3787207416
3787207177
4089197323
4089211946
4074531882
3592221738
3592175626
4145954826
4250583050
4238000970
4240097002
3164318442
3164121770
3159931579
3174610571
3711476361
3577471625
4097471417
4097450349
3565036847
3565040934
1425945862
1358771202
1140588562
1122828306
1122635779
1190842435
1188659397
1472759205
1468578228
1468709260
1470015884
1455339916
3739524093
3726948077
4264866349
4264878635
4264976938
4264977198
4151796006
4109177122
4104782146
4108976322
3572171138
3572192678
3572067751
3568003509
3585767813
3590019463
3590015367
3564658662
3564660710
3497551718
3564724519
3590058277
3623477300
3606966356
3606966724
3598610884
3615377092
3716026053
3716042471
3707588327
3707559399
2646402151
2677859359
2661261327
3741229325
3732841021
3732517437
3745051165
3711459871
3694864175
3698998570
3715762218
3747088426
4267198522
4267310090
4267420938
3193676042
3218834186
3166339675
3099234905
3103498969
3162022632
3157845673
3157812905
3173531305
2938838955
2927299754
2793278618
3070112970
3069584586
3082227930
4155986011
4124565579
4124549195
4116031307
4250181194
4249132574
4245019438
3171343150
3176029998
3177068350
3118080782
2560238350
2562327062
2562261877
2566402916
2566398308
2558275684
2575244348
2606636060
2589350925
2596793423
2596597198
3666126286
3666716062
2593109435
2592703657
2655552680
2668135608
2669249736
3709531596
3694814540
4097730412
4101908076
4110227052
4110161517
4101797885
4116510156
4116570572
4148667724
4148467004
4131688236
4131687976
4140146232
4140281625
4140163355
4131868730
4127658090
4127527146
4110811386
4095607754
1952331338
1956519450
1958558331
1958505195
1958538235
1954343049
2000473225
1983693961
909426873
892748219
1949721023
1951802350
1951802222
1951688550
1960079142
1419046758
1469380038
1452725446
1586938055
1593196677
1584726180
1309941924
1309941996
1582707564
1582711304
1610008072
1605863944
1604626968
1604626745
1587849258
1587850298
1601475706
2100609274
1949778170
1950220666
876491310
608051758
620438310
613954662
668482774
643312774
575155335
575306919
583720870
583945894
579079838
583012046
583015247
834808589
819079452
821176604
888286476
879771404
349208124
1419050732
1418497708
1435274924
1468567228
1451859628
1447603884
1577627092
1578741189
1583081671
1576937666
1550202978
1550191074
1545735138
1545736082
1545746050
1567827650
468722498
462431490
177225010
196110626
145795366
1218885894
1219411206
1487845143
1504228901
1501078245
1530430133
1578664597
1582937013
1583063460
2002445484
2000563372
1967000748
4097707148
4097707468
4101899996
4106044956
4104413704
4121223688
3622086152
3739588393
3739520299
3736389930
3740790042
3740689466
3749072938
3713351722
3713859674
3705483594
3704500570
1557012859
1557078825
1414267689
1410073417
1410078665
1410080713
1359825817
1397706153
1389315481
1384993160
1452134792
1453314440
1452732633
1469424105
1414835561
1410705707
1410833195
1410570778
1410571786
1431410250
1473348426
1993572682
1985130874
1980932334
1980999151
1980936687
1985118429
1984069836
2000928988
2097172725
2080383207
4227870062
4229048942
4241885742
4237691430
4170648102
3652460054
3669239558
3669238022
3400818694
3402982422
3410261286
3410301414
3376878054
3385291751
3368416237
3364156284
1220866872
1237645592
1229306136
1259780120
1243527180
1243514892
169839628
169394188
169459919
169525750
200991142
150626722
150626707
142160769
209520529
217452256
217455216
213322256
146618929
207384355
207381810
1276993858
1277084098
1283375538
1304351667
1336382385
1319474064
1319145364
1322294260
1312877540
3389057901
3674270575
3709005646
3746743886
3757294174
3753083614
3750859518
3753947886
4290814702
4248871662
3175131101
3175329244
3158490588
3154303100
3171010684
3172096124
3205920893
3205897246
3193373710
3201565726
2664763694
2660721454
2593579558
2610422327
2609164868
2596579140
2596578628
2588783924
2585637156
2602488100
2568901428
2552107532
2558408268
2558135885
3631942253
3682077417
3672640875
3672641610
3735892042
1588469770
1593647162
1597797418
1547491626
1547630906
1547069706
1547049290
1547519434
1413267610
1417461930
1442697642
1469903274
1468838314
1468826026
1468962783
1452191229
3599673708
3729565996
3725572380
3726542860
3592326220
3592339677
3609149661
3575513503
3558740671
3571323558
3567198887
3703386791
3702798005
3717474301
3721684317
3692358927
3692543247
3694574855
3694587143
3697729287
3705980727
3706996519
3723772719
3746968431
3730187135
3755417919
3755282719
3721728351
3703649663
3703586175
3695475183
3695499758
3691370974
3741498766
3728909710
3729949070
3738403278
3738403326
3738300902
3738231271
3753960807
3712021861
3712204117
3712130373
4249001284
4278426964
4278320597
4278318453
4211340661
4211168629
3103807335
2566928231
2571188070
2613264230
2609061686
2609061654
2592288534
2593471798
2610183478
2580831542
2312394038
2313114902
2296321358
2304589134
2304523743
2304511469
2338129317
2338272677
2313052597
2379637125
2361783685
2361719173
2353326583
2353326590
2354510814
2371247054
2413191118
2415285198
2398474750
2415186415
2415186285
2381623612
2355147036
2355135772
2351007036
2351103292
2351098685
2368924445
2404573005
2387791821
2386818509
2395202013
2396254589
2412889465
2404435320
2404408824
3473942952
3339790760
3339848120
3327264152
3334615484
1182871996
1182802348
1204838828
1144058236
1142980892
1143048460
69314828
69445645
73635871
90364943
237425679
237912079
237716287
242803246
184086062
1257826862
1517857326
1532538750
1499117518
1490715598
1486783438
3633217886
3633086575
3633094692
3645693988
3641504820
3625669892
3625606996
3629796972
3705293420
3717991021
3755748191
3730057678
3724958094
3724692622
3741453454
3607110814
3577749694
2243965183
2239828847
2273399341
2273591853
2256847404
2258428473
2277286441
2247926313
2369752873
2369686011
2635499915
2635573643
2668476811
3741825419
3741689226
3741626762
3745890458
3713978602
3562954990
3562939631
3562941911
3562945989
3588107733
3588175796
4158461876
4157952948
4157985716
4149539220
4111774100
4110722477
4043617647
3510931247
4049046334
3589712702
4126601022
4159106350
3622298918
3622290742
3589751095
3707716385
3695145777
3695116800
3695051520
3695063872
1547575744
1567491572
1471088101
1454198228
1454230988
1458428364
1449974093
1462565165
1433201005
1425010285
1420747359
1554608846
1558708934
1546191542
1479152034
1500127394
3690868898
3686143170
1536636098
1523851347
1515479859
1515577875
1515546353
1532257957
1573678757
1573711780
1607248300
4274888108
4266630556
4266628492
4266374604
4133463308
4143887660
3085874476
3072759084
3072771868
3072770836
3072803620
2776056612
2780115748
2761372541
2761373647
2694130126
2698344926
4027861118
4045146238
4045216862
4078854158
4082524174
1909936142
1893482518
1884058742
1884056822
1900857826
2010041314
1993263826
1993004738
2128274370
1585111490
1584394322
1601159266
2103824610
4230242546
4231356902
4235454119
4103200421
3833711340
1686162140
1687222860
1682992652
1695555852
1628512316
1628516393
1678966827
1947598891
1951865898
885340650
881072810
880806554
897583754
394282639
394285775
395342797
395731453
399925741
374760933
1192648135
1179084758
1179481014
1179435950
1204601262
1162641902
1145341950
1422167919
1422176103
1954851685
4103514949
4103514437
4254514501
4269180277
4264924005
3995378229
3928355335
3946213910
3912639014
3894748966
3907259438
3903064102
3903065094
4171633670
4189459463
4187440389
4219792996
2076487268
2059710212
2051380484
4198663172
4194472964
4194546708
4194614308
4194626596
3137793396
3154534084
3159230164
3164472055
3164144374
3164091110
3164087014
3166200046
3183004846
3216689302
3199920262
3195710598
2652627847
2669568653
3708691148
3692962380
3625911080
3627877417
3632015401
3657181227
3650955274
1503488014
1540339726
1590330382
1591378190
1587249999
1589281244
1589281260
1585177068
1580736684
1580736684
1564156333
1545220586
1549404154
3701083738
3700181578
3700226618
3699943978
2626198137
2659892808
2391451352
2324293337
2328392443
2321023978
2338009962
2340036906
2314875182
2293896222
2293971999
2293775421
2293815324
2297989132
2297990476
2314966988
2314904316
2306515692
2306384621
2333639279
2400748126
2399889098
2668310266
2668243370
2638874794
2644117675
2644135049
2627237256
2633524104
2618839688
3424142296
3441062249
3441321003
3474877482
3457562654
3457563662
1242965006
1246896398
1272058126
1301414686
1216545567
1216821052
1220898108
1212639509
1208469575
1276495942
1293274310
1312113862
1324827094
1320370642
1320293297
1337136048
1288713120
1279271584
1275077280
1275261824
1158845312
1180074884
1186301765
1319406901
1319410989
1323608365
1579460905
1579461931
1596759323
1564263691
1564164570
1566179770
3436847534
3436839335
3436904935
3436717911
3428344579
3445121793
2377835264
2411369216
2277147392
2277084513
2260502945
2264709541
2250017701
2250213271
2250175375
2652824462
3730760606
3726500842
3711760170
3693931290
3694062346
4230408458
4234524730
4242906154
4259348538
4293951578
4275093722
4282564794
4278345902
4244791487
4248973797
4240585196
2088965100
2092970588
2094019100
1548759612
1548949032
1548879416
1551310345
1546922762
1546926346
1277429786
1277626378
1299056906
3484309258
3485332234
3483165486
3483148590
2409406573
2409406564
2415427684
2406203620
2389624272
2406408128
2406383312
2239706080
2239509412
2178691503
2178691470
3281661322
3281676714
3268962730
3256372139
1109117833
1111158088
1395323144
321638664
321446200
304914728
304918828
318079781
311853861
382108629
365737857
340569985
1414437763
1548676995
1557065606
1556538758
1557643687
1607844327
1593103150
3740590878
3731941150
1601236778
1601236266
1567878458
3713428794
3713422682
3637904859
1557529033
1556550104
1556428184
1556428188
1413815804
1430747628
1465346533
928349559
844617030
844615958
844623894
840429590
857206806
823554334
822440238
805586734
806095470
810289898
818154154
813960842
881074058
1954576266
1954807179
1971514777
1472392632
1455615960
1582415640
1443938104
1460705085
1410658613
1410654519
1947656482
1951850787
1950773283
877072673
927400260
910557956
373686796
373689868
375196200
383519273
383527723
932998458
396162058
395628618
368361674
368361563
209186939
209118505
207023401
202829113
202763529
206868232
207062861
215385053
266244317
251572413
243245207
238407815
237977751
237896886
243146662
1325297327
1589210799
1589178109
1593632461
1592566477
1567470285
3630674589
3631592189
3625236207
3624185582
3624201838
4182109990
4198954278
3134603558
3147776022
3151835166
3151770942
3688377646
3688372590
3646495214
3646627294
3628799438
3628675471
1489974205
1489896361
1490879384
1490300568
1480862616
1547709400
1560361416
1593904457
520159497
524513547
398684939
394752793
361231144
361034024
348946728
336363816
1410049816
1544204041
1544194890
1544522698
1549633962
1558026410
1541395594
1522450570
1522421902
1539207582
1539187689
3655213864
3655082536
3629985288
1499425544
1499461912
1532360760
1511318552
1511846152
507265544
373244553
389677755
289029803
830089899
838625707
834410667
850152587
851234955
854954123
846630971
845586473
845455657
858579240
825225496
825226040
271128552
274206633
281545643
277483450
277753738
278799630
12398862
14946590
14967838
15000590
15117327
23501839
86412551
120557047
124566965
241469365
250054581
249992119
250012567
241329095
241374039
237179175
238100775
259006759
223374125
230717741
230746421
264300565
255910917
235069445
235323396
252592140
257818956
100533084
96339704
95357672
95255224
95185592
99413672
82638505
82626491
82100666
82301418
82764074
74342682
86917402
120484122
237921546
1311664394
1315891530
1257036618
1252821498
1252822506
1252819306
1319678250
3400114474
3416957305
3366626172
3438994164
3430474468
3430475488
3430477536
3436883376
1289399425
1289391235
1281068179
1547279507
1545182353
1545247955
1497015539
1513791570
1513074690
2049753090
2049196082
2049381410
2053582626
2057660962
2058701410
2073381442
2023046723
1482501635
1478431235
1494958369
1534607456
1593331808
1592463568
1584017600
1563040896
1547323776
1547401892
1549544100
1557933740
1556883101
1556357789
1556353951
1556088766
1556111342
3703884782
3720645422
4257651231
4219907599
4204242711
4204044599
4204044343
4204048439
4198805543
4194623599
4211437807
4177920237
4161144297
4173728745
4174777291
4258532235
4275317387
2119510971
2119633802
2127824266
2127823242
911474827
911474841
873865641
878584488
886719148
884527788
883468024
917023544
912828445
908634141
908630031
908764175
841650187
841924619
841367579
862323003
904267099
888609691
888482491
888478363
888494795
884333130
1955913227
1960104475
2144641595
2127864619
2127946025
2127946029
2059665701
1540162917
1506676131
1480994210
2017603490
2084728466
2084720258
2093141634
2088816258
2088808114
2139138738
2122382225
2118335408
2131831712
2100313056
1949501924
1962020324
1957891556
1955644741
1708168455
2001775886
1733340430
1722853646
1722853406
1727052862
1733409839
3843472425
3842411561
3842411821
3775303468
3808868924
3797417500
3805662748
3863286284
3859092300
3875877212
3825606765
4107673711
4103472510
4103474654
4237757406
1954810702
1959541070
1464630542
1460659466
1447551242
382001163
1455718457
1464123433
1560625211
1560620058
3423021082
3422955882
3427154538
3448638058
2408386122
2391278154
2391294475
2391315225
2325259048
2329453352
2346296940
2348455676
2314962636
2306442884
2604185253
2669264551
2669272742
3743027174
3743033286
3743031630
1566187598
1557804127
1557863639
1557936343
1146882258
1155270802
3314288770
3331274882
3331204546
3330683330
2391171906
2409030402
2375525139
2358553891
2358552865
2358290465
2377157925
2398193189
2389870101
2385675797
2385679925
2386001527
2385844839
2384927079
2402170983
2364414071
2360214607
2361274575
2361270479
2360877535
2360877995
2297967530
2297956266
2289622522
2289691115
2284435753
2284427545
2284428040
2284370696
2284699145
2335178265
2319384187
2317248462
2320376142
2324504958
2391613550
2391093358
2391036015
2273592421
2278870389
2247462213
2222374725
2222435957
2222435879
2222429799
2222430197
2239084501
2272634325
2255861149
2524290493
2520227004
2518129852
2518138044
3071720636
3071716508
3038160333
3037111757
3021400029
3021403869
3021362909
3021428445
3025630973
3042260975
3050575855
3084649983
3084662111
3052744013
3052891917
3052924685
3053317916
3053252412
3084703036
3067987004
3063926845
3063935061
3066032343
3061641398
3074180262
3040822694
2486063014
3027132310
3048112022
3047976327
3053217221
3179046357
3175085525
3179206261
3185505909
3187667479
3187462663
3212599894
3174851414
3174852078
3179116014
3177041134
3185495262
3219053646
3221220623
3204246815
3195856191
3061708095
3061707135
3078484479
3044921839
3036606959
3036600303
3036597997
3036663549
3044925021
3074225677
3074221901
3074187645
4148117631
4118676703
4118680831
4124988655
4125039870
4125048182
4125048134
3589750022
3589745926
3715579670
3758047030
2667410230
2667410199
2662986004
2663100692
2663092540
2648212076
2631435868
2625354440
3162155737
3157912297
3157797611
2620926954
2637962746
2675772666
2684226666
2684226602
2684232762
2583568398
2308841485
2308841740
2308928052
2308731428
2291955300
2298235620
3376171941
3376220583
3407222950
1241917590
1510091910
1510088838
1510105223
1581310101
1598071991
1598070006
1560386870
3708010038
3721571894
3314724406
2243409438
2241299998
2241775342
2279294895
2269644207
2400791711
2405050559
2405050539
2348493035
2339907611
3409464586
3374863627
3375031049
3370836748
1220207420
1220145964
1213788972
1209582444
1276658652
1275621260
67774856
336472203
340666506
273025162
323356810
39257226
47972746
64766858
31244986
14455534
6071278
6088686
6090726
14667703
64898948
47580036
39199620
41296796
37168108
37036840
24385336
7654185
6589230
14981422
11315502
11381774
61779982
317620238
376340679
1445888133
1445889429
1445895601
1445903283
3611295655
3577505702
4097058734
4101252014
4107678638
4103541167
4103352751
4120125885
4153696725
3612668245
3611185431
3611193607
3611042055
1430070023
1416504079
1560171277
1555451677
1559517501
3704944941
3696539965
3696597327
3747061199
3730282446
3730146190
3730293662
3738682342
3730273254
3730056166
3746833382
3721863671
3705549303
3701342709
3701277013
3705410901
3697044823
3697076502
2619324678
2636036422
2669591366
3738809926
3734540998
2660864663
3197862548
3204022948
3212374948
3207134628
3207126180
3207190756
3073014996
3073010757
4150945095
4150939975
4159459623
4159447335
4160500023
4127011103
4127142269
3581883773
3581877599
3581876559
3581893071
3590289871
3590151503
3623634255
3623633183
3606925629
1392472377
1476337977
3623690553
3581748521
3565105001
3565050857
3565079225
3581791113
3581722505
3615262089
3615261129
3615457753
3589730809
3589693801
3572900653
1425417005
1425348607
1425286655
1425358270
1156913598
1148652974
91689390
108147151
102904077
102875400
106988296
308324136
316714792
383822633
379960091
363170634
283414410
275040138
271860106
271987162
270939434
270935342
275129639
1365401863
1390592323
1391624643
1389462403
1388360610
314614694
1379967910
1917093295
1917079019
2001078651
1968580907
3587582250
3572967738
3572840730
3572841738
1425281290
1421083402
1437877242
1435779754
1434739369
1434740648
1430544808
1426378904
1409794248
1342603464
805736648
805479880
805481176
809544440
272669369
289458826
386039434
1191344074
1460815626
1467401530
1437058350
1436869678
1436869654
1168548871
3349578053
3468607956
3464254372
3457968036
3325962160
1178482576
1451104224
1476145637
1425809701
1425498125
1425534989
1416925197
1412730937
1412738089
1410709816
1410833208
1413974584
1464191688
1464291017
1447954121
1464730315
1474171371
1474175466
1440686314
1435771130
1423208650
1423229370
1414567850
1141935838
1157664334
1195419422
1196466479
1456644397
1385623820
1408647436
1375603980
1349388749
1349196261
1350052269
1366829487
1366827438
1398567306
1394377118
1897169903
1884337005
1884332324
1884339508
4098930948
4094798596
4145195524
3054679552
3054670340
3057041972
2994602532
2994483941
3001556903
3001551022
2997356718
2997554334
2997489802
4071235722
4076413066
4082659498
4078464234
1899882586
1899948106
1900013642
1898719306
826016842
863764490
1937637674
1912476458
1895178795
3501467193
3502046729
3571235336
3571227144
3571292696
3582821912
3213857288
3196756508
3196823149
3129520109
3126368623
3122169965
3191441645
2939831476
2889494916
2889753220
3963495100
3975479981
3970171562
3969915562
3970185578
3971225658
4240205834
4294749194
1851433994
1851433994
1847297035
1847102761
1780001065
3927485737
3927620925
3944395021
3994698079
3997106670
3996987566
4017950886
3987538342
3970761138
4239340530
4240253506
3703382530
3701285379
3432791555
1306274567
1314613511
1310628167
1312721287
1325305734
1320519302
1335141015
1333834415
1325437871
1308680623
1577215141
1577462997
1577396432
383592944
385751472
402267520
90840448
23729536
6947200
15532433
15483297
300213152
333751264
317043668
308711748
308449541
1382192413
1398838573
1373673263
3521419050
3496318778
3563544122
3563985722
3572369978
3568175866
3586010042
3585878970
1476148651
1467744699
1446248603
1446318235
389374107
371564635
375758863
308650262
308583479
308579381
309172244
305117204
321845444
271464580
339614596
343542404
347737765
346885863
346826342
346301990
346055206
362869030
358719526
488693806
471883822
472915998
470823179
483849016
479657512
479648312
482146824
209496584
205167368
339380488
337284553
341345691
276334522
276333470
288261022
841920958
841408942
841408694
842105014
846299367
854634535
1927324709
1918936101
1935713573
1987225125
1995896373
2010564101
2010498565
2011059781
3614867159
3581304791
4118044598
4252253094
4260838838
4260568471
3721475991
3721421813
1565581669
2102452517
4249923872
4126191904
4122255649
4122321187
4122391842
4160199986
4145991622
4148055750
3611167430
3576564422
1978077159
1973685607
1973693823
1973693647
2012685518
1476337855
1442787519
368971915
366530953
366510521
366523881
366521705
391948333
394046509
1463657501
1446945039
1446416655
1463189775
1465288479
3587620461
3587616485
4124417765
4116022996
4116022860
4116021852
4118139708
4160054061
3623167269
3598003495
3597940774
1446254630
1446320166
1450581046
1188435206
110498054
110506758
110572294
115331846
134054854
92111747
74285463
74289559
1148032439
1148042678
1546631606
1550825910
3698325942
3706644902
3707710438
3707513638
3757846055
1593585205
1316759061
1314731828
1314731316
1314726192
240853008
240791553
240795715
224051650
217679234
1290374546
1290377654
1290385846
1286322614
1287368086
1287368631
3434721188
3434671844
1341712996
1312324132
1310210596
1310535220
1310663476
1310613813
1310609446
3479093254
3430859846
3430583490
3429468610
3437857234
3433799158
3434852838
3434717606
2629345701
2629346724
2516094372
2507704756
2503575988
2503647124
2503933892
2503927748
2541610853
2541610341
2541679925
2541638917
2550028101
2550092373
2545504885
2545480421
2545480679
2549674470
2541286638
2537354478
2537348335
2537479375
2503925199
3581869519
3590158285
3590120927
3590190591
3590190591
3590182399
2508052463
2503866238
2503858014
2537419551
2541613855
2550133567
2550101310
2550101310
2516149558
2499306855
2499376615
2499495911
2499364775
2490914741
2490955669
2503606229
2537225669
2520448453
2524958149
2524839413
2533225975
2531128822
2664789494
2666886518
2683643254
2641700150
2624927030
2632783158
2632652071
2632651573
2632545109
2632479060
2624115044
2624094564
2619913492
2636754180
2569775364
2608507653
3665488693
3671775527
3671673143
3671596319
3755482591
3747165695
3713664423
3713664935
3715761079
3715638165
3715899797
3713819027
3713295747
3713328579
3427855634
3430136098
3304229667
2247265073
2243152640
2276720384
2410917680
2408822560
2392311328
2413184704
2413694592
2371554995
2373454754
2369259942
2369521830
2369599638
2403282118
2403216646
2399020294
2258906374
2258910518
2275687718
2275704102
2275691814
2280440103
2239742261
2239426893
2231100365
2228806607
2220410875
2220411882
2153335658
2148096363
2215344475
2236250447
2236280141
2245714253
2245648717
2279133541
2279096679
2254062946
2253000050
2249857298
2249865522
2249931026
2272931074
2381982979
2243585283
2226677619
2226706273
2180566885
2180565861
2205993316
2206202212
2172582260
2170482516
2178871109
2178805573
2161965927
2153565031
2153565031
2152585573
2169370965
2169370948
2169370948
2203052484
2203021268
2211412949
2211281911
2211273190
2177653222
2177718630
2177718630
2177857910
2177857879
2178939143
2170415381
2170353973
2170411380
2170395476
2170395461
2170419797
2170419815
2170534759
2155854695
2155854327
2155854291
2153626049
2153748929
2170461140
2170461140
2271148757
2273311701
2273147895
2256370150
2390588902
2407496934
2415918326
2415783094
2415721622
2340216214
2339233159
2305269637
2306784901
2306797509
2300502877
2283790653
2300567615
2287968287
2296094779
2295965055
2354620783
2354616831
2349369815
2349844871
2349783174
2349757570
3440251010
3477995906
3470135698
3470136306
3468052339
3472084496
2398477824
2390031888
2390009376
2390009444
2413601508
2682036908
2672592556
2504574653
2504640430
2539314606
2539314350
2675592366
2674543822
3748342990
3715705934
3715836230
1560158006
1560153654
1560151862
1551188755
1551163667
1550885173
1496358997
1511366725
1510456327
1510324487
1510251286
1511316006
1579149870
3732563518
3724165710
3702145743
4239114655
4104700333
4108887213
4101549228
4114135260
4114327756
4112165961
4114539785
4047393545
1903559291
1912473323
1912422315
1945897899
1939606955
1927020955
1926574217
1918247113
1400250376
1362505993
1348735275
1348757802
1080093498
1080154906
1089833482
1086164490
3233579530
3248194250
3518661514
3518673817
3517560232
3546852776
3542661548
3526098332
1378509196
1378754956
1395532236
1361444925
1344565287
270853158
275048486
275036166
283547910
279354118
296651526
313429762
309167362
372102466
120525266
70127954
70136162
342765922
347026275
11350881
11346432
61676032
44845824
49072896
57444672
23959889
23903603
292332018
292331730
309297346
305041602
372150386
371889187
371907617
371880992
371925280
376119840
384762416
367985264
284104403
283973314
7151234
7281298
15670162
15538642
28130770
27802706
28910611
1136210225
1136206131
1140335410
1129866770
3260767794
3260697138
3264940562
2258176530
2277317394
2243769650
2226970658
2226970662
2226958447
2242679277
2246869420
2221704108
2221775532
2221906612
2217646772
2218703764
2235492741
2269047109
2252235781
2256429061
2263769109
2259574803
2263819315
2256289058
2252082018
2233273074
2216562306
2219720322
2223908482
2223994514
2224848867
2224843745
2231167841
2239551760
2171440592
2171506928
2171515024
2179899780
2164171156
2164044708
2222759652
2235337252
2252114468
2251266612
3593399047
3594184710
3594183686
3598368774
2524627014
2505752646
2631586902
2629432630
2495145782
2495145766
2629362981
2646138980
2684109924
2267808980
2233861364
2217083628
2217087597
2222330431
2228696635
2223253019
2223304203
2223287067
2240063577
2278340825
2270989513
2268892297
2268892361
2268941531
2235178218
2235184494
2216305982
2228888334
2375688710
2377725463
2411214375
2411230759
2397881189
2397864813
2397999612
2414784988
2382341016
2365367224
2356977576
2351729576
2234485672
2251201464
2252274073
2252270027
2252271050
2390548554
2390741066
2381762570
2362863674
2359189806
2359157550
2359157550
2361242477
2361165796
2365376996
2351745268
2369767636
2403268693
2403002695
2386224902
2390417926
2398810630
2260386551
2528768677
2545476516
2478368676
2482535332
2166098852
2166098853
2166229439
2148932958
2151031838
2155291662
2157192206
2157192478
2157184830
2173437486
2173455915
2241658667
2247932715
2415761705
2415892957
2415902093
2398988189
2390538172
2390590124
2403305148
2369685436
2369716124
2367585693
2350803167
2350786686
2350853150
2236953614
2245275662
2241093898
2241323834
2174128681
2442560040
2444527224
2180812440
2168228504
2151537304
2151602840
2151611288
2149482425
2148955611
2153128010
3231014926
2157277214
2157338663
2176213047
2209770518
2197248054
2184464422
2185091110
2185157894
2189345030
2262745870
2257441327
2257379885
2240603688
2227726888
2216172072
2232945193
2235435627
2235433323
2248085611
2243784923
2243752123
2243748025
2242690201
2238482588
2234354108
2234489244
2235497372
2269014989
2273193933
2273191887
2248025022
2247435174
2230596006
2163495330
2163331490
3243372723
3272646785
3255873668
3255935172
3258179844
3258179852
3274793768
3224397355
3224570410
3231058458
3231075083
3231141643
3230983961
3233080073
3249848841
2214019593
2205552155
2268465978
2268997930
2237409322
2279353386
2275151882
2260598794
2394865994
2394854219
2394727407
2398921199
2397868461
2398912685
2399113404
2390732988
2407309492
2369561012
2620229028
2619770292
2619784628
2619780597
2637621335
2635491342
2669029390
2669029646
2522233118
2547451454
2543125038
2543587886
2543592046
2510054143
2243744669
2243723676
2247920828
2234812588
2232912060
2266430684
2266391821
2266391821
2237014797
2245403421
2241800181
2359047653
2359041453
2380008895
2379827614
2405043150
2386169678
2386237206
2385060118
2397643062
2411208998
2411225383
2377695533
2361183532
2382220052
2373946308
2407434692
2390656388
2264830364
2264772797
2264719789
2272584109
2272577449
2268580525
2268519132
2268527180
2268490509
2268556045
2239180047
2247505166
2231305054
2164196334
2161906094
2161381806
2224292014
2224342206
2245328029
2221980044
2217777604
2233575940
2233640453
2233639429
2234704391
2222178838
2230829622
2224547382
2224484135
2358683683
2627180577
2644478193
2409531521
2390723969
2386397123
2252195522
2252277330
2269001250
2235442738
2231248690
2226926690
2226918498
2226918627
2361152723
2361246913
2381219008
2381219008
2414785872
2280500576
2280434016
2272041312
2233830768
2217658176
2217620305
2217616227
2217615714
2218730850
2221816130
2238585154
2263746818
2259618562
2259487282
2259431970
2259444530
2259477473
2259481504
2192348064
2196537764
2204943780
2167197108
2150620604
2151611805
2151082453
2151065925
2218174725
2230692101
2241113877
2274668053
2262144533
2524874247
2520679942
2520417794
2653603346
2657740066
2667110434
2679644198
2679649510
2675447174
2570599831
2554005925
2557348004
2561542308
2561016964
2561937476
2578768132
2406523140
3473973556
3440420132
2365693220
2348980564
2349001156
2349001605
2378333063
2273729414
2257866678
2258388462
2193388014
2197582318
2214420974
2214486398
2180997183
2164052025
2155638808
2151446556
3225163804
3223263548
3223194141
3223198221
1088299725
1134506701
1119617736
1119814344
1119765496
1115288552
3256412648
3256412521
3256391931
3541862538
3546134666
3531584650
3531440266
3539763642
2461958570
2459869674
2459869291
2463997993
2451419193
2453655577
2470367289
2977883432
2964254504
3031366504
3031223272
3028044680
2486964104
2503880585
2503354315
2503354362
2507550570
2511740734
2243366686
2243175182
2243175198
2243191358
2241127230
2241106799
2241106413
2274656684
2272562604
2536802732
2670692792
2670632392
2637098761
2638114571
2487103258
2487037498
2490904122
2499362618
2495167786
2511936618
2643985643
2375550155
2379751627
2404917322
2266501418
2266628398
2269774126
2278434598
2274170679
2274103063
2240572229
2380061637
2380042197
2373813733
2407498220
2239664612
2231280628
2231214544
2222760400
2218557684
2218754164
2218710140
2216574044
2501781837
3592301135
3596491274
3338603018
2264664650
2254968394
2263626490
2259481066
2259464362
2276233386
2410516651
2410651816
2382212268
2239072692
2235009940
2234964676
2234935877
2233363991
2233364279
2279499047
2543707431
2543641973
2258171349
2258163189
2279130615
2222575607
2218381282
2218350562
2352702818
2356897122
2365221987
2381998113
2414491649
2397714432
2389379393
2389397457
2389661667
2397663973
