627964279
627964279
627964279
627964279
627964279
627964279
627964279
627964279
627964279
627964279
627964279
627964279
627964279
627964279
627964279
627964279
627964279
627964279
627964279
627964279
627964279
627964279
627964279
627964279
627964279
627964279
627964279
627964279
627964279
627964279
627964279
627964279
627964279
627964279
627964279
627964279
627964279
627964279
627964279
627964279
627964279
627964279
627964279
627964279
627964279
627964279
627964279
627964279
627964279
627964279
627964279
627964279
627964279
627964279
627964279
627964279
627964279
627964279
627964279
627964279
627964279
627964279
627964279
627964279
627964279
627964279
627964279
627964279
762165623
963492215
963493366
1030600118
1030599094
1064153527
1064153527
1064153525
2141566389
2141568436
2145761716
4259690932
4248222148
4229347780
3088509220
3092695328
3101151025
3101673219
3103643155
3103642131
3103609363
3103617571
3118281251
3118008163
3151566706
4216921970
4217190706
4200413458
2052929586
2052536370
2051480594
977615874
985932806
985670726
448799814
448804062
448806398
465599998
465664502
465664502
465697270
465697270
465697270
457308662
457292278
457293302
457293238
465679806
465679806
432125374
146915254
146914230
146914226
146930354
146881267
147012403
146947363
230833441
1331037201
1331049475
259404803
225840131
226381058
74337538
74172690
82442610
82438514
95021394
95017458
132763122
115990002
107609458
107738419
116126995
107740435
124386675
124386675
124517843
90951121
99323856
99196912
1164558320
1160362992
1193917392
3345726160
3328948944
3597253360
2536094448
3073097457
3073089265
2737544803
2703799907
2737350242
2737368802
2737368806
2707972014
2691255710
2691386778
2691258810
2707970490
2741524922
2749987002
2733205658
2729175130
2729180170
2729112587
2733303049
2724914953
2720622363
2737328955
2687042347
2691302186
2758414650
3035239770
3035105498
3030911230
2494044405
2494052596
3316201664
3316328448
3320460288
1164587008
1160392704
1160388608
1160650752
86906112
90852609
99340113
99213137
132766705
124377553
107600336
107731408
124353009
120154611
86600178
69958994
74139506
82527090
78369618
78246162
82441010
15328115
23851891
23846643
57236146
48855987
48855987
48790455
48789943
40401326
40400299
40386729
48775337
48984232
48914600
57303464
2844072
2813948
2818012
2867164
275299309
275299311
300465134
292076414
325827422
325827422
325843806
334231935
334232943
300678511
1374354734
1131076910
1131142462
1093181198
3244859150
3253311262
3517551390
3500781886
3517690175
3517690668
3567956780
3572211516
3693644564
4230580564
4230650308
4230658500
4231718340
2084496340
2138969029
1988035397
1451163908
1384056116
1400835168
301737184
297542816
280830341
280887685
297715591
330204807
317623959
317689495
854367765
845985333
590128933
1630317861
1613540389
1613671463
1613669431
1631485974
1732161558
1715380258
1714389026
1714210594
1718406694
1668075111
1634490983
1634548407
1634474677
1651251893
1651260085
1651260085
1651260341
1659648445
1655519677
1655535807
598587487
548190222
548186126
543991822
539802638
539800638
540012590
539897903
539889963
544080681
548340473
549270232
547172952
546059784
546057736
546057736
546061832
545578505
545626955
596089162
1721678298
1723771338
1861136202
1852737098
1848607307
1714197083
1714270811
1714336251
1865330922
1815077034
1751940266
1761482906
1761486986
1761487322
687815530
679222042
673448715
707015179
711205417
716579369
714547753
730071593
696528461
696528845
696526797
696546253
700740573
692416985
692416985
692548953
692582779
700643643
700700987
700565787
700500235
725993803
725996875
721903691
721887579
722411883
726606187
734998379
735001455
697252733
697056077
697056077
701299533
701348189
692959741
692435453
709212661
709212661
709212597
709212311
704747702
704747762
704747762
1795406162
1745238594
1745238610
1745230370
1759382050
1756891682
1773668642
2041055232
968505344
431630336
165488896
151792416
135015264
403450720
403450212
956623196
960870781
423998847
457552351
172077527
172077559
172069367
172069111
167877878
167893238
167868662
1241987319
1241921990
1271806534
1267338822
1217987142
3367502422
3367572094
3367592558
3367543662
3367546222
3363346799
3357051375
3373906375
3373905347
1258922947
1242145731
168403907
168423797
172880236
449749036
440834056
424052808
1477347656
1497270600
1500481864
1500285384
1496106968
1529349112
1495995224
1479160536
1488597736
3636077480
3635946409
3633850302
3367513486
2310553006
2302167470
3409824238
3407333662
3406293774
1263004430
1267067406
1234008605
1234139948
1229932844
1225509100
1225492668
1493928332
2064230796
2068425100
2076817820
2036046781
2065341166
2131397230
2131360286
2131242510
1963539982
1967800110
1904872494
1904872495
1904937004
831002636
835201036
285747212
17377548
17512796
285825404
285821308
822692188
822704604
822704604
822729180
554289661
558750205
558750207
558758399
558758271
558750079
558750079
558758239
558758239
558758271
558750079
558758271
558758271
558758271
558758239
558758239
827192671
827175391
827175385
810398169
810398169
810399225
818919929
818919673
818936059
827324667
843987146
839793738
839790922
839791370
843985450
852242986
864825898
831266350
835476334
835509630
298704382
298841503
282064287
273543583
273519007
281915839
281391549
13087163
12825018
4437914
4373258
16955914
51620366
39889454
48540462
44936462
44740878
44728335
45793357
31121869
8053220
5826020
5825893
4760935
4765542
1078757222
1074055014
1074265686
1078459990
1086847574
3234290230
3280420374
3263641366
3263566150
3263566150
3263590622
3263455469
3280793772
3251426732
3225718188
3221524380
3221725068
3221667788
1074180036
1074196436
1073999732
1090781013
1128421205
1380332357
38150976
38150992
46608672
46403616
63177760
29629472
4533296
272400
268304
264464
330065
285674835
306599186
306599170
314994946
315093266
315420963
307015971
307016035
323785191
810324463
810390010
810521018
810524058
810399962
806205690
806205690
860797130
845069514
845063370
847020154
845000939
828354793
810541548
806216684
805696237
810009341
809948903
859993814
843212486
314996038
314840150
1388590182
1405363302
1363420262
1346647398
1078724454
1087177442
1083048642
1083052738
1083077314
1166701254
1166660343
1204344359
1187575341
1321793069
1314498073
1582933785
1584964905
1584963945
1584967913
1566094585
1545319641
1545319624
1410987224
1413182680
1413099736
339612792
343803688
285083176
280901244
280962636
278737612
14467716
21791364
323846532
302944645
307148165
844545429
844606711
844475511
857056311
856797247
823189551
823156783
806428711
806499110
810680870
814940770
813892338
814027458
813970114
293934786
1406031303
1385094613
1386204645
1390214372
1390210548
1381557589
1381561725
1388900847
1405669871
1397355007
1930158559
1896604125
1963713501
1967846140
1968097020
1976551032
1975895640
2101671433
2101669657
2098523435
1817240619
1750197307
1750331403
1767043083
1767096329
1800634649
1809027432
1808905512
1808839976
1808839736
1799590969
1799550042
1778639962
2046948458
2047038570
4198647146
4199696346
4208072650
4224849610
4220719837
4220596988
4187038460
4170199740
4173333164
2017465004
2017489580
2013292461
2013324715
2013326490
2030103754
2030169098
2067987466
2043859978
2113066010
2112024601
2145644552
2070102296
2048999720
2050049835
2047948650
2052075386
2051028442
1522603482
432215514
478549326
478557446
1285436695
1285453585
1289450000
1280893456
1142534864
1144697489
1165668993
1457226385
1453164433
1386057649
1386056113
1390263712
3525094625
3527189601
4064060448
4063224852
4063159300
4063155460
4067345716
4068329253
4074563365
4074631991
3800941358
3800318830
1657033582
1980003182
1996961790
1947090894
1946566607
1946558151
1950817943
1959091877
1954862757
1955394452
1972167108
2110579140
2102157556
2102157792
2086494689
2086548450
2086012386
1951796722
1968181106
2009145106
1472364054
1451456006
1456530950
1448142342
1460916742
1427292438
1415041122
1556406370
1552212067
1569181713
1569112064
1574355968
1601672496
1597353268
1580707700
2117574005
2117438807
2117373046
2117370982
4266964014
4007044398
4007044911
4007109181
3998585373
3994538572
4011246300
3978216188
3963568873
3963376363
3963360747
3967032554
3975444714
3971315950
3971382494
3969803470
3969852622
3965461711
4229702911
4229833965
4116061613
4151709373
4160095901
4155836085
1939092148
1939089044
1942234773
1380199861
1376066997
1376128437
1376126359
1381388694
1927209926
1924129606
1403294470
1352971014
283418902
283938870
275608639
275722285
275133485
1348877613
1348864813
1347815980
1358854676
1354562052
1371323972
1404871364
1387168452
1391362764
1458471501
1449820791
1382782822
1382607974
1382608110
1915251886
1916349630
1933255818
4114228363
4095360907
4040842922
4038741742
3500920350
2444015118
2477565710
2460787006
2997661742
2997727271
3014567205
2981015072
3035549344
3027046032
2485915264
2418803328
3492152211
3559264690
1411523762
1419918354
1419843602
1419831298
1419814912
379628544
375820288
371621888
372146176
1445888064
1445904580
1446913964
1394485932
1885153960
1891383976
1890859704
1890859672
1889809035
1890873994
1890877882
1895137514
1885708330
1881449514
1881450522
1898227722
287614986
271423502
271468558
271451142
272498998
352190754
1421484323
1420501265
1437163841
1437196481
1433051265
1294632065
1328269459
1328208803
1609300643
3736697507
3736615587
3736612599
3741066965
3757860469
3716118116
3724539684
3757565716
3740644628
3740579120
3730088240
1578492720
1578295809
1578521089
1326846469
1276523029
1276511765
477432310
212600998
212666534
1286543502
1287395470
1169980558
1186854030
1191096718
1191162254
112767933
112763884
116958060
1450764076
1446569772
1395324716
1361760572
1344962876
3493429532
3495727388
3503064924
3498872572
3515456157
1133165470
1133177750
1187703270
1180625254
1447020582
1446939654
1446941702
1983885319
1983750196
1982701604
1999544324
4096700420
4096754244
4096640692
4096740004
3022658212
2758359716
2762504868
2762504677
2695428535
2712319878
2712315526
2716378790
2703787686
2704049902
2704116462
2704144942
2704075549
2708232460
2783779100
2775399740
2775463228
2708353332
2699960820
2695626933
2712404150
2712146086
3785961646
4088209582
3555665147
3531488267
1377712137
1113467080
48114057
43309963
43289498
314871194
839352474
856068234
555126922
540446734
539918350
1613541414
1613537319
1613537327
1613537839
1613689390
3761140270
3827696302
3831760558
3835961006
3835967678
3986962590
4020582542
4004915407
4004916557
4277612301
4264890125
4282195725
4286529309
4227743549
4190052221
4223497949
4221428429
4204585869
4208783781
3657756901
3657752679
3642093603
1477963814
2083709990
2087909638
2096290566
1962072582
1959971334
1960036886
1976624438
4141109303
4132716565
1918173197
1913987100
1934959980
1933847532
1909197484
1904741033
1904741019
1938365067
1926068106
1380971402
1376695246
1377743198
1377608494
1377607974
1377607974
1400687910
3588147510
3567143190
3298695430
3449690886
3432652558
2375561006
2375575342
2396571438
2388182910
2388178911
2321064925
2597888972
2667291532
2642064268
3699020172
3695084956
3560932796
3560424892
3560275372
3560206253
4097142703
4151733734
3086372214
2528461846
2528408582
3623116806
3614269702
3614405430
2548978214
2545570599
2545636645
2545472992
2650330272
2641941904
2637878660
2637879172
2642075264
2642140112
2638015328
2536271136
2536252708
2506895668
3589215061
3584701142
3619631798
3619436462
3623630254
3615257838
3611055358
3577672782
3577672718
1364522250
1364516127
1347811647
1347942751
1346828767
1346862557
1342641557
1364144535
1365127575
1407078839
1390301623
1929368565
1925043189
1996273149
1996268925
1987882093
1983167545
2000075803
2000092187
1966538011
1966566714
1970632506
4126504747
4126626603
4120335227
4120232795
4107584079
4106547743
3569739327
3569708654
3569713007
3562360175
3562360319
3579254221
3746956493
3746972109
3713487325
3713398253
1565845485
2111154013
2144839181
2144843279
2128054031
2128057663
1582625839
1595155502
3709086782
3709279326
3692431742
3705015150
1574309502
1604261470
1586237982
1586246174
1586295583
1453101884
1436332844
1415358244
1410895652
1410963764
1409988644
1896791076
856589324
844006412
853442572
1918799884
1914626093
1376527407
1376530286
3507292906
4031650538
4035844794
4104011402
4120671882
4156347018
3602690475
2528948649
2543645096
2505369001
2417327547
2417366395
3491181867
4029948202
4042531114
4038402363
1890918712
1890922536
1350307880
1346109720
1075580168
793352
789256
4983563
13442314
14423050
14488586
16667658
7271690
7269646
7272263
7259093
7193525
23908773
124580261
107934109
115799438
115800502
249739686
250739126
250936814
114615662
131393018
98461643
77489097
77476604
98313192
114041832
105718776
101593352
118293800
67909928
67905837
4991279
14436614
14633222
31342854
41861382
41861442
40812994
40800723
57577907
7254417
7319953
74300849
74299889
1148172787
1198373362
1181531106
1181526690
1114419858
1122521750
3265925790
3265934014
3283755431
3250331812
3237748964
3225168996
3225171972
1075738628
1075767556
1075308805
13958935
5567238
5677895
292979527
309760501
1928770933
1928771620
1660397860
1649912628
1645521428
3793006141
3791954477
3791958571
3792995051
3810443946
3762164394
2758619822
2766935478
2766937238
2766936214
2762815670
2762881206
3031316630
2964204678
2964202694
3517736390
3622627319
3605850103
3605915605
3597596485
3530474837
3526346101
3609558389
1466383732
1432755572
1969626132
1969691668
880096308
880095284
879960116
812769596
821080381
818976573
567316319
600878542
574663822
570530958
1644332234
1644331210
1645396283
1647755817
1650811433
1650795048
1646735912
539234840
539233800
543496569
816720043
816777386
816580746
279720074
10764426
15110554
48411018
44216586
44216586
44215593
44083240
44083240
35776712
35837064
52609416
19300744
1365676936
1353089869
1353491245
1890363181
1911336749
1936502317
1932435979
1915662859
4079927817
4146987545
4146923112
2783734248
2779572456
2779572392
2813102472
2729215624
2733425289
2725102219
4130239146
3056476842
3060539626
3077319914
3051686010
3051764826
3034981450
3036045514
3033719242
3028333258
3028322027
3045113833
3049499560
3049695912
3074866856
3071710920
3073819336
3073819340
3072811773
3072812391
3211066407
3181660199
3182184487
3165457415
3169788934
3161334086
4235080390
4251845538
3187474850
3086747046
4160517287
4157893815
4132760709
4132761029
4147440965
4147313943
4151500071
4150707494
4150748454
4133967158
3597030678
3598112070
3732395462
3749172695
3757569495
4260877653
4261401973
3707623285
3563913076
3563908708
4096622308
3039788789
3044966037
3045021365
3086828469
3086762935
3081523647
2548396511
2548425054
2548360510
2514812206
2514810926
2514876475
2498100251
2490366985
2490356809
3027157321
3027157465
3043939320
3044009724
3043878493
4117624413
4146919005
4146361981
4146423679
4150753114
4151661946
4159780330
4159772154
4159903194
4159782106
4126158074
4126156031
4126221535
4109459677
4109464029
3581104477
3581071741
4151498109
4151426429
4159749469
4159744351
4159744863
4151427037
4117952221
4113748605
4097196863
4101264191
3043255615
3051715887
3051837743
3052390703
3052243775
3085539869
3082466824
3082531528
3069760200
3059278552
3055055848
3073966312
3023766761
3027109994
3027109978
4108728394
4109772874
4160104906
3605415370
3605807562
3606888842
3606610362
3623527338
3621430185
3587942316
3581460140
2541272764
2541469436
2540369500
2540623453
2540521277
2502784303
2506456367
2506577199
2514961727
2510811407
2448810767
2482370319
2482489183
2541146111
2539060215
2539125237
2538986741
2473907413
4046835925
4046966981
4029075653
4029075797
4033271652
4050114149
4058314597
4049888629
4050920789
4085001303
1937709439
1937639726
1945508142
1945443119
871112509
837563149
837628429
837759513
838660651
870093563
870090458
869041818
851809950
868717210
1942459035
1908839305
1346803161
1951836520
4101417004
4101417020
4101413148
4118198540
1987559180
1991739148
1995800844
1987432479
1983209518
1983127598
4130615398
4131258598
4130209942
4109246342
3568179846
3568253574
3568122566
2225945175
2226076197
2226990625
2361157169
2361189922
2361164326
2406253158
2389677026
2658054626
2658054306
2659161237
2608643204
2570889348
2570885252
2554255828
2571041380
2608754212
2667474485
3736417794
3740541778
3727958114
3744727266
3711254690
3713429634
3717652611
3717653888
3720269696
3580742272
3576287152
3576233952
3580684261
3581732839
3573503351
3590281047
3581763399
3581771285
3581771317
3581769253
3581761313
3590312209
3590312001
3581857859
3581923523
3615478003
3615487475
3615423955
3623800775
3623866327
3757866983
3724306407
3724289895
3715901246
3715966782
3715970878
3715831614
3682207006
3689612574
3685306686
3753439550
3753419229
3751322076
3654853020
3646461372
2669250492
2637860524
2637876972
2637885052
2642110268
3715851028
3590017812
3585949972
3585950005
3569172853
3573355879
3560775143
3292465398
3292420294
3309197382
3312376134
3614416214
3605902710
3601834262
2528088854
2527953205
2527891812
2533138532
2537332836
2535248084
2501787852
3038655980
3021877229
3025820261
3032107575
3032205826
3032013314
3032001794
3170411571
3178987539
3208298753
3190473217
3194639872
2523792928
3060532832
3060545248
3077317284
3052155301
3047952567
3047964854
2511127734
2512252054
2508057734
2503977094
2537462982
2536414534
2536418566
4147045638
4151178551
4151174455
4151309335
4118762551
4118762807
4118697271
4118763383
4118632309
4127020821
4126961941
4124406037
4115992885
1414861109
1414869277
3562484510
3558280798
3579251454
3579186142
3755371422
3736565646
3736392398
3736388171
3736388104
3736363544
3740688936
3749013544
3715393641
2636990699
2620278922
2490267786
3563931018
3320103818
3588735930
2679534570
2679596010
2679399405
2679431916
2645861116
3707023996
3694167644
4228947748
4231112997
4231243815
2083698735
2083756111
2098424013
2115120260
2115116164
2114063524
1979862948
1725101732
1720776292
1720771076
3870335492
3870335492
3890389525
3849500215
2758970918
2689649190
2688601710
2688569070
2751479470
2751606430
3020304014
3042192270
3050572974
3046376622
3048550638
3082166350
3752206410
3752222729
3718569992
3722770200
3714354984
3693513576
3693513064
3693516856
3693521928
3694455880
3710969307
1563681755
3748852619
3604103839
3604087471
1469130414
1473261486
1471233518
1441795434
1969243434
1969251355
1998643467
1981919497
1986245947
1987297067
1987095322
1980807950
1980795662
1712557854
1712492350
3872555567
4006781476
4274102804
4261470788
4261638860
4177662876
4161150127
3091663022
3097430122
3098413098
3098155034
3098110218
3099125514
3099107850
3111690794
3105403434
3138966315
3139159545
3126459624
4207438060
4207421676
4215871676
3108899996
3087402428
2554725052
3628475068
3628147332
3636470404
3384813252
3380621044
3481344355
3464910946
3465017378
3470559266
3460073506
3460140034
3459949570
3459948547
3665469443
3732571219
3727527010
4281121826
4247632994
4230907766
4231972598
4232000230
3694995191
3695132401
3694476016
3705945056
4238616608
4239656992
3701884928
3568231424
3702431936
3719274691
3756830882
3609522342
3609511078
2636435366
3157707430
4235393782
4260555334
4260425222
4252036614
4279299591
4279426871
4266839335
4283681829
4283683877
4250060005
4250058967
4249010311
4248888711
4248888727
2143350695
2143476135
2122504677
2126892517
2127940725
4262843397
2115359749
2115491093
2115433781
2119624503
2144861718
2144861719
4292343319
4283956742
4282678982
4245650838
3176012982
3025011894
3034448054
3030253974
3030320063
3030192877
2493260392
2495360552
2499553832
2506889768
2519468841
2519669049
2519612682
2252222474
2278883338
2241134650
2224439338
2224443502
2224419054
2224337135
2245308837
2236913077
2237109636
2233374084
2367602068
2401168820
3474908637
3745408461
3677779279
3677750543
3682014527
3715906859
3713806123
3696766763
3696848698
3697008602
3705182106
3717765018
4288193194
4152922794
4136211115
4140536489
4128998313
2990245017
3006893273
2705307753
3761154091
3762220075
3766411291
3765313803
1886126857
1948779272
1948988200
1953115692
2095725100
4239330284
4240182172
4257020812
3736383372
3740632972
3731325836
3731325844
3731198436
4269056359
4268794150
3211829542
3178669346
3178678306
3043412022
3043379573
3051768404
3053279828
3044818644
3078365892
3061650140
3060273900
3068670316
3064463471
3064463470
2527659102
2548706334
2624202766
3693746190
3693746446
3697940814
3697965518
3697830862
3715657119
3715950012
3716133780
3715535492
4233265904
4232151649
4240478753
4240483891
4258508578
3184704290
3211959091
3208038707
3073789715
3074297093
3074163829
3076269157
2812019949
2814068221
2814043613
2813960189
2948107005
2948119101
2943925021
2770909980
2771042060
2771317508
2804826884
2804220196
2817794533
2813591719
2812544166
2813074598
2750171302
2708326582
2708396422
2692659590
2688462726
2687412039
2704058117
2703533349
2707727661
2808456495
2816906543
2799879198
2791556382
2808475958
2938595111
2921805607
2921793063
2921662335
2925860735
2934772063
2930577695
2930585631
2930716943
3199100171
3200216843
3200052025
3221007209
2910624761
2894039499
2755562955
2755038411
2755103995
3828741355
3828737258
3778371774
3811779006
3792909230
3795006126
3799069358
3807458030
3820041966
3786751550
1890925327
1890851597
1891371788
1891426060
1912451852
1897833228
1897833240
1896723000
1879867944
1879851560
806094377
806096490
1947081258
1959672106
2089560090
1553729546
1570646026
1270754314
3401457738
3401531466
3399336446
3399414510
3398361839
3398230765
3398197996
3402384364
3395043560
3390784744
3426377144
3426384264
1278929800
1278970504
1278773896
1546173064
2083040953
2112399035
1739174331
3886715051
4155146345
4159602729
3005718568
3005587500
3005735980
3005626668
3005626924
2976254508
2712078956
2745515612
2746167885
3014537807
2997616970
3001823338
2993451050
3010216042
2972474490
4030650570
4028561866
4028545994
4031547979
4056716875
1942811595
1935532491
1935569371
4083036571
3546162367
3545639087
3545639103
3545635231
3547729343
3556001183
2478097355
2443494219
2426708761
2426709545
2430905897
2422603311
2422724141
2431111741
2447713109
3521393141
3546546405
3542369444
3526741156
3526805892
3526819204
3531007940
3539441477
3535245591
3552038958
3567768622
3571936302
3563530302
2490317150
2490244062
2431523502
2427262638
2449216174
2507932302
2273059530
3345753070
3354144750
3349638510
3550985319
3517160485
3512828940
3491988492
3491923204
3508773892
3508644900
3509625892
4077954085
4078019637
4077057141
3003569381
3007765988
2982595572
2983578308
2967321284
2698492484
2698423812
2784404996
2783224389
2942624359
2938397415
2921599975
2938375398
2938374382
2909079742
3991812287
3987630239
3987664015
3853444239
1706538189
1741989069
1729424589
1729375581
1731671421
657864047
593892143
568460079
547489582
547700230
548678150
548416006
550521350
550554134
550622982
580048134
584209671
583148804
574762292
574679844
574917420
575441196
591957448
591955080
591954056
1666023576
1661964472
1661448620
1661449644
4077386157
4081548207
4081466278
4140182502
3603311398
3738578694
3737002758
3602785030
3602854166
3601609190
3521926582
1349470598
1345244037
1345244037
1345178549
1883012524
807166124
807166124
861692076
601625005
593232813
593232813
589039593
660421945
628784411
636123401
619424008
1688775432
1823054616
1823120136
1839767304
1802020728
1802020856
1785308155
3933905642
3950945258
4017529322
4013069674
4013001770
4013131866
4000557135
3998328845
4010928140
4011060228
3843224948
3826407140
3832694436
2767586981
2767062710
2779715254
2783720118
2817270518
2817012542
2942832698
2917871642
3987225610
3836274698
3836262457
3987322888
4020811784
4008215624
3928522952
3929645256
3930038600
3929973560
3929992744
3996576296
4009118249
2930067995
2930014730
2934208202
2942583498
2892350346
2892415418
2900808106
2896613546
2896682479
2897525221
2897520981
2918559045
2905972821
2905919733
3979669735
3962826991
3962753258
3962716394
3966912763
3966982489
3992025880
3992021528
4025575944
4024526344
2942308936
2808152648
2783052408
2778862313
2695049903
2694856366
2695903934
2697997214
2706385806
3813813646
3805736334
3805721742
3805578494
1651803262
1647614990
1646570510
1663542286
1697031199
1680273471
1680240687
1680216431
1681327023
1685333679
1692679855
1688485551
1705327279
1739923103
1723145935
1991531023
1991569165
1995747093
1995482901
1986114311
1446154759
3610673667
4118184450
4099311122
4107709218
4107770146
3033892899
3025516785
3025643728
3038180544
2769699008
2805399744
2805400548
2775855844
2784240357
2763271919
3030653567
3031177807
3048020303
3086825679
2549898447
2533122255
2526830799
3734856142
3734921690
3755958638
3697078574
3694972206
2621360398
2621090061
2621090060
2624227596
2637793548
2671297804
2654552332
2657747228
2666148141
2259297063
2259231527
2259431974
2276200230
2242644790
2242644230
2246838534
2280470790
2281662742
2281564439
2281478935
2281479445
2281487700
2281487732
2272041461
2238482901
2238548950
2233850614
2267503334
2233940710
2233875046
2233875302
2238064885
2246519004
2175084748
2175023308
2175539340
2179779020
2171390716
2171443821
2167274031
2171599407
2171578927
2171578671
2179971119
2179971165
2179832013
2179828109
2171444893
2171453117
2167258813
2166864575
2435300031
2435250863
2435219375
2439474607
2439455934
2447864990
2544264342
2527470742
2531533974
2451834070
3525575766
3542488158
3508937998
3492163342
3496356366
3500554767
3233024591
3230980953
3247745897
2211753768
2186651192
2464121400
2459796009
2461893161
2462032685
2460853551
3060051247
3055848751
3190198079
3190197767
3191262725
3207996933
3172410933
3155502637
3161728813
3165928575
2627996894
2494367934
2494499006
2495429822
2226928831
2220109279
2232692559
2220240415
2220240701
2228698933
2228705077
2230613269
2230645021
2228523069
2245296253
2279048445
2253817341
2253905275
2249718139
2249681275
2253859195
2253728123
2253720059
2262175195
2262697435
2279494091
2248143306
2230826458
2247606270
2239082094
2390011455
2387918367
2652225047
2652356119
2654453303
2520096309
3057032997
3055980533
3055979925
3208039829
3155615125
3155618951
3158764679
3158533270
3033728182
3025470966
3027504486
3026460454
3034853166
3030854446
3031378238
2494306590
2494302222
2495367495
2231336261
2229104324
2220654292
2233224917
2266777589
2266943989
2281623797
2276905173
2646053333
2645860709
2650056484
2641726252
2641857340
2671229724
2520099676
2520117116
2520241788
2520171357
2518078813
2656560173
3201690669
3201693759
3201751310
2664881934
2522334814
2518536814
2518627070
2669548510
2618953934
2625310942
3635937534
3634888940
3634897112
3634900440
3639089880
3363379928
3359120088
3357031128
1209563849
1208993739
1213052362
1233953102
1235001695
1503502589
1502453988
1573171684
1560580964
1560642148
1543684612
1543692805
1543661105
1413504547
1421887778
3569383426
3569575942
3620953094
3599975494
3333832774
3334390223
2529079807
2529013615
2532617071
2522131311
3067390761
3067391513
3063252489
3000467977
2719396393
2719461933
2721501741
2738246245
2688422517
2688418133
3765239901
3773632637
3769118847
3770232955
4035522810
4035454106
4035455114
4035447178
3498629562
3515607483
3553274265
2521476488
2529863048
2530906760
2532999756
2523628092
2536022573
2468930095
2435674662
2976863014
2976841766
2985100326
3052733542
2515938310
2515938567
2507418903
3514571815
3548138535
3556625415
4093625351
4059530247
4048985111
4082613559
3793066295
3860109591
4128611125
4128610868
4128636468
4128519700
3054904848
3021349600
3021349536
3029730224
3032219824
3031188657
3031210162
3032262818
3048777890
3061356658
2788793106
2787883522
2787814918
2787812870
2922291518
2938945582
2905359470
2906459630
2906525678
2914914047
2913869533
2947296860
2947294796
2951489292
3077321740
3078554876
2508072109
2497064103
3566615698
3566680194
3566540930
1423181954
1146898626
1331546130
238988338
237413378
438739970
438476803
438730753
438736160
458745632
432074528
465661296
453131712
436408257
168036066
457450146
428139170
411341474
948351618
2089729666
2089720771
2096794560
4234840896
4146825840
4129925744
3861426784
2787660388
2787644005
2938712687
2917737194
2896695786
2896691306
3165132026
4238883034
3703191754
3439208650
3428788430
3428653278
3445508302
3480667343
3463823812
3463819652
3471221124
3471750016
3333354384
3350119088
3350185632
1203041953
1140123298
1398859682
1377879458
1377887394
1377939538
1915858950
825336838
808692750
807581710
807647534
811829806
870812198
1923976742
1924694743
1921614469
1389085316
1376346788
3540652764
3574465100
3558746376
3573426232
2628331561
2645059625
2645092633
2678651144
2646128456
2365096648
2356839049
2356867769
2356863659
2356765359
2623026670
2623286766
2640062702
2380036350
2279430398
2279529935
2279011661
2549597517
2683667725
2650125629
2649076781
2624042029
2640809279
2637008694
2638061110
3208358454
3191515750
3191517174
4265250182
4131095942
3879462791
3879397253
3829069444
3829028500
2691581860
2695677348
2695119205
2695127871
2711888654
3781436942
3777244702
3810941742
3815168110
3824077038
2746206367
3787360399
3785276613
3789464645
3812466949
3810845013
3810812917
3794019045
1663443685
1663185517
1709310781
1692480797
1956653333
1956657175
882911234
278931458
278947842
278965250
397651970
374505538
906133634
839024771
840336529
574000304
591366256
555071520
555001888
570747937
571745317
638989613
638985007
645866095
654258935
650053335
884868995
1019100611
486353090
477968450
476002594
501180962
513272354
1050061315
1050119683
1050510083
1046249489
1058836593
1010668643
675120243
674740467
672655587
672622691
739715427
761085537
786237025
786302656
643700416
1996367488
1992103585
2008829603
4105030274
4105017990
4104956550
4106009246
3030169966
3030165614
3034377326
3028247791
3045008559
3045004461
3085305260
4092004260
4074768036
4066379412
4062189205
4063377045
1915905925
1920001477
1928375623
1936763141
4049844500
4033255684
4041640708
3773205252
3769015812
3769022005
3840315943
3831808550
4097052962
4231274530
4231279650
4230222882
1814432802
1827014706
1823394323
1856948737
1856674305
1856674113
2120846401
2116650177
4264489153
4264435937
3173917153
3170643681
3166452453
3165919973
3165969133
3165960957
3182729933
3082591175
3078401223
2923211991
2923203831
2940116198
2940124398
2940120302
2906581231
2905529215
2905496157
2909755933
2909624861
2918006333
2779526781
2779525501
2779521149
2716610687
2708279423
2708340987
2716734971
2712542939
2712615578
2980854426
2980870810
2977757579
2970913163
3003420042
2735185291
2734856027
2722281275
2730665755
2743247630
2744361758
2807145263
2771428143
2771682607
2770847023
2770787695
2775579887
2775547071
2775547071
2809092255
2809093278
2809093534
2817482175
2750373823
2750381727
2750377615
2708434639
2708303583
2699882103
2699881269
2699942709
2700073237
2691693844
2692545812
2688349460
2705187092
3795767556
3795768084
3795732340
3799844836
3798732709
3823910821
3790421917
3790552463
3790486927
3790550430
3790418414
3786219902
1621975326
1622126863
1623174415
1620879631
1615636751
1611433999
1628407823
1628353551
1661923479
1646162087
1646133415
1648296359
1650790822
1650733990
1654985378
1654985394
1655116338
1890005506
1889804802
1352934915
1352951553
1353645313
1357814032
1949206832
1949272336
1949141248
1730971649
1714195457
1714258001
1714262131
1848610919
1848553575
1848570343
1848635879
1714172903
1701589989
1684878069
3832361685
3832361909
3840753589
3836034039
3836034039
3836165063
3836115653
4255645381
4288982981
4273256389
4273780036
4009594916
4001206309
3997020197
2923274279
3997147175
3997081638
3997085990
4013937446
3984441958
3967636198
3967628023
2889167828
2892316660
2892306932
2900691956
2783386580
2779192276
3064404564
3064929860
3064934980
3064848965
3064767191
3064767078
3068954598
3077344486
3043858678
2771237094
2770712694
2804389975
2804341077
2921758324
2921475701
2925934199
2795834998
2795777766
2796302246
2796297654
3203140758
3177778310
3169457286
3166315910
4240057735
4244389317
4234693916
4230516028
4230528284
3962086660
1814604804
1814670348
1814670348
3896031260
3944319036
3927611452
3996825900
3996818220
3862613549
2788999726
3799798382
3810267886
3776713646
3762098606
3762033062
3832288439
3840874645
3836614805
3852867991
3886430599
3886475654
3869699014
3873746182
3873746214
3873745966
3865355295
3861226511
3861295391
3861287469
2788082213
2788147749
2922234407
2922202743
4000077527
2942583431
2917417879
2900693431
3974444221
3840222397
3840224413
3840358535
3840284823
1688607143
1689725862
1974741686
4138741398
4071632838
4070583750
3538025734
3529743622
4091651590
4037128709
4037251588
4037513852
4041519724
4028936940
4029449832
4029468008
4029434924
4046202925
4050597934
4159060030
4142282766
1990621454
2124868358
2125244982
2129505590
2129567750
2129559559
1803452421
1765703876
1765781744
1796710624
1796580768
1845814949
1862563495
4014016182
3981837966
3965130382
1693720238
1689521582
1621888191
1621432543
1622616269
1622485069
1622420684
1911827660
846554268
846493116
844907932
844908440
839649208
840766381
828253119
813310943
283779870
279586614
279461426
11282994
15493682
15530546
15728402
1089376514
1097761026
1115595074
1114547650
1122930114
1118734802
1387235762
1387108769
1387064736
1391256740
1915543788
1899806776
1882112040
1882087464
1881941048
807677240
807676456
539367977
553061033
547097241
562825865
864292491
847519626
315052474
315019710
317891070
308322622
375431198
375431198
371427391
371374111
371390478
505571342
488782094
203557406
1289883198
1285751322
3433153034
3634463258
3635720750
4170491693
4169442596
4186748196
4220301364
4203253812
4198006828
4197171308
4213837997
4180279466
2083130538
1814956474
1823345306
750722698
748633738
1016866441
1016881864
1570563016
1595794792
1597961512
1564474648
1434439432
1476316761
1472118763
1471981563
1471971803
3606610107
3598430395
3594444990
3594445311
1379819895
1400787735
3556705031
3552319007
3552328236
3556522540
3548150316
3615316540
3611188748
3594072588
3614966348
3315335917
3298562222
3566879918
3566984358
3564689574
3560475830
4147811522
4131038018
4137591558
1721542148
1725736548
1713147620
1730070180
1698039428
1681274516
1679964068
1684016548
1621100716
1688213677
631253133
631253135
882912654
887236302
350357070
480380478
480249646
497034542
497036574
501300238
166149390
157637918
158641454
1230286126
1272290590
3684080910
3684154654
3682909740
3666656812
3683499564
3682966052
3649428004
3624209124
3625257636
3627485605
1478560934
2016480422
2097351830
1027815558
1061300358
1052993670
918788487
918657463
918665653
911453591
913483223
912434262
375631918
375427118
371228734
388100126
354676766
342291774
351181374
346982970
347048475
1421650441
1419291145
1436068361
1439340105
1460323017
1393279993
1931309561
1930965161
857215145
869793960
832372920
818815192
810426840
273481992
273417480
281808648
278821385
278817291
331279883
335543819
310349771
308839835
308848027
308838811
308969867
304787851
304787850
322871738
292332010
812433258
820292906
820358954
1894229802
1902616842
1931837706
1898283274
1899282730
1904210286
1912532335
1912531757
1945914141
1945946956
1920888652
1936646476
1937695004
4051681580
4051484975
4032611630
4028373774
1880893966
1897663038
1934232102
1921653606
1922962918
1922453716
1991626884
1991553156
1443930276
1442877612
1443078284
1409459341
1879223438
1879234958
1891781294
1887914670
1888766638
1888799150
1905581198
1939270863
1660331100
1651811644
1651877156
1647543604
1664192788
1630843148
1614148364
1614209596
538337901
538378983
541329062
1615597218
1623985058
1888233650
1889282258
1891514386
1940810754
1387195650
1387194114
1391432258
1391367890
1391367859
4076848801
4091331492
1901621668
1897406956
1930961256
1664688440
1631069992
1631135544
561588025
553137467
553127994
817381386
819773450
810339594
806128250
1879939818
1879808682
1942666138
4069178762
4070220171
4139422347
4142838413
4152271535
3040797415
3021759206
3021743079
3025937511
2983986277
3017557109
2996814913
2995706880
2995698692
3062868277
2793777719
2798562822
3054409286
3054346822
3054359254
3071082982
3038576815
2752840877
2700479660
2762348956
3837668236
4103483021
4120145807
4153698207
4134860286
3525623894
3526250502
3543032838
3509003270
1348951334
3571932455
3567672631
3584450309
3618002245
3622294981
3623155093
3614766517
3613194149
3579639719
3570259878
4108187630
4108120942
4110218030
4126991166
4117557567
4151111997
4151301404
4148091932
4148086812
4282206556
4286409213
2105487327
2105418442
2103378634
2098660042
1545011706
1482110442
416622702
412362878
414459998
414525902
435426766
450106254
181695438
177582591
446018029
1049932268
1054123876
794079012
758234908
758289676
624078860
657625101
655458350
655413290
620773610
1694634218
1677860842
1954679530
1955007226
4103932634
3566746186
3585633866
3585663499
2544402697
2545525081
2511971180
2511971308
2516428780
2508035749
2501805717
2501821063
3575562887
3611181975
3611121142
3610014959
4130106479
4130106495
4133907535
4142294095
4143412555
4143273291
3606335995
1475637609
1442144616
1425436956
1425408268
1551696188
1551643948
1551640876
1551841596
1500912413
460733197
443955983
443942159
444023054
443924542
441749550
1522835502
2059706478
2077008110
2035134862
2018492302
2018491022
1489959582
1489959614
3633207982
3653901030
3655015782
3682074662
3677945874
1262096386
1299853314
1285034033
1285038128
1285235716
1280989380
1278921604
1278921348
1278904965
1291487879
1287165574
1337492110
1319666687
1319932269
1324327204
1315939364
1311566884
1580001328
1597832240
1563882752
1479992065
1483883075
1559380674
1559429782
1557206710
3720358566
3753913254
3737397414
3733206190
3733197022
3465293902
3448512522
3432902938
3432894763
3703348521
3573319976
3564935528
3610679752
3593898376
4130770313
4130177419
1982627994
1983762666
4147802154
4147781674
4145685546
4149816382
4143590686
4139392543
3619292765
3619161820
3753658060
3720135372
3723788956
2362827708
2362828796
2354409455
2353216366
2365721454
2399279918
2386700590
2395417886
2392286478
2392187165
2392105244
2392634076
2392626840
2398654136
2373552828
2352646844
2352647086
2352651758
2486942766
2537063462
2524546166
2531960006
2531962756
2523442820
3609763476
3559575172
3559530112
4096399232
4096656561
1893991587
1889805474
1956914338
1421222022
1419124866
366421954
487947795
523622963
522492467
522496259
2003086595
1999016960
1965458688
2103871232
3715534384
3713306208
3708087844
4278461989
4261683735
3193319990
3197518182
3065824358
3065564262
3065546870
3067643974
3055265798
3054151941
3054153476
3860506116
3860505092
3860787740
3860746797
3879601895
3845719718
3832021942
3840672150
3840741510
3836556422
4105118878
4105649343
4104076479
4103957661
4102319244
4106546380
3578129884
3578244572
3612861788
4150261116
4145907004
4145907005
4152278845
4152274743
3053436215
3080559927
3080567863
3084760117
3076509813
3072262389
3072135588
3843888804
3833468580
3841853095
3837199030
1688482470
1692410598
1633685566
1935671306
1935895562
863021066
863021066
825465098
856857354
840080202
1913755594
1913684571
1914012203
1914077737
4061585965
4046856749
4101382677
1962287893
1958097213
1958084667
1555497019
1555308586
1557406762
1565797435
252979226
85403658
68954123
8137035
8145291
15715738
15717786
15593918
15593918
57602462
1114550678
1114550678
1114547106
1118741090
3267142178
3266093602
3534266915
3551044388
3500715300
3496519972
3492317228
3559770156
3576580172
4114509068
1998482700
1985894200
1658831656
1658114600
1658122760
575992329
571785801
571228841
554567355
538843835
807279019
817772715
1889937562
1352939658
279187594
279204042
1088712734
1080303662
1080959015
3236832549
3232655649
3299793665
3350125056
3333328448
2259518145
2259452563
2259465123
2259461030
2523701670
2653724078
2670516718
2536434174
2537451343
3577636687
4118767439
4126947165
1968969693
1432104909
1474129407
1474295279
1457439991
1449051221
1448984597
1446294533
1463133189
1463205637
1429638661
1417072197
1415497413
1423950581
1962722277
4101824997
4101858807
4118642167
4118571495
3588058102
3621714902
3623767767
3606856439
3539747703
3531354967
3531350335
1379872815
1400778814
1367217175
1425964111
1962933583
1962647391
1962778237
1960614509
1960619561
1976347963
2009895963
2002620447
4145524767
4279689277
4246102061
4246099237
4250279524
4257684196
4253359796
4286938756
4286934660
3217421956
3209021077
3208959397
3217347047
3217355254
3201692030
3201823614
3221190510
3212656494
3211537278
4252772734
4185864574
4185790590
4194176030
4194238478
4194062350
4193574926
4244103199
4244041741
2086060300
2085930812
2084875820
2093263400
1816508968
1682430776
1695996937
1730134027
1998405647
1729904699
1728594025
1728790777
1716147688
1720343208
1854593704
1854651032
1854913163
1854712202
1863622794
1865724042
1764851898
1764938154
1750262698
1771201194
1837114091
1841308235
1828726283
1830103563
1830173482
1828587818
1690110250
1957431562
1957180683
1957187849
1421459785
1432064985
3613037273
3595236063
3603887838
3599681270
3599745766
3599553510
3616317926
3582767590
2496430309
2487727316
3691490500
3708136644
3741818052
3725520084
3726568596
3726533765
3730703557
3755609540
3585691572
3568856804
3567838948
3572295396
3572290293
3580679783
3594319846
3593956854
3591781766
3595967622
1450652822
1585193126
1584734630
1601573350
1559626110
1558660374
1558502662
1558506246
1558490886
1558687494
1558622982
3706098439
3707667207
3707601781
3707541349
3707285348
3699175204
3694976812
4248624428
4282303757
4282303757
4286464013
4283920703
2136236335
2102681903
2102669631
2144679901
2128428991
1590509471
1590639007
1591623055
1457132959
1473904799
1442517391
351867343
350754079
342363435
342633771
342830895
74331919
74339085
82461452
82363164
217629484
215524204
207136556
207333133
224067342
224038670
1574604558
1608156974
1610130222
1526244159
1524146969
1524150584
2052628600
2048438520
2047382760
2064166057
2030692523
4232767915
3722075050
3621392378
3619360202
3606778315
3597349071
3614138623
3572228326
3567972854
3567948758
3702167398
3723005219
3727460387
3727490115
3727302849
1579819204
1579819932
1592459944
346556073
347609769
347613867
351812251
343415435
74985354
86516106
120381898
19825098
15630670
15119127
10983207
27297057
65044513
40927285
36741142
35905574
119726086
87187462
74842374
207029542
215746342
210508334
210647583
211692060
230631948
246184460
183289372
170688892
170701300
186425509
1225564325
1208787116
1481417196
1506721276
1586412364
1586403852
1452182028
1451657740
1455722477
1443160490
1443111338
1443311786
269615274
269877434
351669638
346491138
347937026
347877138
352118563
343712563
343839235
377127745
376079232
376078720
371951028
372872628
507309484
1044180329
2130472746
2126398762
2008482090
2008297786
901001498
1020526858
475333387
474350137
474885672
407841320
407841560
407710985
408421643
454558026
439959882
170640346
175748090
173647338
458991018
407481770
1481420202
2026679738
2022483354
2089648264
2141159560
2124316824
1987490024
1983308008
1982988520
1982991592
2117217195
1850878698
781396650
783362730
1055930058
1064313802
472920842
203555594
217457194
213189166
213657126
144468518
144501538
148678930
148548866
148538626
265978178
251298115
251298241
251299796
511355892
511355364
507226340
507087092
507284564
507281436
507007037
506990831
1043997102
2121949614
2113562534
2092682130
1824230018
1824234114
3971979906
3970932227
3970801169
3974954544
1680092704
1680091872
3828099748
3827960484
3832154532
1688734900
1706558612
1721249924
1991778500
849928196
313040900
313040909
313098287
317621291
288281659
271510539
271502603
338317130
343461610
347657834
347637290
362317338
527994378
507031323
439920955
439068697
980089864
989742104
989724729
979116091
958144554
940384554
940454442
944641578
953038366
948774430
948708927
948710959
948711023
952908415
961379167
969767263
969767263
969768287
969899359
961510751
961510783
961379711
961411455
969800063
969800063
969931135
961542491
961542491
961411419
961411451
961411451
969800027
969800027
969931099
961542523
961542523
961411451
961411419
961396091
969782781
1003467261
1003467228
995078552
726644664
692959912
692959912
692959929
1766701753
1766831835
1766748874
1749955066
1749946602
1745685738
1745619179
1745692923
961423561
965615049
965624137
965706505
952936203
944549726
944549742
944745582
969913590
726569158
688820422
688816198
688886822
722379814
1863246885
1850655012
1716126012
1716191692
1648952712
1648963208
1657416360
562694824
545853099
814220986
814507658
818733258
286031898
303923258
304001034
304017422
304020494
324983046
327862822
327862822
328923927
331083015
308830469
371745028
372163568
377406112
383730336
382474144
386143649
352613779
352773554
390524338
398913410
936820610
936753602
930392354
937732387
937732128
660969488
623679508
623745076
590280720
657345552
640568401
640615586
644167074
653533094
649399973
917846676
934619780
901065348
1962240644
1958083205
1958203030
1958184662
1956741654
2107679270
2107941670
2112136486
2103819565
2082917148
2099661324
2099727116
2133281084
2116511789
2129095743
2124890126
2129084430
1056301070
989192494
1006036782
1006522175
1039092573
1063864685
1059649580
1059716140
1059843093
1059843087
1026554894
1030724894
762154366
745377662
753518302
753517309
2028557052
2028548856
2020160248
2021207784
2021206760
2021202536
2025654569
951847227
951334938
951334346
1486173130
1489384074
1212424890
1208787626
1212982954
1502391998
1536014237
1536144028
1519039132
1519039196
1520153132
1513721388
1530464812
1530726701
2032994351
942544942
943597598
683549710
681443343
965673289
965481417
428614377
432857832
407692264
407679977
407745433
416128411
416123322
474974362
1011787930
1011787914
1057925258
906933391
906920077
908034205
908034285
910090285
658383149
624833327
742329903
746527279
750721578
1019021866
2107382282
1520187978
1251749322
1251763402
1254925370
1250734122
1250205738
1250206010
1251451146
1251905578
1251905581
1245283372
3392703524
3392784452
1245341888
1245341824
1530539921
427439746
414843522
146473602
1220285074
1218261671
1218264678
3367844386
3363584802
3359435042
3363612966
3418138902
3401425670
3399385671
3399123844
3399123876
3405300640
3392947616
3392669092
3407494308
1293561252
1276784037
1548429701
1422601089
340605825
340528000
336349824
945024
17182592
50730624
302061425
302122289
307364914
318049314
316943394
65285158
31729710
33311006
98355486
126470622
126469630
93159934
76514135
76460804
1154392340
1288544572
1280157996
1548593508
3691883492
3691944532
3574500932
3608052292
3591287372
3590820431
3523527278
3523497518
3544996206
4090259558
4069283942
4069410838
4070491142
1386135557
1459351556
1445519396
371781668
371904548
908774416
1042992432
1059806036
1072266071
1072266071
1072290647
1072290135
1063901527
1030355287
1030355319
1030355319
1030348159
829021567
829248927
828978623
828980671
828980671
812194239
812456895
812463807
820851355
816657051
816673305
548262425
548188729
548187689
585935657
573356331
641697851
773769483
706627595
722406410
673120522
674107771
677786600
681980648
951530232
948253320
948183704
948201128
948234984
969210600
998603352
999242299
999242538
999099450
995885114
991756346
990728250
688873530
688775290
688775258
692958558
692960735
693091839
693108091
688912763
688879995
688601467
692730235
692730217
735000953
734862169
730677067
734822219
734855003
734920575
701349887
692960767
692960767
692959743
692976127
688781823
688880127
688863615
688864127
692992895
701119359
701184895
697130847
697106255
701284303
701284319
701347295
701345951
692957339
688763035
940421307
940421307
940571899
940505323
957237355
1070483754
512625450
445581594
449778958
156115214
135143942
139338258
143549026
143451683
143453729
143435376
147826240
151959488
168724416
169512640
171690736
171690736
175807345
452901154
446670882
982297762
986490018
978100386
1041014930
1041014934
1041002655
1041117368
1023816104
877007528
884359704
816254488
279185944
279194120
283405064
279370507
296143114
329697290
308544522
304353530
305426554
322331258
290874090
281371370
281285354
273416942
273437406
277795294
277795046
277730349
277650460
277653516
307210252
303998988
306096140
306087948
305039372
305038396
841797864
841765032
841945273
825110953
812528553
812593835
820854458
816651930
817698458
278738602
277623466
277357294
277406590
295234830
297380110
398174478
384412030
384362607
376109260
376069324
388890828
355860492
337855276
337695276
351315500
498118188
516992551
516992806
507556918
503484422
503484422
503481350
503482375
503490565
521336836
525781044
511690788
510516277
506290245
506421319
523194454
997016038
963203046
971594414
967408374
950762198
950745799
954941127
946421573
946417524
947463724
945368620
945303084
952905261
948710957
948708903
411841139
411836994
143401667
147648963
139261395
139327987
139426129
139360577
172915009
181295937
181291841
181356483
181191575
172798886
441230254
978100654
726443438
701480366
1775221183
1771027967
1775154973
1766830879
1762636575
1762554634
3893245722
3893247786
4161673514
3117287914
3113159082
3113028539
4186709641
4169934472
3633078920
3637314236
3628929709
3628929508
1477772516
1477905509
1476528195
419571779
453126337
436349057
172375171
247599234
247664774
239079574
239104166
239133102
227602926
210887162
213116254
213113149
213113149
204732717
204593436
137709836
188696844
184438028
184480012
452911372
438296892
438083884
437035308
453816616
424514537
961396729
458210041
437238491
437107419
420461274
403619530
470717134
470713294
336495054
340690126
281975974
328050855
306768289
302665344
302646912
303698592
303706848
290136608
810100256
835265585
865678385
848831523
310912035
310916131
310920227
8946707
5082451
5085683
899315
915571
915827
948593
55458625
38680129
38679105
47067713
47002609
42791907
59552227
294428135
818715118
566802863
583776703
583776396
583710860
571128972
571127180
571385740
571385788
1645131756
1645147437
1649341487
1658610734
1660707886
1659790350
1651397646
594430990
602884382
602766142
569211710
569326111
560929295
590158607
858593533
862731437
871178404
833564820
820908160
820969860
820319125
816150269
816133695
816264735
816277019
820863515
292381466
325871418
288128810
275516282
275581594
351144586
346954382
78454670
212607430
212611142
212742146
145633553
149824304
149762608
158085648
191698448
187636240
174979600
175958609
173845234
181186546
181184402
181183362
181322643
172901105
168703713
168765281
437003552
438052132
987496485
730595369
697247019
697052479
701245727
969693567
969791871
961542655
995097086
994965886
994965886
1003354494
1003354495
1003485567
1003485535
961542493
961542493
961411453
961411581
961412093
961411453
961542527
961542495
961542495
961542527
961411455
969800063
969800063
969800063
969931231
961542623
961478111
961542655
961411583
961378815
961379317
961543157
961527285
995079607
995078582
978170302
709669306
709669050
709734586
1045409978
1041215673
906998968
923761880
806238280
806238472
810420792
815664680
815727144
278725176
278663691
13378058
4997674
5017386
13405050
9275834
30316714
1397401786
1447732362
1457168522
385515657
511344776
1578819756
1578787044
1463623908
1413292897
1417110050
1424417314
1420214790
1421133318
1421125143
1421124149
3719800596
3723933492
3749088556
3744778540
3592210732
3592218940
3592317199
3613282078
3747235638
2640003894
2631484214
2631561558
2629443926
2377851862
2377720791
3451466461
3451585148
3455780712
3296464680
3296475944
3292281144
3291363592
1097787848
1140648073
1123845259
1383956922
1378857402
1378857402
1378857386
1395634606
1882173542
1882095666
1886364723
1881975840
1881974816
1613740080
1630460160
