2737343180
2737421836
2737487420
2737483324
2737499676
2737532460
2771009069
2783652143
2762672366
2896840894
2897136830
2896551102
2782979214
2770396302
2753621134
2754735549
2754804388
2754800228
2759027204
2767219204
2782948884
2732615444
2728490005
2728547382
2728805478
2795832546
3068986594
3060663538
3057517650
3040752658
4097584130
4096273411
4100533569
4109249472
4105052032
4106096528
4124853648
1985241232
1985241220
1444159620
1450664148
3623253869
3517372974
4054305326
1907149630
1911343374
1902995470
1903066126
1910919182
1910903070
1944453421
1668551148
588525996
587473836
587212444
587409052
591480509
599836351
595625727
562072861
565283869
547534852
1684252676
1679862084
1681107924
1678958324
1963085461
1967261367
1958874723
1958887202
1418930466
1418733586
1420835842
1421097986
1299473426
1312810002
1312485634
1312477442
1316634882
1340817873
1307308528
1304027360
1337550048
1341860340
1341721036
1316571724
1325095548
1320712815
1320954478
1325150766
1316487966
238620734
221933606
205152338
204136514
82493634
11139216
15329424
7071872
19642512
53184912
304712084
304910740
841789845
1915531965
1944498863
1671864879
1638179375
3781468717
3760498223
3760502335
3760650813
3849255469
3857636141
2813282607
2796382287
2800086223
2792711374
2788520158
2805412038
2903904710
2887123574
3158717990
3164352038
3030134311
3049008941
3082301756
3065511948
2528706572
2543456264
3554218072
3511161304
3507090681
4027300073
4044069099
3775633915
3809057227
3808999753
3808987401
3793258249
3793519385
3812536891
3778978346
2703139434
2698949354
2694824942
2694629286
2693594534
2697751991
2701928847
3775740317
3809418684
3810407868
1646141852
1646207133
1675043000
1670840504
563413080
548667656
547679496
547662088
551856905
543463689
539331851
539460874
540508618
538362266
555143595
571914155
584498667
580299131
580298810
1653910538
1733600266
1681231882
1681817610
1681576250
1698353962
3875205742
3868780398
3868774380
3868773724
3868782412
3877170764
3759828492
3761902092
3761898028
3764060716
1620836654
1620836398
1619787834
3767474250
3767425102
4035893454
4035967182
4052613254
4090059910
4081791365
3545895556
1408897708
1371157164
1371153124
3501728292
3505925925
3564644391
3292014630
3224901654
1094458382
1127810062
1115309390
1119541198
1119524815
1387970045
1387900397
1385737452
1381541100
1377345660
1376305432
1913193257
839455529
839459373
558503535
541722607
1892353519
818677173
817890693
809518469
809550724
830722964
931320732
914547608
914613144
914613096
910292777
906025259
856738074
856729866
858957834
863406090
827755530
828211274
558678154
537903243
537841817
537813161
537814509
558722917
558652965
583812661
583353879
583393815
583852646
583825382
592201638
588009390
587811246
592083374
600537519
600536493
596369821
566993293
550084941
541696269
542744857
542738713
543000857
543131961
551458857
593410105
1645119497
1645125641
1712234521
1713279016
3877556264
3778986024
3778954540
3779006204
3816623804
3808233148
3804042940
3803002557
3803004606
3802939310
3802950062
3823925494
3761010710
2688449542
2688429062
2688429318
2702978822
2740731431
2999717415
2995457574
2458584694
2458466038
2189965286
2206744054
2206738502
2212063299
2212216131
2187048257
2186916161
2185867584
2185864640
2181803204
2181741044
2182777301
2182793665
2168114115
2419985347
2491225954
2495357794
2629575010
3701285218
3701240674
3700175714
3704361794
3691841347
3624812355
1477327329
1477257440
1481124064
1497901249
1531652546
1246375874
1242171074
1242088182
1263305702
3683419622
4186748262
4186942820
3113134404
2844637956
2878118452
2873920036
2852949540
2853017124
2853086820
2919950053
2920179366
2921137830
2942042534
2919170454
2914910614
2897613958
2895586438
3180602550
3180340334
3213914173
3197194253
3197428745
2664754185
2656561161
2652293177
3726559341
3726559487
3743075535
3709519247
3699032975
3699069839
3698062326
2625332966
2490986215
2490986229
2499358417
2512092736
3082375152
3013396448
2996618848
2996622884
3000817172
3009263124
3009259044
2975114788
2960443172
2960444717
2688338239
2705185087
2709420863
2742975471
2751351742
3019853726
3017564062
3017553294
3009164702
2975667646
2967408806
2969506038
2969448478
2968395790
2985241614
2977769482
4051642378
4078315530
4077348874
3808917514
1627904010
1627898890
1627881482
1627750426
1665433915
1673888047
1673888559
1665438559
1661244255
1661244415
1627771883
1611027371
1611544491
1611545514
1615739822
1619999150
3767351774
3767032014
3783907341
3818583052
4082819084
2990465284
2988368388
2992566836
2995581476
2995540516
3011790372
2978250340
2961468012
2965654125
2958871423
2975848799
2975750479
2975758687
3009247615
2992404847
2992470399
2992536910
2992567630
2991445342
2722946414
2722946158
2739787878
2706233430
2706241622
2706241863
2702047687
2702178759
2702113271
2706274791
2706275175
2714729317
2714598229
2748087125
2748152661
2714598229
2714598229
2714532693
2714598261
2714073461
2714073463
2714106231
2982541687
2982541655
2982541655
2974120406
2974120406
2705668470
2705799542
3779541366
3779541374
3779541118
3779410014
1631942750
1632499806
1632483406
1628289102
554563662
554555726
554638158
554572622
554572654
554580334
558774382
563034223
563034239
562968687
562837583
563886151
565975111
627964279
627964279
627964279
627964279
627964279
627947895
896384375
1030600181
1030600181
1030600180
795718132
1869463220
1869200304
1860811696
3933059824
3928865392
2871900784
2838393376
3107861040
3091079732
3095200548
3099329391
3098280046
4172022890
3635682410
3635689594
1221863498
1209346122
1209412682
135668810
139608138
139673931
156356987
158462331
192278874
175554890
174507354
174511610
170325498
174384634
174118362
182502906
182571514
183759098
173237434
180577690
180446714
176254441
180383208
180368744
180363560
172045112
167867176
167813928
436314920
436252968
437297640
506757551
476950966
476951478
476951222
485342902
216906422
1290664627
1290631923
1342061139
1314798385
1314793745
1314857985
241164289
241086465
509513729
509509635
507413507
524127346
1009552610
2083364066
1814925554
1815056626
3962474726
3962237925
3962255076
2892578540
2892511980
3169331820
3169331820
3166186104
2562207579
2578977882
2577924218
2309492858
2343055482
2343055578
2347250906
3412661450
3374994891
3374994824
1210733960
1279227272
1276995512
201680792
201713544
218228616
222406616
205623608
71405884
71405853
71414028
339911436
1413646140
1153535333
1162250485
3326515397
3322308805
2382768199
2388016407
2331379238
2327249454
2327065134
2327061054
2343838510
2308727150
2291986670
2295906470
2285405335
2285472903
3359280513
3359293377
3357192129
1209706180
1209706180
1239062468
3487485380
3470641397
3462158437
2384214053
2385983543
2318802199
2331390518
2327130686
2327126574
2324963886
2324980590
2325008870
2310832550
2289598887
2284356021
3358294404
3359281540
3359301956
1211786500
1209675012
1209673988
1209936132
1214126340
1297484037
1297550597
1299529989
1298972933
1340899669
3484320087
3400442711
3400447958
3400503282
2326567586
2330770087
2318188197
2385368756
2385401476
2389586564
2389652436
2373723492
2354913573
2363367703
2361270294
2361139238
2361131042
2359574626
2359608530
3437546690
3424947666
3424946659
3425016291
3357982146
3357976898
3409357762
3392388802
1257617042
1253434002
1253397138
1253950099
1253884835
1526522277
1478271077
1477747749
1478470661
1480502277
406234125
490135564
522600460
522584076
489095196
489031400
484839147
1487211242
1487149786
1487157962
1218718414
1236067982
3417109150
3467506334
3467530886
3467539350
3468587430
3468452259
3489423585
3436998768
3437060112
3439092016
3439093024
1279022368
1277578496
1143360768
1277610240
1277610240
1277660417
1210428674
1227136258
1264944466
1323808754
1323804338
1319608978
1319604882
1521451698
1522500275
4206662048
4210861220
3927747748
2870787116
3946621964
3945769996
3945768204
3945702956
3911631404
3911611943
3895344678
3900508454
2832468006
2849261678
2883012702
2881972559
2865032781
2865098316
2865151724
2861014764
2878133996
2878132973
2844578799
2832155630
2820473854
2822571862
3091148086
3090884646
4164626470
4177397814
4173203462
2057185286
2056135686
1519345990
1519293253
1519158244
3670844388
3662456804
3679239932
4178558684
4178558652
4211979964
4211905212
4182635188
4174311844
4174262437
4174315750
3624665190
3692831790
1547573294
1547044910
1558583558
1285974278
1302522118
1302646535
258245461
1331986931
1319604595
1252454770
3399901234
3399885858
3396610402
3392416738
2335582898
3405658754
3467510401
3467379328
3484172976
3451155360
3438567840
3425984864
3425984800
1278501921
1278635011
1278355458
86128642
86132994
86395138
90689298
73783091
73720066
73781506
73908497
90681712
1164439904
1197995808
1181065072
1181059824
1189452464
1185267376
1185263248
1185255058
1185187234
1189385378
1579193506
1579200678
1579327558
1579327494
1596121094
1562566705
1545740320
1546065200
1545932288
1550130704
1291269664
1286944288
1284847121
3365741121
3432982209
3434991505
3447490977
3324807584
3325004161
1445899137
1458487171
1454937218
1459130534
1987616934
1983422702
1983897646
1982750734
355344390
1412309009
1411777824
1415908896
1424436784
1554390528
1286014464
1284965056
1284989571
1284892290
1303678594
3467414434
3324807586
3324819874
3324946818
3328880002
1458286723
1584959649
1580769445
1580785895
1563058279
1546264583
1546268679
485359646
418317630
418323262
418327086
414132798
413997582
414464522
150220298
150737482
201065034
182190938
181224426
181166506
189587882
164425130
210540971
210737592
495892872
529447304
101159304
101154952
84836424
2011144
4186152
2911273
2390315
19286830
48646686
45500942
43960846
44008974
43881230
117354774
250519830
250519830
518959219
527143011
1546227939
2083296485
4230854884
4230985892
4230929380
3157154540
3157138028
3162324588
3170640428
3166446124
3166446124
2562470189
2562461738
2562457706
2292973802
2292714746
2309495002
2309560522
3388676234
3376118922
3376116874
1211823497
1211819912
1278928776
205516728
488501160
520417176
520400264
390116745
79794461
348229949
339841061
336834593
336766241
336835936
1413842401
1430685569
1456375425
1447995011
1449043651
1585428435
3732731234
3732728930
3749473314
3724502066
3724431362
3723907334
3757490438
3602039126
3602093398
3606153695
3597703677
3597703661
3610290668
3576806636
3560161740
3558986188
4095955916
4095898356
4100092645
4116870881
1977704417
2011200883
3605036355
3596744006
3596809479
1449321223
3597062935
4142252343
4125422895
4104447277
4108838717
4108830285
4101494349
4101305917
3025466925
3025462829
3027566133
3027729157
2507569925
2540052245
2531724593
2531525936
2533101872
2533175312
2264866868
2277388324
2243821813
2226012295
2226050182
2225913254
2230098854
2502724262
2536282806
2535898766
3055986318
4129728142
3862341534
3862275567
3862733934
3995919470
3995922554
4012668027
3979289707
3979224363
1753161257
1761427001
1760902713
1756706329
1772106265
3919590172
3920654364
3920674844
3918573580
4185956557
4173379213
4190224015
4181917326
3645013662
3645257390
3628470702
3629056238
3629711422
3640209422
3639287822
3634979855
3651890205
3383426076
3387608333
3363753741
3359542799
2283771470
2283647710
2572981246
2610729455
2593960429
2594021868
2594021868
2598213628
3128463340
3141045228
3107817836
3106848047
2843649070
2877157438
4198453278
4198109198
4198117390
2050629662
2050564143
2071532847
2042168871
951592518
414721606
481830542
79373966
79330958
75139983
24807823
40733087
308583871
308315071
304124862
304124606
304132858
304308970
857812587
824191853
824326636
836901100
866258092
849543324
312553604
312504452
312517061
48341365
1130471719
1080075047
1080145726
1080146751
1088535359
1352768302
3500378926
3500317999
3584209199
3588456733
2514584333
2507445005
2485420589
3559173677
3559172653
3559385663
4096195103
4114505231
4252895182
4252501902
4283973038
4258868398
2080320686
2076060926
2061902878
1525027086
1584201999
506204479
511451629
519889324
1056809140
1054646452
1046257836
776765612
1980543416
1996927512
1949744648
3491936776
3492006424
3491760681
2418293289
2431392041
2158822441
2158953515
2158952571
2158887050
2175668366
2192384174
2196525486
2196099502
3261493662
3257328030
3257196734
1109446766
1075928094
1076001038
2238726
2238726
15141122
15141122
15009026
15679746
32391426
107921730
40554963
40620433
40485297
36297136
40622481
65731472
44989328
45054353
44858789
48525477
35938477
35975421
35975273
35971113
18932008
6804281
10933785
10935817
11460105
11460107
1085206026
1085126154
1084786234
1164478378
1193842618
1177126794
1177387658
1177522826
1181717146
1475318522
1475195770
1974249322
1974248810
4125402475
4150632827
4129722443
4129718347
4129472859
4129444138
4146222890
4150404650
4154664490
4155848218
4154798922
3617854282
3622584651
3580641625
3576557929
4100715624
4101694568
4126925944
4126782537
3621621961
3546071497
3541909977
3508482552
3493729256
3493726184
3505260520
3501139880
3501015001
3517742473
3551321547
3287125386
3287266810
3245187562
3509375978
3509535614
1345254207
1345250109
1362092332
1467998508
1463772428
1463712013
1461611277
371063598
375179566
383274302
383270926
383270926
375046158
358281414
337306055
343602641
343661552
284809952
284793588
821690052
846788165
1916389079
1914402551
1914201766
3531088294
3531079855
3520594109
3499823244
3498717596
3498976220
3498973148
3515752412
3515772412
3550342185
3531399210
3526135850
1378714378
1378779658
1396236810
823931418
806094394
806305323
273561642
277756970
1419713610
1287589066
212798666
229563594
246078666
111867066
111829434
111829390
116015517
107631012
103440804
120218020
69919120
69922048
69963008
86607152
103317792
107520292
376414476
384732172
938117133
1013614621
1009354863
1009297647
1009365242
1009311962
1009541354
741228970
742281898
750771883
750639849
1824127705
1824107081
1841081033
1862057419
1849479386
2116817098
4265345166
4248699310
4231664550
4237960935
4237892129
2493061681
2495093249
3585619459
3334021634
3334132546
3334128114
3334062498
3331866786
3323461798
3239575719
3222869132
1074409868
1074408900
1074409220
1155149572
79376144
1286089488
1286089521
1290496769
1282341633
3459157761
3392047057
3396305617
3400504001
3400381137
3468538609
2392634337
2392629731
2274143463
2500823271
2518321399
2451212486
2453327302
3527033798
3525968462
3531092590
4051186218
1347949114
1346908778
1346906410
1355290667
1351206955
1401853961
1453238345
1459399753
1445757385
1445560761
1445638585
1445638585
3609879468
3563725740
3569230764
3703510012
3703389548
3304859948
3304859693
3304859695
3300878686
3299866054
3299656646
3345794007
3324822519
3324932565
3324911700
2251170836
2264818708
2260720981
2411304447
2411239406
2411241454
2410188718
2414380970
2271774654
3727536542
3727647166
3727565246
3727565274
1463165243
1427513641
1414792505
1414801672
349448968
349666056
351723272
301287177
326894345
24904459
2818394
7999866
8008046
5972334
14165374
13107550
9966030
10425806
12459406
61766031
49150367
40688063
40746429
36550045
36540831
36147647
305639870
304394730
308588843
317497643
283943208
283946280
812427560
808233256
1882172200
1886300680
1688910344
1621659144
1639482057
1659667147
1647235834
1647202922
1647190570
3794670378
3795591466
3816554810
4057748810
4041013706
4040989066
4108093834
4103375242
4105542794
4239889547
3181621387
3219304635
3189960879
3055739071
3055706263
3072467191
4117897446
4260442598
4241499614
3704631110
3704695574
3704764982
3568437814
1436556806
1205875462
1205879047
1197720007
1197638103
1165210535
1173398181
1150330789
1152497653
3572667845
3563230277
3575764085
3508597861
3508757861
3542230373
3546424173
3253932877
3234857741
3234857781
1083384613
1085482533
1084303143
1084233495
1088689943
1076106503
2556163
3014915
3014978
24052674
24073170
57495986
57495986
36565430
40890774
40891799
49149396
49149404
116194780
112066044
112065916
128761340
1336718844
1185723837
1185780158
1319605166
1323807662
237089710
237089262
238195022
236172294
234927142
234925095
503557140
1577227268
1444316164
1465286916
1434354436
1417577296
338248528
338236177
338367267
338244130
342697506
351022886
346885926
78191942
78124358
11276743
28049861
57496020
57528788
49279412
49280444
1185938876
1185938877
1185807869
1118680573
3266098687
3282874863
3249320366
3249321390
1118811566
1123007918
1190110399
1181590678
1176875190
1176998039
1176932437
1176940565
1177465652
1160749604
1416209940
1420475908
1420475908
3573268165
3570974390
3705185958
3720930982
2506085286
2508145142
2507604222
2506298622
2506314871
3051617335
3047421199
4154717199
4154565647
4158697493
4116746261
4246967605
4230149477
4230145893
4231128917
4228994645
3155383927
4250023543
4285740599
4293998343
3751883015
3752071223
3752071206
3723235366
1559048454
1283334422
1282282806
1290667830
82773767
82652935
74198981
74190789
124521861
107744663
40652183
49141143
49140150
49140214
49148918
40694630
40690031
40689967
57464111
23905647
23971199
57659855
40792527
57635167
32469375
15561007
15495471
11302183
11367733
11500821
15725845
7271685
3077381
3069189
3069189
24040773
57660759
57529687
23983415
23983415
19789079
19789079
19780951
19919191
24113623
24113623
24105463
57659831
66056631
49279415
45085109
45085173
45053429
61699381
28079397
7106855
2908967
2974518
70152966
86921990
91149590
99603798
133158231
99471829
91083253
86888949
120451573
120582613
120583637
120583639
133035479
95285751
95285623
95286135
99480439
124646263
103674871
103805407
107992543
107959645
116217181
132920605
132920637
90977597
90993981
7304509
3044701
7197023
7127519
15585790
11522550
28242422
61780470
1118745078
1118811638
1118680566
1118680494
1118680510
1119729087
1119393213
1123586477
1111003560
1178128808
1178268120
1178235224
1192911144
1163650856
1432088377
1432087897
1431944521
1163435465
1433962441
1434159049
1429910219
1429910239
1429910111
3577395055
3615138158
3606946278
3602702822
3606967190
3606954903
3606888871
3623731623
3623870693
3623739429
3623744532
3623785476
3615407117
3594497037
3594382397
4131323101
4131313037
4152279967
2013217455
1975337643
1958482922
4110168570
4235993466
4236059946
4236213546
4236212538
4236213054
4244598287
3707758159
3707617871
3724296783
3749466719
3732746879
3732747055
3739033903
3739033901
3734450300
3755414728
3570732232
3562360248
3294461368
3294461336
3296548296
3304866248
3303866712
3303879480
3303813928
3295490600
3295556136
3295553080
3312332312
3345825544
3354152281
3337407641
3282863291
3282866366
3249385662
3249516990
3249516974
3253711278
3278877166
2200891894
2184078839
2184064340
2184064260
2205038852
2280529156
2276267284
2242654492
2242655036
2242720556
2242716461
2242392878
2225603374
2230059310
3320578414
3312276858
3312350666
3341710794
1177507274
1177359818
1176860106
237336011
237499721
86439257
69530905
69514520
69510456
70628664
69645592
69636360
82755656
78561624
78532959
78516542
78533422
82596654
70055726
1143863086
86964046
86947663
87005125
91001540
99472084
95253429
95384501
1102016932
1139749284
1139750052
1139762644
1139766724
1206768980
1206752628
1173205348
1173205301
3320815989
3354243445
3345846645
3345978359
3345978359
3345994487
3346002663
3346003958
3320833494
3320702422
1164768758
1164767718
1160638934
1160737222
1164923206
1198461206
124728118
86976310
88024886
88041238
88079622
87938310
92046663
75269591
75272661
92115925
91197909
225440245
225407477
225407351
226455926
226488678
234808674
234874338
268297682
259839426
259899842
254791890
254763091
254619729
86970640
74318640
74331936
15623777
11382481
28090003
49057666
309101970
309170322
1382920338
1383043507
1378857649
1379906288
1394602720
1344217824
1343628900
1414934116
3572767076
1421084704
3584313361
3601320961
3601785857
3607076880
3598688304
3594498128
3594424768
3593388720
3576349344
3572387488
3568258707
3568129970
4104941990
4109115622
4114358318
4147978270
4282311994
4285460266
4293913130
4251826699
4285331977
4281125577
1982648201
1983660203
2003636395
2012164271
1908289726
1908285598
1891508390
1958045606
1978986214
1903558258
1936121346
1931795971
1931758864
1914727712
4062337060
4063418660
3824324388
3885141540
3867184660
4001408516
4001408519
3935350566
3931159590
2855308518
2854735014
2854640806
2871409838
2837855422
2826320782
2830510797
2828479052
2828282396
3097242124
3101436431
2556177934
2556174862
2646483182
2378117294
2377646254
2410152074
2393428105
3462969480
3458836616
3727271944
1580967944
1581230088
2115938312
2115936264
2115936264
2101248008
1816035565
3962479789
3966732709
3966761637
3976067767
3976063671
3973342950
3990120422
3990184418
3849662710
3850178742
3883734198
3883875766
3892198327
3892255446
4159654614
4159658566
4058781510
4050399558
4033356102
4041867734
4037685735
4038799332
3501796068
3505924836
3496508016
3496598352
3513376065
3513308483
3546857666
3546996882
3555385474
3555349890
3555329442
3517646818
3517453922
3517457959
3517460004
4054328876
4050134588
4045955612
4045979932
4046164072
1899664616
1633389752
1674086536
1657321608
1644739788
1644867660
1644863501
1645928457
1664802859
3883595051
3883564843
4159326763
4159326811
4159523531
4159467211
4125972191
4126130911
4109353661
3036541629
3036472317
3044860927
3044926975
3078616575
3078616446
3078487422
3078487350
3078487318
3040867606
3078616342
3078574390
3086995766
3082768694
3069931830
4143542590
4080563534
4080761311
4051356077
3790260396
1625905564
1625913484
1617443976
1614298248
538721432
538777000
538190764
537985709
550646445
615670501
614687269
614527509
882959105
887119879
337670151
337776670
337779718
337778695
342231573
481692197
481774117
398248517
111994565
111968965
36601991
36622486
37384402
52060386
1991138
270361895
274714151
278907445
278920725
27043332
60614212
35391191
52170662
531878
1718694
274606502
278801814
297207174
312557954
312590722
316781523
308327203
308322915
316711527
854632167
869314223
861343405
826738349
809980325
809660581
809660647
810692071
812661574
807668294
271002198
270940870
321272198
317070470
312868998
312606918
312557781
312516836
312517732
828423468
857847868
841201693
841201951
841137430
845321526
845316158
845430814
841744414
925770047
879633708
351170092
480954940
363449180
402184588
389606540
322489485
289064079
272295055
276455821
284844717
1891295981
1891214060
1895671548
1625139964
3764173564
3764161197
3780938415
3793664654
3860772558
3862885086
3861783086
2922193198
3995345198
4007930918
4272162854
4272360482
4272358418
3736367107
3734298625
3738083328
3743322112
3709504576
3694823872
3694824000
3627657744
3627593264
4164544052
3107583749
3145260343
3221014566
3149711462
3132410086
3153583302
3124097990
3124163270
3122025030
4195758674
4211352034
4249101474
4241761442
3703442562
3703180418
3567913346
3568110514
3589029539
1180968627
1181098689
1122370369
1118056961
1122248240
1080305188
1076178468
1076238893
3223784238
3224636190
3225184526
3227257178
3284927994
3263955386
3264091034
3280872382
3247317422
1083515308
1085549740
1081346220
1076103372
1076181068
2500940
35794380
35808076
35836751
37142862
34898414
39096814
25470318
8751422
8882462
10393885
280930572
301901836
306097164
373211148
373211148
387969076
891048228
806638381
806629935
617894511
612650751
897928847
1065814671
1048914573
1053043661
990129145
453388649
419839289
432147721
432016649
461374937
176169373
180380061
180380093
180384165
180639143
180706723
180841891
231105987
209113346
207810818
207802626
73629974
73433382
91266350
122726702
113285486
113293822
131369434
98404810
79334858
96108939
364552584
364749224
896831980
925926892
1997573604
1997641924
1980999748
1981000773
1980933191
1980944582
1997717638
1729284086
3853946598
3853945382
3837037094
3837046293
3841237508
3828654596
3828720132
1681322500
1681281572
1681130789
1680082983
1822885990
1840134294
1857955975
1857955975
922627207
909447303
909443207
908460455
820130471
816980519
816847415
816851477
279980597
279980597
16051985
5682433
269975825
269254945
269256161
273450163
273517747
323917953
370063491
370030723
503715970
503716274
441662114
512765538
1049634342
1032860166
1016078926
479224399
479241197
1015135724
1010940076
1023777260
1057462604
906410508
923182604
337027591
270381622
1344045606
1346159142
1344062309
1348324836
1352632548
1889437940
4070480196
4072586052
4071008964
4142377604
4129598119
4130645414
3859870126
1712325038
1711419790
1712468382
1980900326
921838886
916667430
916461571
379594753
379594753
116582400
108182784
391290624
349605632
1426034432
1425903425
1416464721
1417513331
1417513058
1415363618
1951179810
4157370402
4066246754
4065993057
4068094817
4067047104
1936333504
1953110720
1953172161
1961368274
1958229734
1958224814
2094539178
2085101962
2001225098
1992871338
2005502379
1972026792
1972082072
1977198472
1970841544
1966647256
1965797244
893054780
926612797
924456245
924452119
924321557
891029269
894254372
894254372
902564148
902565236
831328132
864974724
865038980
864876181
328001190
327970726
332147110
323762342
285478054
289866934
284558534
283516934
283599874
275020834
2414626
2414610
1076160770
1076873474
1114557186
1191104002
1184548354
1318732482
3465073314
3465069218
3465315238
3482104238
3712786862
3708588203
3709830329
3742344392
1594860616
1560650760
1427632392
337514760
337510664
270402824
274599737
282987321
278805273
10431243
14432527
14421263
56410574
39682446
38633910
38637990
47100326
47100294
38714759
56539527
25098645
7207348
271350204
272377260
272376236
823927720
869008296
596378344
597444140
566019852
568717068
568700701
543532349
543667519
543601710
811054126
826575918
822410430
855996574
856033438
319162814
332271534
327816878
1401578174
1368121999
1367917260
1367906044
1364766572
1360572284
1360570700
287041868
286940428
353242380
357436684
358489404
400502588
400506644
400367380
928790292
927740724
927220540
935711037
935715117
902095214
902063598
876896174
876895150
335874990
353258414
357452190
331959758
315344334
311071182
311079370
379560346
381461929
1458874792
1449429420
1429572012
1409452468
1409458052
1946329732
1946329796
1946325589
1949418037
1966097957
1444966181
1457679665
1453464865
1454771491
1593118002
1585198390
1581018166
1583893542
1592413206
1589269574
1589269703
1335510149
1285096885
1222124964
1213738916
1209610148
1482628068
417143588
412364597
496250685
515139541
519553429
371049917
370979245
369406125
369402029
373600447
369488362
389542698
270983738
270990858
274893322
283281950
1352698670
1352698158
1352972559
1353098508
1408672076
1379304396
1377207189
1393984403
1343653282
1343597666
1356114978
4036277282
4119897137
4136936208
1454809600
1450631680
1445855760
1445659184
1428820512
1411979041
1551374373
1555568679
1419278455
1436215493
1455073476
1454935236
1382580420
1378451612
1379569821
1396371711
1901748462
1883989358
1892233006
1892167214
1640511022
1665925662
1661469470
554189118
541642814
541643870
541624414
541624406
537430134
554408038
571129206
575317334
575321414
1644938582
1644709238
1644698982
1913207142
4065007974
4069137254
4069203686
3532275382
3532273302
3549050503
3314029188
3298326148
3304912772
3447504772
3441728404
3441925012
3475159568
3441601040
3441617456
3424841233
3424806403
3437422082
3434268434
3432105314
3432046051
2357325171
2361650499
2378222898
2403355938
2403357986
2382377266
2382504210
2319589714
3401717234
3414576594
3414542515
3414984864
3687090592
3679762864
3675298948
3644044484
3641876676
3624116432
1476453728
1476420899
2013404963
1476534051
1480728354
1490226978
1485901602
1486032690
1486036739
1484844801
1489020673
1480635649
1493210385
1493407027
3674389858
3657678178
3657686882
3661715442
3670102994
3733156850
3733189090
3749958883
3716471904
3700213984
3578317040
3575171264
3591990656
1379544960
1379542912
1379546752
309989248
318377392
318573985
315889059
332669111
292823413
283533596
283562248
283418904
283943224
283949880
283949608
820820520
1889307177
1887996458
1892255290
1883869786
1879618250
1931063946
1916467083
1916693898
1920873630
1929117870
1926500526
868495530
834937002
818356522
282404378
299117066
62138890
61335818
61335562
65918986
57459722
57458698
57589962
65962126
65990799
65991061
65991088
67100336
64879264
63732384
298609312
290219684
269382148
269378052
339636741
338649653
338453029
342682407
883738918
883705974
1017383110
480576655
497418447
519450829
240525321
239476745
256124187
205531630
213924846
213912494
209980350
211046286
211730830
230617550
247374086
246325511
1340781360
1332262688
1328065824
1312336672
3457919765
3457850885
3457846855
3464136391
3471476423
3735721671
3735791329
3739789152
3749226336
4248368608
4248458672
4248458368
2100958336
2084438145
2099712179
2099458227
1970483619
898707875
898643427
394276147
377497863
113256711
105998597
106101509
106086145
47612673
316507089
1406697873
1356693893
1348371845
1347848581
1347914645
3563043477
4108189349
4108117669
4106020580
4125385260
3085223468
3060061484
3060063292
3060137020
4133992476
4276533277
4276529175
4275485718
4198878262
4261737526
4261793846
4262908118
4279685334
4229878918
4236168583
4240427991
4240284631
3969235575
3973360423
3981750053
3994330423
3994546450
3994468402
3844075555
3827200099
3829285075
3829268611
3833467281
3840612277
3836286629
3836231341
2762504879
2779282079
3051907775
3043520494
3072875998
3072939470
3077394894
3085914590
3085857279
3086903295
3086903247
3086841679
3078387551
3078387583
3044829055
3044894175
3053417951
3036631519
3036627359
3035976127
3036017151
3044341231
3044308847
2507435871
3715393887
3715443039
3715570527
3698727767
3697676118
3698726870
3715568438
1601634614
1593249846
1588973590
1588891653
2125769732
2121574452
2115807268
2132588580
4246649180
4245338700
4245591628
4094198356
4094214693
4094378535
4098499110
3028951910
3030000998
2492999782
2646087926
2683963526
3749324934
3598335366
3597341062
1459159439
1459093645
1459114408
1457054184
1465429480
1461292872
1461366600
370846216
907782920
907853080
839681080
839697449
839663659
840835114
840835102
830342494
820906974
816777823
816646685
817699356
817657388
817685100
819765901
818709389
810320813
806125993
822919593
822877609
806238633
809908649
1892035497
1893084153
1911826889
1944382921
1944364489
1927708683
1923448858
1923383354
1928101930
1936500010
3509495598
3496904230
3493777970
3560862242
3560907298
3559662115
3572244769
3568181264
3568173056
1370360832
1399785472
1394935824
1378105633
1378707749
1928324373
1924121037
1923924873
854098569
847025832
1983692457
1732020905
1698466745
1696962955
3844518331
3857101099
3852641067
3047334457
3030688268
3034902020
3156503076
3173280548
3173480484
3211662372
3220045836
3215589583
3215611022
3215838638
3198978990
3202910830
3191376426
3191380490
3191516683
3191514697
3061380073
2800370094
2800353678
3798599054
4062840214
1965563046
1948788902
1684809910
1688615046
547757191
815938695
815998151
815850775
815834407
836805927
845255999
845389631
857906743
1899146775
1882365511
1884479173
1886584565
1886574181
1886471781
1903642157
1937118989
1920431373
1986325551
1994718247
2011485239
1470419991
1437913095
1442611205
3588128781
3613311277
3613287725
3579719117
1432230797
1465519005
1473846189
1457273775
1457271231
1381773726
1381257374
1381494970
1383576042
1365676826
1348902666
1348839946
1348774458
1952758570
1952823611
1961139497
1709474873
1744207913
1742123053
3864371244
3876888636
3960778772
3960971268
3963022436
3961445092
3961473701
3965668023
3989771926
3873256070
3875287686
3807130278
3807117734
3823897774
3786225838
3769510047
3769526412
3770607756
3787368652
3820793676
3816595980
3794567692
2720825916
2720838191
2720920110
2720952878
2804823086
2817330222
2913667134
2896828510
2896832718
4243204302
4234754266
3698866330
3707253898
1587028170
1318593737
244851912
246965500
250328572
1315476972
1311282660
1311479252
1328190660
1277867460
1277857605
1282247447
1290123829
1285925429
1285925671
1604627750
3740576806
3738477606
3730276390
4263412950
4246641798
4231961991
4097478535
4097558199
4097536693
4097454781
4099879613
4040950509
4038854509
4038864173
3501009215
3501009182
3505203462
3236903174
3236762950
1090339718
1107280774
1104860054
1106960806
1102832017
1102758272
1106953680
1080661280
1076666144
1076670240
1344580900
1361356084
1399239957
1390838023
1458995462
1456902422
3596023094
3596084535
3595955511
3596615477
3621707316
3621766704
2516403760
2625393200
2620921392
2624265776
2632596176
2565475217
2577992083
2611830194
2612842658
3149197474
3153375394
3144720806
3138433766
3121652230
4195395078
4212256262
4279462402
4245911842
4233238626
4237428962
4103472278
4103995526
3583901830
3583926407
3579605399
3575408629
3575410661
3575476205
1432190973
1432346239
1373619981
1373487885
1375531789
1375515453
3514606957
3514672621
3609179613
3609187789
3609122253
3596010973
3606498813
3606506733
3602376053
4143305045
4143235199
4133806191
4133871983
4129812975
4150722047
4151204829
4051634765
1903954559
1887185471
1887184447
1887245099
1895629099
1894580266
820981818
821960714
811344970
274479291
273467834
273451658
365267595
398957194
534222730
534156234
265745166
190210862
190718254
201204006
201203970
1274941698
1270743314
1270612258
1272710434
1262776098
1258613558
1262877462
1237826382
1233567174
1233556931
1233558928
1233427872
1297911200
1160284560
1160362448
1160428992
1160426944
1462412736
3544100736
3548352144
3510476464
3544038033
3543657091
3542568594
3542159010
3546296226
3554684066
3550489762
3550489842
1369648130
1373840386
1398874115
1394663443
1394663475
1365352755
1373811457
1088852481
82231809
73876993
69535539
69547811
69545251
74787111
83630119
79444006
79509527
95365379
250359043
250347779
242008515
242123155
242135473
258912689
224829617
224822705
203524529
203529136
73644720
90421921
132229793
123793073
107012787
102786019
106963170
123740194
132259874
132255746
128060418
132139299
132180259
123791633
119732483
123898627
123897347
123765458
124109458
124187282
90616498
99071394
99064994
1168481442
1172675747
1442162865
1442164657
3581390480
3577192064
4046950032
4045772449
3777277601
3777293987
3789876706
3819228386
2745486438
2728848422
3798428710
3794021399
3810995461
3810930197
3812507173
3825075749
3786933797
3786932789
4038598943
4042793055
3573092431
3568893961
3499687945
3231403016
3231349000
2157603080
2157636376
2153425720
2222689560
2239268168
2464724424
2464781721
2464843451
2993329834
2989065898
4062741162
4062810506
3812274378
3778732074
1631084586
1631154218
1665037358
1652433962
1658788938
583802058
592386186
592317066
634260207
614076143
616108781
614998732
1961370316
1961386972
1962434728
1962435756
886589692
349784261
366889414
400476998
383711750
517907974
509387014
1044156422
1044021255
1042972673
791315457
741063713
741910625
741976289
1813752293
1814010853
3961376357
3980215141
3979677989
3844346149
3831771937
3773633313
3769569890
3769573110
3769309878
4037556918
4037556886
4088081287
3538557319
3530179461
3539571589
3537417095
3533222887
3599278446
4152927534
4115179566
4094404654
4095404078
4112148782
4279905118
4145686478
4145676943
1985491869
1984442797
1988628908
1988625844
1988633988
1988911236
2006769716
1396551716
1361543228
1344704520
270967048
270974472
275159597
282430062
1350863590
1351388070
3570370726
3579817095
3728662599
3459141637
3459121159
3471716647
3467518242
3467387170
3467387238
3483902950
3434611630
3428534170
3424638619
3424622217
3424435852
3692867276
3692867084
1411165004
1411230476
1427615501
1465306383
1409158414
1409156462
1459560814
1459364198
3623707007
3623870941
3604985309
3596393852
3595353196
3591146556
4128146444
4127629324
4148600844
2513871116
2497111916
2496550636
2496399020
2488022701
2488017566
2496602766
2497393374
2513961450
2516061418
3312978142
3313440910
3346933902
1180592270
1188523150
1184325775
1201078660
30610404
7545380
2187808
2220576
18977312
321947136
842115328
840079363
843225347
1917028883
1916832293
1644463845
1627751053
1611580045
1678660237
1679704493
3841216687
3836007599
3836009647
3853704331
3891521675
3878743179
3876646827
3876775595
3889350267
2782021147
2784183833
3043237689
3026464572
3026988348
3035567404
2511209260
2645164860
2662990653
2595750527
2595780598
2595811302
2591615462
2587397350
2587394294
3644772550
3628003399
3625607183
3625582863
3638107694
3633867310
3633867310
2564319854
2555923198
2574864074
2608449162
2591572682
2657706730
2666160681
2661967144
2661932076
2678623276
2678622444
2548608236
2541265036
3594367108
3726557316
3726528935
3728093862
1580600998
1563761330
1479879382
1480010310
1484139014
1493118470
1488717319
1488740917
1537008165
1536991788
1536467756
1506059244
1497740260
1476892004
1476760868
1476497668
1476645125
1543640327
1556219662
1435897614
1438518030
1169033726
1169107374
1206663358
1198266510
1194085518
1176781190
1176818134
103075890
107008034
116518946
1190223906
1123426370
1118190786
1118176642
1118717616
1118618272
1135383200
1098424992
1144824544
1145024064
1144957696
1076537601
1076594961
1076480019
1093289989
1126827333
1399718388
1408185316
1408054124
1375478572
1367090024
290729960
290744984
274000537
282118794
298306186
306677130
306544858
303398970
304517146
305111066
841788463
858565677
808369420
1348902348
1357284804
3504653540
3496268900
3580130597
3590201639
3590201918
3569160766
2629632558
2629518890
2629426730
2629361514
2633537771
2619903113
2619907213
2619911308
3694896524
3694831020
3692734373
3709526759
3747272695
2675885895
2675885895
2523911431
2523718947
2532107623
2667443575
3221083479
3221083511
3221083511
3179140469
3179140469
3179148629
3045058359
3045029687
4118773303
4152303159
4085062455
4085070143
1937587519
1920810109
1929057533
1910182045
1901793669
1893405077
818729380
818738085
818185143
834963415
834703174
826513670
823306502
856877318
825682950
1937157126
1928766487
1929284645
1926794597
4131958244
4131956452
4127818372
4111123077
3561673415
3570030274
3566895075
3568839779
3703318563
3707530531
3699272963
3560858947
3577594867
3611190211
3615388546
1476281218
1389720498
1389703607
1389703351
1389634735
1390159021
1383867625
1383930971
1362973723
1349475593
275775240
351129096
351119912
1018018344
1022146860
1819065388
1785496636
1782218765
1782223110
3929707094
3927610086
3927679718
3944260262
3910722230
3893948070
3906529454
2830882989
2830780588
2830764236
2893757892
3157927492
3157926404
3158184484
3170710053
3182695269
3216441799
3216376966
2677430406
2577258630
3721189542
3746355366
3741897966
4263239759
4267630601
4262961433
4264861993
4264879401
4262652200
4261591336
4274030632
2927671544
2944654536
3074539656
3070706056
3020309180
3032904357
3028689575
3028751010
3033794274
2488540722
2486975782
2490133543
2540577797
2531943429
2527781900
2527784988
2527642668
2523448360
2520302697
2520440011
2518351242
2521493146
3083595434
4123580074
4116498106
4095525818
3024016314
4101960094
4101955982
4102021582
4101886463
4118668527
4116571223
3042962911
3076505087
3084886015
3084750591
3084703477
3086864981
3078484565
3074257461
3074241077
4147974951
4146926951
4150860903
4125825143
4104788179
3567925443
1421507779
1425667267
1433985235
1463329011
3594432595
4130254914
4130242626
4134502706
4159682338
4121933350
4106092070
3036428846
3028036142
2501651006
2535271214
2535340846
2516455214
2512193342
2495427550
2224828830
3315347869
3449565596
3481534900
3326099860
3322990992
3323058064
3341933940
1159985429
1159883015
1075996934
1084368902
1084373254
1084635398
1101428167
1102411157
1137464740
1129072044
1108135340
1125104020
1125104004
52410756
54372740
1127197140
1127197013
1127196949
1131395348
3287136532
3282942228
3282958644
2175727909
2175728933
2175712549
2175778087
2175647015
2175569191
2179829031
2179958565
2155840789
2206184455
3531576343
3594492951
4131305527
1981786166
1849604134
1849592166
775601494
694845894
686477510
673837262
674000974
674050154
673525866
677657898
1760827946
1760639514
2022713882
2022713882
3650173450
3398897162
3400794698
2326004298
2326528590
2326541166
2326291310
2331566959
2338901375
2338966863
2338978139
2338974075
2338978153
2338969977
2305554905
2305554889
2305423817
2306603515
2306570683
2304473531
2304731579
2304600510
2304604670
2304735710
2313121247
2304208223
2306201975
2306197815
2372258071
2371995925
2305153361
2305284433
2313419249
2296642033
2288253425
2288253360
2288114096
2306070960
2306080144
2306010512
2312301968
2312302000
2312366560
2337405408
2337393120
2404637041
2387798385
2387798353
2387799361
2395209027
2395206995
2395075939
2386611559
2386611495
2387860759
2371026183
2354212119
2362669335
2362530614
2362530614
2362530614
2354072358
2356153126
2356236054
2373410566
2373408519
2373285655
2373221751
2237947255
2238011767
2238536055
2238536055
2238536055
2238700375
2272124759
2272132983
2272131959
2272131959
2272065911
2255354231
2188245335
2188376407
2188377431
2188246391
2188229991
2188230007
2187966839
2187966677
2188114133
2188048837
2189097412
2189097412
2186967508
2203810300
2170231645
2162113373
2162047861
2162113399
2231204711
2231135079
2230090599
2230114679
2238503287
2238503287
2238568567
2238577015
2221898103
2221898071
2221898582
2221931350
2221800310
2221800310
2154626038
2154626038
2171402743
2204760439
2204760413
2187950413
2204711245
2171287901
2180660077
2180660079
2180651887
2180782975
2214353759
2204916575
2188212567
2188376407
2255485271
2255485303
2255354231
2272131447
2272262487
2238642519
2238642519
2221930839
2221799799
2221799799
2221799799
2221799895
2154691063
2154692023
2154692031
2154689981
2154689981
2154692028
2154692028
3224206776
3224205720
3224336856
3224336840
3224332616
1093495113
1093495051
1131239690
1135435098
1135435098
1135572346
1135572347
1139766635
1106081131
3245178219
3245209979
3245209979
3245209947
3253582171
3253583195
3253583195
3249388923
3253583225
1106100073
1097711592
1093516200
1093516220
1093532604
1429175228
1427536316
352795052
386087421
1598151967
2135022878
1058127134
957459742
689024286
693216542
696362014
679575629
948011220
2025951476
2013500640
1476548643
3624011810
3624011810
3624020754
3653397042
4202879490
4202857985
4203905600
3197403776
2931601568
2931598496
2923203748
2922155180
2922356135
2922314402
2938518178
2938518242
2904701554
2766158354
2761959682
3030394882
2510436354
2510428162
2510493699
2275436849
2259724576
2528164196
2477832660
2213591756
2213579405
2205452973
2167769775
2165639790
2436831806
2435717678
2435725358
2981046319
4054591548
4054587404
4054583308
1361922252
1360889988
1896847748
537836436
537832340
537312180
1615305397
1623300756
1883281924
1895930368
4077103616
3791825424
3871516960
3867323424
3884428324
4236610592
4236545250
3699694818
3691776098
2619148338
2619214130
2618698274
2618699298
3216404034
3200175811
3199111042
3199044482
2930612882
2930555554
2934745762
2921638626
2921631318
2938605063
2888236835
2888199203
2887920674
2892171298
2900494434
2896300146
2913077570
3198294850
3198302722
2661497347
2661296673
3198216480
3198199840
3080751108
2544142340
2548402228
2540017700
2535807076
2435127540
2435717269
2972588197
2976791206
3786308262
3786267318
3786193598
3787242126
3776756430
3776227854
1627761166
1627826447
1627826189
1627818029
1627818023
1627835431
1627806759
1682314466
1682314163
1683886738
1817907890
752432819
748497587
748497587
747973521
748039041
764569985
768763265
795928001
795927025
794879265
795075872
1868764432
2116236544
2116236544
2116170800
3730967584
3735226420
3735030068
2392861236
2392860197
2393317935
2393117294
2410988222
2376368830
2363526826
2220919214
2216729006
2486286526
2503190726
2503126022
2501026822
2501042438
2635146018
2500993570
2500993570
3069313634
4138862306
4137945489
4138522752
4070869120
1927579776
1916045376
1916254208
842443776
590783492
555148308
555147300
555171876
558645541
592199973
583598573
583734267
583734235
583611291
583541690
919085818
919479002
881734346
815668939
817318603
816171723
816184027
820308699
811903691
543207067
555795355
572572635
574014329
592892713
591848233
558129965
541352749
541359397
554453269
554453301
558876967
567204135
567016231
566868295
558406983
591961415
592157047
592091623
600488423
600553975
587835847
587840463
588250079
588143463
554572647
1628314471
1632533351
1636760423
1636686711
1670159175
1670167879
1657583943
1644992967
1645059063
1645190119
1645124071
1645148647
1645148647
1649342951
1649311223
1657765367
3805248982
3805230486
3822006662
3779932566
3763286430
3763024319
2697671613
2693477016
2693478040
2710126232
2996387528
3063429832
3069717320
2666014745
2666006586
2661877786
2645167178
2628441162
2632626250
2490085594
2489880762
2489880761
3563626920
3613959080
3593069240
3593106072
3525980840
2452232168
4067037160
4083878313
4041873801
4042144139
1957510026
1420561290
1558451914
476058122
471863594
471863338
1545613354
1545723944
2095423496
2091164684
2042406156
4187534876
4220093116
3683230396
2659820216
2663088810
2519450282
2452308650
2452292522
2452226218
2465083610
2465079306
2477663242
3522061322
3496934410
3496930378
3492735178
3492727242
3509440410
3542927018
3526162346
3530318777
3538707080
3534639816
3534648056
3534643944
3534611304
2465063785
2448409146
2423244314
2418920986
2418928154
3492604730
3496802602
3500996650
3551288346
3534226441
3538551880
3257602280
3257405608
3257610408
3525976232
3530171320
1403658904
1420513929
1151914635
1151899338
1089273466
1076162090
1075936810
1075924266
1344298218
1348495593
1373661336
1374808200
1953737864
1953740168
1886556824
1895207640
1894093433
1885647403
1613013546
1629789738
3794246186
3794180666
3794180378
3794181386
3794125066
3794059594
3811038027
3777385051
3764798059
3764868841
3773593577
3773593067
3823662283
3807113419
3798646987
3798581467
3806913769
3790136680
3773491048
3765106184
3765093896
3765356056
2691482152
2699874856
2699875897
2750015034
2733172266
2733176362
2741551658
2737521210
2737439434
2720736202
2791841979
3806860456
3802664104
4075489464
4075432072
4075432072
3534366920
3534371784
3618508488
3618444872
3584353032
3567628569
3701969182
3702489662
3702034990
4243109422
4230528558
4230519342
4012411438
3928529422
3928730894
3928681486
3928749119
3932803119
3984249067
3967439835
3965342361
3830137528
3888661160
3871891112
4007156648
4009261480
4009261240
4008344713
1827304522
1827295242
1827291146
1827292218
1827398714
1827335226
1818946618
761949211
774448137
774387208
775489272
1849366184
1985681064
1989752504
1921590920
1384720264
3532128652
3515351180
3515367580
3498631340
3498614957
3501826791
3500779042
3496983058
3492256274
4028992050
3760495138
3760503330
3760238098
3810698754
3861029379
3861021248
3794174592
3794109088
3794060708
2720324780
2724486315
2749717674
2699460010
2699454394
2699454106
2691004042
2707714762
2716103642
2749687579
2733400857
3807212313
3807211801
3798806809
3815518713
3815511545
3782153659
3782089915
1626212539
1638795450
1638676666
1638677642
564935818
564929738
598679563
602808347
560603163
560607291
568913961
547934249
615034920
615031064
619291160
610903768
606722712
556354200
556468920
560609944
602548617
870979723
849937546
850215098
1923920026
1927581914
1927327850
1927323690
1658954539
1658954283
3798056507
4066486841
4062423592
2988632616
2988588585
3005353499
2472939322
2473331754
2448167978
2443715610
2427150346
2427117578
2427105305
2443939896
2447933560
2468905928
2468916872
2453334664
2451204760
2988075688
4068035241
4092333738
4092408458
3513066122
3492024778
3491758138
1344274474
1344282666
1348477978
1373889546
1403167754
1386655497
1390840332
1384024652
3527314316
3543829388
3577388684
3559494364
4230500924
4230484524
4230820392
4243530283
4239140142
4239132718
4239132782
4255979742
4278146190
3726561422
1579065482
1577968010
1577378715
1577381547
1577511918
1465281870
1473578366
1442578558
1425809486
1425936859
1421742537
1425677769
1425672589
1433996189
1463294911
1463316395
1450993386
1459381242
1471472634
1471476206
1471447406
1475772718
1475786031
1450486829
1584703508
1450616836
1451146244
1444844548
1444660340
1444480428
1460342716
1410996924
1415199389
1962551967
1958313662
1962697471
2012536877
1450500141
1445262397
1444963389
1444949021
1461726237
1416772623
1420959438
1419169454
1956499118
1955375790
4102339247
3578038869
3590625284
3591743492
4128746500
4264946708
4130546724
4130493732
4141010468
4137077285
3868642038
3801926374
3806108390
2721614566
2704837014
2687152006
2687168133
2687135360
2955808384
2955742880
2959875808
2964073760
2964065313
2963807250
2980785154
2527734786
2528783362
2260343810
2258242578
2392394978
2396527782
2407011478
2352550030
2352623759
3296342428
3296272792
3295159176
1147678664
1147693576
1143630344
69888536
120483352
35931704
35992328
37101833
36962573
35390702
55315622
6098086
14554246
16658819
12477313
11428481
11465345
32490128
32477936
32813665
32547429
24159015
7530255
20094734
84969770
390117866
373336554
381790666
1455522186
1456505482
1448116890
1993638635
1992655465
1992679977
1908926248
1892149288
1883662377
1880516841
1897285785
823576713
590802059
590774666
593920443
602313723
1671869291
1671737899
1650762281
1647616553
1647830569
1647735337
1662911017
1616773675
1625097003
1620925754
1690232842
1705961482
1722591258
1722583050
1726778442
1718521995
1715376267
1715400843
3846103211
3828245163
3840827051
3837333167
3837337279
3835179663
4103612047
4120389295
4116456879
4118545583
4101309631
4100337871
4116865037
1969479693
1969283081
1969283096
2002908184
2002910264
2012413240
2010308153
1473433099
1465191946
1444231690
370489866
102046474
106368302
248447278
244265246
245051663
244994317
268075269
234520596
208378976
216639729
1558816915
1554618547
1554614435
1567200419
1563009203
1563115907
1428828563
1412051619
1412117155
1416439522
1420568290
1420044002
1421160130
1421291394
1167420802
1205333378
1207360899
1190643091
1190643105
1207293409
1207232291
1165289251
1148497699
1148497715
1156885810
1157018882
1442231746
3623257538
3598615955
3598615955
3594491267
3593967489
3597129681
3596928737
3622106725
2447664679
2984597031
4058347303
4058862959
4126002287
3035487359
4100848671
4100979725
4100979981
4114595084
4130989340
1983472948
1982402836
1915294020
1915294196
1987776932
1979318693
1960444821
1955206029
1955287759
1419630095
1425866254
1416948238
1411689022
1428679198
1432869374
1466223790
1608795294
3739549838
3731226767
3739631839
3739664751
3735483173
3752125221
3752125221
3584352533
3584554295
3585531239
3579137519
3575397351
1427979127
1428110614
1363023110
1362755871
1366970687
1912201503
1903735565
1935193353
1935182200
1917356712
1984465592
1984465592
1984466584
1984610952
1985622681
2122260905
2138317033
2103771177
2086797369
1960968201
1960979465
887105803
896559627
930150970
919779850
919767754
1943062154
1934655882
1901101210
1884455098
1884459178
1883689130
1347743978
1364554603
1373004345
1356210716
1358390076
1425305900
1425336104
1425522488
1979161096
1996327433
1987938827
1919911243
4063207515
4063010936
4130177272
4147036632
4097716952
4028506664
4028572200
1895572008
1891377707
4038865194
4038853738
3501989098
1423706282
1410074766
1275751566
202009742
218756558
256427466
383436062
1457165598
1457169727
1190896959
1324918319
1333306926
3480805934
3480778350
3489224318
3483039566
2257251694
2257296494
2525531366
2525533382
2529735047
2680791684
2648285836
2625282700
2620057304
3693793272
3576367336
4113238184
4113049768
4114099368
1966743689
1968841097
1959404169
1955078859
882401995
345828873
350022153
343914777
1366726937
1400278025
1383498761
1383497737
1920303119
1934917663
2002026799
1968546607
1951834670
4099310102
4099310390
4098213686
4098153831
4114893045
3612297461
3603848661
2660132804
2661184340
2679980628
2684121685
2650596197
2642208741
2642208229
3044867559
3044925399
3045040071
3044968391
3045037783
3044914935
3042752374
3044923254
