592346383
600599855
600591663
567138623
558750079
558750079
558758367
558758399
558758399
558758399
558750207
558750207
558758399
558758399
558759391
558759359
558759359
558759359
558758331
558758331
558750203
558750075
558758171
558889243
592439563
592440587
860744986
860722474
290292074
290292218
290427290
282038682
281391546
277194174
277199294
277190846
277076126
289568975
285616397
319171341
314975756
311829004
311833100
314315564
305934636
321675564
321437820
287868300
837662654
820885438
820887486
815120318
830913470
835107263
1942464957
1380419996
1376238988
1376167308
1380099468
1933748189
4089636207
4039273774
4036128046
4040567086
1893088038
1885281814
1880690182
1897401871
1930966812
840443196
844637228
853091388
847985676
847776781
327683343
331894558
289988414
289996158
285801855
289966461
860457308
860593628
592166364
571194748
1645059452
1645189948
1666169404
1666103868
1661975100
1628240412
1628244540
1628380719
1611546414
1616788526
1625176110
1690110062
632227958
632035398
900479046
363599942
74300914
74298866
74298802
74297778
82686386
78492082
11383217
11386032
49199232
40810880
40827264
36584368
36580272
36645793
310192035
307504035
332669862
301216166
300159406
828388846
828386798
560003422
560322911
560323423
560847711
569203679
560815069
560815581
560553341
560560493
560556413
560855357
560847133
560847133
560847135
560847135
560855903
560856031
560855551
560830975
829265407
560825855
594383199
577610014
577610014
577616958
577607743
573159487
573159487
573290525
590002188
556448780
539663404
539935788
539934756
544162084
544035124
544174389
569315639
569316150
602866494
602870654
602740702
569186010
570234570
553459418
553467611
553465563
549205707
565982793
570176073
570176073
570177369
568080251
568145787
836583162
835657466
869228250
869138122
852293322
848090074
849122298
849195995
870245371
929031147
626812905
621049833
604182505
604132729
608391449
608268313
608493627
742711355
742711611
743301402
768581978
759952842
625595850
621364426
604720346
608849259
886705515
815402873
832181833
836440585
869863945
861405705
324604473
324743723
315303467
327691817
327687977
327683355
332092747
331997387
298373323
281591963
281575611
1086951593
1087100072
1087110312
1078983848
1095760312
1137113544
1116143432
1117189640
1136128571
1102373418
1081893678
1077736238
1075704102
1075810614
1075478550
1096455494
1406836038
1390058695
1392221383
1384103127
1381874911
1914483933
1914482925
1914482925
1897902313
1881075945
1612640745
1612607848
1618899836
1618948893
1644114719
1643983679
1912411966
1912346410
1945902650
1945968218
1937710666
1944018635
1944024779
1943893707
835482313
827093577
392000025
392131101
374822445
307593005
1389684013
1389684005
1925624069
1925616453
4082532933
4048978628
4032272084
4032271988
3763713636
2689901156
2689917548
2689922668
2690405996
2690414188
2690414568
2715563496
2715555257
2749109657
2749109691
2749183162
2749185210
2715622554
3772595354
4108137610
4106695838
4107678910
4107694302
4107722766
4233552902
4285899782
4269057046
4273384726
4273380630
4273902871
4273901877
2667364453
2654748901
2669428908
2634949820
3691916469
3695586485
3695579063
3570796278
3572957910
3568784070
3567542854
3705951758
3705948958
3698612526
3711199534
3709152574
3746955535
3738566926
3736470283
3734192664
3734061624
3750811432
3720407336
2638276904
2617550936
2634524888
2635241928
2668810184
2519843528
2524168904
2530366072
2257740328
2274501420
2274369836
2240823589
2515812647
2498085158
2498003438
2498003390
2498003390
2490139802
2485951642
3023419546
3023485402
3021401802
4111920842
4111886026
4111943370
4116019194
4123354346
3045356650
3028667514
2962738266
2979454218
2446845706
2471847434
2471756302
2455044638
2473988911
2482385197
2442604652
2442408172
3503560140
3494124940
3489992076
3490137500
3490076084
1346860212
1346796724
1346862228
1346596036
1346628800
1342436545
1347613761
1347612755
1347678291
1347527027
1364435235
1397925665
1918287408
1918339600
4064774656
4065298688
4065172528
4064842784
4127781921
4127864691
4128904818
4145940066
4259186402
4256957154
4256433126
4255396086
4255129814
4252034247
3708856517
3707808068
3707808588
4244745164
1996667596
4144144076
4144137869
4110582429
3779314605
3787583917
3770741229
3770741093
3762344245
3763459351
3759275287
3776048407
3813796135
4082301223
2991774999
2990689543
3074561347
4116066627
4040560979
4040557395
3503686515
3504080755
3504094499
3504090403
3504089395
3521062915
3554556931
3269348419
3269416258
3265253842
3264049650
3268170210
3276543458
3238795234
3222226786
3221934930
3222004483
3226198787
1347139331
1356502787
1356570433
1373345361
1381619281
1381619441
1914263269
1914205925
1914203629
1645800685
1649999017
1657310377
1674085513
1640731019
1632351115
1628025818
1628025578
1628153579
3775577963
3775577963
3813322029
3880430893
3877365117
3877365117
3877336573
3843708413
3847902703
3839579631
3839448559
2761545214
2761553246
2784621919
2784617743
3849970959
3845775645
3845776669
3845912349
3845840765
3850358637
3890072559
3890006527
3890011615
3881696335
3881825357
3864973341
3864969533
3797930349
3814580591
3810320767
3877197806
3843772142
3847966318
3847838318
3858365246
3887724862
3887725854
3887660046
4023974926
4015650063
4015767837
2937737581
2904170991
2887328175
2889355694
2893546926
2901020590
2913603254
2947223222
2948144775
2931306117
2931388037
3214667396
3218996869
3177047941
3176653765
3176584141
3042427869
3041936239
3044025647
3044027503
3044097135
3051555055
3052604671
4105374925
4105397389
4107462092
4124243916
3589444436
3623060276
2531295524
2522931508
2522898452
2518757436
2518880556
3610391340
3723633192
3719443048
3702654584
3568306136
3299872217
3304328667
3295941755
3291768186
3291799818
3290710794
1160069898
1147619098
1147567930
1155952442
3303467802
3299113818
3303296382
3437544830
3429155190
3425083735
3429277761
3454464001
2410074193
2394325089
2394272097
2394795489
2399136227
2399127891
2390575954
2390510434
2390522722
2399004258
2394416114
2392187879
2392097703
2396292007
2398389159
2390013877
2386542525
2386540989
2386426285
2403039741
2369403213
2352621837
2365206285
2361075485
2360938797
2226918703
2226914607
2243169583
2247362871
2280995639
2272533303
2280922423
2281004311
2281010207
2280979567
2246888815
2237959679
2238025215
2238028767
2238168031
2204614623
2204614623
2204614110
2187836894
2188885470
2189409726
2185078974
2185210014
2183043535
2183068623
2166291149
2215524941
2220768845
2229151309
2229216109
2224824684
2226914540
2226914556
2230078660
2230081988
2221931440
2356112352
2355456992
2355440609
2372344179
2405834002
2389064706
2389064706
2397453314
2397187346
2409638178
2380274018
2380270435
2355366769
2373192512
2373200640
2272602884
2281122564
2281122085
2263161127
2263107878
2397358374
2414119222
2414189942
2414198103
2380639685
2372255173
2305138645
2305134580
2305268469
2334653173
2335320661
2335320661
2337679639
2337679671
2413242423
2375298167
2381581366
2381581334
2246511895
2247036183
2246860087
2280455463
2280439143
2272050677
2204999637
2171444117
2171444149
2171574965
2171574965
2171583413
2205088663
2188311447
2188278679
2188343734
2183494070
2183489910
2183555094
2187750406
2196171782
2196237334
2196101175
2204616983
2154203397
2154203909
2154203925
2154273588
2162671381
2162539797
2162469927
2162470118
2154073254
2166671522
2167916706
2166278546
2148457090
3222207107
3223219907
3223285441
3227413313
3237898689
1107192257
1107237809
1098726033
1132083841
1132345985
1132338835
57479075
1126964642
1126446562
1126179938
52454450
56681490
132228370
1168223506
1168224018
1168157490
1201711670
1201781302
3353533206
3345144598
3324201270
3324075318
3345184054
3349312886
3349345783
3315856885
3315635700
3295711216
3291516912
3291516912
3290677104
3307384433
3311578641
3311578641
3311580673
3340932880
3324413744
3597108528
3597120784
3597643776
3593441280
4130312212
4146824228
4113208340
3829055245
3833235983
3829107262
3828910638
3828922926
3828919854
3829180206
3829175598
3844916270
2808988719
2792341613
2792341629
2792276183
2792288727
2792257207
2792183462
2792119974
2800516006
2799991222
2816834038
2816833879
2783378181
2784422404
2767710740
2759126580
2759130660
2775907892
2771712788
2771671348
2771142948
2775468324
2775468916
2783861364
2783844980
2783779412
2783722068
2817276756
2817276244
2817341812
2813082868
2813072596
2779517173
2762944743
2762879202
3031380194
3035443666
3027056082
2486058482
2486057202
3559798994
3563993282
1156463810
1156463682
1156453378
233772034
233776130
233776402
233649427
233641299
233657683
233396051
233395155
229233649
233435633
233436657
233436529
225047665
225174897
225043793
225015121
225007443
225007475
225007474
220845426
220960114
221099346
221099330
225285954
225286098
258840274
254646002
254654194
254129874
254129907
489011187
489142241
526890465
1474803680
1470609136
1474672320
1462089408
1462097616
1462621936
1462588128
1466774496
1475162336
1437405409
1437413474
1169109090
1169110130
1169109074
1156526162
1164914770
86971730
86971858
91174338
91043267
99431875
132978115
132994515
133002739
133002739
132986323
132986321
99562993
99558899
99428339
99427667
91033938
86855986
86856498
86996754
86992658
86865682
91051283
91084051
91084083
91182385
91190577
91190577
91059505
91084145
91084657
91084625
99472721
99480945
91092465
91092465
91092977
91092945
91084787
91084787
91092979
91223539
124745203
133002739
133002579
132994387
132994385
133001585
133001587
128807283
133132627
133124435
133124435
107967859
107961719
107863383
107862359
107797847
124575191
124581367
99399159
99463671
99529175
99529175
99529203
91140563
124694995
107983251
107984819
103790515
103790003
103790003
238006451
237478067
237494419
237465811
254214263
220663847
207954221
484781613
480717369
481761817
481626699
213142219
78970570
78952090
83138202
1148490682
1077392058
1362536126
1362536094
1400289214
3538326455
3538391989
3538269109
3530859189
3526484661
3524354813
3541127917
3511684967
3503298919
3503302695
3572508727
3572509703
3572573189
3304465409
3437626368
3429762049
3446549761
2399026433
2327789315
2327525138
2327385874
2327319074
2327335458
2331562787
2322122529
2317918004
2322116100
2338893380
2313731652
2313804404
2297158373
2297166822
2296994278
2296990182
2296973558
2313881682
2305498178
2289724482
2289724482
2289757250
2289695811
2288568385
2284439616
3358316608
3358252096
3425336384
1277850688
1277833536
1282020672
1282082640
1298735088
1294556147
1294687186
1328241602
1332699074
1324349394
1319760850
1319760850
1319760882
3467244514
3484022753
3353935841
3320380385
3345546147
3329096627
2255396738
2255394690
2263848850
2263856562
2259657123
2259526049
2263654817
2255262176
2389475808
2385417168
3459180484
3475959748
3477006820
3442866660
3423919588
3692422612
3692421316
3691507909
3712455109
3720778213
3754927588
3738167268
3738167252
3730823108
3732883012
3749332852
3715053412
3698144613
3698144631
3699193206
3707581814
3707703638
3439269714
3437197138
1297971026
1331558210
1314256194
1322643922
1322774994
1322676691
1322669523
1322599911
3461643750
3478416870
3445058902
3453375750
3453470486
3453802294
3445405478
3713836838
3654854006
3653805558
3683234295
3683233973
2681966836
2673509620
2669315172
2671758628
2671762212
2671700516
2608228880
2608209408
2574648833
2564030979
2559849442
2559848610
2559837346
2626946210
2648130691
2668811395
3741508739
3724715139
3724780611
3724649511
3729826855
3738215719
3740464407
3757504261
3757492053
3724363767
3713877479
3697214966
3709736022
3716035710
3749258622
3757581694
3740804958
3738775390
3738779214
3747171850
3478996506
3445474874
3453809258
3434930810
3434931930
2361391102
2365574638
2625490095
3699231925
3699104917
3715818628
3749373060
3749437844
3749700020
3749573092
3745497573
3744973173
3744851287
3748949303
3730058535
3732093751
3732019999
3748797279
3748794238
3723692030
3704640990
3704648014
3703632206
3703632254
3720458543
3755190061
3755194173
3730022172
3729906492
3730168700
3729259260
3745970940
4283891356
4250359708
4250235836
4233449900
4098314668
4098314668
1947563452
1947481540
1410606533
1412703573
1417033079
1421219174
1421217127
1421282807
1475681735
385318341
376886725
376685764
372364380
372306237
355524911
472965935
476177198
1558427454
1558419210
1576246538
1609668890
1582561630
1582496078
3738361102
3738650398
3465823022
3465827114
3483132202
2380030254
2380132654
2413687086
2409361703
2409354613
2409340372
2346291156
2337835924
2304281524
2300305364
3373987264
3627742673
3627999345
3628065827
3646743587
3646745907
1541269777
2077092176
2068839504
2034719824
2031568112
2014774512
2015237344
2014260704
2034511329
2068070067
2076655250
1522941586
1535522434
1535383234
1535391314
1501576754
1501585186
1501591842
1502870833
1540553745
1532140545
1511167297
1510180305
1509987745
1530967463
1598068151
2134943127
2130816407
2130947479
2097610229
2085019109
2086095205
2085964085
2088720663
2088664343
2105441285
2103256133
1566318785
1566319057
1574384115
1557541859
1557534307
1573983762
1607483138
1590771458
1590763270
1591156502
1591738150
1591328358
3755513582
4258830079
4256739036
4256739036
3988298492
3992566524
4282105596
4282025692
4282270420
4246090469
4246151846
4245693606
4243590310
4256172262
4256368854
4256311362
3719440386
1588750339
1590885653
1322442005
1322506005
3461732149
3457472309
1309996855
1310717719
1310653703
1340005703
1302252869
1168065876
1205686580
1180525348
1193108004
1161683756
3560940313
3565065547
3707734474
3703408858
3703413242
3573394090
3562842793
3575443096
3611042440
3594060440
3593077432
3609867176
3555467432
3551273132
3618383020
3618401478
1470489798
1470538822
1462146102
1394770982
1394769942
1428328454
1428333574
1428337671
1411896375
1411718183
1411857711
1546067823
1551318783
1559705342
1553925886
1553794782
1285297678
1285303822
1288973086
1297410358
1314171158
1322756357
1524544772
1524535552
1516146960
3659170064
3659170305
3644490435
3626681042
1479104162
4163450534
4167645094
4171773102
4172821677
4170738877
4187547789
4191742087
4179142790
4179143814
4179274894
4217021902
4225663310
4223041887
4294230141
4285850732
4247807084
4247788648
1966087400
1695624425
1699885033
1708265193
1704134248
1704002072
1972646409
1951687177
1951719951
1946526222
1950649886
1414302254
1414302318
1422690670
3754739838
3738096718
3738103822
3737804806
3687473255
3653771365
3637257700
3368894448
3360378560
3628784320
1481546432
1481620080
1481484848
2131733760
2114950144
2115993600
4263481360
4263415824
2048847952
2050884816
2067664864
2016086752
2028473059
2024283874
4172035814
4173079206
4170457782
3632538758
3645123790
3422873806
3427051598
3716458766
1569110302
1435418390
1972279060
1904772884
1908979508
1896388468
1896383988
1930003700
1980400868
1980423396
1980419303
1711885558
1724536054
1720381670
1720349157
1837765316
2093626060
2086543948
2086543884
1484662312
475994668
1012668956
1012673069
2085890863
2090096862
2025638030
967820430
447135886
438698118
438702214
440275122
1515860899
1519002272
1518871200
3666355872
3684232900
3688409796
3405299220
3401170452
2327555604
2327490101
2327751975
2331892774
2318157862
2335131686
2284734514
2284746770
2297310274
2294164930
2291937154
2290888610
2290892706
3385596322
3377990050
3407351218
3409907090
3409852371
3409863363
3409830403
1209315842
1213507330
1221897474
1217705986
1217894418
3365312562
3377895442
3407252546
3390489794
3390457218
3390964610
3395224226
3671926435
3682871011
3654561507
3637788535
3629415797
3629481221
3645304069
3376932103
3376805174
3376740134
3377329970
3645765426
3654153586
3649955170
3650090226
3683376338
3688553601
3688549521
3682290864
3682160036
3644411892
3644547028
3648663380
3648991092
3646697269
3679725367
3678697270
3678762358
3678696822
3686819318
3682657750
3414425046
3414359542
3481459190
3451935702
2369802182
2369933126
2371016198
2379666950
2375538486
2377445158
2243751206
2247925047
2247918901
2239595893
2238677332
2372833748
2372850132
2373973364
2373967204
2407520628
2671770484
3745508180
3728142164
3728136132
3730228676
3730830804
3725387237
3675055525
4211926461
4178175965
4183517149
4166739709
4175132525
4244231533
4244133229
4252517885
4252532221
4286082556
4292443900
4275732124
4277821340
2147012508
2138631604
2121924084
1982856437
1982774487
1982264518
1981994054
1981826102
1998586918
1948265510
1952591158
1960979990
1956781590
1956646455
1956908599
1956927029
1956960101
1957998055
1976872183
2001054855
4131896455
4127624583
4128673477
4132867788
3212750540
3212750556
3175016044
3158124140
3162256940
3102486316
3115072799
3115269438
3148821806
4226024750
3680763966
3680833566
1499931674
1550263386
1551187151
471083149
470035596
201680268
201847229
222490783
71454799
71516191
71319615
79783229
79834892
79838988
79891260
80022300
73273292
90079116
117331853
116867983
115590046
115458998
115463142
91283942
70312229
68215076
68214828
72541196
89586956
133582092
46026700
45043677
44353438
44352446
48546750
56934906
23589178
19325210
20374842
20440362
24503610
32883979
11814155
11813145
79446313
78065965
82256173
73871677
69669149
69629727
204371735
204437270
204330838
204329431
221237719
158331351
158183895
200126967
200259063
183418295
183417271
175093942
174434454
174374038
174363798
176009398
438165670
437772710
437772966
1515676326
1515545254
1514431142
1539598070
1506047574
1484807734
1485930294
1217490199
1219656967
1223875845
3646065941
3679686005
3657670005
3657670485
3661733717
4207263301
4207263253
4207259196
3125065260
3139216941
3138958381
3141129263
3145421870
3145401390
3141141550
3141141742
3145334966
3153798534
4189792134
4240064149
4240116373
3707243140
3711437444
3609143940
3328061060
3328058772
3336312244
3260818676
2203859988
2162040084
2158894644
2158894644
2158956052
2158841365
2158810677
2179778085
2204943143
2205975335
2212274463
2178851871
2178808875
2164017195
2155612203
2151417915
2151553307
2170436155
2212376091
2212374042
2191290906
2195509850
2214368126
2180814318
2164039670
2155724502
2154674902
2238560918
2267913111
2251266455
2252257687
2252274055
2252224967
2266902487
2273193575
2247503399
2381592109
2360620333
2376350847
2376342623
2376342727
2380536006
2380560582
2372270486
2300967350
2302122422
2299959446
2298915974
2303175814
2605165766
2605100103
3137768453
3171321860
3171387396
2886051856
2885986352
2886051952
2886110448
2938031264
2921220000
2927493792
2930705056
2930578101
2930062007
2929997495
3185848055
3161729911
3161745687
3161843989
3170298117
3168004356
3168005956
3184719684
3209872976
3058878192
3058845409
3058763363
3060799331
2532316451
2531269665
2527078449
2543986693
2510436613
2497841409
2497776401
2229292581
2229305125
2225106725
2229300517
2246335783
2237974835
2238171443
2271665651
2280054195
2280035731
2280101250
2246555010
2238043538
2502221202
2485182370
2485223398
2485284838
2490511350
2498899782
2498898694
2507234055
2507197237
2540755733
2541202693
2532484357
2528293125
2528350519
3067122471
3054536550
3053490150
3070296038
3070357478
3070652390
3049674470
3045479127
3045421765
3029623508
3034339316
3034340836
3026003056
3026133008
3026087936
3026087936
3026087937
3028176901
3044953365
3212233557
3194411591
3194419910
3194337934
3195321998
3195315886
3212087726
3220471979
2952171753
2950078701
2950078940
2924929988
2925458116
2921325269
2921199333
2856124391
2877081959
2877081639
2885671959
2885610503
2852056069
2843665669
2843669780
2877216116
2877019632
2885408240
2885285361
2885285345
2851657699
2910347234
2893758418
2910469570
3178970610
3179027618
3179021474
3187612818
3187555714
3216915846
3214875030
2677815766
2682005766
2665229574
2667327238
2684118806
2680156950
2679035711
2678572332
2679426348
2658453876
2671036756
2601896276
2568158068
2555571812
2555539029
2555598422
2554414710
2571171686
2613110118
2604725366
2604725334
2604725719
2571285973
2579674588
2579677148
2571145212
2571165660
2600857292
2600920780
3120977533
3143042927
3142923630
3187094906
3170262266
3161868506
3161704666
3159476682
3159469514
3175130587
3191910747
4265640063
4262498431
3188760685
2924732781
2941449581
3176320501
3159509463
3159558615
3159440855
3159567703
3159502199
3176347447
3183478325
3179332149
3179320884
3180703252
3180637013
2912201077
2909833701
2939193829
2937228757
2937239493
2937235013
2903696949
2903635492
2903592484
2903595564
2909829676
2918210092
2918468156
2918468124
2918522652
2902212477
2902210431
2902202366
2917930494
2917929470
2917925374
3186430206
3182235902
3182243962
2645364826
2645504090
2629776458
2361338955
2365548745
2365454536
2356787404
2356918412
2356918405
2352723077
2352652421
2369430421
2386211476
2385433232
3459142272
3463344832
3472192496
2394185824
2392089696
2379508768
2366929952
2299287589
2333079861
2333010453
2328848983
2324459095
2324194903
2340976255
2342082415
2346536303
2382187887
2381661567
2381796735
2380747135
2363847511
2363777879
2355394327
2355420977
2356534065
2356534065
2352462640
2352462608
2402728704
2658582016
2666959361
2667479553
2600244003
3126636899
3122438371
3122459811
3122613411
3122535587
3122534563
3122010275
4208335266
4204141394
2058820354
2063022850
2048338178
437726466
436431874
436431874
449248259
986094851
1003915523
973048131
971868242
946444498
673822930
673954034
1747696866
1747713254
1747672294
1747525094
1751728110
3900190446
3908579054
3971492526
3971562158
3166243503
3165129388
3181922956
3181963916
2682825612
2671288268
2637936220
2618992172
3160057380
3168448037
2765982246
2765392422
2899610406
2943716150
2922814214
2922817798
2922818566
3996576806
3996646438
3996634150
1848003622
1852722294
1861111006
1861146830
804182222
753924558
1827666886
1819278166
1819278038
1819146998
1820191479
3966368503
3966360309
3966356196
3983301348
2909567716
2909567732
2909567732
2918005492
2917481076
2917415540
2917411444
2917411348
2917431828
2917423892
2917407508
2917416757
2917416759
2917406006
2917995894
2917995894
3186431350
3219987574
3215924310
2544769238
2544777438
2276341894
2276341894
2410625158
2414860421
2414845060
2406456452
2407380116
2407380212
2642392100
2641280292
3177884976
3211439408
3211504672
3190404128
3190338592
3191399457
3191350373
3191477735
3191476199
3068792567
3064662743
3082492629
3048766405
3046698436
2497242444
2488922204
2488922429
2488922413
2623141677
2625338927
2625329707
2625198651
2633620347
3170491739
3168400859
3101290699
3092832713
3092836857
3095122921
3095057129
3095131885
3095258879
3088903899
2820009691
2836922074
2870376010
2835763790
2835812942
2824090462
3897831534
3897831534
3897884798
3906344026
3905299530
4224067019
4203113929
2059919305
2060832392
2052376200
2069157784
2135205288
2101387688
2134958504
2118382073
2118304201
2118271307
2118267258
2119246122
2135960874
4258478138
4243982346
3707111434
3707701258
3706460170
3383505946
3418107962
3418108202
3401462586
3401458223
3417842212
3417850404
3380118112
3358098400
3358298544
3375079824
3374948784
1260954032
1244176560
1248501888
1249570944
1245343940
1260007492
1209667860
1212026668
1216154157
1223506479
1219312158
1219312142
1219238670
1219022094
1219002654
1239974270
1248367095
1244246519
1512743159
2049680551
2049551523
4196969635
3928534179
3929777313
3927617953
3926565793
2852823777
2853091040
2870927072
2903952992
2893302368
2892253792
2900626016
2774862448
2808429136
2791651920
2800040464
2799968048
2745965872
2712411184
2964069425
2964143138
2964076578
2443970610
2481915922
2465077250
2197699586
2258056210
2256867346
2391085058
3465293830
3462197517
3390603592
3409481160
3375995272
3626613128
3626604936
4163607436
4163545740
4164595340
4162496132
4162496164
3105531620
3139106532
3124686197
3191799089
3195423777
3203812387
3199681826
3199423826
3216057686
3218088311
3184529511
3184529511
3184538743
3184727415
2647793013
2681430005
2673180629
2673147861
2667970500
2672164293
2672147917
3175450079
3175593335
3175589239
3175605302
3175478390
3159744631
3159744999
3159880165
3159803893
3176581077
3176648660
3176456052
3176464245
3210013973
3212307733
3212305685
3212309847
2943861079
2908210647
2908214774
2908087782
2908090342
2908094438
2908084134
2773866423
2773840543
2769379981
2769364637
2771461823
2775677935
2767313775
2762066726
2761984534
2761992710
2761991686
2775622151
2805043765
3862004261
3862005540
3862027296
3860978720
1713391648
1713720352
1717980197
796281893
804678773
771124437
771118293
770131351
753354135
753357207
753349527
753350551
1827090071
1826963095
1828011703
1823948439
1823944327
1823944327
3971163847
4239468231
4239467223
4243681911
4243616341
4243601159
4251985175
4252056887
4252188023
4294071767
4294071767
4294169031
4294037893
4283552133
4266760148
4266768372
4266770276
3193024308
3195053844
3194020636
3059872556
3085169453
3085324845
3219460719
3178497006
3178563566
3178567102
3187086814
3170309326
3170333774
2633462798
2633364766
2624972094
2623927598
3697669438
3698713863
3698812164
3698815236
3698807636
3715564276
3713468388
3747043301
3730265589
3738521815
3741184199
4275953735
2120065367
2120003903
2135729454
2135794990
4283411774
4246707326
4246576382
4246203583
4111922573
4116103580
4123509180
4123476924
4158067452
4141290108
4134876732
4133826109
4133825325
4142218095
2011504126
1475614158
1473524174
1468285390
1468056566
1602458614
2143462262
2136187734
2136056070
2098242582
2098244662
2097195046
1828759663
1862445181
1863515229
1863500925
1863500013
4015112685
4015059965
4015121117
3989939965
3989935855
3972052599
3973099333
3964907333
3964837653
3960638756
3981544804
4017225060
3862033524
3862164700
3862156508
1714640109
1714509293
1735480813
1735415277
1709268477
1709309305
1742855513
3890339097
3890347805
3891392285
3883003421
3878944285
3878944317
2704375357
2704375405
2708545260
2708541100
2715814588
2699041468
2699042452
2699304596
2699302292
2695115924
2695132308
2712458452
2712460292
2746067972
2746067973
2749869063
2749807638
2716251174
2716259366
2758169638
2758155318
3022404662
3022404918
3027115351
3036552645
3048684997
3082235781
3065331605
2528458647
2528458374
2532390550
2532407286
2523977574
2523976998
2531310654
3068177439
3084954655
3085147423
2774765375
2774765119
2770439727
2687540781
2687565357
2687626796
2687708908
2687704748
2687700652
3777306284
3781496756
3819179191
3802401974
3802399894
1654654086
1654666374
1939942598
1369517126
1352756230
1084484866
1084419330
1151511810
1155724562
1147262258
1147195443
1147199537
1164111889
1197658113
1331844097
1340214272
1340213248
1337395505
1335114273
1334061601
1338255905
1329866275
1326928385
1328988673
1329496576
1328448000
1328452160
1294959312
1299027664
1340970739
1336776370
1336778210
1321057506
3472665826
3472665826
3732782322
3732845763
3730810049
3726419169
3659314405
3676086183
4162756286
4162239134
4168596126
3904211646
3904159487
3904153084
3908363372
3899973676
3895750700
3896311868
3896381500
3896385583
3900317998
3908712046
3921350398
3921219262
4223142559
4223150731
4227345101
4227346253
3657117469
3640276767
3638507326
3629463102
3361157694
3356627494
3359835702
2294286146
2290099650
2290117826
2290120914
2290186450
2294618226
2303069474
2321420082
2331903761
2330603056
2397593392
2397588272
2397620528
2397620528
2414401840
2397829936
2397764129
2397728354
2398826082
2398647906
2407056354
2356777458
2222694578
2222698642
2222567553
3296235648
3291254912
3341648004
3324940420
1178497220
1177427980
1160651788
1160654365
1156459051
1151957563
3249293835
3282882123
3266086619
3270279865
3271340729
2180821689
2164109993
2164241128
2164237032
2164254696
2155870057
2155730745
2155730203
2235422170
2267633146
2252029370
2251963802
2254052746
2254052762
2262513082
3336052986
3333955610
3316396058
3299831866
3299467563
3299386664
3303582008
3295189368
1412991992
1343851416
1360760728
1359651736
1896604664
1930158456
1930162536
1931211241
1360777705
1365239209
1364064697
3502557597
3498559903
3498494943
3230068558
3234260750
3235276550
3237373702
3304465686
3300340003
3304325409
3295936800
3480633616
3726037252
3726020868
3728121604
3728653140
3728521972
3732441829
1446546151
1412990630
1947849350
1947886214
1952063974
1960517730
1889084514
1939479602
1926902851
1914311873
840631425
839664800
575466912
583584673
600328849
583551875
575162754
575297686
576608422
589179046
554969266
542379474
549783155
818872865
815661600
821768708
812130820
275263044
275467252
279628724
280742805
297307543
62685583
61243719
23504135
2534406
2407462
2402342
270854182
270990343
287756551
41829127
50217479
1121600086
1120454354
1095294882
1078517666
1086906274
1355323042
1351258770
1435153041
3336217473
3338331009
3328884035
2255194386
2256124194
2524506402
2524473638
2549639982
2545645086
2545566219
2277048858
2209886762
2188911342
2183661294
2200439982
2213087406
2208897198
2477332621
2481543308
3240753284
3240867972
1094368644
1092266420
1091299764
1095260597
3519629750
3238680998
3507420134
2434706983
2448336391
2444009989
2444009997
2444014092
2980884028
2980882988
3027016236
3022883373
3039398701
3022752365
3023734503
2753217223
2752144067
2751988385
2684879777
2685080995
2690265251
2711236787
3870953603
3870961799
4137312455
4133118983
3059312701
3076024364
3044567340
3027786536
3052931609
2549616139
2532905482
2662990602
2527723834
2527732014
2527600750
2259165422
2260218366
2260459994
2259280265
3286794632
3244851592
3223897544
1076493848
1346043416
1346038280
1346038344
1887107785
1895352714
1912113338
2012789162
4142706058
4142694794
3622142602
3555054234
3500594042
3504738603
3505266733
3496813605
3496749104
1349068817
1400584451
1381633282
1380582658
1376448770
1376366866
1380488054
1384678390
1384678366
1384682893
3532232076
3532504220
3608001692
3608149180
3709763032
2621319676
2621319983
3640535870
3636280078
3636207374
3636213022
3652989214
3720294686
3751674319
3751620797
3403163052
3460842924
3456667048
3741951928
3742082696
3708333768
3696799304
3707279912
1420405548
1424751421
1441401661
1466566445
3594126125
3594134509
1983521701
2000241589
1966915972
1970047364
1684310085
1692698887
1692703495
1709615623
1734782471
3861815814
3862860310
2923201062
2922938918
2922938990
2791883750
2817048998
2779370926
2695552431
2712303783
2712299685
3018549429
2993252533
2994419893
2990154885
2990153805
2990153741
2989101357
2976592429
2968072733
2964878858
2963033626
2963066410
2962017002
2966199210
2957818270
3021772942
3023866062
3024061775
3040793935
2508088141
2541626213
2539403111
2547589095
2547587494
2546538662
2508920998
2509970598
2509968566
3354988695
3353878924
3311985036
3307778444
3290993096
1143515448
1143515448
1143581496
1429056316
1466891020
384187213
518129101
1583546879
1449349502
1461899310
1428345142
1428193590
1415618870
1440784694
1441116439
1475719453
1448394044
1447344940
1443355437
1443289643
1377716794
1381894922
1381894410
1392393306
1388127358
1388146943
1388138652
3518877852
3237929108
3229540484
3227435408
3227283360
2153000673
2161384035
2161183266
2178038306
2247240242
2242062899
2242178593
2376394292
2376380980
2376892964
2246869548
2238218988
2217247407
2217449134
2217373102
2217416878
2217543870
3576633534
3576576154
1564359822
1568550094
1576937934
215227247
206847854
201619246
1292681998
1330610446
1322942734
1318757199
1251648469
1253615588
1274587108
1232635748
1210630436
1282064644
1282019596
1282032924
3296557356
3292527404
3443456540
3460233740
1316931084
1324139012
1336717924
1554559855
1420407086
1957215534
4101548142
4114131174
4131100806
1982502022
1982500998
1982775438
1982747070
1714320046
1743716015
3853384365
3836017385
3836000840
2779032328
2816780040
2809639736
2788668217
2920669981
2937413949
2906464557
2906471725
2902395180
2896824636
2896829268
3165272772
3182109316
3215532676
2682790533
2666017446
2666287526
2674671782
2674131118
2674135294
3711250526
3711311882
3694534666
3694552330
3707111691
3723893002
3749136650
3732785178
3728513066
3728518170
3732701386
4209541578
4255810490
2896859819
2896868008
2896798376
2892539628
2888346316
2888347340
2905269964
2771003116
2754225132
2754085348
2766930172
2762936572
2762879101
2762880250
4121832698
4156303578
4160518346
3594356874
3728645514
3745424778
3745358218
3749482890
3724313083
3724460521
3749372409
3749373305
3749342569
3749342569
3738955115
3739086715
4275959754
3730700235
3621639115
3621618683
4116546555
3042228217
3023420921
2755631480
2759756092
2759761692
2768221756
2776474172
2772300348
2772431388
2771350045
2771138159
2804695022
2808875246
2783512734
2813009054
2779649166
2779648206
3853390031
4122939471
4059899181
4049546553
1935481657
1935608633
1937705785
4085194521
4093407497
4059885849
1910280665
4048323033
3553395133
3553396653
3549401007
3549339063
3549363639
3612271783
2500781479
2485020119
2489206599
2499696135
3589240343
3589039927
3622577959
3614188927
3614315871
3610117598
3611233726
3581165050
2507418602
3581164379
3589545739
3590074123
3585893657
3317457208
3317514536
2243690792
2277335340
2279563580
2254365164
2248979885
2450294189
2467071375
2437848463
2442050445
2425268909
2496440940
2484922924
2486987325
2486969871
2638095886
2650677806
2678849838
2679636014
2277048382
2277052438
2277183510
2277190662
2281302021
2268653568
3342374976
3342375044
3342505348
3342504836
3319432068
3247080372
3280510886
3276585382
2181888230
2248964143
2249070605
2384079885
3464110348
3401265724
3401200132
3384422916
3366504036
3366497953
3429403555
3694889394
3692792242
3691808946
3691817091
3742149696
3725420544
3725469696
2516990208
2546342432
2475036193
2441938467
2441610966
3548935862
3532186030
3536355502
3524821182
3543765150
3508187278
3491409294
1342892943
1410034639
1422396254
1418660686
1552825102
1553869582
1553870102
1556079895
1557967127
1549054215
2097459463
2131009799
2114232631
4010059042
4014259235
3980703776
2906954528
2890308128
2903415328
2920205856
2919973376
2919957056
2919760592
2857894368
3954967714
3903592614
3903396006
3903535342
3950722302
3927584974
3927584974
3927597262
1792729807
1790481080
1873319576
2141756040
2141772424
1986591369
1983527627
1916418522
1916409978
1916077178
1937047610
1911947322
1888882714
1889521930
1889305433
1892459512
1355584488
1347192748
1347193772
1347209916
1364007612
1406016188
1389247164
1390292924
1384067996
1383952796
1391194333
1391046671
1407746078
1374200894
1344847150
1344904510
1345305918
1345240862
1965995790
1970198287
2104315151
2105282031
2105355758
1568611710
3699318111
3699193183
3699192605
3707187997
3702928189
3703517741
3701220143
3431752558
3431786494
3448565678
3486505898
3322563498
3322563226
3322547082
3326753675
1448635785
1448672680
1379446952
1916510392
1916711128
1915658508
1919263005
1927586093
1944355629
1902620205
1881598509
1948678701
4096145965
4096137823
4100328398
4109633982
4105448622
1974805710
1605706958
1603612766
3465818142
3465818142
3465814302
1317069661
1333834540
3432026920
3436479276
3436479804
3432360252
3432359980
3428165676
3424028716
3709765964
3743323596
3743327116
3592323724
3596534461
3604824749
3596428015
3546097327
3514642351
3514575790
1903958446
1374435759
1407989919
1458377867
384630925
402456733
526782557
493105471
476324143
472147758
476367678
435092254
166619918
200157966
184494366
181943582
176698686
193533226
193479978
1233681770
1237887338
1225307518
1225364478
3372848030
3381236618
3381244569
3364598456
3431710380
3431709356
3293416108
3292383916
3224243116
1361447372
1395008844
1395007497
304484379
842428475
863297849
827629880
810853176
810845736
809799272
810322681
810404825
827260363
1917740490
1917773019
1926164699
1923006971
1921954299
1921816043
1926008315
1917627899
1917819259
3863910523
3872300095
4132345133
3189674284
3189695260
3172753940
3156091412
3088986645
3095266849
3099069986
3098032418
3148380194
3131602978
3202906162
2653475906
2654728386
2670371202
3177882243
3165292160
2762640000
2762509216
2766707616
2754128164
2770906404
2804871428
2804830468
2940084493
2906464557
2892837102
2900886702
2896890030
2896836766
3970578842
4239076234
4260048778
4293617546
4294566794
3715948938
3715916266
3715899887
1568547183
1442709791
1425412925
1358312253
1349990196
1349857044
276114692
276244748
8329484
58673500
41930124
41913740
1115522444
1381798844
1380758188
1926013608
1921823464
1921823272
3801069096
3867983147
3873220650
2921113642
2921306154
2921253930
2855945166
2839151246
2822374030
2835026606
2829660846
2829590958
3098026222
3099074798
3166380238
3166314703
2629510365
3705162973
3696777416
3694717129
3711626697
3749373257
1476018441
1476215581
1165758781
3296538927
3426694462
3426696478
3426695454
3426629950
3430824718
2411363078
2393621062
2393408134
2393412278
2393420461
2393416620
2393416108
2238226860
2217323684
2485831860
3492726932
3493738908
3493734796
1346252685
1366697935
1408631503
1400181583
1400140575
1400172863
1903472943
1901374763
810850619
836208907
835160331
861308109
861323465
857079945
320741561
320807081
303375785
307640301
313931325
313868813
313311756
313303580
1387045657
1441771274
1546566154
1211009546
3358231098
3626748670
3639179006
3634897642
3685233130
3668447338
3685245037
3639107693
3631803588
1547434112
1545185408
470329476
520792196
1040885892
1040882820
1042189444
1044352212
1043242276
913306916
913072933
891822637
1948787261
1953112621
2095715053
4239017644
4239936172
4239977388
3166235468
3219696396
3194661388
3194675724
3086631452
2516517404
4122935835
4106162730
4110164778
4234936618
4230745130
4180346938
4213897274
4197115914
4201293899
2053675337
2053672648
2049495800
2049454843
2133340858
2112500394
2091528362
2091528362
2091393194
2095606922
2087234698
1412999307
1411099787
1409990027
1430962059
1431013019
1397720762
1397130970
1464248314
4150191599
4116636783
4116606189
4118772957
2004711821
1450928524
1450911132
1451176348
1451037085
1450513405
1433866799
1420177966
1419925046
1419790854
283175686
274769974
274774070
1395891270
1379304583
1379303559
1379303815
1384039351
1391850151
1407509231
1373954671
1911874361
1911939881
2012606761
2013115705
4160590873
4152335641
4152335643
4148084603
4114529243
4118256539
4116041625
3038007225
3172210345
4250215081
4250280637
4259193599
4257161790
4239143470
4239144238
4239139886
3706459198
3722973214
3714654218
3430621194
3428474891
3427463241
3435707641
3432560761
3432552827
3432749407
3449461199
3348805071
3338568141
3329655245
3325460829
3593896285
3726017325
3725977389
3742658415
3713476959
3696638415
1558055119
1558120637
3704884396
3704890812
3696305108
3692262100
3474190960
1313923632
1313923600
1322312208
1318088307
1318156978
1322400674
1207057826
1165100178
1148321922
1148391558
1148264518
74473526
74506534
74490151
73446679
342080791
343062541
1412601868
1429375004
1450608652
4135487941
4130311813
4130112129
3056382643
3073372835
3039752867
3026936547
3047694947
3047698979
3081372163
3064680707
3068719139
3068718115
3060332643
3077240899
4146772035
4113225987
4096444930
1950139906
1950151203
1681711907
3845968931
3870084193
3870197825
3870201856
4008613888
3996056576
3945791312
3895406305
3895279265
3907784355
2829852326
2829858726
2829332902
2829332646
3164614822
3182637238
3184554118
4258325830
4249939215
3696357135
3713199887
3713204013
3715259693
3581297949
3564392221
3564404509
3564461325
1349864717
1366644757
1367161893
1400777749
1383998469
309985287
310034711
310092071
1920573735
1918411046
1648927014
1648927534
1648919243
1611564683
1611568779
4027504271
4095612573
4230944429
3966517165
3903073455
3903076527
3903076543
2024683663
2040932494
1505111182
1576338894
536154518
525607351
525607351
391406007
391438773
373354932
373339300
843158692
843158692
844338421
846434357
577216567
577143071
593920783
556177167
1629986079
1613077819
1613094187
1697007915
4118153515
4260773178
4256644362
4189396234
4193519386
4194043706
3656979002
2579132986
2646237722
2629427834
2629366510
2627257262
2627268509
2631494541
2623158668
2350520780
2268727644
2250902877
3257532429
3270189087
3265798459
1119625499
1136406809
1083994408
1155319592
1142720872
1142798808
1142925768
1411230088
1411164553
1430033545
1475969419
1391100299
1927975833
1919607721
1919559593
1915363759
1915236783
1937506479
1903964266
1887383610
1887379514
1887187226
813437210
821847834
815613723
278857224
277742088
294519304
291378712
320742952
320677656
54269192
24923593
285199771
280993210
280804762
279756186
300717466
317559194
308719770
304525466
1379311770
1379311850
1379311722
1396039723
1899323435
1899442475
1903564075
1911955259
1895701051
1891580522
1908371450
1912465354
1409077707
1400668619
1398571977
3545596905
4048856684
1901391468
1901555324
1901468236
1935022941
1937051645
1937061887
1919365615
1399271791
293011519
276037695
276041759
273948677
273949973
5510949
4506413
12960525
30312205
48154381
48140045
50236237
40799741
317505003
309109995
309125339
326091146
306107290
308212394
291496618
274490026
6034426
14418250
14418186
10368302
10364207
16655645
16672012
33481996
50316748
50184604
40812956
40817564
36622745
37507561
305934699
293347627
282866987
282932521
329066281
312353544
318694152
310346504
304907736
376212904
384613545
367831209
481078665
1559074185
1550812041
1550812057
1550225883
3748049403
3731267819
3732316399
3740721391
3732394422
3730141606
4267009006
4283785966
4250167022
4241813358
4244430654
4244487454
4244479246
4236219662
4236097311
4252874527
4248827679
4282308447
4282283358
4282331630
4285862382
4294377967
4290183663
4288091613
3180688845
3184815565
3184814941
2622847837
2557942557
3631680013
3648986637
3648992799
3690541630
3690476078
2612556590
3153653806
3153625135
3145251967
3143149773
3143150540
3150490312
3150690952
3150624408
3143299768
3210375849
3212444329
3179020715
3177972906
3179035818
3178506490
3044354122
4113967114
4113967114
1966476299
2104888587
2113350923
2113223963
2094859579
1481970986
1499214122
1499279674
1507381514
1507361034
1536721787
1536721901
1536926684
1535748028
3683167660
3654856108
3642268076
3709504941
4248473517
3174731663
3040522191
3045064158
3044007414
3043874278
3039619046
3178062838
3178193654
3220648566
3220509302
3220510518
2675258678
2675779606
2675783702
2650748958
2579119134
3652849950
3686466522
3484947353
3484946840
1341682088
1331201192
1276676280
1545181400
1547352280
1412082008
1412080968
1428857160
1462342601
1463518153
1444661160
1381519272
3536587692
3536718781
3537248157
3535153037
3602260895
3601281982
3349423030
3315868006
3437502758
3429116974
3424851982
1277499406
1210390542
1215043854
1223637262
162430223
196801821
190354796
186164588
169379324
169387412
169452688
168410352
1242274929
1242298611
1309567154
1296968066
1149639298
1149374082
1083575939
9703073
1082404768
1103422880
1107337380
1376948628
1379307844
321296133
288136981
808225575
812170030
812170031
812186173
875237181
875169341
891946525
623518493
661221693
652788013
649642111
1052278975
1052284314
2121842586
2117642906
2115545786
2132409274
2103115182
2094986734
2092876287
4239819231
4104492493
4108625356
4126453244
4151684324
4286026852
4151743540
4148087813
4146940959
4146881598
4113263919
4113198639
4117384749
3052015156
3187150356
4254597636
4254609924
4253757980
4253549103
4287111806
4291430078
4257876910
3645376686
4183296174
2016950430
2084055182
2084056207
1010507915
1027236301
1058955645
920023359
920011069
914379053
918610732
927002152
893434408
893557368
826460920
826657209
835045561
869239947
852395147
1658749066
1657704602
1657779370
3806244334
3822497326
3791105598
3781668366
2703605262
2703590942
2703726142
2686834214
2703513382
2707688806
2699496870
2694712758
2694454710
2962963858
2962831554
2427992130
2427004946
2242586642
2276141058
2276141058
2259364866
2259225602
2263354370
2213020722
2213037106
2171130965
2171139524
2171178372
2171177348
2171439504
2170920848
2171051920
2170732432
2171794928
2171796833
2155015523
2155081186
2155081202
2155015554
2155005058
2152957058
2152956339
2152829363
2152763889
2150675761
2154948369
2155079169
2155015681
2163666449
2155347505
2155302515
2154776531
2171586003
2172634579
2206193107
2273240515
2272191937
2272241105
2271720913
2271712721
2271712723
2273310163
2273310034
2256491794
2256369458
2256285474
2264673570
2264671522
2264753458
2260558130
2277364018
2277360113
2281472400
2279376304
2170324144
2168247472
2167921872
2167832016
2167831824
2166778641
2172546611
2214587954
2212292114
2208101906
2211238738
2210976115
2210976225
2202654177
2202623473
2203671921
2203785585
2203785585
2203728179
2170170642
2170236162
2170174722
2170160386
2180666626
2178643202
2207872338
3264796002
3263747297
3267941600
3267939552
3260603616
3256474800
3256614288
3256542608
1092282256
1075504000
1075491713
1078695809
1078574977
1078705089
1130085328
1113307472
1109109040
1113173281
1113105445
1113101605
1113096503
1113167647
1130018431
1364899582
1356513023
3504053919
3503923135
3497631167
3497647295
3493452991
3493419183
3493554407
3510315367
1400581669
1392328245
1392317956
1392322052
1392256788
1123294500
1113000996
1112935445
1113463815
58678534
25156870
33529666
1107271634
1090228178
1090228178
1356439538
3503930867
3495538597
3495667364
4043024052
4101742260
4101623484
4097374892
3023628972
2755193581
2755193133
2759391277
2784557101
2783568925
3841647373
3833258509
3829068495
3843814054
2803398566
2790808998
2790803622
2799179942
2795182294
3065657414
3065654534
4289342722
4259982595
3706404099
3706260529
3707243553
3701277809
3567125713
3571324099
3578164355
1464327555
1447345559
1455729575
1455729575
1456253349
4132355005
4128153564
4129197644
4131292684
4063802940
4063797804
4147765861
4114277077
4097471189
4101718759
4101508583
4108847205
4108859431
4125829143
4142540807
4134152198
3530437638
1382945798
1383994646
1389827382
1384453926
1388650358
1389303639
1407145285
1398788436
1375719924
1358795252
1356699076
3495796165
3495795157
3495795639
3494746790
3503160038
3519933158
3536612967
3528212327
3596369207
3592168471
1444754453
1449010229
1449014295
1457394694
1459508486
1476130630
1442428614
1425774214
1425770119
3501821573
3500771988
3505232564
3505257140
3496864740
3510397284
3527158821
3531351079
3531351079
1392451638
1392382230
1392379142
1383990535
1113474885
1130352597
1364037572
1347263428
1414367940
1414503125
1423941205
1423943543
1417536887
1417535847
3564986727
3563025895
3562757607
3570093031
1959353317
1892182741
1883794117
1883827853
1879631775
4077445551
4064850158
4064841966
3804791150
3813185310
3779829262
3758787086
4027238926
4099604031
3025923631
3034080871
3034080743
3034137847
3050914999
3050855591
3084414183
3076222167
3059379395
2518316483
2518291781
2541425781
2549691493
2545624293
2545554677
2512326900
2516341733
3571208949
3504329429
3504332487
3504200534
3495729206
3493632038
3492591654
3543114758
3542802503
3530211783
3531228119
3529077415
3524797095
3541577446
3545774822
3520666358
3520813638
3552272198
3552148742
3535303958
3267130390
3271504918
3263050771
3258594355
3258913889
3258922341
3263133173
3262736341
3288067716
1106943620
1083805316
1083738036
3499661220
3505960420
3564744052
3576540197
3610094629
3593251879
3592944678
3592865030
3592869638
3597070870
3588747894
3572487910
4110274230
4110241430
4099694230
3564994295
4101865205
4101535717
4118307173
4151861556
4135084084
4067975228
4067979309
1918458925
1918531609
1381923081
1381898571
1381960523
1381834587
1381774171
1381790043
1390268539
1386205291
1402900602
1354731610
1358935246
1350548686
1350541278
3498020606
3506413295
3520986861
4091080428
4082692092
4082695420
4032420972
4034614396
4034539596
4034556173
4043002429
4043043373
4042847789
4124633647
4149799478
4133005846
4133009942
4145781266
4144668162
3070923266
3070919490
3075047905
3083383008
3079398624
3084582336
3078279104
3044724416
3026837216
3027826401
3027822311
2765684134
2765675710
3084471454
3059244254
3055119583
3057282527
3061476862
3061473151
3086681663
3053000207
3053024783
3053025039
3052950839
3044562215
4101535078
4099503346
4099568850
4232712322
4232720578
3696898242
3696894022
3696899158
3707444279
3719919911
3619289445
3736852821
3736635853
3738740940
1591258316
1582871756
3596260572
3592323196
4129194028
4129210404
4131377444
4135572260
4160722725
4039108565
4043304839
4032645526
4028369846
2954693302
2954825382
3017746086
2996642534
2998678126
2997629502
2997646623
2465000463
2452285455
2469042191
2435483919
2956705311
3028008506
3034314266
3034175034
3025720938
3025690346
3025764351
3042602461
3069799676
4143463660
4143455340
4135074860
3594073108
1446650884
1445601284
1445601285
1462370567
1433272686
1442792958
1421696350
1421736014
1419614542
1419622750
1419619102
3567103518
3566055998
3582821181
3620503853
3595096364
3607688236
4111191404
4095397244
3025847884
3025917516
3025796616
3025796664
3025731176
3020484203
3041455978
3058230634
3066590410
3067691210
3067740378
3000631530
3017412846
3034190190
3033150287
3033163341
3033262668
3024681820
3024664956
3041503316
3055201604
3055203652
3055256389
3055059541
2786624103
2786703085
2807803629
2765860589
2765805261
2757481157
2757247687
2685944550
2690143206
2757243366
2759335142
2759399638
3036297286
3048876098
3048892418
3048885250
3048887361
2516213824
2503864400
2501693664
2539509152
2522774929
2531146625
2533235586
2466057618
2465995938
2482775206
2447123702
2447189342
2482968382
2466061871
2461826607
2461593117
2459758092
3537680204
3529278412
3508372428
2417918924
2149503436
2151577045
3225369719
3225238567
3223137314
3227331874
3231659826
3231655443
1084044817
1084036624
1088161536
1079971072
1077808384
4070656
71245056
71251200
71111953
86840627
91034930
91043122
124736850
133124434
132993394
65917298
65917394
66056658
66048466
66056690
65926642
65912306
61718003
61716945
28162384
28163408
1097710929
1097704817
1127064947
1114616179
1114472946
1122882034
1118688242
1119482850
1134064354
1100493411
1087977329
1088044865
1081752832
1081818384
1076378928
1076377424
1076696897
86840129
86856019
86988146
86996082
91190354
99578962
99177810
95015251
95015793
95015792
99219312
90830192
90830192
120190448
53212624
53212625
57382355
65771474
1139513042
1139521266
1139521266
1131132898
3261708258
3261707763
3270096339
3270096339
3266033107
3267342833
3267334257
3267211363
3334266979
2247893095
3296473189
3292009829
3292208997
3292151381
1144665669
1148859909
1148786177
83375889
81278769
72890161
74986867
71251283
71177539
86984131
87016915
91067890
124630514
107853266
107976146
40867026
40874226
40870130
49258738
45068530
62886099
29327857
16757216
8233440
20817248
54504784
36681984
37604113
35446307
35189282
38330978
46719590
63464310
130556399
126361071
126749181
111036749
117340485
109013317
238875975
238874647
238874678
260038966
232452406
217764151
217727253
217792788
209261876
204029228
204025212
204172621
208232265
233326409
216532825
216535385
208171385
216627049
216754025
74131289
74135369
73992159
6833919
15226862
15300086
15299030
7016918
23793874
23794035
24785267
22950755
31400673
31400657
31396481
33505937
67064721
67064753
67067889
133791601
99186993
99186961
99183889
99216657
90760465
90760464
86619408
90932720
1206879728
1185781168
1185780144
1185919408
1118811120
1118827489
1118794339
1202549283
1168979746
1152132898
1147940130
1143745826
1143870722
1143866690
70128962
86922562
86988098
86996803
86996819
91060049
91059537
99448177
99448177
99447153
99447153
99570033
91215217
91215217
124646769
124646739
124630355
124630387
124630387
124630515
124763635
124762067
124761811
124760787
124629715
120435443
120582899
120582899
120584179
124255714
132644066
133675250
1200987378
1200930258
1205118418
1205182914
1205318098
1207341522
3355349490
3279933922
3279810978
3279775138
3285841315
3281772449
3248224944
3250192016
1098481552
1077432720
1076449744
1076846704
1076830257
1076830515
1076765458
1080966674
1089341970
1169099314
1168645938
1101540626
1101538562
1101529091
32047379
90784097
1160499681
1160488401
1160492481
1198233027
1181586898
1189713394
1189721586
1189721554
1181480274
1198208338
1164523299
1148727587
1148723491
1148789027
1148854611
1174024515
1206796738
133022146
116364754
111916530
111924722
1202281970
1172930035
1172913651
1147745763
1148806627
1148807139
91977681
117168065
117020113
117028337
107525617
103396593
103519441
103462097
103464401
107738609
115996657
132740080
124269536
124268896
120070497
86516001
74133811
