624340997
657891333
641122359
641089575
640614439
640615527
644682863
648877423
648877423
783119691
783286091
787462987
804240203
800045931
799915369
804041817
791457993
791457995
640676075
640610795
640574442
640423914
644620266
653074411
649011163
649019337
649035081
648936776
648867164
665631052
636991821
611761421
607558927
607640911
607518198
607612390
657796518
640949671
652483495
652549031
648485767
648420295
649558855
666237271
668330263
634759175
626370567
609716247
609717559
605527349
607640885
608165653
606952309
757939173
774650605
778312685
786697191
783096823
783227287
783186374
783215046
766487494
749714247
753899783
745380119
741193751
741189685
741190693
741321765
741203237
741170981
757861231
778832751
778832879
778902527
787291135
787430367
782973639
782989895
783022663
800045639
749713735
749578311
741121089
741186625
741276769
607059041
623869411
640424931
644619235
653007779
648895411
648805267
648739719
631962055
611170503
606976071
608024615
608024615
610122021
610134821
606072597
608141077
607997793
757881697
778836961
778832865
787291105
783227889
783186881
783219137
799996355
753924419
745400642
745388322
745396514
753784866
745535506
741238787
758065155
774704419
774643043
778832739
787221351
783096567
782965447
782908103
782990023
799800007
766360519
749582791
753777111
753907959
745519319
741190866
742239446
742372839
607098343
607117287
606985191
611179491
1684921331
1684921203
1684920691
1684929907
1684399959
1684531015
1684535127
1701171043
1818544483
1818556771
1835395441
1869474097
1852692769
1852624677
1852694391
1852831575
1869600086
1836045654
1819139574
1819146742
1819138550
1827527158
1827535351
1827535221
1844312445
1836969309
1836969244
1870652732
1870517629
1869469053
1869471101
1869601141
1735379445
1701698037
1693309813
1685060437
1701837655
1701706583
1701707607
1701707607
1835924343
1835912039
1835850599
1835924343
1836055383
1869478263
1869470071
1869437303
1869478263
1869609431
1735383511
1735252471
1743780311
1743780311
1735392215
1735392215
1735393239
1701706743
1701706231
1701698035
1710094835
1710225875
1710225875
1710218067
1701837635
1701833281
1701309265
1701173585
1701697905
1835915635
1869413731
1869479283
1869086147
1869020995
1869078355
1868945763
1835850083
1869474167
1869474071
1869479223
1869471031
1835916599
1836055927
1835924855
1835915639
1835915637
1844312565
1844443637
1844304245
1844443477
1869543749
1835989317
1836054869
1835916151
1835850599
1835850599
1835925367
1835892695
1836021206
1835881942
1835883958
1844272566
1844279730
1844410770
1844410770
1844411282
1844411283
1877965763
1860631491
1860627779
1860693265
1852173601
1717951777
1734724912
1701305616
1684462848
1684524309
1684397877
1684340517
1684336423
1818623783
1835392311
1835392311
1835392375
1835915639
1836054871
1869601111
1877859191
1877858679
1869478271
1869478271
1836051807
1836054879
1836046679
1836046679
1835923829
1869478261
1869478261
1868953973
1869076823
1869610327
1836054871
1836022103
1836014039
1836014037
3983366644
4016921076
4025317876
4008542196
4008673236
4003978836
4003847796
4003855989
4003987029
3999788759
2925915094
2921716214
2938456566
2909101558
2892322199
2900850566
2900768398
2900833950
2900639406
2900638382
2900638638
2897549726
2898206094
2898210190
2902271375
2901680543
2901697021
2910086141
2910152701
3983896445
4025843581
4023745309
4023740687
4006964239
4267015199
4269102109
4269233181
4269241373
4292244533
4292236597
4258678357
4257695317
4240801345
4232404563
3628433011
3629465202
3629465458
3629454706
3628406130
3628544242
3628478658
1489400258
1506267602
1539822018
1523037635
1591196993
1582816592
1582686000
1583150628
1583145516
2119983660
4263326329
4280092379
4229697531
4233975978
4242499754
3703463050
3720298634
3724296587
3757884363
3757822699
3757761131
3724273451
3724076843
3715689771
3749309755
3732667658
3598308682
3598304586
3598270714
3598274798
3615109295
3564777631
3573155213
1425688524
1442828252
1476196156
1996268332
4143489340
4135100472
4130971672
4147875865
4097478937
4097502729
4097497817
4231711465
3975793321
3971533483
2896744363
2813101307
2796327131
2800660494
2788089870
3190743070
3074319662
3074303534
3044937262
3078557430
2816288454
3069978246
3065783718
3199992998
4272688295
4288940101
3714324485
3694468101
3692981252
3692734212
3695813140
3699946036
3699933948
3716711068
3683168908
3683164828
2613814957
3143286189
3139078315
3172649210
3172878538
4229836234
4246611274
4252905803
4127064329
4122673176
1974992936
1977099320
1960339480
3586713688
3586894843
3616193274
3599404682
3603465930
3591160522
3591160794
3591328618
3591267118
3613319486
4150190374
4261060902
3187384615
3164189461
3163075092
3167265300
3154683396
3154830916
3154787012
3154778852
3155692453
3170371823
3181906158
3198878814
3198840910
2663112782
2662899790
2662899838
2667098487
2653455479
2653652069
3727334501
3727617141
3728632901
1581132869
1581133253
1585323973
1606356613
1610419847
1610430087
1602054022
1568634806
1577055158
1572729558
1556075030
1555006231
1571590437
1437393957
1429005348
1564271668
1597950980
1597918468
524181269
528424567
1610423926
1610373062
1610438598
1610568662
1610568662
1576751830
1555682006
1555814133
1555683172
1555616868
1568205924
1564009524
1595597892
1579078996
1581172692
1602111445
1602178965
1564303253
1568538517
1568663477
1577054901
1560138453
1555944151
1555026486
1554895142
1576854566
1568465958
1597826070
1597957126
1581171719
377406807
1467992055
1476261847
1442707415
1442707415
1971296215
1971298167
2105392951
2113777429
2146942772
2146940212
2121633828
2115825724
2115821660
2132766972
2132685228
2103313069
2094858927
4244182703
4109909694
4109904542
4109970062
1958439646
1958436430
1975010830
1437397774
1441587487
1466753079
1462628389
1598013477
1581138965
1581175813
1585366855
1593757271
1608375894
1608308566
1608280022
1566335478
1568629174
1551847831
1551827847
1414989717
3705097893
3700817636
3700730660
3700472613
4252016437
3194011141
3194136071
3194140166
2934343222
2934277734
2943387494
2903552999
2886775797
2886853597
2886984428
2886947820
3895461804
3899657645
3916437935
3924834751
1811102110
1811032462
1811032462
1806843343
1806767327
1804611806
697311310
680534094
680550670
679538958
683734286
683734303
675411327
675542397
675476573
675476685
671241421
671315421
943944189
952300413
952292191
952324687
952129295
943773471
943781183
943977791
943914271
944962831
944954447
961730767
978507935
978476191
974328975
974323855
974324191
705893359
718479983
714089007
714089007
730882607
697360927
679523087
683774223
675385631
675385725
671191405
671330621
939701533
939702045
939695933
671259967
675462463
675454285
675454285
693276109
726830541
712216477
708024253
708032156
1781641916
1781633708
1783730860
1783673581
1783685869
1782637293
1782637551
1795257199
1761809258
1746080058
1750143034
1750151210
684921898
680660027
680729627
680606731
680619019
684981323
737381579
712213899
708019611
708019643
712213945
712225705
710009769
709911467
705700843
705700859
705897451
708981739
717362155
717295979
713040187
696262971
679506233
679539513
679522073
679525128
675330888
671194056
721599432
1778563980
1778550413
1778549391
1778615215
1778430446
3993034990
3998245102
3998244974
4006818926
4006755566
4019329534
3985776479
3985772111
3184870989
3168036429
3159648092
3161978716
3161915228
4260888405
4260888533
4258658263
4249973207
4249964950
4111667606
4111667638
4115730855
4115674535
4107283877
4107283925
4124126413
4126358735
4160107855
3606459663
3605415438
3605480990
3605284399
3605296687
3606347583
3757342047
3713363295
3721882943
3705627967
3701403967
3720008511
3719938943
3718812271
3714617957
3710420709
3710423029
4280858949
4280920325
4280986901
4251892741
2105447425
1815511041
1815318545
1813094449
1813098801
1813165361
1813157169
1832291633
1869990193
1852164369
1852164417
1848626005
1852690021
1852626535
1869411942
4016895870
3983340926
3983340654
4016895078
4016370791
4016567653
4016535540
4000276212
4000145124
4016888556
4025285356
4025285373
3991206621
3991206879
3991271902
4024760574
4024760574
4016371966
4016437502
4016470270
4016470206
4016471198
4016205215
4024661917
4024653500
4024524476
2951872188
2951805692
2951801557
2918312661
2918444023
2893269878
2893269270
2759314438
2758278150
2909269015
2942823477
2942823732
2926968612
2926960500
2927087220
2926956285
2926960383
4000644991
3982818175
3966105951
3966171423
3966236703
3966093375
3966031935
3966040127
3966102591
3983473790
3983465822
4017082334
4017086462
4016922367
4016928767
4016928765
4016928765
4025315293
4008673245
4008672221
4008541055
4008016255
4007950462
4008999006
1727495246
1719039046
1719071814
1735841110
1735904630
1702354263
1702358359
1702230389
1702219253
1702223317
1735912917
1702232049
1702217713
1702352849
1735911251
1744174947
1710607715
1702223219
1735781719
1735912823
1702350295
1702354373
1735911877
1744304629
1710607349
1702223703
1702358871
1702225783
1702217575
1702221687
3849709399
3849710967
3849702759
1702222199
1702357847
1702357783
1836440373
1836441365
1836578069
1836446005
1819590701
3967045741
3967246814
3966132698
3966181306
3965782698
3965717162
3974109866
3971234458
3971231454
3971294926
3986101959
3986109383
3181125975
3051102583
3083613399
3050271939
3050198466
2509164482
3582906306
3582775266
3586975715
3578586467
3612271953
3612276033
3612230977
3612296273
3612132577
3607946469
3607946471
2539582919
2547963847
2542716615
2542587623
2546790373
2538401637
2504884085
2504943173
2631803461
2631807493
2627473957
2627478063
2631672623
2633905467
2508064827
3615361083
3325888715
3323734218
3323750538
3323325578
3329606026
3329606026
1190429098
1190433194
3316949422
3299254694
3303466887
3303466881
3295078337
3295970784
3312752096
3312756064
2548475648
2548479744
2548274432
3345020192
2501960993
2501965153
2486359411
2490554179
2514636355
2514636307
2514538273
2514546469
2506155813
2507404049
2515718915
2515702535
2515571494
2549130534
2540747879
2524175607
2520173763
2536950977
2536949185
2536560103
2507203558
3044041318
3052564998
2515694086
2641761030
2675179830
2675187814
2675188838
2675342413
3220592845
3187591372
4256025052
4260157933
4261195757
4286375897
4286440395
4269794267
4280181659
4279640495
4250218927
4233367983
4233565599
4241893261
4241976781
4237618685
4241816877
4241804605
3715482909
3614822668
3614827276
3615453964
3581899037
3565155367
3562919975
4233791589
4242184673
4242180483
4107964033
4158632577
4269572736
4265444049
4265067491
3191223139
3191289634
3191089442
3195283750
3204192550
3214613766
3214546182
3214545158
2642940358
2642950070
2374512278
2374511238
2375563958
2371554214
2369457574
2268808358
2268774646
2272980998
2276384773
2242814208
2242683664
2246881828
2234287652
2267909924
2402197292
2403265308
2386225932
2658851596
2675477373
3713576943
2639832990
2623243150
2630582718
2631565742
2631587055
2623143149
2641948132
2675830100
2659120964
2659087876
2667401765
2661054318
2661053934
2664717550
3193199854
3176516846
3159803022
3101090191
3167924940
3159458556
3155198716
3172005580
3171968716
3171951468
4228981101
4233494637
4241883263
4237693263
4241957961
3705089097
3562481705
3614722089
3598121231
3597596943
3606023438
3605561630
1449693486
1466495278
1466560814
1430151978
1417552411
1417556489
1423904284
1356598056
1355557160
1347168552
1348430856
1365234696
1365016648
1400668376
1451132152
1449049340
1457434076
1993121244
1993117661
1993310686
1985647070
1981456622
1983570158
4285153519
4100653305
4096327896
1948792056
1949838312
4101991144
3835620089
3835595466
3835464394
3835469514
3841761994
2771686138
2805379690
2805391966
2803262030
2803245782
3843293670
3847500006
3851682918
3835106359
2761849877
3835587588
4104054784
4108101648
4095514916
4112490004
4131036741
4131321799
4130259138
4130160802
4134289570
4135325858
4160499874
4122878870
4106102422
4122955447
4156325557
3065801365
3061607109
3055415239
2518089671
3059152454
3086336886
3052721006
3035947375
3036016895
3036009724
3036533996
3028147436
3023928564
3024057796
2503882693
2507876061
2507874943
2516129406
2516129406
2549618542
2510837102
2510902655
2515104847
3588879439
3581539661
3577476445
3577410941
3580556669
3588937085
3589002621
3622434303
3623417343
3615028735
3615069663
2507904479
2507855327
2490103285
2489970165
2489941476
2490072932
2506841652
2506819092
2548634132
2548572724
2527617572
2527687463
2527686950
2527597606
2460490854
2456291558
3525839102
3542751454
1362767054
1345987790
1343889486
1885020239
1892209769
1892203755
818458091
566791675
558403147
600741451
596554015
563077181
567091245
558117933
805780525
805709933
805710573
877013709
881674959
881643206
813991622
281051714
272667474
1346479074
1346609570
1422325155
1422290865
1439050640
1455827856
1455831936
1451625856
1384579457
1392247255
1383866742
1110188398
1109930474
1126709738
1395141098
1362716906
293136843
301504971
297374539
297632521
834437385
1906606376
1902485800
1898423592
1898356540
1966513676
1997970956
1981194781
1981211199
1980195134
1985282090
1985937450
1920863274
1920609326
837430335
820651275
820642569
820511689
813188041
276349913
284936169
285145065
819755001
819232729
835991323
836056843
869675323
852955435
852828459
383066395
383193371
373621051
507829547
508340523
1046264314
2128382090
2129430922
1852671370
1852813962
1848554123
3963007641
3960906424
3960906664
3960906088
3826566188
3828637732
3878952993
3862376547
3996455010
3995939042
4000257442
4289597106
4239264387
4171897539
3635026499
3702200899
3433572945
3433622885
3651707941
3668747303
3665601559
4196245527
4195790903
4195778615
4195713031
4010058500
3960922636
1813402124
1679163916
1614218792
1617692264
1621899240
1621890552
1622020426
1622094154
548156490
569130090
829175914
826026058
823969866
836541514
819827787
819826889
811438536
813674968
809219065
874230699
873117098
1011531178
1045084590
776649102
772188558
773041542
774943670
778089390
783397294
780251566
637546670
771760303
771760303
788673701
792870828
764546796
750062108
749742605
631303693
631546381
929861641
931102729
926581769
488299529
471476237
471410789
1548250087
2089474787
2089459302
4102655494
4102852103
4090793539
4065766979
1918287361
1916715521
1983644208
1916543521
1648107809
1648107557
1669070893
1623000187
548277451
548276427
552544459
813447339
821823659
599595178
597504410
864891274
328033163
298115995
12899305
12878185
4560168
4701464
13035784
8841480
8907017
8830730
1087803210
1205259146
1316481946
1323748234
1319554970
1321203642
1320969130
1320428458
1319134059
3458240810
3458240810
3459293482
3725697326
3728778246
4269843462
4286623827
4286812400
4291006692
4245083116
4094034668
4094034664
4028500712
1881029352
1887382440
1891379627
1908160650
1941707914
855113867
318374283
314241513
314286313
850960489
848863336
869835816
861838360
1931382024
1897828104
1629404684
1629335052
3761548828
3761735228
3761668644
3782640229
3791045349
3814048437
2722460295
3796202127
3796644270
3806082222
3808173226
2749896938
2783656187
3857332299
3840567627
4104808971
4121689625
4289257017
4277720607
4277728030
4267270462
4267319606
3193581878
3162116386
4244246818
4240065890
4240068594
4243148739
4244138945
4244171200
3724060896
2681927905
2673482977
2651327634
3725073538
3725142402
3670686434
1535773410
1503529682
3367381699
3365939712
3361745664
3357596944
3358625040
3373311748
3405881860
3397427764
3665867492
3665859244
2659226281
2659291818
2655095722
2668972458
2637105322
3695057082
3695065482
1551247754
2087854282
2096111834
1013973226
1026621690
1041363098
504406158
503358607
503422103
520205495
524530855
491169149
365344029
393723149
376219917
304986908
309239580
846104332
847151885
847167757
859816219
1883230490
1883232058
1949814570
1951719018
1959583466
1959583466
4106803195
4106811288
4106938264
4124766104
3067801304
3086640860
2549744285
2549613207
2448949934
2432180654
3505926318
3522712742
3556492518
4072313922
4072317955
4072251395
1383637025
1396221153
1933354209
1899947137
1882094979
1898844034
1898911394
1944855266
1923359270
1923359294
1923359502
1453597450
1470445323
346491704
346520360
1425402728
1416928136
1415887240
1412206472
1445823369
1449571225
1449571225
1987490745
1444324333
1444209517
1444177701
1450585639
1467365923
1449528115
1449593139
1180966195
107228211
117383219
113192979
113164291
112885763
112951747
100237715
351834545
343444897
343447713
1413322928
1950333072
1949743248
2083962017
2083905953
4228915683
4283892706
4275507922
4270269138
4270143058
4271191862
4292095270
4126944614
4105977214
3569235278
3569249743
1421658061
1438443453
1568429485
1278809535
1278809599
1278875103
1280971263
1570640173
496378653
496309004
495989512
256929576
252750120
520137000
503359784
1577103192
1577227208
1577222792
1443070600
1447330472
1406964393
1402532522
1387976410
1455087082
3601508586
3605768426
3597445338
3592988874
4146642122
4147675339
3879370953
3883831389
3873350444
3873420076
3864900404
3877483316
3844076340
3879678260
3879481636
3878424868
3891201317
3886943510
3886686038
4255857495
4238883829
3702074309
2645174727
2377845191
3382185158
3381146854
3381141734
2290754022
2291802546
2291798930
2291951266
2291984034
2287773346
2283046546
2332333699
2315690695
2316215879
2597233159
2592908071
2665263405
3202126889
3195575336
3212548104
2891618312
2891614264
2887419944
2887616568
2904398872
2939981832
2923200520
2923414376
2923348584
2927522408
2893951724
2894017260
2759795412
2758550164
2766677684
2762475700
2762737876
3031173364
3048151092
3077453844
2524848135
2533236806
2529042638
2529108478
2528932266
2528693162
2527627930
2523437706
2519243722
2520367051
2470094729
3491406217
4028278697
4031426479
3762981806
3762850206
1632144534
1650036919
1652219957
1714053125
1730813965
1680351247
1948786734
1949183534
2095712814
2091584046
2024344110
1520963086
1520973391
1520980685
1252626892
1256891868
1273671100
1223355820
1214967212
1480248492
1480115389
1478025631
941121983
957899183
991486895
994965167
785383087
1054666479
1063055351
1063255879
1048559365
1056481061
922259237
922258725
913882421
774614325
774546485
774546439
791315462
741245958
741311494
741196886
741199094
742382818
1815996899
1818028769
1825872608
1821739760
1841667776
1849992896
3993297603
3993297538
3993063842
3993060770
3863023010
3888254374
2811695014
2811707358
4003409870
2929552709
2933680452
4017908052
4013783332
3979758372
3982937956
3974350708
3974288193
3975319873
3966931011
3977352307
3977290851
4010847267
4010847527
3993222965
3993237045
4009882173
3876614957
3843109737
3845198313
3828549033
3831958953
3840870827
3836676538
3970894810
3971816010
3988531722
4273762058
2126308618
2058937374
2054799391
1513832461
1513685004
1514082364
2032017449
1478369659
2018907850
2023100106
1485115098
1485078266
1485104890
1485612795
1502393752
1536144520
1263266956
1259886988
1528548268
1494928044
2099153596
2103348893
1029145567
1063026974
1046253575
1045991447
1041801271
1041817639
1041785063
1043865766
1043992742
913969831
1958347429
1957578372
1957617348
1957542468
1957472772
1957472772
1961667428
4125403493
4133788775
4130652390
4264915190
4264755430
4280684902
4247134758
4244055590
3165923878
2629052966
2629054230
2629577990
2361263110
2358902790
3432579411
3431739859
3432785381
3428599268
3440709092
3457568220
3457305548
3457342156
1309862604
1308684028
1312858877
515941339
528520154
494977515
499237355
1547879915
1543690731
1543694843
1543760331
1543678923
474130379
482775883
482640649
474252089
475833640
1411228968
1411312940
1428092188
1465828108
1459536648
1459503624
1457406536
1448945369
1460416489
1426860524
1414277356
3570157804
3498888332
3499086988
3503206532
3549340036
3532563348
3599676083
3599676082
3600589474
3606360738
3594311330
3594288742
3593350422
3576572934
3559795718
1424894982
1420702725
1421227012
1423193088
1145314576
1145458449
1145490705
1153559825
1153477907
1170320386
3344095234
3260467202
3260434690
2187200786
2195603250
2258576946
2275222050
2275217954
2275152418
2275160610
2277254691
2415660835
2414627175
2406271351
2372753783
2372884855
2372754263
2372893527
2372861271
2381245815
2381114743
2381105493
2238552541
2238552541
2238561245
2272116669
2272247741
2238627221
2247011765
2238556597
2238499253
2238466455
2233948631
2233874710
2271623430
2271619350
2280009014
2279877942
2279877942
2247365943
2247903007
2247935837
2247935709
2382157565
2306725565
2289950397
2289688509
2289949629
2290080252
2288933372
2288941532
2284746844
2284808269
2285856783
2300505359
2333076750
2320361230
2324539150
2324670302
2324146158
2323947502
2323943151
2329185007
2406271711
2406177357
2372632093
2305506621
2305371181
2313759789
2313762925
2313767005
2347747549
2338834909
2321783261
2321791453
2384575997
2385624575
2382427231
2382455055
2382455055
2403492123
2361587195
2223427515
2223950747
2224802747
2230885291
2222754219
2235337611
2199672779
2198762251
2204001051
2212389163
2210292015
2243847213
2246863917
2238499893
2172505349
2170457413
2169432005
2177759061
2177684333
2177745517
2177815277
2245981913
2247978745
2247916521
2273074153
2273139193
2273212889
2273208521
2407478345
2415734873
2415882265
2382262587
2382287167
2365518142
2365383470
2298262830
2289884526
2289879518
2285754830
2300238286
2300246479
2303355343
2303339983
2378769743
2378774399
2245724015
2246002479
2212316983
2212255543
2279404407
2279453559
2279453173
2237444581
2235335149
2235335165
2233439709
2232336333
2219752909
2219239885
2215017581
2349284463
2349151359
2367038847
2379622239
2408982351
2408986191
2408844879
2413563759
2407292783
2373771118
2407454558
2415850446
2399073230
2264445854
2264445359
2264436911
2256048301
2256049341
2251873461
2252176629
2235443541
2217618183
2221812231
2230204950
2225936950
2225348150
2225878806
2243695926
2277246246
2277246246
2281444646
2247890294
2381078391
2381111159
2372718551
2355994581
2356002769
2288893393
2288892401
2288892145
2284436721
2284436721
2284567793
2318056643
2318051778
2385177026
2389371330
2397735874
2393611251
2259201697
2242422432
2225644196
2498265772
2154332808
2166915720
2167199368
2418866600
2418931885
2436823277
2470377711
3002509391
2998316111
2998312967
2461446151
2524413974
2520023086
3710304302
4230373406
4230360846
4167436862
2028276271
2029783593
2029521705
2029526280
2021209160
2019112136
2014975384
1482374825
1497902767
1539843774
1523327630
1523327630
1522873246
1518760438
1518760294
1333981542
1301467430
1284609335
1550881815
1544588303
1544588303
1561566223
1577233419
1590078475
2122758153
2123286616
1531513068
1561856428
1545080748
1547372204
478032556
1022833332
936452788
382952068
373473920
373417856
381724592
314619296
314619300
1381102052
1364451692
1349710632
1886507816
1894827817
1889914427
1353042458
1357212170
1349347866
3492757018
3225226810
3222799742
3225945342
3234336982
3231330518
3231342806
3231375558
3231621568
3284053440
3271530944
3262089680
3257900016
3257916128
3258820324
3525157476
4066222620
4074603052
3801911599
3801918510
3817637934
1732544542
1728418846
1728491534
1862721614
1829118190
755114222
738329070
743572202
749932186
766716554
798042762
780216970
780155530
780434059
918840971
910484105
906482361
906478569
878100777
341237801
1425957917
1425528847
1358219583
1406437678
1389669166
3531904878
3599139790
3536224974
3537277582
3522602654
3497983678
4034874111
4029483613
1881935724
1886135340
1953243180
1953312812
1953370124
880152588
878121996
339741997
348130863
482434590
478309902
495117838
193193806
193064910
176192447
192969645
192965292
159395500
1564702636
1560462332
1560461636
486707461
486581301
1057008679
1061203239
1057004855
1057078591
1057141535
1979888143
1980150383
2001502695
2009630119
1976077463
1959656599
1960770775
4108250327
3571346887
3571345094
3588126278
3621110358
3595878998
3595358742
3595364150
3595363638
3738020902
3750731045
4254047604
4242513732
4231907268
4231906004
4231517172
4231418276
4248187300
4283838885
2128029077
2128031124
2128031140
2127895973
2127320429
2144130365
2111355964
4233673756
4233735180
4229475332
4162366484
4178093364
3104494132
3143258676
3151626771
2679767762
2646082274
2645041826
2628260258
2628256946
2628410498
2632644738
2625562818
2621222098
2671754307
3726550081
3726549056
3726630928
4261794084
4261795172
4278714340
4278708964
4283296484
4291820261
4275039941
4270643143
4270641630
4275884270
4267495662
3206508782
3156086870
3156087110
3160289910
4242481702
4237046310
3163058735
3163055631
3184029453
3184064781
3075197020
3612002397
4148841821
4148827469
4082700365
1935151197
1931030587
1901732155
1901736233
1910117673
1910232377
1909058911
1908977103
1900587487
1934134698
1917423530
1917499294
1917497758
4065243598
4082016471
4115587175
4098875685
4098842913
4098839328
4107080484
4107080244
4107089524
4116461276
4145888908
1981693837
4128704925
4065610159
4069575855
4069571739
4069565579
4069827017
4074222281
4082545368
4048986861
4032226029
4028097133
4027859567
4032053807
4032054062
4032237846
4049478918
4083033094
4133426230
4141633574
4141682726
4137558030
1994268686
2011049995
1464735033
1464737768
1473186792
1473776312
1473788568
1473801113
1475903369
1475892107
1434305434
1442677146
1442742762
3623784938
3623788910
3604914462
3596460311
3591681335
3590632749
3742168364
3708583228
3691461932
3703970092
3700820332
3701344733
3701411277
2644325855
2681745901
3747091439
3747091311
3713561117
3705168393
1557684745
1557718555
1557720634
1548466730
1947965738
1947961390
1964608522
1966908426
2000457738
1983677259
1983824587
1983791819
1983796955
1983802031
2008836527
4156319918
4155264142
4138483854
3622649998
3590246542
3571380710
3571376486
3571344163
3571312435
3705529906
3705515570
3705519635
4284325703
4263479111
4263478087
4263494471
4263498455
4263473765
4284228205
4250675053
3168562989
3168566589
3185401181
3185235277
4292526159
4292788431
4275880415
4284273129
4249187305
4228345593
4229245689
4229188201
4233382761
4239715435
4240237663
4257075279
4254978127
3747598407
3743085015
3743343335
3709756129
3713943281
3722266353
3755759600
3734894064
3735027152
3739221441
3738828227
3730440178
3730440162
3726141410
3730438114
3730559442
3193696706
3218862546
3185177987
3101556112
3097407152
3101134496
3100951284
3090469620
3088376436
3172000301
3172000047
4249908271
4249947183
4250081311
4250023951
4291979277
3755113741
3753248525
3753248525
2684094221
2675707743
2641977199
2648338030
2493150798
2493137615
2493006591
2493051887
2509824495
2509824493
3042501097
4110991849
4110999321
4094355993
4094356025
3843746584
3856333576
1945652488
1945650633
1899626893
1882853519
1882857615
1887314087
4038852773
4036247725
4035237116
4053249356
4069961484
4076252685
4076252687
4075601454
3070006574
3061612842
3055337514
3189592170
3189645418
3206422890
3177059178
3170763370
3032351322
3032027914
3031967498
3031985435
3032016937
3080448249
3067738313
3057183113
3057176459
2988099210
2988098218
2992292266
2996392106
3013112058
3015254234
2482580522
2439720746
2422876714
2431265338
2431333947
2443719449
2447905096
2447913432
2439561708
2419622892
2417596132
4028217972
4032346624
4040731136
4036528640
1956288545
2002713635
4263125026
4263120898
4198117378
4198182950
2054824750
1790603822
1789512395
1789438601
2057874056
4201163400
4196989577
4197088907
4213838491
4163503019
4167696875
4171891051
4172881929
4172819480
4187580456
4187543592
4260939784
3694692808
1547409033
2098901643
2132382363
1998095034
1981322154
1712891310
1715055791
1735040093
1667931149
1668189199
1634110479
1633856798
3777162550
4046929198
4111744046
4111744294
4246088998
4258137894
3717138230
3716679174
3716690903
3699910549
3431475088
2358830976
2357167744
2352907904
3424034432
3422862980
3439636148
3745819301
1589946855
1582757922
1582757923
1446923298
1445874706
1446927379
1446401299
1446401857
1446134465
372425409
1444139667
1578168737
1581310177
1572922595
1557331139
1557289027
1424115969
1419905553
1419972197
1419787877
1419781857
1425024737
1416642465
1548762593
1543535089
1279323473
1145303811
1146327555
1431409155
1429320195
1463005714
1446163202
1448279303
1452443653
1451395093
1585682493
1607580975
1964307755
4095006523
4095526698
1948161386
4116690282
4116559322
4116550094
4116612494
4158568334
4154371999
4154369981
4156339628
3883697652
2788983004
2805838044
2805921276
3879665132
3883827116
3892189101
3883803535
3845071246
3979092366
3982758318
3991142830
3986883562
3986887450
2107908874
4256441098
3573294857
3304860936
3300809000
3300563752
3568929592
2495134472
2511912904
3082457993
3063579529
3063579274
2991162026
2986906350
2986915566
3004890750
2973396606
2771004974
2754290990
2766734462
3836411983
3786084365
3786018824
1908027400
1912153096
1360800808
1344027944
270409496
73285145
81606173
79451918
79464206
213680582
218005910
268341638
1325307270
1593482630
1593483138
1585364626
3732844195
3730679459
4266959591
4283802597
3075785701
3075785701
3075760613
3075958261
3074909669
3074754023
3041723895
3050112470
3051246934
3051255126
3047089430
3183473943
3183277847
3185374983
3210536477
2669475421
3206379389
3206501741
3206485359
2673687663
2682010686
2648521742
2648652814
2639926542
2639934734
2648339230
2627466110
2629432303
2511926189
2511925677
2516091308
2507720124
3577599420
3560928693
3560861173
3493752309
3493752277
3497946565
3522985927
3539824006
3539893638
3539911814
3539845330
3530346722
3527208998
3531137062
3556369198
3517567533
3500787260
3517505052
3588795932
1428728372
1966644004
1966774292
2100996100
2138999812
2004798485
2134897685
3743166468
1562128452
1478362581
1481510629
1486756583
1486691046
1486692086
3634108102
3634127558
2576933478
2333638757
2332593388
2316078044
2316085836
2316102156
3406789132
3372891662
3368695302
3364499938
3365536930
3434611874
2359839922
3446197379
3475614849
3460146304
1579066496
1577495936
1447472513
1455655091
1452320931
1458628775
3610257582
3508607470
3492155386
3493200634
3497464410
1351885370
1353982490
1352933898
1353458441
1085067560
1084788008
3496515880
3492317452
3292104972
3558521613
3557465935
3574498254
3591275406
3596522382
3607011806
3601785318
3601497575
3601344997
3546819557
4079495557
3542760844
1933194636
1937449148
1920737444
1929195685
1926627477
1941979591
1405153542
289440022
272933394
281518642
277848610
344564263
1418248741
1149783589
1145699117
1293608997
1580918789
1512736773
1516931079
518554631
514371607
518565973
507154884
1580917172
1578787236
1580884388
1597654436
1559954852
1554580900
1421346188
3569178568
3569153784
3567054440
3571248744
3562859240
4149522153
4149585657
4132742107
4134830554
3061170266
3061244026
3078004842
3075908970
3075859818
3057966570
3053766110
3188094414
4266030414
4266005790
3746964782
3713343806
3696567614
3699324182
3707639558
3437104918
3365865766
3365673250
3364371522
3364380866
3397959810
3398140038
3399123077
3399123332
3398999972
3396905636
3390614188
3675830952
3641359976
3641616168
3680412984
3688740123
2608643386
2608639290
2608707866
2606353674
2572862474
2581217342
2580156462
2581274922
2564297066
2564301803
2566409945
2566507192
2625231800
2625214636
3564877964
3560618124
3577386188
3610886348
3594117628
1446650844
1444553724
1448743596
1473774252
1430785709
1414281901
1414277773
1422658445
1150159757
3314445765
3315065093
3451183383
3488998199
3487998738
3487998466
3485446962
3468472610
3483152418
3487465506
3445260611
3428499780
3424321860
1545089404
1545085228
1411130664
1411331368
828250600
870132121
848046473
848095624
315394440
307006872
306480040
1380225976
1398117080
1395036697
1361490475
1361420842
3513606702
3522044718
3584955198
3567911694
3567912414
3703061998
3705170414
3709397102
3709397326
3745447182
3728626958
3732865294
3665232158
3395227966
3395237166
3419152686
3414696302
3414761918
3481940413
3465216444
3466069428
3466081716
3472410020
3459880364
3325801644
2251207932
2234426381
2217650447
2229709578
2225572378
2225445418
2628558378
2632745514
2641920554
2658701610
3195580459
3136847915
3136980217
3139107977
3105581193
3624610185
3624541609
3624801785
3630043613
3633774861
3633775885
3633788167
3368496390
3372559622
3373018390
3410961678
1251619086
3399090446
3401253758
3417908094
1235755886
1218978670
1223214057
3362292713
3363417592
3363481992
3361380744
3373959560
3407456648
3659049128
3659113624
3663372428
3663372428
1578799348
3709583456
3692712224
3696910880
3697173025
3697242658
3562820178
3563045442
3613311682
1457439298
1459503619
1593656593
1585208356
1581049900
2117920813
4265584697
4286482505
4294876105
4289695432
4288971400
4226061048
3139752488
3139777064
3106284332
3090555693
3103728422
3098489634
3098149238
3098018230
2561167790
2561195182
3099105438
3094919565
3090721420
3090721420
3124341320
3124422152
4198113800
3929678377
4196926251
3928752171
3958112367
3920036093
4189458589
2072387721
1535434888
1535419529
1535424909
3649542559
3712391599
3691428783
3691953837
3558769357
4097737420
3027927624
3051078152
3076056620
3212635436
3195857960
3195823144
4286460168
4282265865
4252369738
4260757994
4256318634
2008054954
2010142890
1979742346
1996515466
889384074
889353354
805458858
1883390974
1893122575
1895219743
1369809711
3521423143
3554978327
3539319303
3533672055
4069443303
4136288918
4140458647
4157432743
4116472173
4116456749
4114429228
4097799452
3846104840
3850297880
3833443897
3833370139
3828940314
1681444602
1815727274
1836827818
2147094698
2130325658
2129272974
1996104845
2012884380
1476016812
1570511532
1570520764
1574184589
1607734157
1330786703
1339220447
1337059119
1337257775
1336202798
1302643502
3437540134
3429343526
3430326566
3428286727
3359932703
3636768045
3687299373
2596706685
2596706765
2614020557
2614708687
2373459294
2369331006
2352678702
2638156590
2675843646
2662998814
2392531230
3466076398
3466076331
3487046825
3443001480
3426240648
3292256648
3292179080
1413394056
1438556744
1437893128
1470399000
1466212904
1463067176
3610550828
3608389164
1979957101
1979959790
1979959470
1980156078
4127644862
4148356238
4124237966
4126593167
4109812125
4101820844
3028050860
3028051628
3036491432
4106108600
3568966329
3517647515
3534228138
3538422186
3530296490
3525579930
1378185306
1378283530
1449582606
392617998
342224910
338029582
338610190
338315294
338298926
1009392174
1020792559
1065879212
1049122444
1049109132
994845405
420881997
454174543
453131551
524487726
528484462
494934510
478440847
478655879
479114118
483033990
415794086
138978214
155756390
156937474
1501216002
1542106114
1609282594
1588302881
4272599312
4276786948
4201287364
3661269636
3678046852
3141257877
3106659046
3173738342
3186118950
3215474726
3215474726
3215515687
3220956501
3212503492
3178941376
3176844240
3176909812
3176979060
3176986164
3160203828
3177017877
3210633751
3193177894
3193185314
3193707554
3193703522
4267642002
4217244803
4183701635
1490955137
1555959427
1556024962
1554843266
1488717474
1492972962
1490594978
2019339490
2019337410
2019337283
2015142147
2065339139
2050654722
2050658050
2049608466
4197312802
4201248806
3942144102
3940042863
3952823756
3959035852
2036991564
2032673372
2032673388
2032935532
1810641389
1790197997
3935618297
3951357001
3905202253
4161186575
4161191446
4166420030
4233413182
4235477534
4233962110
4233965222
4108069030
4119599268
3599501476
3603511428
3595267204
4128956548
4129202372
4135493637
4142306326
4154832150
3567627542
3572479766
4096676646
4230680870
4230484270
4235726894
4256694312
4254597160
1821916424
2090346760
1960388872
1411004696
1411012632
337320969
353895434
907821258
907920298
907707050
915059370
914994858
914929294
919189134
1578800782
1578825614
1597699510
1596482726
1499997350
1508581542
417997251
414851521
414843184
414974752
146015009
150223107
209086722
202811650
139831554
147101714
159682754
445427842
445427862
449425573
508228004
1577776804
1577737952
1460210404
1464814324
1473240788
1455746772
1317334724
1317531332
1317465733
1317457814
1334169058
1296319714
3423863906
3423993858
3424006402
3426115842
3455476530
3486868306
3465831362
3465868226
3466575254
3466573991
3482884260
2226686444
2221460460
2217266764
2217464332
2217353740
2234130957
3342476070
3327860838
3336044770
3347579106
3347775735
3314176197
3314344140
3301745708
3440154924
3474950428
2384365836
2386213132
2386209037
3460033327
3460023054
3480896462
3438985870
3434791574
2361115302
2361193382
2361196454
2352273830
2366946758
2400694086
2650974022
3724714766
3737297726
3733098799
3732967469
3749745772
3753940092
3741566028
3707915340
3692432460
1544960333
1547053663
1551243838
1555499550
3702787598
3702789646
3751043934
3734365046
3734479862
3732972023
3732972005
3732972004
3732975844
3737178340
3741570148
3742780532
3709225028
3692452293
1410755271
1417050759
1425428102
1555383943
1573929607
3754955191
3729793447
3729859047
3730187047
3738576679
3734262567
2662613799
2679952151
2678956813
2646319933
2646189421
2650323429
2287532453
2283293093
2285505524
2302282308
2369666564
2407404036
2683654932
2679501093
2660626469
2660536375
2660540718
2609161002
2604958570
2667958250
2636073979
2619230651
4229593531
4231690411
4236146826
2095867018
1841037450
2147369098
2136924586
2132468202
2132517163
1866244397
1869391164
1835312396
1835312924
1836498492
1834129980
1795197469
1795197463
1795226390
1795308818
1796346130
1796342050
1769406754
1755906850
1755976226
1755989570
1806367554
715758019
715692256
719890656
707307748
707308676
708505740
791310476
1831473292
1814692780
1827340973
1822950125
1824002797
2090349183
2090346063
2089299470
3704187662
3705334078
3705330014
3701131470
3707751630
3623142799
1450561925
1446429061
1446433157
1463276533
1429697511
1429694055
1433824886
1441230422
1470463958
1457862614
1458639302
3597664662
3620733350
3587207655
3717227501
3700549485
3700550941
3723541789
3757096221
3596721421
3597047053
3613832525
3077477725
3186591229
3162284013
3162292205
3162301935
3174953454
3040834014
3073265742
3072741758
3051766638
2913388143
2896271981
2897259357
2918230284
2903550220
2937166093
2922566927
2788356878
2792509998
2790457902
2786067054
2807310318
2815765999
2812221868
3080260072
3080195528
3080199496
2547524873
2522358587
2522489642
2660901162
2660966714
3734507786
3716699466
3435710939
3423324568
3423242632
3423247240
3692739464
3560484488
3577520776
4133266104
4141196200
4137132206
4137132142
4140867622
2993717286
3006368802
2704706306
2709432834
2715793938
2715651683
2706998883
2803611238
2803541814
2805905174
2772360966
2772400646
2772249110
2709334894
2751281646
2734427311
2734425279
2734424221
2734563485
2732466431
3785236590
3768479006
3767982414
4036356558
4040481230
1883556078
1929694447
2001192172
3855007972
3829588052
3963675412
3960521252
3960702500
3964843553
3898058258
4173391362
4165264898
4161043986
4161240610
4177952610
3126742370
3135128802
3130967235
3130704065
3130709440
3150491088
3108546912
3088640356
3088644452
3105554261
3109745495
3151680326
3113927510
3113861990
3180884326
3185074215
3176690735
3174593551
3157949709
3157924109
3161066311
3169454598
3170388854
3170393958
3170399590
3086512582
3069923790
3064644046
3064627668
3065610724
2801577444
2788993516
2753341548
2753542252
3826686060
3842415708
3775238220
3808727117
3791945983
3859185903
3859214567
2807490023
2952222181
2950846421
2917365589
2918281076
2918281076
2918546420
2918546389
2918669013
2948062935
2948071127
2948071118
2952132302
2943680030
2905930526
2905979694
2889070894
2888952127
2886788383
2887049549
2889269725
2771829231
3845080495
3781953959
3790420375
3891214742
3891214742
3891214742
3882823062
3882166678
1743202742
1739004342
1739001782
1740445510
1706828549
900997892
901030660
351642148
1949607716
1949612324
1949612340
1949607956
1880463372
1897039884
1930855692
1662419724
3812524612
3816719076
3814557349
2748112551
2748114854
2722951558
2723074502
2739827138
3075350978
3051233378
3036422242
4110164194
4110160039
3841852807
3833478541
4118699916
4150152076
4132916108
4140095929
4141153385
4149505081
4149486601
4150010889
4152108137
2013144939
1975133930
1975125675
1958332077
1958254253
1895348167
1887220806
1614644230
1647218710
1647747074
1647747074
1645654274
1646102050
1645003361
1648886372
1648951916
1649939048
1666982696
1616650552
1627271448
1623078152
1623078153
546585867
813964555
814484490
277662730
277715978
281975818
290372682
320781642
320773579
840729051
842826747
578720763
578728955
576648107
576578219
843866795
856437419
822874795
806105787
806826906
878130426
347421738
1421293630
1555445774
1555490830
1555868686
1589220622
1589281614
2124054990
2056946173
2056893924
3940066404
3931679780
3927481404
3927553076
3927613476
2854150180
2854117920
2872705569
2851799587
3903325921
3903330017
3921166067
3958909891
3136956866
4208601282
4208592994
4199024674
4194843698
3657966598
3641320518
3637118838
3633972982
3636134598
3636023942
3635974805
3367544484
2297999268
2285418628
2553919684
2621151316
3172645748
3189422836
3189417684
2799346308
2795143812
2795078309
2792937127
2788716199
2770865647
2687436846
2687372351
2960004127
3014534223
2997821950
2997695142
2997618358
2463911558
2451360386
2434570322
2487138355
2490279937
3027151104
3169757952
3186550272
2616185392
2599174691
2590769698
2586576866
2586053862
2586052838
3093436598
2566269074
3633719426
3699780738
3699646595
1552162944
1279582336
1275367808
201752964
201775492
218261892
218311092
118499748
105986471
114479054
114721550
383156495
385655071
518823983
518823983
506310718
1580113934
1596634126
1546296334
1546569998
1546537502
1424641582
3567994414
3568923247
3568853725
3568853981
3585663404
3612921004
3575138472
3575195800
3574212744
3557435848
3557433033
1418593881
1436418797
1436365567
1167336158
1200890798
1195401454
1157677294
1141031118
67298383
67299407
67299597
67349053
272669295
322997887
307725262
307663310
309821647
309624943
309624937
374665257
1461068859
1461071114
1431702026
1423837722
3569224234
3569307242
3703333466
3719623626
3449061850
3465523640
3465388456
2391581612
2387388076
2651686580
3592323796
3592325108
3611227492
3497944102
1350437894
1345202182
1346320390
1346319446
289353974
389420006
399901430
395772622
360973006
344217178
344767338
344504682
344504698
344697802
344631755
349945161
358131064
391684136
907599912
907730984
840593448
857632812
823017836
810305517
810343343
810322847
810322823
1615305093
1623628180
1690484052
3888293636
3863126532
3858932228
2785190416
2785190448
2785190432
2920657440
2920603232
2792639204
2808876004
2808613236
2775071061
2766748947
2766814978
2767070466
3035508850
3035365602
4104913074
4104917138
3584980098
3601788034
3601788034
1458501762
1450019202
1451069362
1459412386
3604768163
3755745767
1577005383
1551700229
1550790917
1550725381
1550717717
1550783021
1550136876
1550071340
1567915576
1582620424
1589955016
1585949065
1585888411
1585953962
4270110122
4274295210
4282679722
3959915482
3960902474
3961434895
3963532591
3828131109
3828131109
3844600869
3845121061
3811524645
3815702565
3825143831
1669276727
1635722615
1635728758
1618812910
1623002814
1623002782
1620627086
1620635270
1619574406
1624021894
1624095190
1691134071
3848054821
3860786229
2787009557
2789089301
2789090599
2789160743
2726108711
2729184807
3014462191
3014401727
2997632925
2460756365
2192321677
2196507788
2183941308
2184039612
3275740604
3223245636
3222184453
1087350277
1351390735
1351394862
1355327022
1393079082
1376359210
1376420107
1930080523
1628087627
1611303931
1615432683
1624017642
1619827450
1624021706
1632477002
3792670986
3792613387
3793661995
3860766763
3862356075
3879125097
3848685037
3848687551
3831979679
3841288863
3841059807
3841063423
3857832447
3857775711
3880905807
3881034783
3864191103
3864195455
3881038303
3883100127
3849408511
3857796079
3840216047
3856993279
3874963147
3874957002
3875480271
3875349231
1723597807
1723339263
1740124413
1956126937
1955081293
1955227917
1955248653
1955248653
1955179021
1960360207
1930990623
1914208271
1916436493
1916452940
1916404732
1933181612
2004428460
2010656428
2005412797
1988639631
1921535374
1921631630
1921745870
2010882762
1968943642
1968939578
1679337006
1612230191
1612213807
1612197419
1629175355
1662649963
1650131307
1654194410
1654137018
580460698
848830602
847782026
294125706
277562522
13293451
13531017
5138377
6120713
3960105
7204141
7138351
15527182
32218382
116032526
116031566
107643086
108626094
383295726
383295726
512270702
2123080558
2123019565
2123934764
2119740460
2115546140
2115542044
1847235612
3994714172
4011507837
3977921023
3965658814
3967760046
3976011439
4106034861
4106032812
4105975468
4105967260
4105974684
4126941660
3590070396
3589566476
3589595149
3617955855
3622282558
4160208190
4151810878
4130834974
4128737806
4132866574
4132867902
4269774127
4265140511
4264096031
4264292639
4247446318
4231684646
3162133190
3168351878
3168345750
3168346030
3164101806
3182976175
3082308829
2545568972
2545573068
2550095068
2541508076
2507950061
2508027885
2491377663
2491361247
2491364830
3564584414
3581375735
3614914007
3606520261
3740742085
3472298949
3480425333
3446736679
3698347823
3698350382
3704678670
1607511310
1603707150
1603702798
1607303231
3746070639
3708330223
3691749567
3691685271
3691706271
3695888063
3721086718
3755487050
3738904842
3738830874
2667120682
2658666538
2674402602
2565411594
3635032585
3635286536
3635155560
3371959148
3428582884
3427627476
3427164916
3691438820
1560666852
1594143463
1577363022
1577103118
1577101598
1443072062
1979877470
1979881807
1984204621
1933887068
1900331644
1879560829
1946579511
872817206
889595446
923019062
906241334
910495766
851902479
848281613
848987341
849001672
848932008
1922608297
1926792360
1916567704
2000453768
1950257544
1949758408
4109788792
4103499368
4103564008
4105464553
4122766249
4160547727
4151607182
3610592142
3610428350
3610440614
1467081062
1465933858
1432379410
1428299778
1411522562
1415720978
1419903010
1420951840
1420820740
1439696660
1396715052
1375742508
910240312
918777464
914585208
1988117449
1993392586
1913967818
1377103082
319084778
319081706
336022746
340150218
348541514
1553388106
2090268203
2090266152
1559555628
3748982332
3727722005
3727786503
3725758982
3724731094
3724600038
3737153766
3749765346
3733183715
3733117152
3598899376
3603286144
3326396868
3322793920
1175111360
1192945216
1144677121
1148854530
1147879442
1143554067
1143591027
1412034769
3563775429
3573451460
3584985780
3584924404
4155292244
3068967452
2787948060
2921902636
2921902632
2926289707
2934677546
2926084138
2921909290
2922174506
3996534830
3996534830
3996272662
3939644679
3935510789
3935379463
3956482050
3924960338
3094748482
3094220482
4176417474
4171969266
4171772642
3165135534
3165135275
3165154488
2678626440
2666047624
3191449992
4263094920
4263160712
4263158920
4263157832
2133508122
2083389486
2083397678
2082874406
2082609954
954337826
950077986
764415681
796929728
1048634816
981508416
998285585
952148273
1011065649
2080548629
1946401589
1946192868
1677757348
1694669476
1942150053
1921435543
4069409158
1938686086
1910448246
4030472230
4029423654
3492553774
3496876334
3517856286
1370380806
1353636358
3501050374
3504916166
3504915191
3522740973
3556495852
3530223844
3531236580
3531220368
3528985984
3537635249
1384911782
1386160550
1386094758
1384079534
3543986422
1430045894
1430039630
1411366222
1415490894
1440722254
1440714590
1474201422
3588130767
3722352607
3722358639
3705515375
3705449839
3722225023
3713901919
2673193231
2669015375
2669142367
3679904103
3747509093
3185525605
3168617332
3168752196
3168719556
3168786124
3025981180
3025992364
3021793965
3038767869
3074357967
3056522766
3060580638
3064516654
3064520750
3064520750
3064586286
3203096622
3208279135
3174727165
3156115116
3156152044
3159688948
4233430724
3159782084
3168200388
3101026021
3100966567
3183799959
3208963975
3209099143
3210138053
3084272085
4159964669
4159978861
4159973421
4151650349
1937181757
1933443341
1396576521
1430204683
1971278139
1946125611
1927059769
1927059480
1925744652
1984464972
4127886540
4262101388
4246377420
4229608140
4231717484
3098255975
2829626214
2896755046
2947074406
2935801942
4265461830
4263402694
4263453766
4263387222
4263387350
4131258846
1996424190
1974207150
1957500574
1957657226
2091743946
2091440842
2091776602
1555954730
1509749802
1511792682
1511793722
1528300554
1478102026
2019167802
2023370282
949698154
949499608
412623560
414720664
142102952
138002856
136036792
470786952
470264456
470133400
470071977
67238569
117636747
117616971
50499598
22184974
332694566
316445733
316449828
308260884
840871940
840871948
910065740
774801564
1831766204
1680841643
1692777130
1692465834
1617965738
1613767578
1630544778
1647457194
1660035754
1655842474
581970671
598747743
547629837
820259085
811862093
270806221
274923661
275972493
290521501
289407661
12583597
8594031
9527871
15756862
14707502
14702910
14895374
14867727
14875919
14863629
31885061
32409348
91132884
74420724
86807029
125612517
108835301
385791447
385792455
921614485
1987033269
1982834868
4130317460
4130189468
3844915612
3828236988
3827700396
3831902893
3835965102
3970181798
3970182054
3970181374
4255385694
4255515654
1509819398
1505567750
1234969607
1234969908
1285319988
1229810516
1326414788
1309301124
1321924996
243984772
109607332
109607333
114851237
35177645
36422831
305057083
321899786
858057994
560059674
824439578
807924491
270979339
275235099
7192858
7112766
7113014
6261222
13539746
9353602
76199298
1200271746
1184543110
1185591682
1189786002
3337270179
3337267109
3731468260
3615010156
2541267756
2541284152
2524707609
3597664059
3597489946
3597418778
3580706878
3707138086
3707167847
3707172081
3698774464
3697136064
3692884689
3692914387
3659411138
1514016322
1513032210
1525497378
1520706850
1520705569
3667927076
4205899796
2068877324
2030076940
2063640908
2046863708
2059516028
2051258469
2046997605
4194742519
4261855454
4261806302
4245029294
4098757294
4103997102
4106161854
4103413407
4103356061
3582209740
3578015452
3607494604
3607551820
3611741516
3586510157
3586442591
3586635647
3621167958
3612779350
2539045462
2537931494
2672095974
2672616422
2672600047
2639241213
3176044925
3176044892
3185506572
3218733340
3220764472
3078111800
3077046809
3072918043
4113249130
4117307754
4101842026
3036482666
3034519626
4108220491
3570395211
3561855305
3570175961
3570243321
3584012955
3583963787
4154311595
4158439850
4149010858
3071075498
3071075567
4111392861
3842924812
3843973900
1629291016
1631322632
1631388168
1631466008
1635659304
565971243
549193770
549193818
816584906
816585930
283956426
275615882
275747210
275682203
272544187
270447019
269333931
810335403
827178222
307147790
304001030
304001046
910073894
908042274
907915314
639276339
643469091
647663137
1841008497
1827247552
1814607040
3962172864
3962265312
2888506080
2888370912
2900893408
2762487524
2762486436
2762486451
3030917554
3030917282
3030921394
2494038162
2489865346
2485681286
2485812358
2502617222
2536171654
3598379142
3606698199
4143496693
4143560189
1996272476
1987899932
1987965208
1916760104
1916739625
859579433
809253929
809437243
809372458
821955102
280824334
278666766
278688278
76341814
80274258
73036226
68866498
226148754
250533283
246410659
246214131
250395713
242060288
506965040
504734753
1024764961
2084351008
2088674384
2088666304
4230913152
4230987200
4247746256
4247729888
4247597792
3903332967
3903337070
3903330026
3903330794
4171765978
4175960202
1547315338
1562257546
522068107
503718027
503329163
524288457
230711657
205578537
205581609
205629737
71547161
71473421
272795909
272795909
818319109
818840133
1910411968
1920897728
1915654720
4063138416
4063203936
4063064928
4062982240
4130091232
2808885472
2762872020
4105051271
4105059734
3568057762
3702273186
3438032114
1279013954
1277131842
1277061122
203352322
205449731
221960755
259635794
258512451
258507201
522813649
489337009
356163745
360620208
394170544
1983352992
1983231153
1916073392
1916030640
1916214944
4065798880
4057279008
4036835844
3501996564
2427207205
2426938406
2443776006
2477395982
2209873951
2207826989
2206780460
2210961452
2177612556
2513092108
2497357324
2627380844
2633541228
2632490604
2624098029
2485751519
2486128343
2502762215
2502235623
2502300903
2510696694
2493915382
2511675638
2512146638
2516369870
2508116430
2491326926
2487199230
2417860078
2417985791
2417924559
3021908941
3021384396
3038161628
4145469132
4131242636
3865887375
3873821102
3869302958
2732646566
2725302438
2717963442
2718104963
3003312833
3070388736
3075549697
3084921379
2514496290
2510297378
2493910050
2493908018
2225995826
2359885874
2359824630
2359881878
2296942727
2284363148
