91093366
91093366
225311094
91076982
1299036534
1303230902
1303230902
1269414326
1269414326
1269545876
1269808020
3420830644
3407985588
3374431156
3475225972
3475160884
3476204341
1309714999
1318103570
1250990866
1250023731
1317148704
1322391584
1309804576
1177947152
103681024
103689472
120465664
91032320
99436865
99473747
91068755
91093363
91093363
91093363
91093363
74283379
74283123
74266739
70203763
70204275
74398323
82786931
78592627
78412387
346881635
346855074
359511478
393064894
393064894
393065918
1466548158
1474936766
1470741438
1470741439
1470742463
3618291614
3623534526
3615158190
3615088046
3575242174
3508133279
3508393359
3508524495
3508458831
3510293855
3514430839
3521670503
3521736039
3521871207
3521844695
3521843671
3580559829
3614114261
3614130517
3597652309
3597657365
3597463317
3615272727
3615342367
2004785935
2004859663
2004662559
1702410557
1702410285
1685822508
607814700
608075836
608141341
608038943
608170030
608104494
623758382
636340598
636352886
636352886
636352887
636352884
627964244
627964276
627964276
628095348
627964276
627964276
627964276
627964276
627964276
627964276
627964276
627964277
627964277
627964277
627964277
627964277
627964407
627964407
627965431
627965367
627930551
627929525
627913655
627913655
661206710
1726561950
1726693022
1722498718
1722494622
1722756750
3853461198
4122830542
4106020559
4108124111
4095519181
1678616669
1695463485
1695463469
660576317
643599372
643608604
639217725
656125999
656011310
622583854
758833262
763347174
770523582
770528191
770537404
636321724
770538140
770521756
770652892
800008924
804203485
671034765
1702830477
1679631237
1679499956
1683715744
1689863840
1689865888
1972915904
1989701120
1448619520
1444637712
3592293408
3525184544
4074638368
4072541552
3535687376
3502111376
2427247232
2423081600
2150566528
2217676481
2217547619
2225878050
2225873954
2225873954
2242323474
3349554242
3471995970
3463627970
3459435714
3457399234
3457264082
3456149874
3728779618
3728780594
3742606658
3742802499
3611198147
3576332994
3576349378
3576383186
3559399138
3559401954
2632460514
2628258018
2628389058
2628394178
2645237954
3484098754
2661999042
2661974755
2661909089
2661856800
2657659684
3190336052
3207309844
3173689860
3156913668
3156907524
3156923988
3156891364
3160963041
3030910114
3030909090
3031236786
3052281986
3085836418
3069059202
3069129906
4142677223
4142673141
4134282244
4130153484
1462653196
1428836620
1344956172
1349242381
1357643311
1357511215
1353252391
1357443895
1357431239
1365983367
1399476359
1399468183
325729511
308952167
308951047
309929990
305665294
307770222
853095406
865677998
864604842
831296427
814515115
818714031
806129085
806264205
823065485
826698703
861285343
855060223
854922239
855511519
855511519
335335915
333226475
299140585
1909754217
1909828377
1945479945
1924639497
1924572937
1925095945
4072583707
4068377386
4064272682
4080891246
4047379694
4030598398
4029552894
1894648302
1907297782
1437407062
1437348615
1420042755
1420059395
1156965139
1148642065
1157017857
1157021953
1148702481
1198841649
1177877281
1177942885
1178466677
1451096535
1457380823
1457313205
3600606117
3604849589
3588223988
3562460116
3558261012
3560423708
3564585276
3564449580
3572771368
3723831848
3757517355
3707046442
3699116574
1281105422
1213990718
1224478830
1253695718
1522249958
1522184338
1592430722
2116714627
1982496897
1982502016
1965796785
1949084578
1948576422
1948474030
1681070758
1680878242
1685072418
1688497698
1688529971
1689041936
1739103232
1722452992
1718270976
1714072768
1714064512
3862875552
3843444384
3826257568
3826261664
3830458080
3840943732
3772785172
3768590868
3768850182
3768866818
3819395138
3819849938
3815688338
3794258066
1647802498
1916216450
1915093123
1915093379
1915106019
1936597539
1638670883
1621631527
1621631285
1890066445
1906864136
1907027976
1936391432
1933232664
1998256664
1964698121
2004417051
1945951786
1899786762
1362899466
1362888218
1093480234
1081945198
1086134310
1085082674
1152319490
1152254146
1152258178
1286480002
1286480258
229524355
246204065
249862816
241474528
237353776
1311030048
1327802656
1294248224
1600956704
1459465584
1451144576
1446941568
1445642880
1378747024
1378755232
1932403360
1894523564
4037288296
3768853544
4037285928
4041492488
3496265992
3224136201
3291314698
3295612426
3438218266
3366587434
3366589674
3366592682
3383431322
3416981898
3391751050
3391759118
3391758862
3391774982
3397116198
3401113894
3399016742
3415777646
3382292974
3382284780
3369697784
3631972744
3648686472
3644496328
3644492232
3678046680
1530567132
2134551372
2134615628
2134786567
1730806502
1730818790
1990947235
4138234017
4138234017
4142551425
4281999745
4246283137
4229440417
4239942499
4239160103
4239131174
4238618126
3026463246
2485393950
2671724862
2654918862
2667506826
4271469706
3734524042
3734524363
3738816875
3757760809
3758027048
3724526872
3749576472
3749575480
4131248505
4131101113
4128807065
4128824457
4128981128
4145963144
3493733256
3493733052
3497407020
3497275940
3505660452
3501466156
3500155180
3500408873
1354039338
1086129210
1088244762
1074055194
1074120826
1141295178
1141299530
1276569930
203336522
218021886
213432302
1287164398
1337491926
1320845782
1319805173
1323999456
1311416496
3727398032
3727395984
3593182368
3610881444
4118540196
4108050109
4108273309
4101965471
4101834495
4101773038
4101777006
1954292782
1979253802
1979252782
1958416414
1421571078
1425650758
1425583302
1417193666
1547217042
2099022993
1583318224
1457434688
1989582848
1995874320
1915220000
1914989600
1914988580
1651403812
1639892271
1690124586
1692156906
1679614714
3758933722
3758525146
3775302298
1673841290
1673591434
1648425610
3791677338
3791790266
3813023898
3787858078
3851821214
3835564222
4103865574
1956120631
1960323892
1960458800
1954490896
2084518401
1547114050
1546850946
1595015810
1590886834
1317019810
1317019826
1317037201
1184162992
1184146592
1186243744
1164943572
1076790596
1076802821
1076795141
1076284983
1076121150
1076117038
1092890414
1093021454
1080446238
1089457470
1157601566
1421647126
1425835286
1425846294
1425776658
1417388082
1416339506
1563140129
1596629072
1579869376
1579863424
1449885600
1449733792
1459175072
1387871908
1924677284
1926769581
1935158173
857542047
824065951
828249789
813568701
822022845
820785821
820782077
837560301
569118575
560748927
560855415
560855415
560855383
829275487
829275519
292404734
325959038
309180734
309197118
309197118
317684030
317683999
317683997
317652253
284079373
275686157
275686157
275678029
274498477
810321839
818712239
818716335
818790079
818937439
290354702
1432233486
1434070318
1433087022
1434130479
1559844943
1557969093
1556920388
2089716996
4238247424
4237726208
4241527328
4245725728
4262502944
4262638081
4194464274
4194501410
4194309154
4161801254
4166256678
4172613670
3634764862
3636341774
3367900174
1218186510
1233923342
1255091502
1250913590
3398413638
3399451974
3399320023
3401089504
3471344032
2385019808
2519241376
2519380608
3593118336
3526001280
4062950048
4045956768
4029163168
1881681319
1613244582
1617442982
1621625006
1621757102
1890456718
1353589966
1370235662
1101850126
1135392574
1118344486
1118543158
1118805269
1118672660
1118672692
1185789740
3312367396
3291121444
3425340677
3426396167
3426396214
1293482038
1326983190
1243098118
1245324294
1257902342
1318715926
3482976998
1285031591
1150813861
1152937636
1152970428
1152968380
1148773308
1161425340
1193263276
118907132
85336152
487990281
488048921
475466009
485690137
485698073
435366408
466824712
449905160
448791048
440419129
457236841
457236845
423667181
406976997
423754229
457440597
457375045
440597829
440595799
440530295
440434031
457244015
423739263
969326591
952614911
952483775
969192879
994358719
994554271
977711503
973582735
973387199
973389231
1040580015
1040595375
1044789679
1062079727
894371071
886666367
886764877
886764805
886677253
886615893
878226788
1998101988
1981646324
1981711812
1981187908
1993772565
2123807521
1855236386
4006915362
3994329110
3994546230
1715388518
1732133350
1685979542
1954416515
1950293651
1950162867
1886134243
1894522723
1354512163
1354704387
1354704387
1354591747
1102888515
1136495569
1472039329
1448905123
1444188067
1981253523
2117513923
2118033987
2118099506
2118116130
1999204647
1680347431
1680347439
1681403183
1693985071
1687763305
1687886313
1688080329
1973290441
1939603657
1935425753
1394397417
1465709035
1465677802
1474109178
1457405642
1457403594
1459237194
1459171386
1454907434
1471819802
1169817624
1169760552
1308124968
1278766872
1278802760
1209588680
1208798153
147622378
142974442
193827946
177831998
184188958
174752006
170565637
170565664
170434592
438872096
975738912
976984544
708491664
704297088
754617472
741965953
607686839
607760551
607904166
606757862
606811950
606866222
635701550
631531822
1705404430
1738987534
1740031054
1741963470
1627672718
1627861946
1627792042
1631987371
1670654633
3800836777
4069272248
4069272216
2458389192
2446855944
2155427592
2154440456
2158633480
2158629432
2225804076
2225943341
2360095023
2292973871
2297185646
2297232894
2297207230
2355923358
2356124046
2369166222
2385943950
2385941902
3457590670
3323372951
3322258839
1174726071
1443127479
1461133491
1393959063
1366700503
1375076662
1357268790
1357307650
1424469510
1424797190
1424799239
1424528919
1466467871
1449821727
1445648174
1445516390
1462244582
1428763798
1413115014
1417342087
1975184532
2008716692
1991934852
1928036932
1927840268
1919713852
1915544104
1999400489
1999448619
1982605610
1579952362
3748399278
3722970254
1554907334
1554911430
1286480134
1287528966
1287021062
1287126534
1286916662
1590995751
1591060773
1582734101
1580631556
1446806028
1983677020
2000482920
1966662376
1948836840
1953091048
1961556221
1957345469
1974122655
1743431815
1726719110
1718395014
1648132246
1647743135
1647505565
1647468700
1664232892
1630677676
1612720876
1625303595
3768591914
3768595002
4037280522
4037542170
3517460522
3517461562
3250066458
1171800074
1197064458
1309389066
1313513482
1229630505
1489541160
1489537048
1481226312
1477159880
1478209224
1478140616
1478406856
1527689948
1514578684
1522983653
1585741287
1585732835
1585721570
1569595618
1548615910
1410204510
1410278030
1947165323
1963847321
1997339576
1715767736
583304376
578847112
1656795848
1711321608
1999668744
1965070891
1965157163
1965221930
1961024538
2091041802
2091368458
1554497550
1492631582
1493098542
1501519911
1535010087
1518236935
1518207047
1517748677
2053968279
2050830495
2069377455
2110268072
2089313000
2089341480
2093535752
2086200840
2084097544
1551542825
1421445226
1436125418
1471909050
1476280458
3615375502
3577573566
3580818094
3720278695
3753829092
3741117956
3732728320
3728501248
3728502324
3728615220
3665699588
3674080028
3650945820
3634111800
3633605928
3633637672
3633637608
3636768232
3636769772
3636757128
3628393160
3624010328
3641057848
3724944937
3457562923
3461748778
3455518826
3434350794
3434088650
3431990474
3432075482
3432206430
3451318366
3483824198
3471728705
3463328080
3458864976
3458881232
3479885552
3446386417
3454643731
3450507010
3484060930
3488189718
3471357286
3462968806
3458766254
3459818927
3457705389
3726124204
1595486700
1561997804
1551500264
1559888824
1421485708
1420521100
1424813980
1149012388
1144293812
1410632132
286698757
288795909
870753319
1923523639
1923514374
1655078914
1646559266
1645510694
1628413990
1611588438
1611535030
537661102
537397934
558369454
650714798
646651583
646648760
646541448
647782536
654073864
908877832
908468232
388374584
287442216
270667320
342035976
346102280
213068344
213064234
1284509226
1301561946
1318634202
1322812346
1310364062
1293594766
1275765894
1275784323
1279847648
1213752608
3371721504
3422183952
3404390912
3467298308
3467546116
3484322368
3451227058
3434384290
3428620710
3692862630
1595716774
1579131030
2115952774
2115920006
2115903622
2115903667
2134778273
2082878183
2095387182
1956647466
1956668970
1956686363
2007017993
1990241033
1990502664
1474607176
4108817868
4029055948
4029055556
4029071956
4029559332
4029558304
4033686048
4041551664
4071036160
3534160128
1388118273
1388118050
1388056610
1385701414
1385698350
1112034334
1091078174
1074366734
1342880270
1946856138
1963502218
2005436842
1586203833
3734672572
3730502812
3728355468
3744080012
3693748900
3707642596
2628724452
2628009575
2359565926
2359306758
2372151574
2402585910
2400687366
2413273863
2274861829
2274730765
2241167916
2241692204
2222556713
3291205227
3324759035
3324705210
1311439002
1312467082
1580902542
1446611086
1475904646
1442354310
1358599301
1350218880
1081794960
3292227472
3296339584
3313108656
2246776545
2276008483
2275943971
2192057890
2193370914
2193382754
2192887254
2180351383
2162070705
2153690257
2152637569
2149497984
2149558352
2151524384
3492604001
3509091779
3509221314
3547227074
3551413234
3534701538
3535586150
2533160230
2524773694
2519509262
3609505038
3613912330
3613809978
3539353035
3537243528
3554093448
1406470568
1364461992
1360267704
1880372632
806822280
808853944
820973992
283907048
279716653
15520573
7115063
7181623
7190839
7190839
275757367
275691827
292468995
288271618
321290562
1395032194
1915125906
1915195619
1916248163
1647699233
1651892768
3803701796
3870757412
3892057636
3845920268
3845925388
3845986668
1700542893
1704921503
1737956494
1736642702
2005061774
2006102183
2005119207
1967169831
1409328387
1409345283
1409511939
1409421858
1409417506
3561095458
3569749026
2224957458
2394830850
2393798914
2393721666
2393427650
2393408130
2393412278
2393412271
2410197934
2376659374
2355687599
2351496365
3442011372
3443158028
3443155980
1564369932
1564365116
1563300124
1294869837
1298927054
1307315674
1307318778
1164712442
1173315482
1169061770
1202643594
1202487995
3349975741
3585905580
3589842340
3577261220
3241716960
3241849856
3242123521
1346265361
1346241299
1346245123
1357779459
3232630305
3232505121
3232506915
3253498883
3257586753
3324690881
3328869251
3333076659
3601837729
3602755232
3618941604
3608455844
3608448741
4145514181
4111901383
4111983446
4147638630
4147531814
4118216742
4118746150
4110367862
4110362871
1912547767
1945975189
1929320852
1929317764
1920926084
847118724
847065556
845951460
862200292
829695461
829697509
829688229
827657141
836110983
869694087
871818887
854975191
312775423
1386512959
1391239981
1391242541
3530340653
3530332461
3521747263
3500842798
3517624878
3618288158
3601433342
4142458538
4129860523
4062746797
4062829740
4062892220
4046090376
4029292680
1881809609
1885999707
4041870890
4108864042
4104710442
4104972330
4104972298
3568100362
3568161035
3702440713
2632630841
2649375469
2574931628
2614718116
2614651876
2665016180
2665014548
2658722068
2658840884
2667221781
2527756807
3081668118
3215757158
3177765358
2620967150
2620935338
3157988506
3155828874
3171557771
3184399291
3045853099
3079417259
3062639007
2530044303
3596429711
3592248205
3592388237
3575263884
1411003021
1947878029
1954182143
1953030447
1953034286
1885905982
1885903886
1885976590
1902819342
1969928463
1701488911
1709874444
1744537036
1744470220
2000650460
2000539820
1967087788
4114490540
4248704431
4286517230
4289530478
4272688686
4289463830
3702006278
3702022658
3702055442
3702125346
3707343138
3707338787
3699081264
3559555264
1462403264
1445655936
1915440512
1915685328
1915685216
841419040
585370917
582233909
582297421
596981453
597440141
868492973
834695853
834716333
633373612
616596376
608285640
625059656
641902904
784508968
780318761
784447546
777036810
772857867
772980747
789708857
1813119017
1746281320
1760967400
1823935224
1823804073
1956973247
1973705358
1991048846
1928131214
4063093182
4064043182
4063502510
4080414894
3514184494
3506381366
1358702118
1354507810
1354503714
1354515490
3233565731
3231566883
3277442051
3255471169
3322592704
3339382720
3305823936
3310046800
3318300256
3318230816
3314036000
3347592480
3330830384
3347697712
3314257968
3315499121
3315499218
3319632114
1141685410
1074571426
1074067634
1074165890
1074723202
1343158929
1355712161
1369211553
1924698755
1386783682
1391043010
1445627234
1445649762
1462397730
1412049426
1412110082
1411977489
1424757024
1420566816
1420763440
1437479232
1203574721
1201429187
1187371731
1174780658
1174780499
1179958081
1188336900
3333730324
3266687028
3333918820
3296120932
3292446816
2489221984
2497622625
2493359650
3499929122
3537676834
3525102194
3525003586
3524926914
3592041602
3592298626
3613270450
3571392934
3571126711
1423508359
1423524481
1356460676
1352263380
1352466404
1356640100
1396484460
1379903500
1379854412
1379335372
305493149
305426623
303308975
324272559
281478063
277230270
277291702
1352098454
1354195654
1374806598
1373676054
1365283590
1080076046
1080274718
3227761438
3228023070
3504781598
3504855326
3500524862
3500987197
3502031708
3501769180
3521695980
3513295084
4046107820
4079651980
4080711820
4080712140
1935408860
1910298332
1901908684
1614574092
1614770745
1614687785
1614551599
1903966510
1929128990
851313742
851312846
318636166
308215942
375128294
374097126
382619622
361688006
345959106
486207174
476833478
1550832262
1559200471
1554481911
1555399399
1574212197
1607772005
1599384933
1581308015
3661879406
3661813998
3661826142
3657837838
3658876174
3665690894
3689824542
3652178222
4255765294
4255683387
4255691576
3686311800
3680022520
3642289080
2014919576
4164553608
4164816280
4163241400
2027950571
2023756266
1488130938
1488089610
1553326606
1552196126
1552196223
1556391785
1548068968
1998502120
1983547612
1916438732
845842572
841733260
841535676
842854572
842850476
572453036
572445356
1658241700
1622595269
1890047495
1957033478
1952736770
1948526082
2083335698
2083469862
2091399718
2092437030
2056783143
1519919111
1536827399
1232740359
1209532487
135800295
136013502
134934158
139116174
215654022
211323783
77367716
78941604
99913124
65378228
1114026884
1114039172
1115087745
1450623907
1450673634
1458022754
1474668834
1944893446
1944889351
1932372997
1915532293
4062499300
4146385892
4114043620
3025539684
3033932336
2492736033
2492736033
2494834211
2226404914
2226916098
2277378322
2280270130
2389321778
2385201362
2322253970
2330625154
2326438018
2326438016
2326311584
2603389600
2603386592
2570888928
2570956513
3175065317
3212617447
3204227175
2935521325
3204022300
3195793420
3208372236
4231618572
4231667724
4095357240
4095350136
4032696057
4036889259
1352600234
1352469162
1371282314
1135095178
1139328142
1126732014
1127215167
19816471
3023111
3023121
3023635
7222083
7258819
15713235
28153747
61717971
44874007
44939287
1118607415
1122806055
1109962535
1109959207
1110098487
3257549381
3257533141
3279553173
3252237237
2157526197
2156411047
2156411111
2156410983
2157456423
2157715765
2176594749
2210231085
2176602925
2164015405
2155631909
2155707703
2151610647
2151610647
2149514567
2149578055
2169491911
3276722631
3285111239
3251556727
3234812263
3226235175
1078735151
1092366639
1126119199
1109272329
1111375371
54401546
4082382
8314574
1090295454
1089246142
1089241530
1089442203
3283006365
3534665373
3534667453
2460925613
2465052333
2452398765
2453447405
2990523113
2990469737
3011404649
3011340137
2986112873
2986104697
2984081369
2975687641
2975691737
2984006105
2969387449
2969387433
2969375145
2960930201
2960930185
2956797401
4047446267
4050530331
4084142090
1944917002
1407990810
1382885482
1919871210
1919858826
1919850634
1919718539
1919717512
1919713480
1936687128
1882099768
1882104104
1882089256
1882077736
4033747503
4037940782
4037608238
4037542382
4038594958
1884823950
1879598478
1879944078
1879948166
1623493253
1669630597
1922472647
4142054982
4129464838
4263748150
4263555622
3995398694
3995353382
3874382886
2796444709
2931711012
3200216068
3195890756
3156092356
3021607620
2484744896
4107936416
4102754980
4036493997
3498574510
2424834698
3494386058
3490629774
3491666078
3575031950
3581323470
1432657926
2137296902
2120527879
2116460596
4129726500
4129727520
4129745952
4129741872
3191229632
4265942672
4291047072
4253298336
4152628964
4135851620
3603182119
3595309586
2518171926
3059277870
4116299886
4107962606
4110059726
4110068174
4242189262
4229475023
4011372541
3996688889
3996688584
4013605352
3858678760
3841852140
3833471684
3828622020
3828621820
3828626668
3838839916
3851619372
1703030022
1686170886
1687202822
1683266598
1683262502
1611958294
1662945286
1650366466
1650371185
1652467376
1647833728
1647800960
1647735424
1647182497
1647051425
1659634855
1655446695
1672222966
1621768198
1621764098
1625958402
1886010898
1894405682
1625969170
1622823474
1639667251
1656323665
1660508609
1660508289
1652123792
1645767840
1645765796
1728931252
1695466156
629655276
662996524
1720757789
1722854927
1714728206
1714746415
1715453997
1849573484
1832792548
1759388404
1759389252
1754801664
1757160976
1757160229
4172046375
4172136511
4222518301
4202596365
3122641164
3121474317
4195215887
4195187310
4199362282
3134915258
3220832906
4273603210
4272423082
4272423082
3735556266
3735564473
1593385032
1580867592
522085384
354347016
876525576
876001800
620145352
631671434
665095818
648840378
640450746
640454842
1714204890
1664004138
1613673002
1618928171
3770345064
3770350296
3770411656
3774409352
2973301384
3005796008
2989048552
2993373544
2997411887
2728976446
2746081326
2712596798
2959797071
2955598405
2955594436
2955856516
3010251444
2725013164
2725012412
2791596540
2800021743
2812600362
2766666794
3840133166
3827488782
3827492878
3978488846
1864623166
1847809070
1853046815
1849901341
1858524012
1724314600
1736954361
1690813897
1690827209
1682434507
1678076922
1677798378
1677933418
1610823290
3762553594
3788243674
4052292250
4102566558
3565688502
3565685666
3565754610
3431610434
3448383490
3420122115
3403326721
3405427457
3673853952
3672871104
3664294048
3660095648
3661145252
3644570788
4231716516
4229586596
2082356900
2082414244
2094341748
2092181013
2090870070
1554002998
1570968582
1591895046
1583539206
1580368918
1582468103
1582533637
1582345216
3477400592
3427138864
3368508960
3365295648
3365815840
3634319905
2562528034
2310619506
2344174018
2593898962
3667437026
3671633378
3659046374
3661143430
3661344135
1513794948
2067445124
2015010180
1813940356
1812969620
1812441252
1816640677
1833144549
1866698997
1863434309
1829814273
1678795041
1678844705
1678914083
1683097122
1955728950
1958088198
1974869510
1991130950
1454194118
1454142854
1453905287
1453884604
2011989164
2000458924
2000663756
2134289740
2134289932
2134289940
4147555940
4147573348
3845386852
3849339636
3789832676
3785621732
1638218852
1639327825
1677076546
1651845154
1647647778
1648230690
1652425494
601686550
630993462
617381398
609012294
604277446
792891350
780305762
713208098
1804706050
701554946
672148738
939535202
939600354
939669922
948057505
964821424
965886400
965984704
949006784
952151328
939567392
671131936
671193360
1795340544
1845671168
1846706433
1848803617
1847739233
3861250785
3865458385
3882292816
3890486880
3047431776
3164871280
3165927872
3165923569
2629047522
3651080370
3684053122
3415617666
3382059218
3365257570
3369369890
3356801335
1477749012
2013571092
2013571076
2064033796
2047257604
974028868
706707671
706691255
708710562
708710818
723912098
736300963
715132835
715200163
716386947
714175105
714105473
708896675
704701859
709031079
717410471
734187767
675405895
671326465
672317201
1758632736
1753451040
1753254704
1817227008
1863362304
1796399872
1798456129
1797392355
1797722018
1801718690
1776491410
1810055042
1788875746
1788875046
1805676806
699425031
676340999
672147751
1744840999
1744992613
1765988645
1786941221
1787986437
1788051973
1787863564
1791009325
1795203631
3892355623
3892441445
3892450535
3892448423
1812334726
1816537222
1682057607
633473414
603064710
581110918
849350822
849359014
580984967
580919431
585114023
840968167
555757287
824393574
828519782
832700710
883048454
883130374
882940934
882944022
1021356070
1038133286
1050912790
1050852357
2053280772
2049343492
2050392116
2048700708
2047715108
1779363364
1800325924
1775914310
1775852614
1767468230
2031764694
2031750358
2038041974
2044403302
2073638502
2073568886
4187497054
4170720222
3636995038
3637188038
3637206406
3633281446
3633183142
3633118630
3632592327
3703960001
3695629248
3691431872
3557150176
3557095904
3573939104
3612789633
3604926337
3604924035
3606889090
3606889138
3606959010
2532308386
3069044134
3085755622
3076845782
4112802119
4112937933
4100351692
4100336348
4100274924
4029418084
4029417956
4033632500
3840861380
3840844036
3840848644
3840717332
3892094501
3874799142
3866529318
3862071862
3860187702
3860131622
3862752294
4001162278
2948416614
2895791302
2832868546
4241106114
4232720210
4241047074
4240977442
4237835042
4120714546
4158541138
4158571971
4154295700
4154238100
4153189508
4115440772
4111238276
4028531888
4028024288
4028039008
4030098976
3841355312
3841424901
3853905415
3870682647
3871337990
3875522054
3875324470
3866948390
3862716774
3879490798
2906524854
2893940902
2891847846
3973851382
3973933510
3990252998
3986084806
4019634882
4019684307
4019491809
4006912480
3931415008
3927221572
3927354628
3927371012
3944217892
3912629540
3896442148
3896429876
2826881308
2835204380
2828847404
2827803436
2844649996
2865686085
2856739526
2923893702
2923692454
2807300518
2784231846
2763392422
3835114902
3834913927
3847495813
3842449540
1728454796
1980117384
1980110296
1984236808
2144340232
2146437432
2107714347
2040736042
2040540426
1503925514
465305866
459018362
453648618
453910702
1498288542
1482617221
1482658181
1482004356
1480895157
1489021669
1489021669
2038471671
4190289863
3653416391
3712128469
3645195749
3645126113
3709283811
4246084066
2104887794
1433800051
1441924450
1569915218
483459522
482353603
469771761
486567393
520154611
503485635
507674691
1052938499
1069777169
1036092720
1019252000
1010870560
1006676256
2080479520
2130884864
2114125056
4128395584
4128375264
4143317984
4139205536
3868672644
3884242628
3850672684
3833641261
3834685498
3964708922
3960532010
3960497274
3977261274
3910271402
1762793130
1750206122
1756496542
1756430990
1756373646
1754293198
2021974070
2021975078
2017780759
2014702597
2082400320
2082396608
4234070752
4191734433
4292468402
4269462210
4264215106
3727409666
3727671826
4268671522
4272808226
4289522721
4255967328
3164924132
3027622020
3040249988
3040268164
3023488644
4097169044
4034717349
3767821991
3767804591
3767804591
3763610511
3761508831
3762028781
3761058925
1626286124
1643014157
1705932815
1743706126
1995278350
1986831406
1982128414
1982222606
2132738830
2081358382
2093884206
3700368679
3701222693
3700958548
3719902660
3724150724
3453619908
3453553332
3319290596
3293342692
3289180532
3441425669
3474911493
3344363783
1188528390
1184141606
1184669730
3331167266
3335425139
3326840049
1191808176
1326288048
1561257344
1477338560
1478370752
1477852993
1544951361
1544754784
1567635232
1609639716
3753068100
3750809284
1585491684
1602267749
3716196966
3582173046
3582104610
3620175906
3612327970
3609116786
3609067715
3745391747
3745393027
3716029059
1572211378
1605700258
1603548834
1540629410
1532240278
1527013767
453305749
453307581
453372133
520591573
520599749
1058187328
1058184512
2119341392
2127730464
2126550816
4291859248
4279415296
2098377216
2081866240
2081900064
4233956897
3965454947
3973843426
3906210274
3925159122
3958857810
2073190467
2043859011
2018534721
2013292913
2013292897
2013526497
1765988833
1786940913
3935470529
3935535809
2056295105
2052104931
2046862050
3942687586
3892506978
3892729186
3960867906
3962964418
1819617778
1819617698
1836194178
1868695938
1860306370
1788887394
1788895522
731963698
699425027
678438147
672147747
940583203
940718434
960632290
999424482
999424450
965886915
948995009
411086688
482388512
1547741728
1543609104
1594014464
1577219840
1578242368
1592918464
1588986275
1588986274
3734319522
3749971362
1598045606
1325410726
1325623702
1325590919
151186309
423652309
406908513
406909735
402821926
408060198
408060162
947040514
947033346
944872723
940620067
939572513
956349475
989901891
990049475
991040706
993135858
997591266
1810303459
1772567363
1772187153
1805705761
1788977681
1806930499
1808827075
1795211938
1761636258
1744858022
1744992678
1770150242
1770177571
1771225089
2108932096
2104516864
2014339360
2013277536
939535328
939670433
960633475
726797186
720588674
983613922
983609634
715170098
1806737666
2031149314
2031119650
2013276450
2013411810
2063735970
2122454182
2122449286
4270997895
4287678343
4286623397
4253068005
4106271333
4093938197
4144270085
1981197573
2115952901
2115907589
2115960869
2115764513
1847460193
1860060656
3986081232
3971403712
3902901952
3902906048
1760673476
1745907428
1744842468
1744842469
1744840422
1775440102
3903914086
3902881846
1755575346
1756539906
1758701570
1744873474
671131649
688037120
956495105
957502721
689046883
724962786
728172962
1810303874
1805852547
715199393
715223969
716305281
714109824
725624721
687877027
671099810
671234470
700587430
729956838
697483714
697401667
680567105
680570144
675326240
1744877856
1761852176
1863499520
3994199809
3996305154
3995488098
3928952802
3932950434
2867797906
3936822146
3936625634
3953144290
3919581520
3903856960
4161808448
4161808448
2013276352
2013407457
2042767842
2055343442
2056389442
1519387586
1519444674
1535157218
1501602275
1489023395
1497608613
1493340548
1526904716
2135079564
2130885372
2130901740
2131950572
2134019564
1999734092
1731231821
1731231757
1697809423
1702005790
1836296230
762440742
762540070
789721142
789712918
756158583
688009711
692269807
679481067
696273513
729864731
713337610
981772298
977642510
974581774
960364558
942276654
942281070
955912814
2025458285
1019153020
1067780684
1067739852
535096012
522229708
523289564
1024480168
1023435179
1057153454
1992466862
1988272598
1988264390
1988133830
2004920166
1971367527
2089201445
2089216805
4249169189
4211420470
2064004358
2032009494
2031747366
2044331366
2039041487
1770581452
2072554972
2076747244
2069411788
2032108492
2015212484
2014097140
671394789
1795406310
1778555110
1786940514
1855095827
4002578433
3874586624
3878920272
3826427888
3826433776
3826698912
3832892064
3841203873
3848545970
3848550050
3882091938
3877899682
3982699986
1843539202
1839407122
1872781346
1839259666
1822466050
1826663426
1815128066
1744873506
1761777890
1782749411
3934427232
3935732736
4002906368
3998528256
3994329632
2937561632
2886652448
2891825952
2900118817
2899593699
2899790322
2899737522
2899802802
2918599298
2876640898
2854622850
2854236850
3927978914
3932173538
3923778614
3920635926
3903858710
3906217990
3918947334
3952533542
1788268567
1805041732
1766125764
1761928644
1745140452
3897473764
3901131364
3917843300
4022655300
3994346564
4013842628
1866334404
1864238053
1867912867
3988915890
3854632610
3850372834
4287628130
4254150994
4254163266
2089839937
2088774000
1547709280
1543707620
3707899876
3745662452
4274176324
4286742852
4152394036
4118848864
1954590176
1954589059
1958787458
1946311090
1963067810
1895959970
1897008546
1899105714
1709311874
1705198402
664855297
648061729
916497201
916689665
912498433
1981872931
2117139234
2117105954
2115238182
4275232102
4271030598
4271030599
4287660869
4258308948
3167792932
3100682788
3100682788
2832382500
3159543316
3172090372
3171942917
3171955239
3171951398
3176346982
3168142566
3180727478
3214148766
3196871838
3196969182
3197026379
4131962891
4144558105
4094227257
4228644409
4229622313
3898272297
3906660905
2834860601
2826471944
2839055880
2855125512
2854601288
2854666844
2867253996
2863985516
2861838693
2844008801
2831425879
2831426407
2823229294
2819033470
2819045454
2819057790
2873542894
2866186446
3132522638
3130425998
3133452942
3125060270
3120882350
3120850094
3125691567
3134079135
2864317645
3132755208
3152554793
3111660075
3089639962
3089709626
3091007035
2575041371
2581332425
2609655944
2592874664
2592924904
2592970872
2592581640
2592517129
2575741211
2564203054
3629548078
3627467306
3625386746
3624208010
4161018506
2013538474
2051418282
1787168922
1790330955
1789315083
2057606153
2062852648
4210336296
4216627752
4165382712
4161245736
4161118952
3896812269
3896817645
2823129583
2823260366
2839980238
2856757503
2856749279
2858321103
2856239310
2854015438
2853987262
2870944682
2887656362
2902067630
2896759230
2947094717
2930251932
2930260364
3204197772
3195807180
4219348764
4193150765
4175886127
4242900774
4235232774
2035326470
2051317254
2047121670
1778690062
704949286
705078310
973520950
973492230
939925574
939917383
940442485
945753717
1021119204
2092907252
1958627988
1957644932
1940655748
1391202949
1378628231
1378624190
1382355118
1386546350
1386691758
1403139214
1369580685
1088430156
1088479528
1084285224
3231769896
3235954472
3236084520
3500587560
2510731805
2545336014
2528552654
2532606702
2524742190
2452456238
2989334830
2989252910
3006014510
4079959150
4047374574
4047112366
4045024446
1910193566
1887966606
1955071438
1418266062
1436118110
1431857198
1161324582
1161325846
1144710402
1146811154
1155191346
1150927667
1436123984
1469755200
1457170880
1448786112
1444649104
1580963984
1580962944
1580830848
1597735316
1564393893
1564435943
1568499170
1567584034
3723230754
4289451559
4289234471
4255684357
3169365764
3169500932
3169488660
3170602773
3159920253
3159948911
3172495086
2937599662
2937783214
2920940462
2941911486
2950365582
3180930446
3168283086
3170461966
4261112094
4226414878
4209540366
4209533198
3668451343
3689545741
3655991341
3631879469
2556377383
2556369766
3628473334
3653573318
3649321678
3682872974
3397658254
3414504094
3414496190
3385603503
3377214895
3374056623
3374113935
3411846343
3420234949
3416042948
3684542812
3672095036
2654964012
2654964540
2654964500
2654905876
2659100180
2657076772
2673632805
2640131623
2640199462
2625504614
2625241190
2633695294
2629501022
2629447755
3719963659
3753404681
3472382249
1312311593
1178200351
1178527759
102693903
505331727
504266759
505319431
509518019
509518209
369000833
342722449
342728593
875428785
1949137587
1953438371
1962752674
1960585894
1905535398
1926507678
1918117006
844375174
307564677
316080596
313919332
312876836
384248597
107227393
124070146
86408450
69653762
74355206
350913030
1554679302
1554746910
3702032942
3702041135
3706235439
4251495981
4248340477
3172712860
3041575340
3049930924
3045736621
3045990569
3084658073
3072092571
3072190939
3074353499
4152289547
4152224011
4159499531
4159492365
4159684877
4268671277
2117005605
2116968741
1983870241
1983739185
1988064755
1985884547
928907395
360644739
343736499
343745699
351088039
346491895
347408950
364124711
380922403
378858259
383038723
371032067
371097666
389972098
356172690
343589554
343627442
343486131
351877811
1423448737
1419537060
1436314596
1453124900
1457323268
1450504452
1446494468
1178005764
1312224004
1298559760
1290147377
1291717154
1287523106
1285359906
1302071394
1322003698
1179410578
101507202
1175384194
1309589635
1293862273
1280740224
1148553872
1425119920
1425129168
1425057328
1425056289
1442112035
1457841442
1457808418
1583623202
1580604466
1597381826
1562250370
1292764290
222627026
226755810
260310050
243553314
243594241
243786752
243772416
240561152
236370960
236358720
253152384
219598208
68603792
72863409
74829489
74829491
91741779
124255793
124088097
107242785
241509425
241640465
258413585
224855091
166659378
167725042
167761842
1241507730
1308470658
1308469634
3430259586
3438643858
3434470130
2226518642
2226224674
2226138658
2242915874
2276470562
2280668455
2203061543
2211515687
2210401591
2172913687
2156140567
2156337175
2160547927
2178271447
2211760343
2187106551
2187114999
2187180535
2187311607
2204023255
2212411606
2178857174
2153625846
2155395319
2151266391
2167068951
2200631573
2189066021
2189059876
2196268908
2196510684
2179731340
2155810700
2151553692
2151561885
2149456541
2152667837
2160869311
2160869279
2177641887
2178754975
2178755039
2212325711
2212329735
2197126423
2196012855
2196530982
2196596258
2187820578
2187730450
2170949122
2155220738
2155219202
2163611666
2161580083
2161391665
2169776208
2211715344
2211711280
2212305200
2211395873
2177706275
2177722663
2160941350
2160904566
2160904566
2161957206
2153634166
2155740006
2155740007
2154691447
2154691415
2154675013
2154676037
2154675541
2163194229
2179971941
2188229477
2188229221
2188229237
2188360661
2255469015
2389638359
2390752503
2390654135
2390654103
2399042695
2397993111
2388933815
2367700135
2350937495
2351068039
2352149127
2354249414
2361453078
2357258790
2357242662
2223028518
2243987750
2253490455
2186708231
2188804359
2264826167
2264764775
2398922213
2407329253
2403089397
2369522327
2352876199
2352888487
2298358691
2293639587
2291411331
2295343235
2286955651
2299555265
2315447553
2319625473
2328014081
2329061648
2324805936
2324740384
2331024165
2348059173
2415184431
2405288559
2405301102
2405300526
2405292350
2404383775
2380196879
2246044687
2245842975
2237417519
2170374255
2170488935
2170427511
2170427766
2180987734
2180848214
2180782678
2164005462
2154568275
2154650195
2154658643
2154691393
2230319937
2230320065
2247097297
2238684145
2171509745
2171583441
2171583953
2238692816
2239739344
2239676400
2239741937
2222964465
2155716337
2151456483
2151661298
2149515090
2149481794
2169388034
2202941442
2194614290
2194417698
2262580515
2191265639
2195457655
2197554815
2214352495
2205966191
2206064495
2206203231
2197814751
2197814751
2197667325
2196618733
2188155901
2188238815
2188246751
2188378111
2188377518
2188377518
2189424814
2189293822
2189293783
2189293781
2185164868
2189359108
2206100484
2214476804
2180986901
2180790567
2164079398
2164136486
2164136486
2164144759
2164013655
2161916487
2178693703
2212252535
2212350439
2212354535
2170542583
2172639351
2155870327
2155853943
2154805335
2154674503
2171451735
2171443575
2205006183
2205137271
2188246135
2205023351
2204990975
2171567615
2154725375
2154724095
2154724029
2163047069
2163014287
2163014543
2163064719
2179970975
2171516343
2171583927
2171452853
2167200245
2166749445
2166778113
2166762241
2170956561
2213949203
2213949203
2209752338
2213877042
2213809186
2214350114
2180828530
2172505554
2172492759
2172435447
2172435447
2205981687
2205981173
2205006325
2188360053
2205072885
2205072869
2205132277
2171450773
2172491653
2155782039
2155790261
2155784613
2155850149
2155723157
2168297861
2172649348
2206134148
2206101404
2189307837
2188716463
2188646895
2184449327
2188581934
2213688590
2213618958
2209359134
2209359150
2209373487
2213825855
2213808415
2171865375
2155153759
2155223839
2155231807
2163620415
2163556127
2163490583
2163490583
2180283703
2172410167
2172471607
2171558231
2171492695
2171500887
2213509495
2213370231
2204916087
2205964661
2205972853
2206038356
2206071236
2179987908
2179987924
2181036516
2172516836
2172516852
2172647927
2172648438
2206202854
2239593318
2239593318
2239625590
2239625558
2239756630
2239740230
2239740230
2237644103
2271198679
2271067621
2273164797
2273091037
2273155229
2206046365
2172624061
2172566701
2155789551
2155789527
2155804887
2151086327
2150070627
2154789411
2155764275
2155748865
2231252481
2231313921
2231313923
2239569427
2239565619
2273118547
2262505811
2262448195
2262514771
2262383667
2260220947
2281188435
2281205107
2247677283
2180564451
2154594787
2154664419
2155713011
2155721715
2155852755
2155853783
2151660375
2151594839
2151594437
2172561861
2273225157
2255328709
2255262085
2256310709
2256318893
2256384429
2256515501
2256516589
2256514541
2256383485
2256383485
2256385404
2256515420
2273227021
2508120397
2508191101
2487213421
2487208293
2503919973
2537478485
2457763077
2465621252
2465558532
2463395892
2463379492
2454986788
2467570725
2437225767
2428915238
2424720934
2475056694
2458705686
2458704982
2186075254
2450290935
2451568869
2468269541
2468253429
2479790663
2458884679
2995566854
2991372294
2987178102
3004086326
2970523670
2974735735
3016646629
3017551333
3011259876
3011324388
2977831396
2955741685
2955680469
2960023239
2428424775
2443104966
3549221830
2475450598
2467061926
2434789542
2420033463
2420035223
2954812111
4039834191
4035492367
4035488270
4052462366
4066093118
4061703230
4061717566
4061712426
4060692523
2991259753
2999845096
3000897768
2988388844
3007132344
4058908344
4038990472
4036893320
4036770440
1889299097
1884613290
1880136618
1882229866
1729204282
1712431130
1711317002
1711318030
637578254
637773830
637708342
625129510
616746279
553111015
1626200565
1617754532
1617820076
3761076652
1613593021
1613593517
1617919933
1677686429
1656713869
1654481565
1654416045
3818660781
3783006125
3761070047
3761135311
3762190922
3774769674
3789319706
3818712602
3806129674
3805278026
3806254554
3822736539
3822613659
4082639033
4082839737
4082767032
1897530521
1883049917
1883053741
1895434981
1891241556
1891122756
1890068036
1894279120
1881924592
1396368064
1383785152
3537622769
3533217314
3533212962
3537668130
3529279522
3529291810
3529418754
3554601986
3516845315
3500039987
3503902515
2432240913
3229288817
3224967521
3241679713
3273198193
3256490561
1121590849
1116413633
1116224961
1116220561
1096563875
1075648675
1077823922
3225328258
3227433602
3231558338
3230444034
3247221522
3532499218
3532498994
3532434466
3536629795
3528228899
3524116513
3523875044
4045017276
4028236952
1880951704
1950288552
1954421432
1956518536
1419065992
1552951944
1571873288
1600164360
1579188793
1583391531
1587585066
1587585070
1588634662
1540397090
3623979042
3624110306
4161194210
4228307827
2085550705
2090519056
4254699008
4139492609
4143633409
4130914307
4130889826
4063764706
4063897058
3790212771
1621756549
1622805125
1891375748
1895575172
1880895141
4028499647
4078327438
1914168974
1925496270
1921292526
1922340910
1922349118
1924574222
1924572169
4075201544
4066808872
4066874476
4080458988
4046913004
4030652348
3762278076
3762118381
1618960127
1643978319
1671184207
1660693629
1652304941
1664953389
1933450285
4064169229
4066302735
4070410766
4070345486
4074544414
4081890326
4039943190
4035899670
4036936566
2963162854
2428247975
2448178599
2506906023
2473490869
2435742103
2418879431
2420079303
3497950727
3516851719
4087145285
4087112181
4073480428
3541583084
2417675692
2417674940
2417678989
4031408845
3502795343
3519572543
3548933926
3533384742
3600426086
3600495734
3614973170
3308784866
3292138978
2218397506
3294256642
3302682114
3248008706
3281559073
3264785952
3264785696
3264784484
3260586212
3524970660
3541747876
3507407265
3490630625
3503225799
4035898821
1909255237
1900866645
1896676471
1896873063
1896807207
1900993070
1926187582
1925975302
1389113349
1380724788
1380856044
1376678828
1377730220
1398700732
1356778125
1352583823
278907343
280877135
285013055
1345118255
1345118254
1899930414
1916704302
1918799118
1926006790
1917622278
1645000758
1666103302
1624153094
1619971159
1624132839
4040957349
4032575909
4051515813
4051573175
4030544790
4030479030
4043259638
4036907527
4053783053
4086100748
4086095884
4081902700
2970478700
2954791660
2954791652
2967374548
2962201285
2966223431
2974608902
2467097622
2467226658
2455659554
2464022578
2461925442
2460876866
2477527282
2477535714
2448176611
2423012839
2419866261
2420013701
2422143621
2425290372
3515678340
3553424772
3276596388
3272467621
2417943717
2485054967
2487152391
2423258886
2431445766
2448206646
2481761574
2465182774
2528022582
2529136694
2531106855
2531111015
2531229797
2457763940
3011477604
2956772404
2956784948
2956918068
2956918548
2961108741
2967365141
2967299701
2958825047
2954692311
2956936918
2956875478
2977846854
3086874182
3065837142
3063740286
3067934078
3067933918
3059545294
3059571901
3189136556
3195420076
3195477932
3195471788
3195343548
3195363996
3203752524
3201786396
3201819157
3201689109
4271171381
4271170613
4275368997
4269069349
4264873071
4279667951
4279405726
4278357134
4009990286
1828759710
1828759710
1833090174
1698876734
1876084030
1869665583
4016070959
4016071983
3982654767
3965864255
3831712567
3832793623
3841194519
3834895127
1687289109
1686170740
1631644772
3774934116
3809594596
3809659364
3811756884
3792849413
3797113351
3795860022
3804244838
3816827814
3783671687
2709921671
2694188949
2696171429
2699316909
2699352749
2699483901
2708470301
2737633799
3794561543
3794545159
3794546195
1647060002
1646789794
1667828898
4041870466
4041869442
1890195586
1890196354
1353382546
1354283746
3500714534
4071139894
4071139598
4071335998
3534466094
3530202150
3526282279
3526249509
3526233136
3526237248
3543089104
3492617904
1349390001
1353064065
1353064131
1354070722
1102084418
1188096034
1175513122
1443948578
1444063507
1448261891
1381145859
1381338115
1393859586
1360890946
1881115858
1949994150
1954204838
2095799718
2096706983
2096641445
4244453284
3966572220
3966006972
3965775596
3974343276
3971136028
1821411848
1842391564
1846848012
1846865468
1846957612
3994945069
3860726063
3866755118
4143456278
4156104710
1958359046
1956249614
1889141774
1889143801
1419381416
1421417128
1420311208
1441540760
1445752713
1446798219
1983173514
1999950506
902943402
900920042
934477307
938502205
909125692
909125692
926034996
1026701108
1022497332
1016218132
1016185365
2089072135
1573168966
1573174614
1606716902
1602323878
1602458030
1573036206
3720520175
3720603117
3703832028
3695442940
3695434284
3708996156
3742551564
3730038540
3729843981
3738558749
3738685743
3739206510
2673787886
2673525758
2639955910
3176765254
3178817398
3162104631
3162239767
4235875085
4101636877
4101968665
4101837609
4101768489
4101835049
4110223403
4127029306
4160550922
4143749194
1995211978
1995210954
1991086282
1992265883
3875180715
3862605995
3845824683
3961181615
2904214975
3978000271
3981992863
3990430719
3990562685
2918919725
2901088813
3974826556
3836422684
3836227388
4104656220
4126683336
4124582025
3579519130
3562676398
3561887150
2421032622
2428915342
2424629966
2424613454
2425133643
2426178104
2516232760
2540350024
2519375433
2519434877
2536034927
3040367150
3023590190
3043509606
3077246197
2531929328
2531994768
2666478720
2659071104
3730187648
3612747392
3562169987
3564273538
3295832290
3295004898
3429222642
3437750466
3723406402
3723144195
3723201811
2640875297
2674441761
3211308577
3203116579
3202989571
3202915847
3194535431
3190351463
3056194535
2804613605
2804617661
2742624445
2742620328
2751399081
3013544153
3013028041
3017091339
3008694539
3541502795
3545699658
3554615370
3550412922
3550429418
3516514542
2428100846
2449059310
2474359294
2470025566
2451085646
2451086350
2451285006
2990186510
2973425950
2956652830
3027924782
3036305135
3036368621
3036241597
3052961693
3044573084
3078119388
2541746124
2541741901
3070092045
3086868767
4152160319
4118606895
3158170926
3158231870
3158231582
3162429966
2634021646
3697081606
3176981527
3176964151
3218059317
2929635621
2929628448
2929497376
2935799088
2923019520
2939852033
2772092673
2771011363
2804748067
3861647203
3865845223
3870035175
3870100725
3870235836
1722301580
4066913421
4079680397
4047149711
1968880270
1977138062
1950918814
1950918782
2085135390
2094698510
4109025294
4108976167
4100461861
4100472612
3026782949
3035253413
3035318965
3030973079
3081300614
3064523398
3068718790
3061378774
2990030310
3006799078
2973306022
2973645991
2986216864
3014283152
2997537664
2998455168
2457381760
2452402128
2469310224
3508977424
4041666357
4041735975
4058316071
2984533031
2984527911
2976341111
2972085367
2955372407
4029043223
4041622021
4054188613
4054058821
4054591981
4050397421
4029618287
2955807087
2418956831
4029611534
4042651150
4038373902
3501498910
3549733414
4069828390
4069899302
2999364646
2990976035
2521222195
2449918977
2450447425
2987325505
2970450421
2953792165
2957921973
2961854085
2962046597
2978754485
3012308389
2974563749
2954693541
2956876469
2956913301
4033866373
4033129159
4049906503
4084500742
4067921174
4067859478
4066815014
4066569254
4066503718
2992687158
2993080342
3001436214
2993047590
3009825063
3009904437
4091969045
4070989316
4089402884
4089208580
4091297140
4078201316
4078393829
4078324661
4066302855
4073651079
4073515398
4064587142
4077170070
1896267158
1883676102
1893109207
1626852839
3773099237
3764710629
3764676837
3760670951
3760671207
3777453031
3781585527
3823270487
3803405893
3801153476
3801149380
3813730212
3843286948
3826441900
2754793148
2758986397
2767252189
2767252189
2775644799
2774792815
2783113071
2783112991
2783147871
3051378047
3051377775
3084934247
3009498215
3009547367
3009547639
3009551959
3009555031
3018025687
2980080342
2963307462
2963299782
2967555318
2959199462
2971913702
3005480406
3009506646
3009440086
3009435926
3009628950
2976009014
2959244822
2967629318
2967955270
2967758182
2426729703
2430911727
2430977277
2959396317
2955202527
2955271039
2976312191
3018254719
2997218334
3001351182
3001930830
3060782175
3073308029
3077494380
3043939964
3052385916
3035410012
3035412236
3028080396
3023359516
3023568428
3040276012
3043388972
3077004092
3051641148
3051650108
3052756029
3035972639
3036107838
3036115326
2511738350
2543261174
2526284950
2530483350
2522094770
2534743218
2503089586
2373066418
2377268931
2377330369
2410687425
2389715265
2400204801
2400323585
2366769921
2358394385
2358324768
2360356384
2360356384
2360351268
2364541476
2380286757
2237942565
2238008101
2238531895
2238536055
2238536055
2238536055
2238536055
2238577015
2238577015
2238577015
2238577015
2238577015
2238560631
2238560759
2238561783
2238561783
2272116215
2272116151
2255339447
2255338423
2255338430
2255338430
2200943286
2167324310
2167322326
2171511494
2439964638
2441078782
2440855278
2436659819
3493599834
3493730890
3491637838
1344085326
1344037990
1355596898
1888321619
1888194641
1955247168
1959441472
2001646784
1980675264
1980671168
2115936448
2115911856
2115962785
2098996899
2085105379
2093492962
1553472226
1436031555
395847939
110634003
114888707
117047299
41598978
40534274
107647314
90806774
73963686
208177318
203999398
203970742
203963863
203956529
204088112
216670752
212476448
212492832
212591360
212446464
208242944
220960784
120166512
103385201
103385297
103580819
103579811
372019622
510563042
514765538
514765299
514761731
443394051
439203841
439196721
439219235
439165986
457123106
410977634
486349794
486349746
352140930
345843330
345842354
77554338
1151333010
1151316609
1186766464
1114409664
1109953312
1378392864
1915271456
1915267360
1652205600
1652202496
1713275904
1713274896
622759952
624939120
624898272
658449632
640946144
644090529
652548835
916789795
917313075
380514819
380510723
95298051
78455299
78388803
82578115
74009555
7068627
7011139
6994883
15442563
132686481
111719345
111776177
116363441
107909297
1177525425
1177524627
1294711443
1547238054
1551380142
1557671598
1553469098
1553477290
1285303790
3451272310
3480630326
3409317890
3409055746
3480231938
1301340178
1301323810
1301721090
1285459970
1285193792
3434646752
3706235040
3697846688
4230523552
4247304864
3995642528
3995778688
3995767424
3995763328
1713894114
1713430754
1717593186
1725986850
1721784354
1722955810
1722951683
1725312001
643179585
842413249
842925523
846139362
334434018
296554098
279776786
1353530882
1354591746
1086121474
1086170626
1084200531
1083017203
3247211985
3268183505
3260001489
3260015841
3326960737
3595383139
3620549475
3520672487
3251122933
1095505565
1196235660
1179597196
1179597196
1179531724
1180638540
1180438796
1182556680
1147953688
1148068376
1152279096
1152304940
1152354341
1286375458
1286379746
1286379682
1277988002
1278181778
1279177090
1295954306
1580638338
506654850
506581168
506548448
508639268
516958252
533735725
479275583
479341086
210832902
76546566
79708678
205570898
1279701490
1279697346
1163309506
3335882115
3597962643
3598032785
3598161584
3598694064
3604985504
3604866720
3604768672
3528992225
3528995937
3547857953
3577285715
3560582211
1413098563
1417297347
1421479410
1153304018
1153107906
1167660610
1205351986
1180188194
1176055315
1111173891
1193880323
1164521267
1156200226
1168773650
1202324226
3333096194
3331867410
3330842082
3330845090
3330845090
3297282467
3297480576
3297415808
3570049664
3692667584
3693646432
3693793824
3693754160
1547316480
1547315251
1551566882
1291388962
230361106
263850242
247007042
245904323
245900227
116126659
116031955
116031923
40534195
40534195
23835059
7050641
1081065361
1080934321
1080932017
1081078449
1098347153
1131754465
1190404961
1190405477
1207183653
1154824501
1146435637
72628279
72362243
72363266
5247234
7356738
7586114
24285650
24293874
57844194
57912754
41400786
39160275
39160050
39618786
41724018
41725010
1111348306
1110134994
1110061298
1114255842
1135223458
1102722786
1102780146
1102583507
1102590561
1106780704
1098396192
1075458816
1075458816
1717504
5839152
5773360
5068816
5232640
68007168
85963011
236888834
238982658
237686514
241879730
250239890
246046610
1319859634
1337483682
1303912866
1308107235
234365728
226124544
208298752
