2036252071
4216235479
4216231239
4199452999
4216230231
4208891351
4200521207
4200594679
4196232439
4196154607
4200404207
4216132717
4225437743
4191884063
4189803039
4189845055
4223202879
4227399199
4216909647
4212976719
4212122735
4212020351
4212016350
3176023518
2647545214
2643203438
2626430462
2630624726
2559518678
2559465207
2626572005
2627686132
2564574804
2558316100
2570900996
3644315140
3644315156
3642029877
4250199335
4282672614
4278615286
4261825670
3729132679
3729136773
3594859668
3594789044
3603243188
3599110564
3599110572
3616802220
3583789020
3516720125
3501564782
3514209066
3514204730
3510075962
3575942682
3609508363
4146375179
4146375177
4146456873
4125922347
4255940810
4239114442
4239036634
4239323386
4109302890
4097768494
4113984814
4147523342
4130744134
1916154830
1918309278
1926574510
1921263022
1921279166
1921311885
1921298573
1657581756
1674346732
559776812
541043736
539929624
590260248
573499448
573499676
573504381
572387309
575521773
584958815
601748031
1627320842
1627050506
1613427210
1613359626
1613294142
1617487982
3836274926
3853043886
3885747341
4019909772
3981079948
4228798140
3159291628
2891903588
2900353652
2916934196
2919031348
2919031356
3185369900
3168593196
3162249260
3158054956
3158050861
2620983343
2625243150
2679769358
2527733006
2527592494
2527608878
2528673854
2526576862
2525536390
2529731205
2529724052
2517141124
3742909060
3711701636
3694080652
3694011300
4235076645
4238804006
4238609462
1554263046
1558455302
1290657798
218013958
161395973
143564548
143575812
139250020
186440037
1243244646
1245318214
1244594246
1244070086
1244004550
1248203222
1252397822
1251357358
1267490474
1217194665
1217178281
3385691033
3406531465
3406536587
3474686859
3460006794
3459875243
3464077739
3741032873
3740983720
3736794508
3757818812
3711489772
3693635116
3626724917
3626659349
3630819861
3639147319
3634940711
3652775223
3686333719
3686511637
3690640481
3644562529
3644361969
3677928899
4214861249
2054857925
2061149396
2053024980
4195265748
3926231252
3926374644
3926305764
1807918692
1841533460
1816261133
1812410893
1946554639
1947599910
1947469862
1953765410
1962871138
1957563090
1974355650
1991230146
1991021186
1991032515
1988005507
1715387059
4013861537
3978145457
3961365173
3963417333
3962839789
3877905069
3865314477
3869509821
3869587645
3869715645
1722163389
1991647373
1972773005
349577677
13775373
7404063
6330887
2140678
270633730
270768391
287806471
304513031
305037319
1445888193
1445627344
1462406496
1441447712
1425586720
1962453536
1962454560
1970847264
1987741441
1983546370
1916452866
1647886434
1646805218
1646985378
1730805906
1684673170
1693128374
1688747687
1687698085
1955342997
1955342977
1959528851
1975913651
1439054995
1434854531
1468408963
1468407939
394666115
528897155
532071811
530894195
497321250
480550950
484761638
476500022
472268862
472269118
1550317358
1559161391
1576970989
1608497805
1582271373
1582217613
1581684111
1582727311
1450541263
1449427183
1596244079
1566842991
3563400559
3571849815
3569228535
3584958183
3622307557
4150817733
3593003468
3597394380
3605700957
1470870317
1424529191
1416142118
1411968294
1412230454
3559312647
4096184069
4108750612
4154887732
4139167232
3069091328
3195899392
2923204112
3864835809
3864569510
3881363110
3877250982
3877241254
3877568930
3879010466
4151705779
4155642071
1973493815
1973431303
1436555526
1436608774
1474537730
1466079510
1457949702
3605431495
4134371717
4148069252
4114514564
3560888021
3559597607
4230489638
4234683942
4243071270
4238868518
4255645734
4105699366
3568832566
3566735373
3298296780
1155147468
1276784260
3424263060
3426425268
1142438053
1146648823
1153162434
1169867842
1185579330
1185579971
1189798867
1181442531
1177235810
1177227298
1143672866
1148851234
1152980258
1152918818
79192866
83485443
108712192
103465152
103448704
1110147216
1110154640
1177197440
1177201296
1466542740
1475914420
1475978844
1475912253
1466479151
1395192363
1361601322
4029161771
4029315115
4100638765
4110076013
4105865629
4105747085
4058558095
4079518342
4130325142
4130222758
4130223014
4130087138
4134281442
4155310294
4121826502
3586013319
1436231820
1200105900
1183324844
1187572364
1180217228
1314431372
1312797132
1311670540
1328447500
1160683836
1148035876
1290397223
1281981990
3429382694
3425384998
3426355830
3430616022
3489139862
3468231814
3466281158
3466182855
2392363381
2392367652
2329454124
2321067564
2315827756
2299067173
2282354977
2282422049
3369752323
3633988867
3633865811
3638062179
3627670691
3678063745
3661284481
1513800577
1513812609
1513661089
1515759265
2044243617
2022222803
2039261959
1808574727
1859033399
1859033143
1851427863
3996812294
1782222854
1782304774
1798979622
3896115302
3896115426
3896050146
3907531682
3903333030
3903402678
3970507414
4256703174
4290258638
4288212685
4288392140
4290288108
4294490604
4286089692
4147875272
3862856136
2789114316
2788655580
3862295020
3862356972
3866551021
2796966509
2796945951
2797404694
3891016454
3882361886
4113050670
4100466734
4108978238
4104783950
4240051151
4240051919
3700953805
3717755613
3717784239
3751322023
3751314599
3751455911
3218778279
3206196389
3206194341
2635772613
2639966917
2650468869
3698852375
3694662183
2486707750
2486909222
2491025447
2629437479
2495219719
2242541637
2276125893
3349841093
3337257861
3345646231
3312095927
3313152742
3308839654
3294160230
3289934854
3440928806
3742951463
3730438183
3730496581
3737833924
3737829828
3738862532
3747250884
3694850805
3694913127
2558093862
3631770150
3640159022
3656939822
3673709598
3673821198
3673837583
3673833548
3671736828
3713549288
3691799528
4228707160
4228763224
4232899368
2093280041
1959062363
1950710666
1946622350
1428098446
320734382
320733358
324927670
299241618
277221506
278057106
347120098
351314210
368094466
400721922
375564290
375565315
371438611
1445376017
1445384193
1445871633
1445855520
1433085796
1353263845
1891306181
1354304199
1354574558
1354510062
1354503918
1356600318
1365005198
1394393998
319612607
319613613
860621485
868683445
851855253
851628277
851632237
911269935
909168654
925936654
925935638
1026734390
1028840230
1037225510
2105787950
2105655838
2038679071
2042816301
2042818365
1506123549
2042936860
2017771028
2017769012
1745335860
1745270548
1749455668
1812239204
1829025508
1728374436
1728462469
1711684229
1981156279
1919696294
4071371942
3802411182
1923559566
1990598666
2007375882
1436840730
1420092971
1554311721
1285909019
1281714746
1210939434
1210910954
1497236634
1534984394
467534026
462819595
467018601
466559976
457992172
457994652
520941724
252678300
218992812
470593708
336371940
340572197
358594613
392083511
310356279
310281477
305561861
320258821
268878660
1343145604
1343150756
1355651748
3498883748
3498355364
3552896644
3527852676
3595961028
3605402332
3601736429
3601080814
3533974762
1386490090
1399064682
1394673690
1394822154
321104906
857777162
842048522
909157419
907060281
907379769
1040678955
1040679147
1041088699
1041121419
1007031691
1008081563
1022769851
1018313403
1018245807
1018176169
1016079017
1015079832
1036034504
1019260184
742431004
616806428
609396749
657569822
573606942
574062606
574013454
842399758
842400230
573973222
594814690
599015139
563429111
831860422
1905616518
1905681030
1373557702
293585350
289259870
291009326
1356343083
1352150569
1352346153
1419389736
1423649144
3698874825
3698908553
3581449611
3619389833
3602547609
3602547641
3602559917
3598295724
4130906796
4147700412
4246221500
4229441277
2082090719
2088647150
2088568942
2095319086
2096106558
4243659790
4258325518
4258308106
4290815771
4274038569
4202735416
4202731068
4202795580
4286755372
3183653420
3154309673
3155575337
3021931051
2755396651
3844606058
3848800378
4122609866
4254734538
4257888394
2102143370
1561079178
1565926826
1571958954
1605501114
1337327758
1301688462
1301160390
1284251941
1285301028
1155031844
1144578364
1143731468
1143641356
1076528132
3834884
6014172
14205420
9204648
59525019
1121849290
1123965918
1115609582
1115486310
1115202662
1123590470
1136374086
1136296902
62567111
49980049
1114286049
1395367392
1395236320
1932108896
1933091616
1897439780
1662558756
1661501988
1644992053
3810303607
3879520998
3879520742
4012853478
3186497762
3115202642
3115199490
3116245250
2579374338
2578985250
2576883751
2576883748
2576887828
2610439180
2612589836
2616758028
2608828200
2601953896
2601888361
3103833723
3137576650
3137504970
3137578698
3141636858
3141645050
2873357050
2873291515
2902611961
2902543849
2906671209
2906933353
2873546843
2857298251
2858347850
2858010186
3128443483
3145286495
3153744735
3120197999
3120259567
3120062695
3120063719
3120266486
3153804630
3153803590
4210767878
3732486166
3732420662
3732487214
3738770494
3738901534
3755613198
3721018446
3721024847
3704215495
3704158167
3704158199
3704209381
3704143781
3695770549
3691575989
3691592341
3691723669
3691720631
1544168870
1556755878
1552618678
1569283286
1586030622
1587055678
1452850239
1459201053
1450812444
1983508508
1983642892
1010448908
473565756
337250844
337185292
337123116
400105775
379187270
311984262
848856230
850955430
850959543
1908063621
1890238084
1886037636
1882890884
1881006780
4028376813
4030476015
4047251758
4085000238
4089186350
4072605774
3534362766
3534365838
3551142030
2176475527
2159604133
2157482916
2216208036
2218299124
2217516596
2221719092
2230119972
2204925484
2255298093
2255031342
2263418926
2263418918
2531858486
3328908294
3479860294
3429556358
3429556359
1283121284
1277001868
1544323260
1543814396
2080876828
1008188172
1010215692
1022540045
1038522445
912776399
1981890703
2116092046
2116157598
2116157870
2121409262
2125475374
2125474350
1588603406
1588603406
1335895566
1286631951
3430072375
3423772902
3422585078
3435181255
3447762263
3464670006
3464932150
2395404854
2388580886
2388282134
2387221270
2387221814
2395669814
2395538750
2391282998
2391289127
2395483431
2387115383
2387332437
2387250501
2378864069
2362089933
2362090397
2362151853
2353628077
2349436861
2349382589
3423119788
3423119788
3691555244
3692754860
3692721036
3558503052
3558748812
3575591917
1431773677
1440162173
1473590367
1473584203
1375161355
1375095050
1140214090
1131896154
1130692090
1399125498
1408563098
1391850394
1387631035
1387565547
1391776233
1383387193
1446473753
1463169049
1428567321
1415986521
350629369
350699449
350560168
350488232
351552172
72668157
74752774
1143252246
1411689766
1411758374
1965463846
4150696198
4289633026
4272852738
4272587264
4273504992
4267238052
3994559140
3994563236
3996784292
4012512164
3991470244
1822949549
1822961869
1824333832
2028871688
955196424
418147080
413981192
481085963
481164042
415099146
417318218
186040522
236372106
236110233
239264152
180613032
176221160
176225128
180411178
180485402
239562762
241057818
238698526
255483918
138043398
138045446
138103058
138136546
142342834
167492242
200914562
200839814
166429574
1223328661
1223332768
3703150496
3635981216
3633884068
2564336292
2581129892
2606366389
2589611718
3201980134
3195688550
3202893350
3202892838
3202925598
3740066830
3731745807
3727682565
1581066240
1242441728
1242441776
235808800
249436193
115214625
117312785
50202369
41821697
58376705
33129203
15316979
15316403
6925456
6916240
1077774512
1075689648
3490490528
3494685088
3498875616
3499069088
2962133648
2962137765
2963055270
2986140326
2990327214
2990326958
2988793086
2988801278
3060169854
4118690826
4101909514
4110298379
4099880473
4099740217
4099740281
4099756793
4099764953
4101830297
3573341837
2493303708
2510146012
2512312796
2550070029
2533289743
2523883294
2523886398
2532266286
2532134958
2527936558
2545926254
2512372190
2514285007
2505881085
2505350652
2501361052
2501377420
2501897628
2418016188
2417909692
2417909436
2422095500
2441031309
2449292957
2482251693
2482251181
2464493949
2212958237
2212839453
2208612381
2443486269
2443486521
2426709307
2426770747
2431091739
2423751803
2501283051
2534837419
2518609339
2518577098
2517511882
2521706138
2539069114
2513901246
3034011294
3029850014
3029644223
3029640109
3028591597
3049563709
3071391263
3073607191
2988561974
2988502566
2988567846
2992797734
2997241894
2998291510
3012971638
3011990742
3016710086
2472359646
2468099822
2434535406
2434534894
2438929535
2447251549
2443073613
2443114572
2443044940
2442964429
2447160989
2447225533
2438836927
2434568895
2970927791
2970928043
2971006379
2977398249
2977323481
2977331657
3043387849
3039258953
3040700431
2507951118
2516386846
2516455454
2545836062
2544787510
2544787510
2544791859
2650621473
2684145184
2684145184
2665269808
2656894737
2656890135
2657025046
2657018918
2665409574
2665348134
2522729694
2506083470
2487143567
2424233357
2432358076
2432261820
2432188092
2424059548
2419864216
2419929849
2420056939
2491294506
2495554874
2512152858
2511919130
2543356938
2547813451
2539500745
2539631816
2508109192
2642324888
2671177640
2669141996
2534690781
2533844863
2521260847
2547470638
2547339566
2513789758
2511725342
2511861342
2512379519
2516372207
2503789293
2503790301
2535376845
2535383501
2505990605
2514448477
2497523759
2497516591
2497649703
3562933271
3563005973
3562810419
3558634497
3558786497
3560883585
1463477633
1446698881
1446956931
1450037122
1451069362
3606968226
3606897122
3604799842
2547799074
2547834914
2531189794
2665378050
2667467523
2679783939
2679095825
2678968869
2544689956
2548851180
2541505980
2268874888
2233432216
2233350328
2369661321
2352884107
2373848526
2238661390
2280477454
2280481566
2276221742
2242700079
2242438957
2360933997
2627456724
2648358532
3755576980
3730610092
3728512428
3728507117
3726610533
3726487671
4245549058
4228309250
2080826882
2085017138
3699826227
3701362225
3701362176
2627554880
2682220480
2530594256
2531017888
2526893220
2526900405
2526900663
2543608230
3621286318
3612894638
3610801406
3610868990
3611032926
3610967311
1463745799
1400825093
1400697109
1400688661
1362948117
1362968597
1346257173
1346262999
1953386199
1961773815
1420774134
1437354742
1470917446
1458333454
1450132254
1445925182
1449865518
1458254126
1455104170
1471751336
1438132392
1442330776
1412962440
87689608
19543432
287969672
326042056
56901913
1130414379
1113629995
1113631018
1109649690
3328342794
3350338314
3314963210
3314991898
3298739050
3231310314
3233329579
2159576489
2172161448
3240737160
3240864136
3307973000
1160702856
1160670088
1413377992
272400380
284476399
821543807
888316190
888381758
879996982
894612534
924040214
906013702
2113973254
1577315342
1577219086
3729933582
3599911470
2526154283
2543066665
2511629880
2511626760
2512187912
2445263432
2432230120
3505971944
2419638760
2417609965
2419820589
2954795071
2954795023
4028545295
4049578501
4074735108
4066017988
4063920773
4063937189
2993320613
3077120421
3043569071
3035179182
3035379886
3032242350
3049020558
3082675342
3086344650
3069501947
3085230959
3076907821
3076973373
3077038909
3077951805
3077886253
3077891373
3077956911
3078001951
2776014607
2776092431
2775908159
2775908159
2759196191
2776063583
2776061695
2776053485
2775914477
2775909877
2784298229
2780103927
2780069111
3858033879
3858099655
3849829830
3883054934
3849495350
2775823142
2774577958
2803939190
2803939158
2803945430
2787299302
2787303399
2792816615
2801197029
2801104213
2813617429
2816816404
3848668421
3827705605
3827707149
1680157997
1684280367
1709442091
3854499883
1706962971
1706946635
1740414347
1740409224
3892087432
4146969240
4146444952
4112905880
3040245432
3027645100
3031835628
3048674303
3047436622
3047956778
3081510954
3085484074
3043716106
3023726602
4097501194
3560630362
3558599066
3558397578
3558393482
1410859658
1343963786
1411315134
1425992942
1471867943
1453909044
1454358528
1458495744
1177453328
3593438000
3593179424
3593187680
3714757088
3702178241
3702244289
3702112837
3702084165
3630707311
3630704622
3626510830
3628009710
3632138478
1493043422
1526597710
451423246
183034122
451453194
451649592
444309544
171483180
169386220
186298612
135978112
205129856
204408977
204413731
208551459
212825633
78507553
363128320
111519232
111511360
115705296
108509073
257418195
205873891
1279534050
1145316322
1145905634
1414463974
1422591878
1422598023
1171921541
1205525124
1190771356
1449700284
1449962908
3597443224
4142698648
4138176888
4138119720
3064439336
3068437032
3076825645
3039076906
3039163946
3043491114
2808564970
2808483006
2792758414
2792828046
3059035294
3059103115
4149618127
4116128717
4107739725
4109857369
4109713945
2964607545
2968838953
3035947305
3052729641
3050691865
3050822937
2985807641
3027750425
3027754523
4096204315
4230221338
4230745626
4230744362
2016352298
2036739130
2061902862
2061656078
2057482246
2058584118
2060488742
2051059751
2046862432
2113972448
2114099328
2130877568
2080545920
3826435248
3840396448
3836209313
2896423330
2896283938
2900384034
2887793958
2753832710
4096139846
4100859606
3853127334
3852995238
4154985126
4142414742
1986538630
1378361478
1378754695
305012943
52830223
6431751
6437121
14817793
10635777
10586643
10521121
14979633
31953408
1391366912
1391362816
1458472368
3597635504
4130249360
4130256528
4130267808
4147077792
4096090849
4108608098
3835979554
2762238242
2766436386
2753886258
2754013266
2776016977
2801195200
3061203392
3055944384
3055944384
3055952608
3202687712
3215729379
3215205858
3181657254
3164867734
2628520086
3571714178
3560316034
1412836738
1410475462
1410474439
1427337591
1459667223
1442881550
1979753486
1983953182
1983953726
2000722479
2000718377
4131424808
4139814408
3863052808
3997335832
3993149484
2919473196
2923601956
2931994660
2924654885
2941436775
2888877671
2889174647
2753956615
2758150455
2766420261
2762225956
2766416692
3026597388
3026588172
3031302732
3047949292
3081515245
3064730863
3065568414
2532883598
2537139342
2503650718
2486869902
3560886158
3560863630
4095681934
2086413758
2085365166
2084971946
4232457642
4240850426
4237713243
3700743945
3700731656
3700731400
3751058952
3734472216
4275545660
4275544620
3193353087
2924909926
2925429862
2921106534
2939980902
2906569734
2906563654
3980321989
3979734485
4013255396
3996547812
4000402148
4008708836
4004584756
2930982144
2930977792
2951752704
3186633776
3168939283
3168931330
3169193554
3165458146
3165476594
3165353410
3165377734
2645095654
3177770214
3156801790
3156933582
3022711502
3052071550
3047947887
3014149759
3018326863
3005751759
4079493581
4080607421
4047125677
1614420397
1625164223
1620986317
1888279880
1905046536
1934393352
4060905496
4062159912
3793660968
2731448616
2744027692
2777582188
2895052525
2890819310
2820612734
2821653110
3894739494
3911463206
3898880038
3907260478
3903721502
2023628810
2022318282
1502093514
461956490
176729499
445233561
449550520
1515882664
2048559288
2048572808
2117768584
2117763720
2133492361
2083439241
2083410587
2016351914
2020423402
4176231786
4171512874
4172037162
4222364730
4222166042
3686474762
1522147338
1522200842
1522106637
1522049308
1522053412
1248375076
1244172576
1227587952
1210746176
1210752320
1479186497
1547356161
1551550721
3707406595
3569256707
3619130130
3605331794
3592712770
3592684242
3597026018
2528047842
2528092834
3081544609
3047992736
3035400320
3022555328
3039398080
3073293520
4130250944
4130234688
3861783365
1714291238
1735202342
3857456686
3971750510
1824275262
1824484174
1839196623
1725741519
1719451103
1715250383
1714716894
1714847983
1712759279
1712759671
1695999703
1679272661
3826625268
3838098084
3838086052
3838086021
2751563717
2751628103
2751640359
2756764454
2893046566
2901436206
2897503535
2914516263
2948483365
2930723285
2926074053
2922932357
2922932388
2923396260
2910732436
2889220484
3960877700
3960873668
3964936740
3971752485
3970710062
3987478574
3886565422
3068708918
3060451334
4135229510
4131053703
4133077125
4135207319
4152250807
3579708327
3562931110
3562872806
2488548198
2623285526
2633771062
2633787446
2645481478
2678768902
2661978630
2662040070
2661913125
2661855780
2666050404
2674443104
2636661092
2620006772
2620006708
3693750324
3694794801
1144723491
1144920098
1149114642
1155407106
1155297602
117220290
117343170
108954002
376341938
1458478483
1592696001
4276600016
4267818080
4267748385
3190861089
3188745767
3205640743
3087147575
3091341895
3096847063
3096709103
3098298540
3098335404
3148151036
2599725261
2585045071
2584127822
2584143630
2567430686
3087950366
3100525182
3113906918
3115860965
3149415589
3135784077
3123240079
3140089999
3107907743
3091131358
3088476750
3091659278
3099913790
2831482430
2848253455
2839864909
2869421916
2869295084
2836256236
2840546796
2848939220
3117116868
3116985669
3150540151
3150675239
2598001702
2598046774
2664962134
2664966294
2665031830
2533046422
2549749943
3501857941
3501856132
3501851524
3500954516
3496800628
3492586540
3509363757
3542920237
3526141247
3526014510
1382712894
3619325455
3582690829
3570126413
3570069469
3561745903
3697011951
3042622959
3044707723
3077279115
3077086093
3043532701
3026755580
3027998444
3027940076
3021595213
3038306893
3071820333
3061580334
3061583662
3069974822
3204266006
3204327494
2667456710
3741199502
3737006222
3718123662
3432841358
1150029966
1150099597
1154348492
1146391036
1146391020
3289688428
3289688108
3306665996
3346438477
3346433869
3606479437
3535176255
3535245863
3535643239
3535057253
3556025697
3543458849
3509847153
3510501697
1346249985
1363029249
1400780849
398395425
381421569
112732353
112799169
129843088
96409233
213257879
213257879
1290997671
1278244263
1278255591
1278255463
1567662383
1605415727
1571862319
1554034222
3701783078
4238850598
4230384162
4232023586
4229599170
4245349506
4278904002
2115908802
2122187970
2120619202
2116427970
2130060134
531894823
496243245
1553211949
1553215004
1284778509
3428641309
3424422717
3424160527
3474493006
3470426702
3466232526
3468346054
3468350390
3468288422
3468189861
3481018532
3426484388
3426174356
1278727568
1276312000
1275132160
1207986177
1275095058
1275261954
1325814082
1314259650
1318978242
1321075330
247267987
245119908
261941732
1280092452
1275897860
1477879808
1544988672
1547145216
1546093312
1608942144
1583514304
1579320016
2116190960
2116274928
4264606689
4268796387
4002474471
2794514942
3052600014
3027683023
3022963407
3022963295
3027100205
3031229229
2779570212
2796344356
2796409877
2796465155
2792286210
3057543202
3057535010
3191736338
3190176770
4280695810
4251333827
4243002755
4238807943
4104979126
4106032814
2092707502
2092182187
2087991979
1563691675
1597450891
1563831242
1547117834
1546854410
480448522
480313354
480296986
480288794
480289050
1018276152
1016182824
1015121960
1006737512
1946654920
1996916936
1981187272
1647755464
1647755480
3862352808
3866546920
3868701416
2793714284
2793705997
2794227230
2799674990
2791157358
2788994798
2939739110
2938882262
2926233798
2926247110
2934861015
2926390501
2922134757
2922142949
2939084455
2892955335
2901301830
2901363206
2896710150
2896718118
2896717862
3165136934
3102546998
3140222982
3123195910
3127517478
3131712039
4205446717
4205316812
1525169036
1495808396
1210726796
1211772300
142221708
148685704
215262120
471118760
470846824
1009879084
1026795556
2138155044
2121377812
1981986820
4129460484
4129718788
4130226692
3057517284
3078488736
3182166688
3182171553
3181919394
3215472806
3216517270
2675456390
2669369734
2669341574
3206475142
3208572374
4252999158
4294350166
4260737543
4250182149
4229227012
4229325317
2081824263
4231399462
4284811302
4276357158
4272162862
3735946270
1589514254
1320821518
1285239310
211366412
211313164
1288300156
1279822828
1275636648
201894824
218803084
236632972
238783373
241747454
250212862
250339375
251387949
251387940
237690916
237690884
237691216
237535969
258770595
212635302
1287490182
1153358726
1157553030
1149238150
1149233830
1157556902
3304742579
3321382547
3354940370
3329810802
3329876262
3732647974
3741036582
3757681719
3724060724
3705186356
3713575196
3747192124
3725181820
3725398636
3725537836
3726512936
3726520616
3730777320
3723827432
2629179529
2494957962
2226588554
2226474634
2226407146
2364830250
2364830250
2364002858
2359752250
2511334971
2544667961
2531839067
2657668347
2653473979
2653703339
3745324202
3709742586
3692717642
3154829850
4228624954
4245197338
4291330574
4270359102
4136150836
4136150660
4136167308
3591909308
3591965100
3527019692
3525971116
1382943912
1388190857
1370891403
279243214
275032862
270838558
271026967
1344641589
1374000948
1373999412
1407553812
1362542852
1412825348
1413363457
1413352227
1424956194
1958488934
1958488550
1956390326
1419059590
1422287310
1145496526
1141023310
1140884014
1140907562
1073769002
1350687722
1350752746
1401064634
3548546185
3281420424
3346498952
3341649752
3341788728
3341461048
3345736252
3316179517
3450364205
3437896045
3429499109
3426623719
3426624759
3430818903
1291132231
1154756038
1154573767
1171445191
1137870791
1140035509
1123323813
1114943413
1115139477
1109824917
1378862517
1378730421
1379754405
1379164581
1400119781
1365586277
1357320487
1357123879
1088692519
1080304934
1080307510
1088830214
1084627718
1084558086
1084558150
1101454278
1118231942
1185058182
1185121687
1184993716
1184932772
1185194724
3336938020
3324809764
3592978980
3592978980
4129859364
4146703653
4146833717
4247431445
4251622661
4117400901
4118447431
3850011975
3850210662
2809965862
2776410406
2776611126
2709428999
2709425669
2709361156
2688340508
2686243388
2688373308
2755400236
2759332589
2909278121
2934508475
2930325946
2863216794
3937941642
3937937546
3940035722
3948637342
1763638494
1763617998
1767810382
1800773966
735355183
1782882367
1778688087
1795616983
1829164263
1813435879
2086031079
4242427639
4238282455
4238085845
4238094037
4242304725
4242374613
4261240149
4261240149
4261272895
4294827327
4278179615
4211078943
4202689855
2055066671
2050552879
2050552879
2050552895
2050937919
1782502495
727635167
727580063
692907421
692956549
693101973
675730837
675726805
1818220533
1834973047
1834966887
1834966630
1876778870
1876810614
1876819766
1876819254
1876819222
1868553223
761175047
763272215
763352117
675278901
675147893
691892341
692016613
696077797
738021095
738025127
733839062
714960582
735866694
735898950
727543046
962493463
962464791
970853399
1006568502
1006572854
2046636318
2038248798
2021465854
2086226670
2094779050
1822136986
1822006921
1821939336
3986199448
4291338408
4261974184
4278813928
3171600619
2753223150
2757380654
3036547646
3032419902
3032220214
3049005695
3049202381
3085832844
3077440140
3211592349
2674132141
2682522799
2640581871
2641694794
3560316938
3564512266
1417096459
1425422603
1421744137
1358829592
1375537416
1400638728
305988040
306009032
306009048
302863352
285504489
287723
5000555
281979162
281979678
277785374
1351526670
1423944014
1560257606
1575911622
1584300182
1584308390
1584308390
1584324774
1584292071
2121212141
2122060269
4269551017
4286327721
4235471771
3698666122
3698666122
3699194506
3699181258
3706651162
3735945786
3601809962
2527650603
2527649836
2527633516
2527896492
2506916540
3559375516
3694576268
3694281372
3692237228
1410343147
1966089322
2003843098
1953724426
1952905226
887527434
904300555
2011662537
1457823945
1457815643
1449427002
1445367850
3592871978
4112965678
4096189222
4104554038
4105080358
4104752685
4104702573
3026774748
3040374412
3610984076
3608814988
4112130204
1970929829
1962803375
1958609151
1958154270
2092180490
2113678602
494922506
493525514
493521418
501779978
1533582874
2066265658
2049475114
2050724202
2061152490
2056954091
2055909544
2055860360
2065199240
2031812776
1010437544
1009388216
1009400504
1017789112
899947193
933238411
916460171
379585163
385069707
508670699
1045472107
1052813099
784374063
784570427
1849866299
1845671994
1711442958
1712488462
1863483662
1862451790
4211225327
4198703855
4206895725
4202698605
4204004415
4271180879
4257089743
4239018383
4239055501
4239104645
4238909316
4234711460
4231569572
3963134116
3996819476
3997081612
3996053564
3861696557
3861652783
3861851691
3861776954
3874360058
3871148730
4005300890
4288166282
4103877818
4104061342
3567154062
3571344006
3560759958
3560825522
1413391250
2004264129
1991737456
1990492192
1990492192
1982111744
1982260224
1999039488
1697007905
1680738853
1680607845
3833072236
3839384188
3835218524
3834414812
3851199180
3884753612
3869024973
3873219295
3860637414
2786900198
2788984870
2721040422
2720978966
2707842054
2686853126
3760595206
3828232790
3832349414
4105962150
4104917734
4239143894
4240258381
4240190733
1551640844
1546398476
1479207180
137030924
136967429
136888327
136888383
136957998
405467494
409904422
431928614
1539088134
1519955782
1519953478
1524151030
2061087478
2063315903
2054853565
4198056876
4197979052
4279772072
4250478568
4258932200
4258927912
3587768584
3587965704
1472145160
1203637770
1202654010
1185691754
1189902442
1181534442
1177388234
1177194506
1181397002
116044046
116039693
41591028
37396644
54243504
87732352
272285828
1346063540
1346099620
1882974884
1895414436
4037647076
3785923140
3806897668
3865616900
3861549588
3865752293
3874415334
3874251686
2791571878
2787377326
2787377310
3878036638
3844484298
3840288970
1958095178
1974938378
2008295946
1941188107
1391731481
1383416121
1396129801
1345798153
269893640
274162744
273968425
273955625
282426153
282426169
283114249
836734729
1935638792
1918866248
576688712
576557788
575452908
1657578989
1649181934
1644987630
1645105390
1645093114
1662918810
1628841130
1614167978
1622608554
1622477482
1622481594
1672756874
1654419082
1922854538
1917603498
1913134762
1914377899
1918515113
1928994984
318382248
335028396
333980804
57425092
19663936
2476288
6799121
14856961
6464259
274965251
270643986
270701314
291673862
333617671
1944492551
1935972901
1932306981
1663871532
1630060092
1613410312
3815407673
3869933609
3870982397
3801776293
3796680869
1644429477
1644507581
1661416127
1627535019
1690447530
1686268586
1687218938
3836799306
3836783370
3856968202
3878006282
1696960010
1680117274
1680186938
1680209195
1814552623
1827094573
1755775037
1756831773
1756766221
1769345101
1763584175
1797130926
1868171946
1857751706
1857751691
1855471241
1855726217
1862034056
2122277544
2004246952
1970553320
1970299368
1970365929
1969452381
1969385807
2002931983
2003030810
2011288378
1977667898
1977925946
1977976090
1961276698
1953410330
1970253082
1970138395
4117362009
4117362648
4118497240
4118480856
1966806008
1971008313
1971008313
1978339643
2007839002
1991111962
1991097403
4143814697
4135356473
4131166232
4131173448
1983680648
1983873416
2000339593
1966760635
1949967018
1949968042
3765972654
3774626734
3770489742
3770575242
3774115209
1624532873
1880384440
1897071609
1882268281
1881350937
1885549865
1889536299
1906337839
1940125759
4087610423
3533799430
3593569030
3593634311
1446158863
1446158877
1446158893
1995610936
4138895416
4138960952
4155738136
4122314760
4101278920
4095000728
4095492536
4095541688
4095607467
4099814058
4104069802
1690045290
1690044734
2092701710
2096916494
2088561678
2084544526
1061068814
1042202830
1042202830
1041166747
1045353129
1049514729
1049446120
931923560
885786136
1011623688
470689032
471740168
408829449
408820283
419301931
469634939
1521010507
1521008971
447255497
514368249
515416808
246981288
1572381352
1555623593
1551589101
1546280173
1546276975
1412055083
1428865035
392871947
376342282
909031946
841923130
854566954
850176042
854375546
841793738
841879690
859713674
824058297
828252841
815686381
814539500
546086652
546085580
1615629132
1611569484
1611575117
1611571789
1729077773
1713152541
3996959293
3997058668
3997052780
4008455532
4021030376
4021093512
4020900233
4020908431
2142904718
2142971054
2006477998
2006740142
1994183822
1985798286
907927694
641130639
557244575
540209647
540098863
543179565
551568169
551563577
551576843
551671051
568515851
568761610
568823050
636258586
670927130
654219723
788446411
780055755
775872715
775774430
775688442
775815402
1696477674
1683890926
1822361327
1824460413
2090409561
2092449480
2092445384
1467494024
1446588040
1446645384
1450839992
1452870824
1453064360
1453076648
1453072520
1182605448
1144922312
69607912
73802601
10883690
10752618
11809322
1089754922
1077210906
1077320458
1076280074
1080474378
1088788746
1088718138
1168408634
1185710171
1321107673
1593766105
1581146617
1579825131
1579833322
1547329514
1559855018
1555592634
1553519771
3701011609
3696780505
3443076441
3443146521
3480895035
2281322027
2277405231
2258551359
2526839310
2526847246
2543366207
3616060461
3620242669
3574105325
3709457533
3709497373
4246347805
4229571871
4229590590
3964361262
3969436222
2090388046
2090371790
2092469895
4239957889
4235780992
4231750528
3692700656
2082087904
2081059680
4283058016
4274933568
4140747585
1993316803
1993186242
2127339426
2118694562
1846055570
1847231366
1849329029
1849343124
1852500132
4025280676
3983305892
3967640756
3962970300
3963040172
3977446060
3981521644
1833968365
1691362030
1687168762
1687170746
1689328298
1957694394
1957710218
1886767243
1884728461
1628873932
1662361612
1664123916
1646298156
1646302253
3793921070
3793920022
3793916166
3793928742
3794141926
3812033198
3765778086
3773570722
3840685795
3840685523
3836485825
4104598611
4104549587
4104583362
2007414978
1994827970
1986508930
1986365586
1986367666
1987858598
2117873895
2116821485
2116887017
1060053288
1013912360
1018037784
1017776648
1017801225
1017752075
950577675
2036902665
2050530569
2050524441
2050662747
2121961947
4277846523
4277818283
4294587050
4294649514
4260966058
4261092011
4261087915
3724283787
3723756937
3723502729
1559240937
1559322665
1559453737
1567875385
1562636573
1596043533
1580446493
2117447967
2132059455
1762961727
3909466911
3892747023
3897465615
3981347595
3205400333
3189621263
3189522974
3189511022
3059561454
3086426542
3048538286
3047492766
3030857870
4105582735
3572903309
3562418061
1410803660
1410610124
1410605340
1409556540
335884349
406557
1447943
274094087
352250119
369020743
402424774
384598663
376210335
377455551
376877759
911712943
1980018607
1996816367
1946475499
1950739053
1682337373
1826058077
1826045821
1825912815
2110859118
2119311702
2119577926
1510342918
1510867206
1582825766
1587028006
3734519846
3751339022
3736645070
1522052045
1522056076
1526307220
1513736356
1513851108
1530842228
2083971092
2083692548
2083692804
1813152276
1817281068
1816176168
1832954488
1862318664
3993082441
3993156185
3858954603
3860003947
3862167658
3861381242
3865710827
3874107627
3970576553
3971618445
1822047885
1821977287
2093755079
2085366518
2085363430
2093745638
2039292134
2040471766
2074022086
1539849222
466102278
467302455
467302692
467279652
1274611252
1232605716
1215894020
1224348421
1224349458
1224215330
3367512866
3367516962
3367647762
3416945410
3467277250
3467297154
3467346323
2393604256
2259202208
2263393700
2234035108
2217314972
2217392844
2218437324
2218698316
2239668748
3530924591
3539256110
3539255338
3538273322
3529828394
4063537194
4064131194
3812526154
3778972874
3833496010
1694340058
1683796730
3827098346
3842777706
3842777646
3842967134
3825933934
3856350574
3870899430
4138276086
1990733956
1453858948
1454956676
1178109124
1161530612
1413122500
1413123012
1411299908
1415420535
3583806438
3599533542
4140794327
4276002903
4267614309
3193742625
2927600928
4009660192
4009746224
4267668736
4112331968
4097651841
4097776817
1883113635
1882589603
1895238306
867240610
850466434
850403970
313533122
330375426
23195686
2138150
2138414
2145594
270895898
270895931
276073274
290818394
316115146
1456901322
1448576074
1582739722
2130092298
2142675243
4256604969
4189430568
4191461673
4162117929
4161077033
4161686120
4161677944
4165937704
4174322216
4175238712
4170973705
4177265163
4174909962
3655021066
3653902698
3653840110
3649834222
3654028462
3654112393
1238294664
1271849416
1271816776
1229787672
218370600
218502441
219030571
1147014154
1147013131
1283344392
1282328652
1210952140
1210886140
1231848124
1253016221
1252692623
1252700822
3400184742
3400184230
3484983458
3447235750
3426257030
3424299142
1595599247
3726305679
3726535055
3726536591
3730720654
3732816862
2256519998
2524750382
2549916206
2679940650
3216881210
3199973183
3064698221
3064501740
3060565420
3056386460
3073336205
3174966173
3158188975
3157664750
4235603310
4239665214
4239665178
4240189450
2109237259
2147084297
2138672136
2134605832
2134610744
1830331112
1830593256
1829614248
1829544684
1694803436
1694819821
1694646509
1661093373
1933968829
1942947261
1921851325
1921850847
1921867231
1384608974
1405609166
1406592078
1364649294
1431754510
1417141783
1425407543
3589666613
3589600549
3589591397
3581173863
3510510919
3510508999
3512602454
3546222454
3554418471
3550226215
3516671767
3516670229
2426155317
2157736229
2153534757
2165067047
2198621479
2198654263
2203047767
2211377991
2190390214
3532620278
3532231079
3532165287
3527972007
3524041911
3524041941
3507420357
3491653701
3491637253
1346252037
1345664821
1349986069
1358365269
1404502741
1135940228
1119163020
1134363293
1099701935
1087168175
1078774446
1074569198
1075625738
1077472526
1076428046
1076555038
1076555014
1093330182
1097789906
1118622114
3266101666
3267264913
3266220416
2192417184
2192352672
2183969248
2183973476
2469382692
2418998820
2423188999
3501123078
3500975926
3517490470
3018364199
2453176661
2451222981
4061832132
4078625732
4045038148
4028244828
4032435981
3562670910
3573352750
3572246830
3568068918
3568105734
3586116870
3602416902
3606610231
3598353157
4264198913
4264203009
4264210737
4264271971
2939790562
2906367218
2889583762
2889780658
2889272994
2889346726
2893381351
2909036261
2909028068
2942578428
2942580724
2943096052
2943160564
2918060245
3182039253
3165266133
3165331669
4239992021
3719969861
3757717509
3732564229
3732666645
1585314069
1581031189
1581092613
1581102869
1597940548
1564386244
1564394372
3695166868
4248698276
4118669732
3053448100
3052927648
3035986640
3030672901
3030655495
3034849846
2967745062
2959352422
2959353574
3035366630
3047949478
3047687350
4122477782
4107886790
3558515783
3558515719
3557467397
1410047493
1548323349
1565362741
3746496095
3746462302
3746459422
3645830454
3637478694
4170026022
4187853878
4254770183
4221150213
3662184740
3657998880
2047537664
2031771328
2017069696
2017069744
4163701152
4171499680
4238367904
4288925824
4273139840
4275237056
3738280672
3734020768
3734038179
3734038178
2666608034
2519729314
2518680738
2518877410
2523020562
3600952066
3600968450
3617647362
3718555939
3705973027
3693447443
3694628099
3695084803
1547608083
1568055409
1983291600
1983373440
1983332480
1983250848
1983264416
1987522209
1979002531
1889877651
1890008706
1889894342
1889852871
1907669285
1924442405
1928636452
1651816500
3795167284
3862275076
3862405124
3979772165
3963535925
2889761383
2888630951
2888569511
2892501671
2900898470
2896967342
2896960942
2913736879
2947295423
3216779407
3204212943
3126749263
4195772687
4279651599
4246156575
2098606399
4236129087
3699323197
3657371692
3684634668
3684437052
3683395596
3687327756
3410520269
3385555342
3364542350
3364520590
3700064958
3716777902
3680014254
3659049390
3659311437
1511958540
1511958540
2048322572
1578504220
504762420
504762405
504496423
508692003
498208498
481693315
480627329
480545409
481660545
1559605171
1551347123
3715542403
3742797699
3742862227
3709198067
2635458273
3159713377
3163841056
3163828772
3163821668
4237568740
4243860141
4231273135
4248116142
3711244718
3709148334
3712225422
3754164426
3749978122
3749978138
3314868254
3316949262
3315904522
3316561193
3584985320
2548598936
2250803336
2251266188
2519644556
2520692044
2520166668
2520244492
3614761263
3585532206
3568722798
3569226734
3573352186
3560703738
3560706011
3560910793
3565038921
1970109561
1978418457
1970062601
1969541385
1399186185
322429721
322302747
322295099
393727275
2004258155
2012719161
2010491961
1677048857
1668584457
1668645129
1666614045
1662431871
1662444286
1662464694
1628778934
1628713382
1616654502
3774677158
3770563719
3768396102
4053543174
4055116550
3556518406
3556518406
3287952902
3250201094
3250192966
3231252902
3231199655
3300393124
3299352716
3311927436
1177076104
1178202520
104587576
36413464
36283400
321432584
275417352
812300552
879405832
879405577
1013694153
1031309211
1063813546
1059881386
1042579866
1043841178
2134258154
2134253931
2104893739
2113282873
1018640184
1018509112
1018181432
1016084248
902833944
894445336
352327625
356534153
290506139
827360699
829456827
812679578
813011867
821400347
821409307
817348139
838250027
863479338
842434058
574522890
641107754
641564778
914128938
914134058
912035887
908062772
1981706240
1998462976
1967009888
2087322336
1957237408
4037739152
4037673604
1353391748
1353267846
1353464510
3500947886
3500943534
3509332138
4080800906
4064206986
1916711098
1915068650
1931780138
1898217742
1902945038
1621992205
1693364541
1693360168
1684988969
1680796713
1816034345
3978184985
3984476952
3984480776
3983821576
4017376200
4281601416
2134115736
2121597881
2142638779
2142638778
2109084330
1554265066
1559241066
1416638506
1410748426
1410788363
1410772233
1594268425
1447468811
373739275
374654731
911524651
912015659
914293019
930025787
930033961
930033961
931082539
905720875
1978424409
1441582152
1441634760
1442757016
3716132760
3745293192
1340916105
1336689051
1336885674
1336832426
1571742186
3720012266
3757679914
3728320779
3661215753
3661215752
3659053064
3659048969
3661163849
1496986313
1480209034
3636069018
3636331178
3098886830
3097772463
3098865895
2553585741
2601885964
2602017288
2585240072
3663195656
4199971352
4212554539
3143501866
3112044778
3120499146
4173080010
4191949770
3646161482
1480000314
2016887082
4164739115
4166822952
3905726472
3901532168
3956054280
3930954248
3926637256
3927605960
3927671497
3929653930
3996729770
3996061870
3995940014
3995808934
4259986562
4243207298
4171902338
3635027586
3634961106
3636210226
2633510434
2629332518
2646140454
2679763734
2679669062
2678621415
2678636781
2675490988
2671337692
3743096924
3709476872
1545217032
1545219336
1545482024
475991608
477761032
494409480
527962889
267928523
250119674
258512874
241811434
241744874
510245722
2125183242
2125118730
2059051337
4206534988
4202275804
4214915804
3895100108
3895100084
3895194285
3895063279
3899194095
3903388651
3970480361
2896754920
2913528024
2938662089
2854822091
2854887882
2856190570
2855674410
2864451118
2862877222
3148618038
3148354614
3114799110
2562199622
2293776589
2289602700
2285412748
2285478552
2284511896
2284482264
3358280392
3425401240
3303696571
3299535002
3501951114
3506220170
3514598554
3510600090
4064187277
4063146636
4062618316
4062618164
3794117156
3794072096
3810812453
3777245998
3760590894
3764781102
3773169710
3774219294
4040625358
1892493518
1887923150
1887886014
4119251597
3600209868
3600192460
3598102796
3593839420
3593773608
4131185192
4135513640
3086924328
2818480696
2818349608
2792135208
2787675656
2926084616
2791997961
2792264299
2788160041
2804707880
2771145320
2754238060
2758438876
2762504668
2779269372
2812861693
2812935422
2817256894
2808834974
2770938878
3173714686
3173649406
3177851358
3186108510
3051895870
3047889982
3047832670
2510892286
2510829790
2376612046
2414360718
2402023558
2267723910
2267720838
2537201798
2535170527
2542379500
2508817384
2492302072
2496441948
2484907548
3558735420
3560896044
3575537964
3590201384
1941897227
1941832714
1399729162
1361979450
1361979706
271530266
271334666
812391690
813434634
828293754
835367531
835298027
835236601
835224216
826839992
827044776
835432872
835433384
827307960
1901051865
1934598089
1930345419
1917237723
3796281819
3805654491
3872700379
3864302299
3883172569
3883172473
3984507433
2910777897
2910741033
2877170219
2877040187
3950778123
3933996315
3950785643
3950780539
3925696603
3902730315
3902787657
3901550665
1758257993
1749869129
1762517515
1762587194
3911108202
3915302762
3898461306
3906784378
1759304826
1759312986
1775744074
1800835147
1784054217
3927343561
3927351544
3926171880
3942949096
1799676393
1766319081
1833325241
1866859179
1711742890
1711549866
1711553706
1715739819
1657144495
1669726444
1939210508
1907754756
1891389200
1354558752
3499915552
3504103187
3500131842
3500065346
2510213826
2545857202
2528752290
3065545122
3065549730
3068703393
3056116436
3039355468
2754142728
2754094600
3828033064
3827967784
3849192489
3857126411
1743074315
1739330587
1739325451
1705775179
900464843
887932107
887919755
887987355
1961343387
1692907931
1692900235
3841433225
3858151048
3883311832
3057033784
3057033768
3057574440
3057541676
3057590828
3068928292
2796044325
2796044519
3064582310
3064516774
3081557142
3073164678
3039812998
3022969750
3157191670
3173935830
3207490246
3211750214
3203197206
3200044326
3200042038
3216822590
3183472903
3187598095
3162267951
3158053229
3158060397
3208579565
4265544047
4135455023
4139649311
4139649039
4141631502
4141671438
3592273950
3609128974
3558760462
3558473742
3560572006
3573155558
2494174950
2494239395
2494059168
2494101168
2494097024
2229835392
2540216196
2519308708
2519645092
2519640740
2519640644
2519575349
2520561973
3074403597
3040863261
3023429693
3023360031
3032372079
3049149166
3064745646
3064728246
3060009606
3055819718
3055818966
3055975446
3056004103
4133938179
4154893377
4104562625
4104568513
4234448513
4230778497
4230340273
4230437537
3160681955
3185847394
3185589282
2648718386
3698473986
3698472962
3702663442
3434162722
3434425890
3434356258
3434350131
3447457347
3475670465
3475674496
3475684736
3479870336
3333130960
3349781232
2275982048
2271799904
2271751777
2254974502
2280132142
2280197166
2280135726
2280134710
2279155734
2240490502
2240472134
2240520390
2244509837
2279113148
3328803228
3328806044
3329071292
3324885180
3325032636
2252273852
2252237244
2185129981
2189321742
2163106318
2158973454
2159014430
2158883390
2158867006
2158797550
2158798831
2162988460
2154613932
2150419612
2151634332
3493229004
3493733196
3493734156
3493750557
1417538365
1954330927
1971173695
4143560717
4143495180
4135095308
4135157772
4129001532
3055194412
2803544612
2753208884
2759516676
2763703014
2896709286
2896707238
3211275686
3190299830
3190504598
3194629270
3198821558
3199938750
3216519390
3165151439
3165184076
3165168908
3169434380
3156978204
3022633500
3022621212
3039463940
3074336260
3057574404
3057566212
2789196388
2935800676
2930525537
2930526307
2863552578
2867755010
3127797762
3123592210
3139965986
3089831170
3089770242
3098150454
3099080226
3099078246
3099078375
3099127261
3099110540
3120073868
2569636236
2603256764
2603330221
3140070045
3139988047
3140167183
3144299311
3114955117
3114954989
3116089580
3115895964
3111684236
3122178188
3121195148
3121260684
3926567372
4006258444
3998913028
2923151972
2787885796
3039453892
3022927812
3027045856
3026717920
3035372768
3031252084
3031311620
3031327492
3031294485
3031212582
3032262246
3036471014
3023882742
3023833266
2956921010
4030085298
4030082182
1911958662
1924541574
1924605334
1385443286
1387540214
317992630
309603990
303312518
307560078
328500894
328500909
328239021
311669245
305307941
304326435
1394642707
1394649859
1377933843
1378327057
1915197713
1915656464
1915657984
4067067712
3597321600
3614133649
3580430770
2485913762
2485917858
2489588962
2498041122
2493981474
2493981442
2493800966
2493834229
2510595556
2548342188
2518976956
2519112076
2520181148
2536958860
3575017356
3575017357
3574805917
2486257149
2507494765
2541188415
2548395327
2548330254
2539924998
2279878150
2175153718
2175144486
2175685606
2210218406
2478620839
2466037924
2453456020
2452393100
2452528268
3526277580
3543051021
3543068173
3513609743
1366113806
1433354006
1197948214
1198987558
1182207015
1180109841
106830849
123657217
73372689
341742592
1425978560
1425968512
1416466096
1412413104
4096767632
4130186896
3055859360
3055914720
2787630688
2800020000
2795563296
2795563296
2778773797
2812459294
2800987918
2788221214
2788216894
2788180014
2788622382
2788569114
2804293722
2770739434
3034972394
3030781594
3031304843
2494503561
2494306959
2225871566
2230086358
2217603030
2217649990
2221843014
2239664834
2256450242
2256450243
2524427185
2524287392
2524288416
2522201504
3059073008
3054808805
3054825191
3054823143
3054921414
3071678174
3071608814
3042718958
3049006318
3049078007
2512205015
2512272455
2495560775
2507935191
2234851285
3308662229
3312922101
3319080180
3314839760
3298095296
3302289472
3293679632
3289481248
3289678885
3222571029
1094117639
1140255047
1387699143
1388219286
1392480183
3531112885
3530064093
3525873724
3525877804
3510149156
3493389089
3493725697
3493725697
3497924099
3231581730
3231452962
3315341346
3332114435
3334080514
3467253762
1319819522
1320809779
1320722787
1316532707
1312469127
1261084801
137027713
204371072
205457584
205457840
207563424
76491488
76933856
78966480
1152688833
1168999107
1202688498
1206816994
1177456882
1177522290
1177407538
1311629362
1311597862
1580149294
1592736302
3669764651
3652987483
3636210250
3640134490
3367503306
3367502282
3367506890
3371774842
3371770730
3369607914
3365430251
3382306281
3656967660
3682108876
3661137356
3661145932
4214861644
2065280604
2065411836
2048569260
1784326572
1784412332
1784367292
1795885244
1762334964
1746607156
1746550052
1753120548
3908488740
3987768852
1871753728
1786814980
1791009284
1795211785
1761759770
4165079594
4240849194
3838056682
3839625386
3839363210
1641769098
1935403146
1918607498
845119626
845054090
1645125866
1646174254
1664984111
3777800228
3761023284
3761146388
2687421956
2687370756
3022652932
3023701556
3170371109
3166189094
3114796070
3148350518
2594706550
2594722914
2594749554
2594749507
2590551105
2587404352
2587404480
2587535552
4181371072
4164610499
4163505858
4163450594
4163449570
4176032418
2830643878
2830635950
3099070894
3097253307
3101447563
2567466889
3641306825
3641435656
3641337656
3646842152
4292856888
4294609944
4277835800
4277835800
4009400328
4009466952
3866657992
3862462712
3861479656
2772095976
2755277544
3158188652
3158189612
3170643493
3032231463
3031179047
3030912102
2510818550
2510822551
2510871701
2515048580
2506668420
2506861188
2486872772
3040521940
3040521957
2973349606
2956497510
2956513890
2955473506
2955412066
2686976610
2687056118
2691381462
2695592134
2729113733
3802855556
4075485312
4129996928
4130979968
4130926817
4267204710
4292354406
4158268710
4158270806
4124715462
2113546390
2109290678
2109226151
2113417389
2113429901
2105074377
1971040793
1971036699
1949868555
1950131739
1887223355
4041050923
3504311101
4041116509
4108225373
3026104140
3042944332
3059609868
3069887324
3199910684
2667206172
2658811452
2654550572
2654743085
2671521071
2631673067
2493251754
2493448346
2510237834
3617337502
3332120750
3336359078
3323776182
1193116822
1362071686
1344712902
1881318159
807577103
543398431
551651869
551598909
1642113340
1629529116
1630646281
1613926410
1630715914
1662438698
1675553578
1654639150
1654508094
3801931022
3873239118
3860656335
4145967309
4095635885
4099822509
4108273317
4103954357
4103888789
4108124101
4124962645
4294962741
4143836725
4143212053
4143277589
4134998549
4151771959
4118217079
3562341479
3570670695
3570678903
3570744405
3571334405
3567138565
3566016023
3565965911
1435259607
1468856279
1456271287
1456253862
1447869350
1980603303
2114423703
1845921159
772179399
773230647
779395119
779395133
790671412
1814097968
2082944032
2082878752
2082872864
2095450656
4238805745
3701934802
3702790850
3719573186
3348377218
3334765730
3334794402
3334778018
3330581682
3331241090
3536753795
3524101299
3525084577
3525084581
3525023205
4061701493
4061966205
4066221852
4066287388
4150173468
4150173468
4116614941
4099902773
4108303637
4238325815
3990206502
3990665254
2937890854
2938023223
3932087559
3948336133
3948266804
3948172324
3942925412
3942976628
3925962053
3926093142
3930319718
3938699878
3955477030
2843856390
2827020806
2827021838
2898341406
2890014446
2885879470
2751465134
2764310190
2778476463
2797095081
2796079256
2796075144
2800265224
2787682312
2787748876
3878592524
3777945612
3760635917
3761652015
3832693547
3834867305
3885357672
3884235384
3871652809
3859069896
3860117448
3843879629
1679704783
1681789934
1681797614
3962512878
3974376678
3970373814
3970324694
3986868678
4020407110
4021390919
2794493476
2797643556
2785075716
2785145364
2801865252
2802061860
2803237412
2817917476
2813591840
2913210466
3165394162
3166443730
2558269634
2554271874
3627965058
3644750466
3682495106
3668894338
4205634178
4273779619
4271677857
4208764064
4198821028
4194626692
4194657412
2065047748
1762796005
1746015021
1813381679
1760956971
2025838107
4171815691
4171803403
4259887883
4192971547
3120204747
3120205451
2562360009
2629485273
2629354088
2629620264
2642207272
2541602604
3061774124
3070149412
3065966852
3066029044
3070026405
3078406831
3073921678
3073930910
3056155054
3056277674
3056228522
3060431002
3070159054
4142589966
4142654479
4134265101
4130005519
4146778654
4029288990
4029300510
1881804086
1894452262
1890128934
1958294573
1958555708
1956393229
1415327005
1410132271
1410124078
1426909454
1426900238
1473167630
1602917198
1602924877
