1152760056
1280751848
1275508968
3439765960
3725494668
3725497741
3739136398
3734942094
3734942142
3734413742
2676335014
2571412902
2550459886
2550427118
2550148478
2550211966
2554472238
2563901038
2626880255
2625648287
2642421389
2306876301
2306880392
2311131576
2312319416
2287170040
2287063320
2354087192
3715145016
3714099480
3747653643
3747784730
4280715290
4280781898
4248079498
4246049946
4246114474
4245852394
4245868778
3960623150
3828494646
4101120279
1953903409
1962350368
1962351392
2113223456
2146777344
1601579264
1601583168
1568017729
1290209267
1152320226
1286550114
1286550130
1285894770
1290023666
1290019506
1290105474
1273352834
1256494978
1256232338
1256232082
1256296594
1247908050
1517416691
1515249765
1515249768
1522589992
2042752808
2084805160
4232157816
4232157768
4249983688
2138094281
1853132619
1852081498
3995435130
3995246634
3995246634
3928137770
2859642922
2876432426
2836586810
3893584394
3893589594
3897759482
3906143978
3918530218
3935323817
4002432952
3998250456
3993035848
3993034760
3994132552
3977421896
3964843336
1819463625
1819725513
3967272697
3832895209
3832816488
3832815912
2756977960
2756719912
2765303080
2777841512
2776817656
2810496968
2810487241
2793710027
2797908202
2789577066
2789638506
2785445162
2786500394
2803105594
2803105050
2769483098
2752762955
2752725211
2756923611
2906862843
2906862841
4014153209
4014424057
4022812393
4019140345
3986494105
3986174603
2912428938
2916622746
2904039866
2904106426
2904178110
3965332382
3969608527
3972000285
3971989261
3970733324
2913775628
2775887885
2905976893
3172385127
2886124519
2890319591
2898777831
2898645719
2890232647
2890359111
2891342085
3925235517
3959375661
3934080575
3928829711
3928567051
3928566025
3932768313
3938256937
4206823471
4206836767
4208795662
4266402126
3725402526
3745915838
3699782334
3699770022
3700621990
3566207911
3566236581
3562074501
3557859468
3559956556
1411621900
1411623948
1411624220
1428588829
1432787231
1608947999
1592188190
1593171262
1582581054
1578385438
1577254923
1577201691
1514283309
1254301997
1255285532
1251349256
1251349000
1251410440
1255490248
1272828552
1230997128
1281330841
1281199801
1276952249
1478340505
3627918745
3632104921
4168974361
4176261177
4176322601
4167935273
4168066347
4164940331
4215099946
4265345578
4263253738
4263262122
4133236138
2009935034
1955478687
1419648399
1419641223
1354634115
1358824323
1089356739
1357377843
1357160739
1352967457
1373940001
3555174657
3529939713
3597044547
3592850115
2519041763
3061101539
3061113831
3061113319
3069468783
3069472879
3082049015
3030833111
3030841303
3035094775
3026505463
3022311383
3022118359
3076779351
3068325175
3059965751
3059769111
3055566607
3059756863
3084987695
3047372070
3030533398
3031647574
3035645431
2488321527
2500916695
3036931527
3070422469
3074616773
3075669460
3075603924
4149274580
3075535844
3074544372
2990719709
2991735773
2991670767
3008386287
2976931055
2960293087
2960293071
2960285135
3027455823
3034599215
3051382318
3080742446
3068224030
3068490254
3060126542
3060913646
3077629166
3050368174
3033789854
3033712590
3025375966
3025203838
3027301946
3027300142
3044112702
3059956798
3059946558
3060990014
3060989982
3195146270
2647797854
2626827358
2626846046
2626780510
2630942047
2513499469
2538664905
2539025097
2522239705
2530694825
2530549417
2530482857
2530491305
2540993723
2540982523
2507423963
2491367499
2491314441
2491343641
2491343387
2491278905
2491215401
2498554665
2515327289
2548353051
2657470539
2658651595
2658632075
2656539531
2530734491
2530668971
2513883563
2497082793
2497079737
2499176857
3497470909
3497275308
3509858732
3542171832
3525460104
3525460169
3525409818
3525326874
3525339166
3542149150
3546463034
3517093386
2963702286
2964161037
2427224636
2427228716
2431418924
2485944868
2485961268
2620356148
3157159468
3157157932
4230232111
4226615358
4205725710
4205508622
2062251022
2053656606
2054705278
4202353134
4210745838
4206551982
4273530790
3736661382
3740854662
3738741127
3730488823
3746229749
3612265792
2505493760
2513882416
2505949472
2505835265
2501644805
3574075919
3318354463
3315209838
3449424878
2377648622
2376603822
2372434110
2368257166
3442189710
3358237583
3375014543
3387594637
3416950676
3685322164
3757872548
3745309860
4282179748
4248609196
4248740781
3984499677
3992879837
1841074909
1744610300
1732043628
1732064632
1732187512
1949709608
1948661035
1885474094
1889667374
4037347598
4037343502
4038372110
3502030598
3534258950
3534389765
3601498624
3601498736
3609768544
4096304736
3022559840
2754255136
3828000800
3866815520
4143596546
1983522114
1982477890
1445596739
1462636130
1466702626
1990989858
2125216802
1588339714
3736003650
3735741506
3467281474
3471543634
3454640098
2364077794
2364024546
2296981222
2292788966
2292715494
2292742631
2292775397
2565396933
2565380420
2573901636
2607464164
2599071204
3136007396
3127422180
3123219700
4196965572
4198087876
4198165700
4198165748
3927633124
3944402932
3906653892
3904588484
2830719700
2830658293
2830642813
3103272511
3094887982
3094887982
3093839150
3098023150
2846377198
2879964350
3131618438
3131614343
3136857477
3191385988
3191586740
3191536548
3190454756
3056220452
3077445684
3047557140
2493978900
2493857557
2493855239
2493805062
2498023998
2499596838
2629620270
2679673454
2662892526
2657666459
2653485449
2653550728
2653649096
2636806392
2621061192
2623154440
2631543048
2631474969
2681743145
3470270761
3465085231
3465101342
3465072702
3737691174
1578675238
1578743862
2117765126
2100988934
2084471878
1816039495
741314885
1815053013
1815069413
1814976229
1814903525
3983292900
3853269220
2762750196
2762897604
2762882244
2767074180
3031388804
3031265957
3048157863
3048026790
3052152494
3043765678
2502170798
2507545758
2515942538
2511744139
2511695305
2515822024
2507531720
3563577673
3563316089
3697533753
3697300283
4246734138
4281408794
4281493562
4264716330
4268977194
4266709066
4266709066
4274032906
4274106682
3754010410
3754012458
3653347646
3183655198
3183664414
3179463998
3180775214
3181365039
3187492413
3178776124
3172750868
3172810292
3206360612
3205852516
3208932452
3217325156
3217038548
2671852740
2638364100
2504138580
2496007796
3565624948
3565956965
3566038885
3565746471
2445855014
3507014950
3540573206
4077452310
4077644102
1913317702
1913584455
1666042695
1666042839
1674500983
1674501990
1674506086
1942875990
4081348166
4077132358
3540257374
3506899582
2416319342
2428905774
2424727590
2491934743
2491743236
2491718740
2509016932
2542583380
2673643204
2671741653
2671745766
3141442278
3124665318
3124664742
3133071270
3133038487
3127656324
3123455364
3190556068
3173913760
3157144737
3170771095
4238222470
4237108358
4237059462
4237094294
4107201959
4125018535
4116512221
4116578253
3579830237
3581824607
3615444575
3614907935
3749000766
3732219710
3756340542
3756274750
3757387886
3757912191
3757928655
3747373261
3747471829
3747607037
3747603453
3757893629
3757899773
3723869565
3723992445
3715603805
3715226973
3576952157
3576943965
3574781437
3562198013
3562206173
4107466717
4107655165
4124375021
4124374511
4157726079
4157771103
4132668751
4151432543
4147177311
4113819487
4113757983
4101391677
4101456173
4109717869
4109657596
4059325948
4059395548
4051074973
4084662205
4082620351
4082419135
4082401759
4084502558
4084569119
4066753855
4066749743
4066749223
4075158839
1927732503
4067836947
4067901491
4130816034
4130750498
4135469074
1987998722
1450065218
1475284290
1357843315
284105315
276634145
276576817
276573729
282865185
285025825
280897025
331292161
314314241
47976019
46926691
315365731
311179619
311179619
848042339
852261239
869038423
869136727
869267959
869267943
869235191
835541335
835541335
827185527
827308535
823114231
823115223
860732895
860732895
575512031
575510997
575510997
571324917
571472373
856126837
822538597
809952109
818340589
814129885
818197199
1891929053
1884064253
1900845551
1934596335
4077828351
4128156046
4128155534
3592352398
3749577358
3723367094
3752211366
3735303590
1593061475
1584672803
1582325764
1578360836
2115215364
2115222532
4111636480
4097218816
4097215232
1881508548
1882181316
1882157764
4033819365
3765183206
3773572070
3773572582
4037811430
1891567862
1891506370
1356081346
1347692738
272895042
4572482
281456979
281453395
281453123
835101249
1925621569
1984399681
1985842032
1980537568
1712106208
1846307488
1846413956
1846941316
1848771239
1868575662
1872769198
4021293230
1804603630
2039746574
1570054158
1570661390
1287629086
1287235898
3434654187
3707280296
3713633192
2638973592
3209399944
3205071496
3209536216
3142427176
3142427181
3210215215
3208562990
3208251438
3140093998
3123316782
3127522366
3131715614
4206374922
4206370890
2060985546
2027567595
2019178921
2021264296
2029652648
2021132940
1484553868
421324684
453289356
436725149
440790445
1598283175
1598195110
1606594998
3754079222
3746595638
3723797014
3723796998
3701977606
3701904902
3702447925
3702442276
3698149668
3425437988
3426552064
3424533312
1142828864
1141778177
1145512243
1153769763
1170550882
1120284754
1121349698
1112949826
1112884546
1112329570
3268214114
3264015650
3264019810
3263995238
2206834166
2240462278
2240458695
2219351965
2216206013
2216229613
2367192815
2367307759
2405049711
2673483821
2673434669
2639917180
2647253116
2630460764
2630396236
2617805324
2634590748
2634656284
2668620316
2672750092
2676941340
2676924972
2676855340
2643231599
2493284838
2498528678
2490141874
2490210482
2486040754
2620291222
2670360726
2671390086
3195956614
3219058054
3214795954
3213141174
3217335446
4244935878
4010183702
4010191878
4014386183
1867951109
1863756853
1796725797
1796688935
1798704167
1765673070
1866336494
1870466478
1860767422
1857762975
1857758877
1857762996
2109413040
4238098048
4238094016
3697028609
2619238929
2619238947
2365479458
2243299858
2260077058
2259094018
2192312834
2192313634
2192319522
2158765154
2158783713
2158820480
2154597504
3291254144
3291320192
3308164992
3324965760
1177444736
1178494387
1182231970
1190488482
1188428258
1184168290
1184169251
1200936241
1167368465
1289003285
1280832309
1276564279
1142347559
1410256691
1414450115
1439603139
1473117569
3620011393
3326363011
3322217938
3322288114
3322294066
3327541042
2262249250
2260021026
2394170658
2394698034
2394689846
2260205862
2260226342
2264434020
2271776252
2271845852
2238299012
2234104452
2234104452
2368322260
2368465620
2369481316
2366253860
2412391717
2408186918
2408251414
2408190014
2374722670
2311609454
2312653166
2304375246
2304338894
2304256846
2337876814
2338049486
2346369502
2346356974
2311692526
2311618735
2287501453
3357058188
3359157388
3358177420
3626731660
3627718804
1480239764
1480256084
2017123860
2016331268
2032522756
2067031573
2054250786
2056503330
2055323874
2055458994
2068001202
1526740914
1493188226
1526741446
1526863974
1518475302
1518471174
1250367494
3397674054
3398209877
3398206460
3666641516
3663504936
4200375596
4208962620
4204241980
3935806508
3927024677
2853276711
2937228391
2937507751
2906016422
2906524294
2902407814
3166517910
3166448306
3166448563
3166505201
3166656593
3166697728
3180702976
3214192128
3214192148
3197414932
3193224756
3055353380
3072068132
3074165541
3073313063
3077442599
3081649190
3182312574
3182177526
2578197958
2578193094
2313947846
2301364942
2302352990
2302295326
2300193854
2287676511
3361287245
3378068684
3373890764
3372870796
3406539149
3406539149
3419138509
2341206479
2341042687
2342210927
2409252711
2409256823
2409284455
2275197799
2278852071
2415166951
2406782391
2406331829
2389685685
2389677493
2386533812
2403318996
2403249348
2403249221
2403263493
2401166343
2405360711
2380096726
2380096918
2380167094
2363383479
2363379349
2363362949
2365333140
2356686460
2352492332
2352488252
2380930845
2276142863
2259232542
2259244862
2259190574
2259190054
2209907174
2159575719
2157740709
2164032161
2151449265
2151449233
2151535251
2487104166
2487101350
2502829286
2548442230
3739693086
3739557899
1583816713
1579627528
1581206536
1581238552
1602021656
1297918024
1281140808
1276943560
1277001800
3424551176
3573457721
3583943210
3617497642
2459870062
2459475950
2459471334
2451098006
3527008134
3526965199
3543803597
3543803676
1899636524
1903756588
1912091949
1375221037
1373386015
1355567566
1347209166
1355581070
1355652766
1351588511
1351596959
1904716767
4089883133
4081495516
4077301084
3003493724
3003432572
3007682156
2974275116
2433168949
2433166902
2437361206
2480226086
2478574630
2477524006
2208826422
2208896006
2175341638
2229918919
2229861509
2221471877
2217335189
2234243509
2268747959
2269018615
2187226567
2194566599
2190341591
2207109623
2208084471
2211755431
2213843367
2205450741
2267911125
2268525397
3342262533
3342265621
3342759957
3273586705
1126033425
1394403345
1394538496
1394513856
1363051137
1429832323
1412141715
3492541107
3492541091
3492598435
3518820771
3552371877
4072469677
4139646173
4139690077
4133398589
4129200189
4282297375
4248742926
4231943182
2084438030
2084241422
2084114494
2084254506
2096767531
2092630569
966341128
2023236104
1488463369
1220028938
1224227354
1231554826
1227376906
1261025546
3395926282
3400044810
3400106826
3417277274
2343539435
2309468904
2313528040
2301992556
2300029508
2336729396
2345116708
2340921380
2609356908
2342355020
2315026541
2301133291
2317932526
2317949934
2385125350
3391758246
3660201382
3665439894
3633867911
3638093959
1492822151
1555736965
1555467141
1570870723
1591783541
3592462437
3592462437
3593494759
4113653991
4094846447
3033680622
3029781230
3031878350
2696202830
2717166094
2750720526
2731904575
2723448365
2719266348
2736042552
2702553660
2702561836
2704601644
2705125932
2704032356
2708210597
2708210615
2716598711
3790410167
3790410135
3790418071
1638740127
1638871131
1638805531
1622025227
1623074827
1908287499
1939662923
1939639499
1389135243
1389199755
1389281738
1390334282
1386116379
1392437547
1392438059
1383885611
1379691291
1378627915
304873867
321798539
276693435
352203705
350106297
349647549
341128109
340795821
349184297
881885225
881885195
615557129
883992844
886090012
1959835708
1951635724
1997707212
1980924556
1446134412
1378222783
3530429102
3517851302
3500944870
3500944418
1084503042
1168515074
1172709382
1206738951
116175124
242203924
237934852
506365956
506103812
1043052612
1042846724
1848410140
1848410172
1865322604
3963527532
3963544292
3960809188
2887007968
2893287079
2763263654
2762215078
2778996662
2813074646
2813074646
3048167551
3031332956
3031313164
2490182156
2486966796
2217544236
2234400045
2515477614
2544709870
2544632046
2477576382
2477563022
2481752198
2469239175
2469247941
2537536068
2535373316
3038686733
2970527247
2970542606
2702169854
2773280750
2778528942
2780613806
2812923050
2812927386
2804545421
3073079244
3073041740
3073043756
2817517612
2813196340
2813327380
2817193988
2808784900
2804595732
2805629988
2772141412
2772092741
2755323589
2759519956
2767780580
2767768549
2775320805
2771127548
2704018524
2704227420
2699967868
2695768636
2695772724
2695700020
3031178804
3047962453
3047957974
2494313714
2494368978
2230257810
2221807762
2222856434
2222798962
2220701715
2245933057
2258511873
2258513153
2260608257
2260206881
2260223011
2263400546
2263646434
2263646454
2280493206
2213384598
2205128598
2200813206
2200746678
2470230710
2470361750
2973678471
2973674372
2688462476
2692656780
2688528028
2705190588
2703550204
2703505004
2703491628
2703495724
2708210476
2708218940
2695635996
2695656468
2712525877
2712640567
2712574070
2712574790
2971634182
2971646487
2736695829
2738809364
2738810676
2749711652
2746025268
2745974053
2750168871
3010203430
3010203494
3010271606
3018660950
2460818646
2461875350
2478652566
2157720726
2157786242
2164077698
3229561985
3225367744
1076835328
1144994816
1144929280
71186432
71182336
71182336
71108865
91049297
91049939
99473395
133158899
133011443
116242387
116243859
116243891
116374963
116374963
1181727923
1449895059
1449894291
1449833091
3597316755
3609887475
4096372450
3022580450
3022580386
3027004070
2768001446
2763803831
2763277447
3036038533
3052823941
3044435793
3040095795
3173264178
3206888210
4280760626
3748600882
3739950130
3668579346
2594836482
2326410242
2326270994
2326281314
2348345830
2296220374
2295184094
2563025535
2575608621
2575416100
2609027876
2614265860
2608105476
2569328676
2569275492
2569209957
2569148775
2570197607
2576497255
2575379191
2306878151
2407803525
2407803781
2240576901
2244595133
2247855533
2172226989
2171177381
2167007637
3240749509
3240880452
3240814852
3241044229
1126587655
1126591750
1127673094
1127607606
1125960982
3277638934
3284716822
3247033622
3247177015
2156588405
2156587508
2156653492
2160708532
2177420212
2178534324
2174458292
2176495028
2180689312
2171315617
2200732835
2200798451
2200409154
2200431618
2166713346
2154114338
2163087650
2163088162
2158889506
2158565890
2158504450
2280209154
2263486210
2255097667
3328794560
3345514432
3311992176
3295198560
1147713824
1143717152
1193983280
1110097152
1110097152
36346880
304778240
304778304
371952849
926653617
892968097
1679343009
1679338401
1679354787
1683815331
1700592615
1742012391
1725033815
1716645207
1716645239
1716645221
3881041253
3879951732
3846397268
3846397204
2755861780
2755739444
2755737381
3029415463
3046192678
3081977638
3199536422
2662074418
2666006546
2384988226
2385054162
3476691698
3426365138
3371839170
3367644866
3367708354
3367653315
3367755651
3384410065
3383361264
2309619440
2380846816
2372466592
2373477280
2381866400
2381901220
2243684788
2243557557
2247674279
2238220711
2234227134
2234162574
2200613326
3278483918
3555238015
3555237989
3513294949
3559494756
4096494692
4096432500
4096440628
4096453428
4117424404
4159438100
1986788357
1986753543
1982403602
1445532962
1445672738
1449803298
1458200162
1454104146
2007760450
1978380098
1978375491
1953209411
1953209427
1953209425
1948890225
1948906721
1948865760
4096480740
3828307620
3840874148
1693257380
1693204109
1642360461
1642393567
1642397679
3789674351
3789666111
3848388415
3848314143
3848322335
3848318223
3844320527
3844259103
3877821759
3878864167
3878831399
3866301735
3866170663
3874567222
3874567218
1725109298
1725305858
2010520834
2010520834
1971724050
1971658291
2105818675
2105814547
2110023253
2110027733
2110060501
2101665749
2101628373
2101870037
4232572405
4232572391
4240817511
3162808102
3162814998
3162810886
2915346950
2915352086
2949025335
2949023525
2923869476
2919744612
2854175988
2854030580
2853899428
3929671844
3942258916
3938126055
1790515318
2058889222
2058889478
989538566
444219138
443174674
443207426
506105602
1063947523
1030719747
896370755
611158227
606963923
606968050
607108259
607106211
607106215
1680863653
1680733093
1680683685
1684812463
3831768750
3841207982
3774102126
3769907742
2712939022
3014928910
3014994703
2998215965
2475954445
2442395917
2157183237
2160329527
2160398883
2160333346
2160333410
2151946066
2152144130
2152077314
2194544642
2261653762
2261653762
2262768406
2262326806
2262323799
2262352605
2262356716
2264445928
2264441832
2247669164
2247736748
2220600812
2153426412
2153446381
2153438191
2153700334
2170313070
2166119790
2199674238
2204054862
2170434894
2177852766
2177721855
2177727989
2169298389
2202848725
2198723028
2202900948
2202515908
2185734612
3259349372
3255302525
3255303485
3255299349
3255299415
3255299415
3276266999
2177287671
2161034711
2156844437
2173558197
2177686949
2177392039
2202565559
2202741655
2177510327
2177510327
2177510309
2153332733
2153258460
2153324364
2161727308
2161698620
2153572132
2153555236
2153551141
2161938199
2160955351
2156892086
2156896166
2162138018
2153749410
2149498802
2149494706
2166269842
2168432595
2269030147
2267983619
2205085443
2213017347
2175136035
2158358819
2493903139
2493890853
2499133749
2513763629
2522142765
2518141053
2518075597
2518088079
3591896463
3595850639
3552854942
3519300526
3511120814
3506856870
3507905927
3545396611
3555967443
3533762915
3534020899
3550782753
3554977121
3513030001
3492185425
3492185939
3492185619
2418462227
2418465283
2439473667
2447730179
2498060849
2493854497
2493788449
2493776165
2494824501
2497002557
2538961005
2522335485
2522269903
2522331278
2522135950
2522125710
2539422622
2546762426
2546971306
2539578030
2539578094
2539582167
2541668309
2541602789
2549937509
2545739109
2545741101
2549411133
2549480733
2541178141
2671201599
2671080767
2675270775
2650273015
2648102391
2643907991
2648167831
2648495511
2505885175
2501756151
2501895391
2501897439
3040308703
3044503039
3044507119
3052752367
3052750335
3044361695
3027629903
3027760967
3027695125
3036085781
3036145157
3052791621
3042243957
3075862887
3076444663
3076444663
3042922871
3044888870
3078385703
3077337127
3077509431
3077452047
3044423437
3036044813
2499234397
2499103357
2499042303
2499026911
2507412942
2541031758
2539065614
2547450942
2547459118
2530602023
3080564007
3080697621
3084883460
3084420612
2740487700
2739439140
2735244836
2735443492
2735386148
2802495012
2770071076
2904190500
2906328804
2909277860
2917928629
2913738641
2913746323
2913746067
2913286322
3165067410
3164813458
3164743826
2632068226
2649893954
2683464706
2679631106
2679418642
3199512355
3199511333
3203709732
2884934164
2874449412
2903875076
2886966836
2886895140
2886913573
2886880869
2906001381
2943683575
2926844855
2935232951
2931103991
3199473879
3200006230
3197970454
4271777810
4275988482
4267632643
4263421955
4265524225
4282301440
3963522304
3962015488
3962539584
3962408656
2888670961
2888826530
2888138402
2892242598
2900629414
2900636130
2896441570
2897228018
2897420531
3165790417
3163758789
2631148741
2625051077
2624994245
3715513031
3589675719
3583326918
3314823110
3348377590
3331614167
3334993359
3327579591
3323385303
3323302903
3338990567
2269438950
2244268902
2240070950
2273592614
2256991526
2256989478
2391207203
2392321329
2392104741
2396819237
2390527781
2390525535
2335933263
2289742703
2289738607
2289754671
2289827389
2289646109
2285386253
2352495119
2352749390
2373847278
2415791278
2394816654
2259550350
2260549774
2264454559
2256041645
2199400125
2199465629
2201693869
2205892013
2213231791
2209164463
2209103007
2213301455
2204486735
2166852623
2166861071
2167385373
2171577629
2179704124
2213197116
2213254444
2213121316
2204682741
2171136181
2166958263
2150246567
2151291303
3225292183
3223201671
3508418181
1360807557
1394401157
320667028
302840244
839141556
840173716
840313988
840314036
320234981
301385319
816088627
815830530
815834626
1893772802
1910549298
1944304435
1986181939
3598100737
3593907457
2520186113
2518076721
3072214305
3044689697
3032171045
3031028277
3030970901
3032019549
3032020703
3044605423
4146645231
4130162863
4130240767
4129695967
1983260687
1920349197
846598157
855052301
846537013
846553893
846652209
855017217
870745920
837649856
820872385
820878545
812489937
808302833
808433761
1882175587
1613757795
1613594467
1617766115
1894590178
1890530034
1957562050
4105050050
4109319618
3563864018
3572252258
3572248290
2545434338
2528777922
2528794178
2394543682
2394470339
2394465761
2410194145
2380850405
2271793381
2267693269
2250916293
2273211333
2281334772
2549708772
2516088676
2516117356
2541282924
2469955133
2453374477
2453386831
2453378767
2470086638
2975514031
2975579581
2971376013
2974539725
3041648349
2547742255
2547524142
2549621294
2549621550
2548568110
2548826158
2511077422
2510750822
2511733958
2377526407
2379688068
2379491716
2371099028
2400979380
2401177020
2367301564
3445236732
3445318140
3310932397
3310916015
3294142910
3294145934
3294145422
3558587358
3558513614
3508468174
3542022478
3546210126
3537326942
3537195902
3537326974
3537195887
2454983529
2203326312
2169768200
2178357512
2157259064
2157721896
2157714729
2157773115
2159743259
2159616314
2159567146
2158555435
2162999595
2154595625
2149943561
2166799113
2166799115
2166798666
2200353226
2200288410
2170859706
2180296858
2176168090
2176291007
2180436157
2171010557
2200370804
3257302580
3257233972
3261424148
3261588021
3261330021
3256914407
2468381159
2434827750
2418051014
2489421534
2506288894
2514643935
2247240143
2247240141
2247493853
2246445293
2246327468
2246325437
2413834733
2405445933
2384482605
2384511757
2384520964
2388717332
2414935844
2377178916
2375278373
2375210277
2375210279
2410843431
2398588726
2399046422
2399112022
2390530934
2406783334
2402614646
2352375126
2352361794
2356543762
2364999458
2364813155
2364878547
2222267267
2218527107
2268989571
2256148611
2264541313
2260339841
2259487873
2264716641
2264704288
2415699744
2377951012
2360125220
2364315428
2364313125
2355924517
2351549045
2368359125
2368355031
2369661815
2369660965
2338138149
2346526743
2324655111
2324603911
2325721367
2346484263
2315026982
2289600098
2288553570
2288618338
2284558834
2284546499
2284398787
2301241537
2318018753
2322232769
2326446528
2326446784
2326303472
2330506976
2339945185
2335746657
2335746659
2318969698
2319042914
2319107906
2319086530
2671408066
2642035650
2629486067
2628357347
2628291811
3165167079
3169367527
2490933703
2486886606
2484740286
2484675758
2484807855
2483697839
2504661437
2546863001
2525956745
2526282441
2257851209
2259955977
2259951657
2259443753
2276204587
2238194795
2217233643
2217364314
2217347658
2221550154
2221501002
2246635018
2280445706
2191819018
2192015642
2196222250
2196218155
2254938921
2255455048
2255127496
2268761544
2235226520
2216343720
2350622889
2353899947
3437012891
3705459339
3696607899
3692483515
3692228779
1544840427
1544825083
1544825034
1545349322
1562187866
1172188730
3349029434
3348836890
3333947978
2260235850
2260256319
2277035884
2277101556
2281326548
2382002036
2380953380
2380911908
2380845348
2380853541
2380833061
2355863845
3425337693
3425337805
3426386381
3426264525
1276684637
1276684637
1549445917
1545255693
1564379973
3728117575
3593962438
3592786902
3592795102
2520244990
2520130294
2518034022
2471900710
2446663270
2425627110
2427723950
2427723945
2426405048
2426454168
2447412360
2469496972
3524430220
3524704716
4061576652
4061636044
1914151375
1930879438
1897275850
1897268074
1897268010
1895174954
1890915626
1889803547
1889822987
1907681547
1911863561
1400802057
1384024328
1384025288
1379893384
1378664604
1378091164
1933447341
1886794671
1888887470
1620387502
1620324070
1622436478
1885634142
1881957966
1898717774
1931817550
1933509226
1937703274
1939475498
1908095018
1354360878
1353230350
1424533511
1412017159
1413194757
1413125124
1444580372
1448774948
1917488436
1913276160
1914319616
1914315312
1981751844
1935614564
1889346221
1888236206
1888228254
1888224138
1883521434
268752298
268737755
823166987
846366731
845326347
316844062
308389918
308788238
304530446
305020942
305004558
376377398
384507943
385703975
385736993
377485105
931041025
931105537
1030720833
745380947
741186771
606975219
606973155
607104167
607107239
1680837031
1680444327
1680464615
3832085220
3832052324
3832098404
2758356532
2892572212
2909285988
2850828004
2913738468
2913734308
2913734325
3164871606
3165927830
2629052566
2633238678
2354321558
2214947014
2236050502
2240113671
2240146695
2273754405
2273754981
2279051239
2505871359
2539424735
2521668063
2521807055
2656020685
3188567101
3188569133
3121561661
4213051661
4162724367
4162463278
4170843758
4170714858
4170713834
4170718138
3640138122
2289576078
2289592527
2283301005
2304322765
2342202829
2324592637
2325640941
2392225517
2392180455
2393951975
2389757797
2255589173
2271387413
2271457076
2279712292
2271323708
2673972828
2671085276
2637536927
2637609662
2638146218
2637982382
2637695726
2620066558
2620013918
2641308698
2645304334
2645304334
2577933327
2579178767
2581212495
2312841447
2312636647
2304247973
2304317637
2338007237
2337941701
2337941573
3420073269
3420273957
3416005925
3382459445
3382524949
3386734901
3377223975
3373025575
3406584119
3406818071
3411011861
3411016021
3410884957
3376789852
3376789853
3385179485
3385696206
3381641182
3381640174
3385572334
2303302638
2303314926
2332805630
2333858255
2338057676
2340158924
2340019660
2346311068
2346302884
2311830948
2307566068
2576005605
2580253157
3109652839
3143207463
3126565399
2854140679
2854137094
2854202423
2856096871
2923414759
2922794151
2922777765
2918582660
2897623684
2767600260
2899655316
2900110052
2898013732
3166447156
3165397508
3165389589
3165126950
3165144358
2632469886
2641951230
2642127102
2675611838
2541391006
3078337934
3078202766
3078332814
3086656415
3044733871
3044721069
2956641695
2956873119
2956950715
2955705579
2971942235
2976318731
4083623690
4075103771
3521461787
3504683837
3571783972
3571727392
2498046992
2498196480
2633420800
2625011968
2658566848
2667479680
2666431106
3735650994
3735597730
2666066402
2666066018
2674422886
2619942982
3693750278
3695077379
4229884161
4229888769
4233009667
4107109953
4120674881
4141326912
3598099008
3593900608
3594437312
4131144672
4131156193
4116477153
3030153445
3032377527
4106119310
3584699270
3580496518
3559393922
3492284338
3496480930
3571982562
3567788130
3567788130
3299483651
3316281345
3354058497
1198361089
1181720065
1315624465
1315623699
1332334899
1332269089
1332274208
1332340768
1315612736
1584040064
3731593344
3727399056
3727398016
3593306496
4133847697
4142318243
4143436455
4141098727
4149489254
4145293070
4145291278
1971204138
1962803243
1689911323
3837419529
4110020360
4107844104
4099709464
3579611656
3743189512
3743320584
2669593096
3178873464
3183010152
2679758952
2662916331
2528690414
2528690414
2256028102
2268727238
2151291870
2150513022
2154707070
2158897406
2158963934
2158768334
2158768334
2230075791
2221790109
2150432701
2151479973
2150955940
2148641204
2165550212
2182254788
2253553668
2259845124
2259853621
2259725606
2259724582
2259724582
2213591342
2473952750
2455470526
2455409038
2195370893
2203707020
2199400092
2199399100
2201693164
2200578348
2187995437
2192186415
2192049166
2193372366
2210145422
2210139310
2178485679
3252358575
3246268309
3245227924
1093431220
1092943796
1126485396
52534724
287419724
287419661
807517215
811767839
291674397
291764540
1092643132
1092642092
1096971052
3236320045
3232105245
2159346463
2159808287
2159827774
2159823150
2157955374
2178861359
2188298575
2188285257
2196738377
2196615496
2188162424
2188162152
2185018473
2185092201
2183060601
2183060557
2187263053
2204040525
2170552189
2170412925
2170527453
2212470749
2262679519
2264710639
2256322031
2252127471
2267987166
2368641222
2356058566
2351954422
2351708774
2351708774
2284726790
2288664070
2293907062
2293776230
2293771750
2293771735
2298002893
2306379213
2339937741
2585374189
2584456428
2588585196
3126568156
3126439116
3141110860
3106637916
3106576484
3106592868
3090841188
3162138148
3170763316
3166638677
3166642883
3166462674
3165452258
3031223526
3052194023
3043805399
3039721665
2502845891
2486067907
2490262242
4101772002
4096529122
4113306098
3039757554
3077493970
3001998528
3001997508
2456811588
2523920708
2523904580
3064969828
3064768108
3064259180
3064250909
3068445547
3202674990
3194229038
3194229102
3127645046
3123590102
3127257030
3152440758
3148138662
3148662966
3152857302
2603604167
2604591175
2602462471
2602443014
2669486374
2648514918
2627678694
2495545774
2495349166
2493776302
2225343886
2221152655
2218056588
2218720140
2218699404
2217650884
2502928964
2507124228
2540611076
2548995604
2515244581
2506662433
2502484515
2485875234
2485793331
2485785315
2490045347
2494235811
2963868897
2426931424
2443987040
2456578048
2184079364
2184062981
2183529733
3261469495
3269861926
3266585126
3233030694
3230929446
3230929702
3226747174
3222588630
3288709319
3288705479
3305552327
3339618759
3322850247
3595476933
2527037188
2529002292
2528949028
2528944940
3070010924
3078399532
3175073324
3158229524
3162403444
3044881127
3043754662
3060531878
3060548006
3068514486
3064446134
2795878582
2795804854
3085211742
3022493766
3022448647
3022414919
3022397639
4146999783
3056534439
3068920487
3064727205
3064792821
4121900740
3568117444
2494375876
2227039684
2225986037
2226964965
2222758373
2486995301
2486995748
2503904772
2540103172
2548490756
2548326932
2515825189
2515534438
2641363814
2639274350
2622492990
2505133374
2505136158
2513758222
2496981006
2496981006
2500849742
3305816143
3339337805
3305857117
3293208893
3301596965
3234482721
3234482721
3235536657
1079701825
1081794629
1132019780
1109917700
36373588
36313204
37366372
41560805
1121659582
1406684814
1380483722
3527971466
3527971514
4069102250
4069036715
4069044845
4086870572
2964890156
2959712812
2485904684
2486004780
2485979180
2486044717
2502821917
2550007823
2529044751
2527018830
2526809806
2526824174
2531050154
2531119786
2547889050
2547626906
2546504623
2538115503
2517407213
2534335733
2500783317
3558796497
3558767937
3560848705
3565043521
3707113281
3702982449
3722707232
3739488528
3739496704
3740209409
3735764835
3736812258
3468176034
3451390630
3430420390
3424155014
3440926862
3456704718
3456770126
3469615366
3332256518
3334361654
3266594343
3282322981
3227813429
3224145421
3224275724
3496917516
3504777756
3034950188
3076827692
2787481100
2922152476
2923201128
2921116392
2937885352
2904474280
2753450668
2755535532
2784965293
2912162719
2945725838
2927897998
2927896718
2932156574
2933008538
2928811226
2945585178
4237426958
4239459086
4243616526
4235257614
4235241765
4235241509
3966801957
3964704773
3997612100
2919674944
2919661888
2920710736
2920710752
2922832480
2922898148
2943643364
2910079717
2950957734
2952006046
2951821726
2935041246
2935055582
2932891902
2932994174
2933056574
2928862271
2865933340
2864818444
2839784204
2818750980
2885863940
2886912516
2886958628
2888851172
2910062245
2934179495
2934179766
2933929398
2933929142
2934977718
2934979766
2930982102
2928830558
2928863246
2928846863
2945624079
2912069901
2899487500
2886900228
2819788292
2819868164
2819741220
2819642917
2819624679
2851081958
2862615222
2862619542
2863675798
2863671446
2861574294
2878417110
3112380614
4169279686
3632408774
3632412738
1216424003
1220552771
1220552961
1220557585
1220639505
1220672017
1220656913
1220787985
1229109059
3376592323
3405952451
3410148739
3418603411
3384916915
3380722611
3414276769
3414424241
3397843680
3401998176
3394588448
3394520868
3407135028
3642085684
3642224900
3624395844
1493493828
1493494004
1497692388
1540323836
1540258652
1506443213
3649721055
3654013678
3637023662
3629679534
3638071966
3638077070
3638079110
3701193622
3722099111
3713710247
3713965223
4147551445
4145464519
4128687431
4128655111
4130764566
4084674326
1937059638
1901346086
1901333798
1910312230
1906253111
1906258965
1909399557
1900879877
822898757
822919397
822919661
827115181
835505837
902601373
361011853
1472502468
1472700356
1447471045
1581688261
1577231813
1581430215
3745765366
3720470502
3569745846
3569778582
3570816902
3570877878
3562291623
3564396775
3570753781
3587596501
3621249364
3604280693
3595886389
3595894583
3612736311
3614829430
3581407102
3579238398
3579298782
3587691471
3587691485
3612726269
4149540717
4149257513
4149259561
4149321007
4149333295
4149607487
4124570653
4124570653
4250292348
3713945820
3713953989
3713929669
3747480503
3755890343
3755964070
3755507446
3720933078
3721981895
4233686487
4236045749
4231656629
4231647413
4248564117
4286214551
4269503447
4135547606
4152324694
4159530806
4159470894
4125915182
4125906974
2011645966
2011651083
2011643145
2004294921
2003897625
1999701784
1966282040
1968316728
1968316700
902902109
902844925
365969913
366002603
368099754
502320554
1575197178
1575139835
1600305627
1610066379
1609868747
1610457545
1576972747
1568338379
1551561211
1551627115
1550574443
1550410539
3697894169
3714676489
3714709256
3724271384
3758070649
3757939577
4294740825
4292644427
4292708042
4292846170
3210715770
3212567146
3208377198
3174724079
3174721023
3178970351
3178831085
2641960181
3715833293
3713678799
3722395598
3722262366
3721729910
2648118614
2643858694
2643940374
2375316518
2379510822
2379276342
2375282710
2677256502
2677117221
2681241956
2681243124
2672854964
2672926644
2635579060
2533800628
2534922932
2534924196
2518154740
2524374356
2532762949
2549540625
2549610291
2506610482
2506605874
2506605938
2506445922
2539992162
3076854114
4150723890
4150657303
4150727431
1969562373
1424302876
1424827160
1424831288
1425831192
1425864984
1425840441
3564931387
3615263562
3597634250
3329146570
3329156042
3337491402
3466990042
3466989738
3466997935
3468435949
3472631269
3464248661
3476846405
3426415943
3426394374
3694829830
1551597910
1553503462
3700993254
3705187567
4242058413
4250647708
3709533340
3709482156
3709470124
3579446956
3621652140
3617527468
2545170173
2549380685
2549409551
2541020431
3615356223
3615348015
3598566719
3598701855
3596444941
3730646285
3726517021
3460174637
3464364841
3480683321
3438745352
3437698824
3433257737
3433159449
2360458025
2364583723
2630920043
2646640602
3196101594
3212878826
3212944234
2948829551
2906816559
2902622239
2769453079
2805436455
2805321831
2805350631
2787508398
3861250238
3882746270
3857646494
3840873118
3840750238
3836552906
1690117642
1690117658
1891446299
1908223499
1924999691
851192329
314313224
314313720
314330552
318555544
322736521
289177993
1144295851
1142199210
1146393258
1153539822
1304672814
1333963558
3464669479
3464670261
3464670228
3397516340
2323774500
2336357413
2332282341
2332216821
2302897623
2302766550
2311138806
2311207398
3384940918
3385006902
3368098326
3368040982
3376447006
3376797214
3373257503
3372864349
3642266589
3642270600
3642271624
3625496456
3629775768
3629775801
3638229945
3638230971
3638231035
3724203899
3724133723
2682836251
2666132767
2397826365
2398875005
2390326653
2407366143
2407357935
2407468527
3489072623
3421963767
3421967863
3413325303
3411113463
3411141957
3377521989
3377521925
3377573175
3377708327
3411261751
3411261719
3411081479
3418650887
2412085014
2412191590
2380142566
2379875238
2363097790
2365130398
2365071263
3430448031
3447225309
3443063581
3442080012
3442081036
3714704653
3681277213
3681256479
1526432798
1517978686
1513803838
3661226047
3677937755
3642421577
3629818713
3638208504
3633954552
3638098904
3638082521
3721968633
3747323803
3730479051
3730473930
2656666074
2522583530
2522526186
3076175342
3076437471
3042883535
2505947087
2505885431
2501134063
2501318382
2534815342
2547396142
2545237806
2478054702
2477001774
2209090623
2175599631
2175734799
2179736607
2179749183
2179747095
2171587895
2206193015
2206196855
2189275223
2197796037
2197724373
2189400533
2256312821
2252114429
2250219005
2250157533
2250155469
2237588941
2489308637
2489308572
2491143580
2499524028
2499393452
2490941356
2507734956
2467884476
2451107260
3524947389
3525194133
3544060805
3510567893
3493147381
3492164309
1349388245
1357842901
1085016468
1085094277
1101932933
1135491463
44910471
44876694
65851822
57467310
52748526
19194094
19193958
321163282
321368322
1378267399
1919399191
1927790343
1944500741
4050565637
4050557445
4033780229
4033776133
4029582965
2972501733
2972451557
3005485543
3055825127
2800488551
2796490790
4155379766
4121830414
4239273230
4239338254
3702073870
1558788686
1547452382
1547441562
1551122571
1567932553
1540407512
1523705176
1515285816
1513187640
1513302297
1248999453
1274154014
1219624990
3367371038
3371589918
3360809278
3359699774
3368084782
3364136238
3364205630
3431395358
2357383198
2227356702
2228390967
2220264821
2153163221
2170530196
2199883140
2183103876
2187231620
2187260804
2189353877
2189391527
2189260518
2206035558
2205969966
2205968174
2205972286
2214457630
2210369807
2210238813
2209644909
2180288876
2171896684
2239071100
2221315036
2230757341
2499126893
2490695277
2486488685
2485636733
2485575453
2636574476
2640834316
2675207948
2683592508
2683569708
2673152556
2681680428
2580882236
2576621868
2291409261
2291413231
2291405998
2295612590
2287223998
2286276750
2286350542
2286330190
2286330118
2287379766
3428242742
3424043270
3424571654
3424571662
3441377566
1595867983
1595815759
1595811275
1461661115
392107195
391910555
391906443
375145611
383567003
383698107
117371115
117366843
108847115
103600155
36687899
36626491
19816507
7229755
82723675
78530171
1152339579
1152241243
1152186969
1153232509
1207740397
1123394543
1114997727
1129612255
1096123383
1096201207
3243681255
3243697639
3239572977
3272959441
1129653185
1129780177
1138557925
1137443813
1372329959
1372403574
1364065622
1394391142
1394388070
1394388070
1918672070
1935443142
1935640007
1935574725
1935595077
1935566449
1901932065
1900814113
1900821793
1909206049
1909204007
1909273623
1942820102
1942753030
1405882134
1371822870
1371822342
1401182478
1401182238
1367694429
294089836
294019564
289890796
1359303096
1359299480
1359266696
1359320024
1363654648
1363656665
1355263881
1355132617
1351919307
1150337867
1152631562
1152529178
1156719930
1146236218
1146239294
1146505278
1146542135
1146468423
1165268103
1178435975
1177452935
103711619
103715715
1177457587
1109833635
1109852131
1114078691
1122247779
1139024995
1084499235
1151804723
1157501698
1157501698
1082012162
1090327314
1090264358
1086077222
1136605494
1119780103
1119831303
1123827989
1113346349
1112826153
1096048937
1078285097
1078384425
1078320937
1078250457
1162202057
1195883401
1195884425
1464115097
3746863033
3749025721
3723727769
3757290137
3757286137
3723731691
3715359338
3708903978
3708887850
3713212714
3310760234
3344303146
3352692762
3348576282
3348588570
3349019674
3248288091
3231482312
3235676616
3227304344
1075823080
1075828200
1344174440
1393490744
1377757960
1381919240
1382022665
1381815113
1383908329
1400685033
1409073641
1369231851
3550466539
3549360623
3548833262
3553095150
3511025142
3238919383
3238911175
3243171015
3242908823
3251565975
3285149107
3276761042
3276761042
3276763122
3242647410
3251031922
3251105043
2173166849
2173035793
2178217297
2203436401
2203436915
2203439090
2169823202
2178220002
2174222306
2174156786
2178407890
2203409875
2199215569
2205629777
2203528464
2214014224
2214008081
2214541105
2210211623
2209097510
2209117478
2276246822
2280442983
2280443127
2272054741
2268913093
2269110093
2235489869
2237556319
2245928766
2380083006
2363244350
2363234598
2354579750
2354649398
2356754694
2373664006
2373661958
2415604743
2398712837
2398671956
2263407696
2263398640
2263398640
2263456240
3337329136
3262822880
3256531424
3273309536
3272248640
3238692291
3238696387
3221927106
3221927042
3227161986
3227229587
3227106209
3227368097
3226319601
3226262257
3243014881
2236378849
2236442595
2244961634
2240410850
2240339426
2244533746
2236217794
2169240003
2169175363
3242916929
3251207264
3242746912
3244059680
3227450417
3244219665
3244199169
3244131587
3511531347
3545011698
3528230370
3259882978
2182076626
2181978307
2181961923
2181962099
2454682913
2476566305
2476598833
2476598801
2476521011
2461840994
2457636706
2453442530
2451492818
2451472322
2467180482
2467179458
2471443314
2546809714
2513254706
2244820242
2223584514
2357802246
2357817366
2358833526
2375595253
2394469620
2398653620
2389216436
2385024156
2385163404
2537219212
2503664796
2486857132
3565042348
3573418732
3505719900
3505658396
3505679901
3505677887
3505677887
3511972479
3507778159
3507771391
3508291583
3512551327
3511637407
3578738143
2270510591
2270444895
2278829342
2274635070
2274573630
2240953662
2224170270
2224252255
2224158079
2228278655
2219869533
2236714461
2270402517
2270410455
2260969207
2260838134
2252379886
2248181742
2248508782
2518127743
2518066271
2534859845
3611749444
3612245332
3712950100
3712946004
3708755732
3691913013
3695842615
3695849782
1557750038
1557782814
1557706014
1557703742
1557703934
1557708022
1574542518
1566241975
3713692853
3579466148
3579462304
3578414752
3570026128
3502921344
3520061056
3520056960
3554662272
3546281344
3544052884
3541955828
3541365989
3507807719
3512068070
3512202878
3522680350
3556103694
3539261198
3535074654
3539461375
3539432703
3547684011
3512028587
3490777019
3490907803
3495114395
3495125658
3505611738
3518063102
3551551998
3534779774
3270595614
3261533214
3257208122
3257695546
2272128314
3622481178
3584736538
4121597722
4255692603
4255686712
4171804696
4175986748
4163403820
2015903852
1747910892
1747324132
1748110052
674372324
731003508
714287620
713109061
713040583
981475975
985686975
1002480046
952148398
952153534
415348158
411286974
415481246
1505933790
1497545182
1560451934
1598458718
1598487390
1606844254
1586921334
1586921335
1586910580
1591203124
1464911156
1997575220
1964085524
4111700276
4111704372
3977290023
3980440886
3980430614
3976497502
3977038206
3978189158
4216995686
4225378086
3151635239
3151700757
2614633797
2681744709
2681743815
2413308359
2375756226
2375694786
2375687618
2241462722
2241528786
2241348579
2245837793
2245842913
2229049329
2229247953
2229256145
2245894131
2237439986
2237439970
2237511586
2271191970
2271130515
2539561857
2539495828
2669467060
2635877620
2635929844
2638100564
2638100500
3644729620
3682216212
3690671388
3688444684
3684201245
3684234094
3684209646
3688412142
4227376062
4218988430
4218992526
4214988702
4181368758
4181376998
4248498150
4234082295
4250294263
4246085573
4246150981
3747035925
3612810005
1440160529
1423382865
1356152273
1356273041
1893060785
819302561
838766721
863932547
913211459
909082627
640253985
640196641
640213029
656942127
606747691
606735083
1705642667
1839794842
1873358474
1856775818
2126276234
4139542218
4143376250
3614856506
3623040286
3589354782
3564188991
1414610223
1414599983
1423127613
1439904797
1473720333
1455755277
1464074527
1195640623
3343210095
3309796975
3317968477
3317983773
3448012572
2374459164
2240241468
2240110461
2374295397
2374287207
2374352871
2378534886
2378468198
2378533734
2638584631
2638584343
2672138757
3204815365
3204820485
3204820773
3204951335
2919668839
2920729702
2920696038
2922776807
2926975095
3999668341
3999733781
1987524628
1987459076
1987455232
913713665
385223169
385813057
384784963
401594947
367893059
904764355
887986386
887986386
879605970
1949153522
1680718050
3828332770
3828349158
3828316646
2758621926
2766486247
3031706343
3031706215
3029613159
3029613111
2496936471
2491689527
2223319607
2240035621
2241075541
2241076549
2243173829
2247364037
2162444677
2154138519
2154142646
2154142118
2154150310
2238037430
2272769174
2272702662
2675355847
2671157325
2654315532
2671033372
2671041592
3208042600
3205921257
3205917353
3217451705
3212930697
3212865160
3212865160
3183505096
2646830792
2646865436
2512508476
2512438829
3083896367
3083900718
3083902254
3083898158
3083963446
3017116694
2987695110
2986658838
2986675254
2986744950
2986752103
2991990887
2996705383
2996701271
2963175751
2963204423
2426399303
2492250695
2496445175
2488057573
2483871397
2500615844
2534170532
2539601828
2514433952
3032448944
3032178561
2499510147
2489970051
2485710002
2485972194
2536498258
2523849730
2523292674
2523292934
2523356438
2522897703
2523200807
2549480831
3052850511
3027684685
3027668813
3027607372
3027543612
3025446508
3042239100
3075863292
3075822325
3059024549
3059025831
3058965926
3077851558
3044493446
3036081286
4109820102
4109824199
4109881359
4051038217
1932812345
1932796969
1916020841
1915955433
1920080299
4072016554
4070985402
4087661194
4037313226
4037841418
4042240538
4042171962
4042239547
2959911231
3006069805
2989478957
2988851437
3055948271
3060143023
3069575854
3082224318
3031766734
3034851278
2497979742
2497995902
2497995838
2497997855
2498100491
2499271947
2516055883
2516054875
3589661561
3581211497
4118037353
4113842552
4097275352
4099303896
4099304328
4095179656
4095171464
1947223960
1970291096
2003849625
1995461083
1995530474
1995531498
1995515114
1987257706
1987195210
1987182859
1467106059
1441941259
1424129849
1424223033
1424096027
1415904091
1433726971
1467262362
1465160122
1406517690
3553608106
3521049002
3504267770
3506365946
3506369915
3573415273
3572301160
3580685688
3613785436
3592930652
4129669980
4134900572
1987416925
2004333433
1970447727
1970515327
1949542719
1949563165
1966471501
1966431567
1999967582
2004292966
4151775590
4125492582
4125492550
3588642118
3567777026
3568695090
3585406774
2545219351
2549412631
2524242741
2522112807
2522112815
2522223407
2530611567
2526483947
3616873643
3570731163
3294562447
3223193743
3225291151
3229224839
3229312759
3237536501
3287872004
3270111748
3270161168
3261772080
3261830448
3253318960
3236539760
3236671473
3236609779
3224029106
3242049970
3258761394
3527262450
3527333074
3530220754
3538676983
3538546661
3521883892
3588994644
3590035020
3589903884
4117280556
4151108909
4146881837
4146881327
4147065647
4147516207
4134998911
4132898143
4141159759
3603264847
3603264590
3603815646
3620723966
3588152566
3562994822
3562993030
3563058567
3563049655
3562390191
3587494637
3621057261
3621119741
3621119869
3587503485
3579096381
4115967293
4115967293
4116165949
4116100413
4116116831
4116116831
4118205783
4118266999
4114433127
4114350183
4114420055
4118745431
4127070054
4122875750
4122886102
3585687494
3589815750
3589830102
3589830134
3757666814
3757662687
3757794141
3757663101
3757602668
3590092140
3564928365
3565149661
3565084613
3562995653
3562923989
3562846181
3579623397
3615470421
3598645061
3594438469
3593914133
3593979685
3598047013
4134659367
3077694807
3041977726
3041981934
3033658862
4107499006
4103435726
3569702366
3587507583
3587509351
3581377637
3581373813
3715595605
3715626820
3713529668
3713529669
3755448149
4282774903
4282705255
4278510951
4278576614
4148688374
4148613622
4115026326
4115091895
4114961847
4098217455
4099268095
4107657183
4124376927
4115951438
4115949342
4116150110
4116109183
4126594557
4126660093
4126528764
4126524628
4116038868
4149605716
4147607389
4130824989
4135543615
4151206695
3622768942
2548827182
2549888063
2516348031
2516413919
2497707991
3567177669
3567241157
2499658709
2516435829
2507535221
2537022775
2537022775
3610760471
3610735895
3711132950
3713082750
3721467246
4258270318
3721399550
3587257598
3587400958
3620925919
3620983757
3620786893
3619746509
3611342556
3611410156
3611553516
3578982397
3578986317
3581134671
3580969854
3580969838
3581105018
3581359582
4118248926
4115950767
4124371119
4124376237
4157930701
4157994441
3604477257
3598176575
3598053679
3593859375
3598152511
2549510943
2515948061
2495017581
2495075949
2499082221
2488581605
2484375029
3021774151
3026164999
3042880775
3042880823
3074340149
3057292821
3056244229
3056260613
3074085397
2772128356
2759594980
2757492965
2765881525
2765952181
2766025909
3051257269
3084803461
3063926151
3063727575
3067926007
3059541111
3061638487
3057575246
3057050966
3056002422
2809656806
2818033126
2784348150
2782255062
3050628679
3042272773
3038082581
3038074676
3042277152
3050656033
3033989425
3033989393
3033997651
3587514739
3621090802
3621144018
3621144003
3556132291
3614854599
3615448262
3615456502
3615321318
3622594023
3623642623
3623744991
3590191071
3589658493
3581253421
3564475693
3581191477
4113868055
4147504151
4147569942
4130796918
4134978934
4143894518
3086995447
3086999477
3053320117
3036014581
3035948029
3033854957
3050623853
3050627949
3084183087
3067473455
3069693741
3069561189
3069574645
3069572293
3077960837
3042295965
3021455797
3021403861
3021403845
3027656263
3044834854
3085725478
3001838886
3001842726
3018660982
3019775190
2482898374
2466123142
3539938709
3598462372
3598453924
3594259636
3594327188
1463170244
1411786176
1415717121
350380803
350482691
484503857
484499745
485531937
485531953
500405527
1515379990
1511454982
1511938318
1511672078
1511721230
1515719038
3667404650
3669500522
3685224986
3651682842
3651719995
3383354153
2376786217
2382017832
2407046440
2402848104
2400755033
2400818633
2640025033
2648343035
2644148650
3164251563
3164319147
3168312232
3155724968
3023866504
3024002696
2772346504
2771838616
2805326568
2809422376
2800746796
3002269980
3001168900
3017942036
3018013732
2477067300
2477197348
2478246964
2444692501
2443117583
2174603358
2178740702
2178716158
2170323886
2169280446
2169487246
2437852046
2437852159
2437855999
2472524543
3072306911
3072243407
3059660511
3059726334
3059594606
2788998190
2788998182
2923280438
2922301462
2939092246
2943251734
2909737238
2759598550
2755404214
2755404198
2759787950
2763919278
2763984573
2763800220
3030133388
3051104972
2507942668
2537499404
2536385292
2473539900
2477722668
2477654060
2444120109
2242756655
2243739886
2246345966
2237959662
2267384318
2269092350
2269036382
2269032271
2539579213
2547902285
2514286583
2514280423
2505858982
2501648038
2233273014
2233339574
2232827606
2268473286
2281054534
2274697222
2274632758
2207530038
2209642518
2209667158
2172422358
2206043615
2205910239
2187034845
2187038932
2189145460
2524489012
2536027964
2485886492
2485829132
2486877708
2486893116
2486721068
2625137260
2650303852
2644059389
2644062463
2631479534
2623344870
2287927510
2287936854
2296327462
2295807270
2362907959
2381532421
2404633925
2404568388
2387844548
2386603484
2395254764
2391060460
2391255020
2395394668
2396897836
2415706669
2414401325
2406022959
2406260518
2674498422
2675678550
2654641606
2671416774
2669381078
2635765206
2635769283
2647305539
2647584081
2647652704
2639034464
2672569456
2668376304
2635739348
2623144405
2631533479
2627281830
2627284646
2358786742
2358795158
2365376950
2235336854
2252254406
2251990085
2251988996
2255130884
3337216804
3353929508
2246801184
2229950256
2229929841
2222526307
2222788451
2218543457
2218609968
2273246464
2264851712
2260641024
2260701520
2260504929
