1358869891
3500058496
3567183472
3569221152
3590127136
3598511648
3593793056
3593987632
3596023313
3604432675
2529446947
2529446945
2529196064
2521004052
3594938372
3607521284
3578161412
3569835828
3566093173
1418707814
1422704934
1414316070
1410105398
1410180102
1410246662
1410246662
1946650935
1946651007
2097580495
2131144141
2118558157
4267164127
4292067823
4191285487
4173391085
4173360364
4165037556
4165105540
4173494148
3099850676
2848053173
2881873847
2873491382
2873985766
2882374246
2882058790
2874715702
2874713630
2872631822
2872599054
3946324774
3946590246
3979609122
3981904994
3972139250
1820473538
1703028930
2005035139
1988287617
914804096
919522688
371117440
370920593
373021923
909735139
911762786
920184098
1993991462
1994023186
1994014978
2010726658
1968754966
1415148398
1549406954
1559956122
1487604362
1487604378
1487477418
1505508074
2061266283
4200358217
4200394824
2047709384
2031005864
2014224552
2014225820
2014293660
2018492092
3905855165
3905920943
3914112494
3947670894
3931941166
3999201582
4001286190
4001287198
4013716510
4013449278
4017844286
3992637790
3988439391
4022060924
4021865772
4009291068
3996705804
1849380876
1715093532
1732116796
1680737149
1684934366
619645654
619662070
616422134
616426455
666691909
654091268
644853764
774799364
774819888
774819872
774893860
774721828
762069868
745358056
1760378601
1760377595
682433115
682433050
683424522
704391434
721169434
712716298
712638474
712638730
721027435
716853615
731439469
696838085
701016005
692691413
726381052
726249964
721990060
1762240504
1762310872
1766513400
1766509305
1776016091
1809578842
1876511018
1878541354
1702363258
1680486474
1680486862
1680478686
610861998
620242854
613953447
613969829
612958116
566807476
600345492
583571908
583899140
642615300
638491652
772729860
773745684
706636836
706358309
708447527
711593750
720047814
699075222
683215542
683235974
681110150
748202631
748203669
748268964
752393644
741915884
658024572
640198756
640329828
573237284
573491237
577654133
578768373
577723895
593978871
560342871
568790804
568790836
1625636660
1625630996
1625635076
1953835780
4109707796
4105513524
4239883828
3166064150
3115830838
3116156518
2583459814
2570878454
2551967190
4168805846
4193970646
4227844583
2054999413
1782381636
1780261956
1780458564
1779343564
705602781
722400414
688840094
1816841662
1825198014
1826312118
1826168758
2111389622
2113486838
2113867766
1958678231
1957633733
1958557381
1962239700
1962268404
1960085237
1951700693
1968482261
2002038103
1980018037
2113973349
2114188389
2114113652
1728462964
1679163764
1683358564
1692271205
1694187045
2092644911
2092517951
2147174926
2121923078
2116610566
2049502494
975758382
979931182
2062123054
1789558878
1776976078
1751818383
1748743319
1748614311
1746513319
1750707623
1750724525
1750718461
1817769981
1834543101
1834608621
4024399340
4016004588
4015787517
3847491036
3847692252
4107673564
3033927388
3029667532
3029610204
3029626620
3046473468
3080019711
3063209982
3063209470
3061111982
2989806766
4147401918
4114015390
4096975247
4097237959
4101423879
1962263319
1978983198
2011473198
1743563054
1735366974
1730840606
1730840591
1715111951
1715192927
2117652687
1849213071
1713914047
1730822575
1709851303
1689147047
1690263174
1690168966
1690103702
1692198838
1969190278
1969182150
2004829638
1971155942
1953784807
1681139685
1680111316
1684491860
1692912228
1688586852
1822747220
1844768453
1848911557
1848980167
1781924598
1781924710
1794446630
1790188846
730868783
697314317
948970573
948969676
461578700
180474324
180393429
515945937
515947858
247512371
104970547
357808721
269662913
271743681
271719105
271716033
272041329
301207585
294920227
328474663
865345598
332678158
323274846
323455486
323410366
323406238
331794830
294017934
294051469
294032012
294040220
324313772
840213484
840212588
840212524
573870141
573669406
573801486
555916302
539409422
1613150478
1613154874
1693895209
3837057576
3834948136
2895441417
2899632651
2903794186
2903781898
2903769642
2774270954
2780299438
2779250862
2779316414
3182130333
3183142024
3187649672
3174934728
3074406472
4148078600
4130778120
4130710536
4130725912
4130738408
3073770985
3073773549
2817935981
2813839917
2813655837
2814177037
2814174989
3053363724
3027927660
2759508717
2755154671
2755142314
2755405482
2910600618
2944141546
2952530026
2935228490
3212257290
3220597770
3187074058
3180777754
3164455739
3164402459
3181179515
4158506730
4133279659
4133021625
4129056665
4145898936
4112389560
3038660088
3025554493
3033979935
3046497551
3046440206
4157892110
4157957646
3588100686
3588096750
3046769582
3185050031
3187167407
3212374265
3208179785
4280201480
4150178568
4146046472
4111771160
4095012376
3825593944
3825621755
1678118314
1699024042
2009072810
2004878586
1989345498
1989546186
2010525898
1440112714
1440211055
1435808047
1435808061
1434759948
1438942988
1426427405
1427618335
3575032702
3575050206
3575045518
3579199886
4158079390
4155883966
4155887790
4155830509
4155827436
4151635196
4147440716
4130782284
4130782268
4130853932
4135047228
4143379212
4143378957
4160111165
4151641645
4149558829
1985752685
1985752937
1448875369
1448869977
1457324121
1457459289
1457402971
1457153355
1457186122
1442559306
1417516362
1417524698
1417647610
1417577978
1417643514
1417135610
1416951274
1416916970
1431662427
1465277211
1465338159
1448361263
1458840943
1459364107
1476280587
1606304541
1572750189
1555916644
1560030068
1549609796
471665092
471665076
336936356
340213172
339883444
365040532
331420596
331356069
314598821
843099557
844152229
845200871
845266302
845389118
862159902
862424126
825066558
825197598
808358942
879404350
887793198
883602989
615169580
766028300
796698892
641514508
639605788
639536140
572443852
572411085
572406943
589180335
593379246
568268478
547161790
547096510
563349407
563357597
596930269
596963068
601144940
600084028
566529820
542608652
1613999372
1613868828
1613803068
1611701804
3826437676
3825389101
3989039663
4018203182
2860579118
2928711726
2928969774
2927479822
2940089102
2906333902
2906260158
3896115886
3907655086
3903528110
4171761823
4171839628
3634899084
3651954764
1513990148
1245621508
1511957764
1511694612
1578869029
2135601445
1028293117
877326493
877352089
873142424
806033592
806041768
554510760
591743657
1674035851
1670677195
1672774153
1675919881
1667539496
3810831912
3810901544
3794189868
3865493036
3866539580
2941691405
2937519679
2873019950
2872659502
2854749558
2854748374
3928490142
3932885134
3933868190
4227476654
4172949742
4170852718
4237954574
3701421582
3701219854
3432784458
3449561800
3482635964
3488893868
3476294316
3441691308
1277631900
1278374028
1278386252
1326620684
1318236173
1318095917
1318103333
1318103335
1313978934
1309841926
1328727554
1278607874
1279197698
1278021986
1281896674
1554575586
1571476705
1588239552
1588313472
2129182080
2116599168
2116663696
4264278449
4247632353
4230785507
3157032934
2888113894
3156553446
3034918502
3164866086
3165913638
3166507526
2493457158
2493261286
2493258919
2495350949
2226653332
2247641220
2268645764
2266953092
2265887108
2265882756
2232328276
2219614261
2224858167
2493291543
2495589671
2499717925
2507049509
2536148692
2519385796
2520434308
2520404613
3594195669
3594072687
3594003246
3598198062
3606586410
3602474042
3600544779
3751531529
3717827593
3705375752
3696926024
3694828376
2621087320
3157892728
3162289768
3187471085
3086992047
3070185903
3078386087
3042713830
3042713830
4099875062
4099810550
4108213302
4110338358
4117743894
1936571138
1668919042
1664853255
1662746903
1661567015
1627955239
1629020199
1629052967
1629364527
1629357358
1665468270
1648627694
1657016254
1657015230
1669603262
4085591742
4085588622
1938043534
1401164494
3548853071
3548782861
3347472701
3348456492
3312745517
3309107261
3309230349
3308686605
3308687309
3621226189
3616638685
3599800317
3603994089
3594561000
4144014572
3036784108
3036848492
4094071676
4094067324
3829760556
3847026221
3880578863
1716508974
1716439086
1716373550
1711602750
1711628318
1711693838
1845911566
788942942
609698286
618084334
613891823
613882613
547293901
547167948
550251340
805579596
805644829
805780093
809966191
814030575
813970167
813986503
830784135
864321975
860651941
856457637
1896718245
1359920055
1364109975
1372498582
3515792022
3548749726
3599087567
3604342239
2530583853
2532811053
2532812076
2549478700
2507535677
2489767183
2490289415
2491338022
2491206950
2486990118
2503828294
2642285382
2642018886
2606368342
3680050727
3688377127
3688376631
3667666983
3667143719
3671334933
3663028301
3657814221
3657748989
3657753261
3640943339
3636885194
3637394958
3633192462
3365471790
3432515374
3436713262
3436737566
3369659406
3369789471
3422201935
3395980743
3396046791
3395846853
3395846876
3391673052
2318037628
2319082348
2319081772
2572707116
3654839592
3650676776
3684214824
4204369960
4204313722
4210865354
4196892874
4196565146
4197626010
4178763962
4161168298
4165346986
4170001130
4169939694
2559065710
2560109150
2558011974
2558016774
2558196738
2562366465
2561311744
3182067712
2661908544
3202920640
3056107728
4130046128
4130002080
4131028129
4131073187
3862511526
3874033390
4020963022
3987220046
4260900430
4235734606
3696896606
3704228479
3699968535
3750252039
3666671109
3670845189
4200374565
4196245797
4195071765
4195063621
3926763335
1762567623
1745786055
1745780935
3894329447
3894232175
3910995055
3942459689
3936172841
1788414511
2058951183
2063215111
2071604742
2038040070
2038121990
2079905111
2075718880
2063176912
2062192832
2137698432
4251619488
3962146976
3962082708
3962097292
3962297004
3963316904
3833409192
3837537960
3836483227
3835965834
3835965594
3840161002
4234425450
4246936634
4251073546
4293273870
2141596175
1604664845
3736354319
3757866254
3487515662
3445538822
3437117478
3368837158
3364643110
3364708902
3364803174
3415098101
3469492948
3460825820
3457680220
3457745240
3457749016
3456639288
1292445560
1279948360
1213918920
1222282953
1220053963
1220315626
1539095786
1526508650
4196181098
4196245610
4179538042
2017366282
2021315097
2021274152
2017079848
2016944680
2016949864
2015891048
2028539243
2024353002
2041128138
2075731146
1526224010
1526251674
3669525674
3669529770
3669605546
3686509962
2612768650
2616960938
2616965098
2608574971
2591732187
2600120825
2591789544
2608452584
2608591592
2575038184
2558197484
2558163692
2558159612
2558078685
2566405839
2583177183
2583257519
2616807597
2617000109
2608611549
2604515397
2604527885
2604524831
2574690574
2574691086
2557909790
2558429982
2556333838
3101398798
3109663566
3109602142
3138966506
3138941419
3128513004
3145421036
3153686764
3152572664
3152564312
3110622216
3107648520
3111838985
3178950409
4250586633
4233743897
4233678361
4233682777
3833101800
3833097704
3841619416
3858384344
3858367481
3883602921
3797492601
3797623163
1650143595
1648955754
1917326650
1917328666
1934113034
1900625210
1959400762
1955221786
1955229962
1418326346
1418252747
1418237401
1430830008
1598729144
4278889368
4278889352
4245335688
2131732104
4279079576
4014834408
3998004200
3998000108
3997999596
3998192492
3998122540
3993929276
3993863708
3943491085
3909936415
1762616366
3909555246
3959882990
3959817382
3964538006
3972935062
1821255318
1821320855
2089628295
4253819590
3750504006
3737724678
2396732726
2396724526
2409171246
2241399102
2358779166
2358787550
2358869454
3382402463
3415821757
3405268141
3392684268
3392684076
3392892988
1245339652
1245372677
1211818757
1215931927
1490662935
1486470879
1486462653
1486405309
3640245900
3644561036
3678111388
3661231789
3661128367
3661177322
3682210922
3682206762
3673818170
3690669082
3686342666
3652722954
3635945786
3635946282
3635950378
3371714074
3363325514
3380137546
3413888586
3412778842
3421222874
3422074331
3422060955
3672670635
3672674475
2591662249
2591731897
2591731897
2587534504
3124473064
3106586088
3156909656
2888470024
2892666376
2892609080
2892542504
2892543528
2888341288
2905117739
2770900010
2804470826
2804535354
2805616666
2772054074
2772042218
3849979818
3840607914
3836286650
3837278137
3854056920
3854051660
4059572492
4044892164
3508157744
1364861216
1368007440
1368011265
1368048135
1938457095
1938460231
1921682245
1925876037
1657509981
1644738671
3809000555
3808997482
3876122730
3876204650
3877253226
3860476394
3875148266
3869967082
3886748250
3787133529
4055381576
3516411464
3515362888
3251124808
3242736200
3242753992
3242745800
3276332488
3284786632
3284915656
3284915672
3280729576
3280597992
3284751337
2177455081
2169205737
2148103145
2148135417
2152330697
2160981453
2156787197
2156787181
2156778725
2161079399
2177266807
2210804822
2210805078
2210872630
2210671910
2210676582
2210690934
2210887494
2185712462
2185614174
2185548158
2185556346
2185556314
2185613659
2269500232
2269632328
2269632328
2236471112
2236471112
2236470600
2236478840
2236609897
2236609897
2236609899
3309950331
3343503707
3344560459
3344560457
3344691545
3344560505
3344561531
3306804602
3306804570
3306935642
3306935642
3311138138
3310057306
3318445914
3352000346
3486085978
3452531546
3452531546
3452514682
3452514682
3452515707
3452517753
3453500792
1339636072
1272528232
1274623352
1262170488
188428664
188440952
187392376
254300520
522731880
522732904
627964279
627964279
627964279
627964279
627964279
627964279
627964279
627964279
627964279
627964279
627947895
627947895
627948023
627949047
627949055
594394623
594394879
1668136703
1663942334
1663942334
1663680250
1630142202
1630175210
1630158058
3781831914
3791338618
3787076730
3784979547
3784975561
3785059723
3783847818
3788044938
3775453834
3775418010
3775615930
3779736490
3855229418
3852083498
3854131514
3837289784
3836275992
3840469784
3832077064
3827945224
3845902152
3879389001
3877361483
3877209946
3881408298
3881547050
3889870123
3885741369
3885535513
4015575819
4011455002
4011549306
4011471722
3977904490
3992584554
3971612779
3971682427
3970506825
3988270153
3992545353
3889822025
3889805641
3889740105
3856177480
1616414536
1614316104
1614381688
3761939048
3761955436
3759858276
3758871140
3762933232
3771452913
3767192721
3821720705
3872059521
3864686977
3860492679
3860820407
3859624359
3880527853
3986501613
3986518009
3986517960
1838507848
1834313032
1830040905
1832125769
1832125931
1819741611
1689665455
1706438559
1706502029
670053773
913379725
919802044
852635836
848441525
850469045
849354917
849354981
597714151
568392807
568383855
560060767
593754447
576912847
576879943
576863607
572538150
639647014
643906854
652352823
648248615
664862007
664853783
635477783
635550519
610380663
761375703
757177303
758356439
790821111
790816999
790849767
790706679
795023735
660806439
660806183
669064758
669005622
631255838
631255326
631320842
631320842
564211978
564211993
568360729
568359705
561203993
561412361
592800009
592792841
601178379
601702667
601706763
568152379
568152361
559805803
559807979
559934955
558882251
592430539
593347019
593350987
559804763
561897787
561898795
559807785
559807785
559938905
559930699
593478923
593350923
595448091
595456347
561897851
561902059
559797739
559930795
559928763
559805835
593359307
593351115
559804891
559804795
561897835
559807851
559806955
559938027
559939019
593483211
593350987
595448667
561886073
561881977
559784299
559789419
558873963
558865387
558882763
558880587
554660619
554529563
554512683
558833961
567223593
567229481
600660329
600689995
600692171
600691147
592286155
558739931
558756843
558759915
558758891
558881771
558849019
558847819
592408907
592408843
600797467
600830251
562949483
567146859
558750715
558747595
554555339
558879691
558887387
567271931
567145963
558751211
558750635
558882795
558888923
558887883
592425419
592425435
600815097
567131641
566606313
566606313
541441016
541310920
805540429
805556813
805499453
805462831
809640751
826418494
868293950
868227118
851458110
314588446
314641674
310445322
1384382730
1384386842
1115959610
1132729642
1133270314
1133368683
1137563097
1095602648
1091342792
1359778264
273519096
273528312
273661400
269482456
823130616
856652280
856571224
856568136
856564040
592392536
600641897
567022441
567041897
567041899
558727003
827326283
827322699
827158859
835539291
810373481
810373481
810384745
810514793
273643897
273643849
290454859
332330443
332395982
47182302
63295966
63280574
29865398
13022646
12756919
12756881
12826577
29602769
54780752
37939024
37906257
37891953
37891889
37961009
46138679
62914615
62980119
29880605
29745437
21280061
21274493
285580287
323328511
306485758
306484478
306479354
302420170
839315530
839282715
839283755
860241193
868695337
868564283
851713371
852235595
852300634
332338010
298791930
281359355
281310971
281409275
281466521
281458313
281392777
281329336
281329320
272670444
272670460
805543644
872595013
872588885
889382485
927130385
910319891
910389523
910233651
843133986
843131942
843136294
843136294
851516470
847254590
1384121374
1384121726
1384383866
1401161066
1132731770
1099373946
1099323770
1082572155
1351595385
1355650392
1900843864
1896649560
1627690488
1627692264
554023144
587577464
588233816
588239944
588125288
588132456
588129128
592066152
596315753
596122201
596130377
596130377
562575881
562576905
562893321
562893321
546058777
546058779
546058843
814502491
818728923
281861082
273521050
273652106
5159306
21936526
29799822
13037966
13103510
12972454
13087139
12755425
12755441
12755393
4370883
21147970
1128441602
1111748114
1111648786
1111636498
1120082450
1115758130
1115690786
1115947298
1132724259
1132745761
1136974964
1128568948
1108318484
1108318228
303011844
302889988
839758852
839881748
839881748
571118612
571128868
571124844
571122796
587920637
621540605
621499625
621499881
625954793
635427561
630979325
630848095
747223887
751348047
743024671
738962463
738976799
671866975
688648431
689688813
695812517
695813029
686622388
686759572
686235280
686243456
687025792
1825664641
1825599121
1820389011
1820389011
1841364882
1858140050
1849735062
1846650870
1846786038
3994261374
4000421678
3866138414
3866138410
3866138427
3878744347
3878740251
3878809963
3845345387
3845276907
3848424939
3856813435
3852685113
3852697113
3890310665
3873465865
3865061129
3866104123
3874553979
3874623615
3887206511
3853652071
3837137111
4105593031
4110312903
4110415239
4110407559
4127184519
4152350359
4135048855
4134859447
3866421158
3883197934
3883201902
3883199791
3882214703
3882219291
3865436953
3865404169
3865408283
3882300187
4118156603
4109765998
4109831278
4107623550
4109726814
4105688399
4109877581
4126660428
4118259276
4151830108
3059742324
3059733108
3059602236
3067900717
3069997871
3086775086
3044570406
3027852582
3028016406
3025861958
3025857991
3027957703
4101690823
4118430087
4152050067
4152168882
4152168675
4150014179
4152111331
4159972583
4153681125
3600116981
3600284869
3616992453
3620910535
3579020742
3562046822
3562058086
4094734374
4094746662
4094944550
4099073302
4115846406
4151494406
3077949206
3075790374
3067409958
3067377254
3063248599
3197596359
3214402301
3218404077
3218397165
3193230813
3193044316
3193175129
3058941049
3058873433
3058950217
3058819401
3075797467
3075822570
3075950570
3042316138
3044482922
3027581822
3027713358
3027645519
4109832207
4256514077
3750785117
3738198365
3737252189
3728987007
3745707823
3745705855
3745640287
2638348127
2638715855
3183992783
3183992541
3175413437
3175413439
3158635199
3024581367
3025564406
3025556455
3025518951
3050620263
3084186741
3067407428
3067604164
4140297684
4131839460
4148676517
4148675061
4110766559
4116017406
4099240174
4099368046
4107676726
4109777943
4101315845
3581158661
3581241092
3590289172
3590211380
3571336981
3571434261
3579834647
3579703671
3608998391
3592222166
3592342982
3596537798
3604402166
3604348903
3623675895
3590120263
3590177109
3565011301
3565019493
4101890405
4114605941
4114597461
3179204181
3187658301
3183337261
3182747436
3186949996
3176425340
3176424412
3175375836
3183763965
3213193647
3213324463
3063280814
3067399598
3059010046
3073760206
3038182350
4111920462
4113984823
4147467303
4130619431
4134809623
3595902983
3604361221
3595960325
3595961621
3579190549
3296607047
3304987334
3300854406
3300740742
3300710038
2226967478
2176635302
2178736550
2170348710
3244090791
3229609365
3497977220
3498037716
3509441532
3542987548
3526341132
3526344476
3526203695
3530332458
3531401530
3531364618
3615359754
2516206410
2516239082
3166356394
3166220718
3166223788
2897783244
3900221516
3896031244
3895166988
3912154124
3945717772
3946192916
3945992231
3945992486
3950183014
3918594774
3901039310
3900973642
3095667274
3096194777
2576100024
2642954632
2644035720
2681776264
2639825048
2639895944
2641987273
2637791819
2637939306
2638115434
2638095066
2642289630
2650546414
2646344878
2646344878
2646543502
2650680525
2373938380
2373938380
3443418564
3441321428
3445516212
3428742068
3428833204
3563046389
3562917365
3581906391
3581849415
3613304647
3612709383
3612660287
3595850543
3606319919
3606516009
3338022953
3346474027
3447003179
1279199242
1283332106
1283340558
1291746638
217891270
212648326
212631742
216961173
225357956
237958644
237959456
237951776
237959968
241805603
241740834
241737730
1311473666
1311408322
1311412434
1340781218
1319805601
1336648352
1336515200
1302903168
1298708656
1563011232
3710429408
3711477088
3610813216
4148077328
4152279296
1971220740
1413349636
1413284132
1430002476
3749456424
3736939051
3736930858
3736865338
2663135818
2599187018
2322351050
2288702410
2297098890
2360013450
2359980714
2359841451
2628284073
2624088489
2619926696
3442206888
3458967720
3727394888
3727399176
1311501832
1311401480
1311400504
1579868207
1579855918
3723133038
4243226766
4239035534
3702229391
3702233853
3702241829
3698911776
3692587552
3692572192
3558421008
3558412577
3560439907
3584557282
1470759042
1454003330
1454299266
1454278786
1458542995
1592769185
1609411296
1610395488
4294746400
4265386033
4265578513
3208556801
3175012099
3156920883
3169569315
3165182497
3165150756
3170383396
3178767052
3210224332
3193512877
3218604205
3216785583
3183231150
3183297694
3187506318
3174919374
3174460622
2635492686
4246105935
4233522701
4233567757
4241825309
1573198623
1589975839
1590001159
1581606423
1581740567
1578062357
1579144149
1579143589
1591464100
1576697996
3703293068
3706309773
3706309021
3706412029
3706682221
3706482479
3706482479
3706481967
3702875399
3702912071
3700936902
3705131458
3696726434
3692532643
3692532723
3692476355
3709316929
3713379857
4285917713
4286036497
4285898295
3210059303
3209991735
2941556023
2941557815
2933234983
2933366567
2925499959
2920134166
2920079894
2787074838
2770149411
2759589987
3032222945
3031304417
3031308449
3031374257
3035111315
2531792834
2460619714
2460643650
2461590338
2461590370
2474153831
3577252101
3577329924
3577391108
1461381140
1444599824
1444826112
371077121
371073027
371064835
356384851
75379363
79573666
78579378
78203522
78510722
1152252547
1202519683
1319941521
1319940596
1319952484
1324146988
1315759404
1596321085
1562806589
1563924775
1561639206
2132061494
2132054279
2131198213
2132181573
4279677633
4246115025
4246127283
4231987875
4231795362
4235993762
4256965094
4256956647
4290514173
3753318605
3738659021
3755337933
3755321481
3751258507
1603640714
1590986714
1582597114
1578423275
3726598505
3726516524
3594395756
3594330341
3581874421
3568173447
3568178822
3568961222
3567994566
3299395302
3299405542
2229841254
2221452583
2235084039
3308956933
3577388292
3577388308
3577650449
1430228019
1430256691
1463727121
1597960193
1581174801
1581170705
1581170689
1581137923
1597900098
1547636450
1559173794
1554856610
1554792098
1554785954
3718587030
3752071813
1588872068
1584678908
2117365548
1983147820
1999924008
1729424952
1695868440
1695872521
1830076937
1829061465
2102380523
2110770666
2139999722
4288269658
4288273674
4271481866
4288390170
4288323882
4288323950
4292453359
4292391311
4294484109
4286112908
4147803308
4114224300
4114220205
4047373501
4046849477
1911959047
1907842567
1907685895
1941744135
4072450583
4143755045
4135560469
2520678661
2520699143
3074347847
3040744135
3028157110
3036480166
3032221614
3031178670
3031177647
2499557887
3564923213
3560958213
3560892676
3558861060
3560938544
3565073440
4118720544
1988071440
1982763008
1986953217
1986953474
2120927010
2120998498
2133393250
2083027298
2083072322
2083137858
1013647682
1072389617
1055880433
1055854785
1047466113
1043140737
1986621857
1990779809
1957228197
1957265037
1957264013
1961392781
4108942991
4109987503
4105989806
4103892970
3051118062
3084680671
2531261919
2531192141
2531176269
2531104540
3067904540
3078394428
3078484541
3078545957
3085886007
3085951270
3077329190
3073131566
3057387566
4131330062
4131268614
3598592007
1457398791
1465712657
1427898371
1410863106
1411002642
1148859906
1425672706
1152060098
1286298306
1302952578
1319688082
1185452947
1185452432
3332936180
3597193700
3576214628
3560487012
1413130276
1417325316
1467656708
1446747716
1445511877
1445512149
1445577127
1986711719
2011836839
1424626055
1416246151
1349203843
283721697
279525733
279460199
280504551
280504519
301591751
305833159
305823943
306151623
305955047
305967207
840753253
840179821
842413215
825638027
813054859
883296923
884017834
883964586
883959482
886055578
886260442
884130346
883081770
1017160235
1017160511
497398541
502698765
502772492
232044332
214753068
206389028
207502117
73276193
73272627
73338131
73389314
73307395
90091523
125743299
108953729
103776401
103649457
103797169
103707571
103690935
401487463
1437548071
1421617775
1438411631
1459415551
1451093455
1178465677
1178452365
107921805
107901405
133050661
134095141
134029603
1199333665
1163714848
1415356708
1415485716
1415493956
1954450116
1961855616
4121795220
4293703381
4277973734
3191644526
2923225198
2922127470
2855010542
2838106342
2833922006
2829727366
3098220183
3098031799
3098027910
2565350598
2553834567
2553998374
2570770738
2637887746
2673601283
3738955075
3738888129
3738883009
3755656067
2642330499
2634011315
2633889703
2633822181
2625433061
2642210293
2673651012
3210653644
3210671820
3210663492
3210629717
3187622759
3187429863
3036426343
3035369575
4101771375
4097773663
4114489613
1964908813
2002657549
937362185
937235225
937178425
400309563
400312667
400329179
400332939
1969003915
1971096971
1701808011
1710199641
4127174937
4122915627
4286489386
3208045358
3191218966
3207987718
3141468710
3151962918
3114008934
3115844070
3115847863
2579002500
2611543180
2675476620
2386143628
3726289308
3743328700
3743329692
3742815684
3709256132
3709202900
3713392997
3696619893
3696750935
3562534231
3562436439
3562428247
3571341143
3571408855
3587997687
3590094327
3590147543
3590276567
3623712221
1467299165
1467298613
1465193269
1431638325
1163141429
72622375
72687911
1148534053
1148664629
1157524228
1157553092
1156483972
1206423444
1185715124
1185711012
1185387413
3332805047
3332813222
3605901670
3594314786
3611059238
3577556230
3560910086
3560582422
3564774710
3698984726
3724236550
3722146630
3722244566
3718050294
3716981223
3721167349
3712844277
3713974741
3709784532
1566466309
1551786245
1551839517
1283204413
1144794429
1142701367
337452343
341524261
349959781
1421473733
1421378951
1442612614
1181648006
1176929414
1177011350
1109856694
1382494566
1387209254
1387078191
1387012653
1387012652
1455186732
1467794252
1427669388
354203052
353147308
890013885
889686413
889359749
658678213
667066628
1741856772
1876140052
793813028
621862956
621813804
605174825
538057003
559028970
569510618
569772682
833030794
833371786
330572426
330588810
299139546
282374634
278241322
278372650
1352580410
1352571178
1371453742
1400875054
1379839006
1379581966
1446690894
1450885582
1459287007
1610245885
1568369388
1547238124
3711478764
3615140828
3600463692
4137190220
4141384572
4131959532
3071910636
3172639716
3155863492
3162148292
3162492404
3170684133
3170688485
3170661735
3179243287
3157222935
2888660534
2888425254
2893667638
2901997847
2899879959
2899949847
2891685191
2937825219
2920981187
2921263747
2921255571
2920629923
2920566183
2815703463
2811496871
2778077598
2782281102
2910201742
4017563534
4025755070
4021581038
3987000367
3986983999
3986720781
3986728972
3978341644
3978411804
2904733501
2905773613
2886899245
2886960687
2885934895
2902646063
2907949359
2941372479
4023633949
4025932061
4025939229
3883295005
3845480477
3845918781
3762028645
1617887461
1617822949
1626212533
1622022621
1622022860
3786291916
3819842124
3804162572
3804081676
3801916940
3800867340
3800859228
3817636862
3788411374
3759050982
3760058534
3776475302
3844739558
3878564086
3865972943
3874362440
3870174408
3871221960
4156435400
4139657928
4139592441
4139531963
4139517578
3602662090
3605315802
2531766506
2523308138
2486624334
2487148622
2625557254
2629816870
2629653030
2627220006
2631411494
2623022398
2618828046
2618973511
2491042245
2495269252
2511993236
2549655988
2524491157
2520294797
2520417167
2519368607
3060699558
3060638054
3068961062
3068961062
3068977430
3077367062
3077336374
3039705382
3161327910
2624195366
2633636614
2633644550
2632523526
2628257046
2376598822
2309501990
2309502006
2309495815
2309491983
2347289935
2338884063
2338953727
2338961919
2305538559
2305539565
2305469933
2305533949
2305406876
2372506524
2640941980
2640942012
2636887980
2636824488
3039477672
3039476648
3039476408
3073027832
3073044472
3073044472
3078219768
3078378872
3044885881
3044947967
3044947966
3053336574
3053402110
3053198815
3036421599
2516532735
2516532735
2516532703
2512139679
2543588239
3617334158
3348898238
3298566574
3302752495
3296509999
3559754783
3559233549
3559172108
4096043276
1965467916
1713814284
3861286669
3862332173
3862397471
3862856239
3862934062
3996951086
3994919470
2937975358
2937901358
2870755374
2872575022
2876771438
3949661422
3924430062
3920235710
3920247966
2846502029
2846436748
2884136332
2884168604
2884356780
2885323516
2847645196
2914625036
2918752781
2910380606
2889409134
2889373166
2889352366
2889485478
2888436918
2917797014
2913602757
2948216900
3216713988
3216583428
3220777476
3153750532
2612682244
2612675092
2578973236
2583171687
2583179878
2574779374
2573733102
2632456430
2632452326
2632517750
2632595526
2650418246
2381997126
2648367302
2681974981
2539229572
2539226004
2505671348
2500368052
3574110140
4111046076
4111187452
3037374568
3037374523
3070928954
3070994490
2802645018
2718760218
3792459530
3813298714
3821666858
2747990890
2714240873
2982679933
2974291324
4081792364
4090111341
4090062173
4090029389
4090008909
4090003532
4056514644
4056584564
1892331892
1884004564
4027102404
3758676180
3758873076
3758816228
3758811876
3788176108
3818901196
1654414925
1658615309
1649160719
1644962095
1644961839
1661739055
1665990701
1674444879
1670054343
1670083527
1670177463
1670166407
1674352519
1632407431
1632407430
1628413366
1628370358
1628370430
1900996094
4048446718
4048514558
4124016127
4153334719
4153399967
4153278095
4140689295
4140689295
4133450141
4150227389
4116673004
4118246764
4101369132
4101304125
4101308189
4101271327
4101273375
1970747166
1968577854
2002128254
2001669598
1984758934
1984697495
1993094317
2005676204
1971655148
1954891636
1417967364
1422159620
1556377365
1556410167
1573387542
1438842166
1438797174
1430506870
1430293878
1962970486
1963036022
1728294151
1715580167
1849795589
1849795589
1845605429
1845867620
4010251620
3976627812
3960393316
3960393444
2886650596
2895117028
2878140004
2861321748
2861326851
2865587010
2857247186
3122598114
3189244066
3174567074
4243197074
4239023238
4240080774
4240043653
3973885572
3973885924
3967594340
3984572196
3967131188
3962955285
3963086359
3962983190
3979804966
3980199270
3179220198
3221174374
3216980086
3200202774
3130989574
2593993998
2593923342
3667452686
3667436334
3667437358
2595798381
2599984636
2587397580
2586365132
2586395724
3660186649
3676976171
3643417898
3639226154
3636075018
3636136458
3367508506
3367516714
3365420858
3365418762
3386405194
3422089675
3413874155
3413870057
3379273193
3362373049
2288631197
2288631773
2557187805
2557187709
3089808937
3141189177
3139087897
2853940745
2853809721
2853803817
2853814569
2872721451
2872705067
2875850859
2850686058
2850754042
2850757082
3119070170
3114875850
2578135882
2578005834
2577939786
3383240010
3416794186
3416797259
3421073499
3421098331
3421098363
3412710763
3412712811
3412851051
3379296635
3379296603
3379297099
3379281755
3379140475
2305405563
2305405529
2582361977
2582230889
3119103336
2842205032
2838076120
2838076120
2838215384
2838150888
2838150888
2838146792
2838151144
2905251308
2905263212
2771044460
2805648748
2742738300
2736455540
2740649588
2742671989
2709048311
2716388342
2716359126
2716424662
2717481302
2709158230
2742696022
2740529270
2748856438
2748913782
2744785270
2711239038
2711304542
2711107935
2710075725
2714270029
2714336069
2705947461
3779684695
3779672439
3779663975
3788052727
3788183767
3821680853
3821681109
3821747653
3821632916
3821663668
3788101044
3788086660
3788029828
1640545164
1640872860
1632484348
1628305916
1628274124
1628386692
1628316085
1628316589
1640903597
1636237997
1636041437
1636046541
1904219725
1937841996
1942105549
1405249677
1463904397
1463875743
1430317246
1430449294
1413674374
1413661062
1372767222
1369690662
1403019814
1403019814
1403020071
1403282221
1407677228
1374111532
1365591356
1345670428
1077410845
1077409885
1075173519
1363087
1074089103
1074152590
1096161182
1138102966
1133916918
1119298070
1135944242
3282313762
3282313766
3282362660
3282346284
2192348460
2197588284
2185070940
2183105180
2450365116
2454493881
2521601690
3054408330
3071193738
3072242362
3208573870
3207356846
3190300910
3190300902
3194954982
3203345638
3220012214
3186588806
3169746054
4242990215
4242949575
3697557877
3575918901
1411653925
1411851572
1344683796
1348869716
1357332212
283393716
284485300
812954516
1937212292
1651935044
1651674884
1651542304
1647356192
1647356708
3794839076
3794952711
3862299142
3878552166
2766668514
2762482594
2762485922
3030922422
3030924422
2495097990
2681874566
3730761861
3739150789
3734419908
3738470884
3740318820
4201944116
3661070356
3661541396
3660505093
4215201799
4215173395
4181463331
4166787878
4170719846
4170855143
3701084837
3701098148
3700967040
3695758976
3557355393
3557731777
3557731795
3562974403
3545667779
3530983619
3530987905
4066549120
4066886292
4062560980
4062466804
4066652716
4066718253
4049871407
4042007854
4042005550
4042787902
4105966670
3573351502
1425998926
1417037262
1546022350
1601630158
3732336078
3740374349
3736109116
3740303420
3740307768
3606094360
3597902392
4151485992
4084379368
4083608216
4083452586
3823407018
3798256810
3794063530
3794203018
3794203594
1646718990
1646714894
1650779174
1651305510
1659692070
1718612038
3849253254
3831915142
3827712646
4100276870
4108636902
4104451366
4104414246
4104416294
4154484758
4159055878
3597023239
3592816647
3592817671
1434321925
1358828545
1358836993
1354699280
285028912
16527920
8139296
7275024
1110364672
103645700
103581252
511479636
519878756
1587329253
2124196014
2123675822
1993708686
4128673934
4128411791
4262638263
4262650535
3188908709
2806080161
2764055223
2895127286
3163563630
3165662510
3164870702
3164932142
3165521950
2632325134
3697682446
3647355150
3680648462
3681693966
3664843022
1523585487
1539367391
1539350975
1501603245
1505798573
1530968493
1509989812
1510183364
1510125900
1577251144
1578520856
1578500376
1430139160
1413360408
1424890840
1353657257
1353194411
1353468827
1357138571
3508847243
3525411531
3529683467
3533865499
4071072554
4070875434
4070876458
4092893290
4090857642
3813050554
3875702922
1728248202
1728242059
1728242569
1729291177
1735586792
1742750316
1709205068
1700818500
1696726612
1700986597
1709333223
1705004006
3853539766
3853531639
3856808277
3831642885
3831906053
4100269829
4108329271
4104138790
4037018662
4054060070
3517200438
3550836790
3556231239
3545729157
3540486276
3540425092
4043744900
4047938180
4047938197
4047803047
4043616934
4043605734
4078210606
2738859822
2750326830
2746132526
2745542718
2745546767
2716318476
2707864076
2703658716
2704721580
2704687789
2738229934
2738299550
2720276910
2732859566
2729182382
2729265338
2746108088
2712557768
3836635336
3832441416
4096196108
4096153100
4096201228
4095738412
4108329263
3835715622
4104187942
4104376418
4122136770
4283626626
3741576578
3741576066
3741514658
3591568358
3597815286
2531413446
2527155526
3600863559
3600929111
3621867879
2506372455
2485396839
2485398823
2624007462
2649103654
2650082614
2683598134
2683593494
2683364118
2649944839
2643629831
2643695381
2630932260
2622539104
2505097504
3306635540
3306566420
3310760756
3310761236
1159079189
1159146517
1142365237
1142246453
1146604613
1146535109
1154912133
1167560325
1471645333
1458017941
3596989109
3596989349
3593774053
2524242405
2524243439
3060854255
3069275631
3084086783
3050428382
3033645790
3033658078
3033588478
3033592554
3035681770
3041973738
3041981950
3042049501
3042172252
3075726620
3077832476
3056826204
3056695116
3056693708
3058782428
3084275885
4153807023
4120260798
4103545246
4107739614
1417097498
1417089306
1415909658
1415853371
1415850299
342223129
904374537
904182025
937728011
912557066
908886091
2116915387
2116980921
2116989065
4263948428
4280726444
3982939812
2900754085
2896492197
2897503919
2897502910
2899600046
2899592622
2899592622
2891189406
3176479902
3212192910
3212192926
3068535967
3068605599
3085243613
4160161117
4126618893
4126369551
4117882639
4151436607
2004202543
2004194367
1985451039
1981133839
1997840397
1997984845
1963378125
4111353773
4116608685
4125046445
4122228463
3048505087
3031727823
3031826127
3031819901
3035948669
3170170460
3161772668
3176457068
3050627948
3050693493
3025654647
3025519462
3025519462
3040204134
3040302550
3040312518
3040242886
3077729414
3077717126
4151444631
3623028119
3623162261
3622908404
3622904276
3622003028
3622003060
3588579636
3588583733
3588739895
3563443998
3697604126
3693379102
3693436446
3715465086
4285623674
4134561018
4142978298
4142973178
4140876026
4140949722
4141080922
4141015899
4149408635
4115853881
4099392057
4233445945
4233122360
4233163304
4241610536
4241606440
4241606008
4233164104
4228965448
4244759640
4244890713
4278375513
4283614299
4283618395
4283626843
4294366555
4294427611
4151694297
4118074073
4118074105
4118075113
4252890985
4285398521
4285398491
4134335963
4134925787
3883390923
2809648857
2773604089
2775707625
2767450089
2761093113
3046364922
3050394330
3037733466
3073385050
3076534890
3051622762
2980855914
2964079853
2964085980
3035420876
3022837964
3039747532
3039227341
3072780287
3055969774
3055944062
3055944030
4134932826
4143391066
4160042267
3589616921
3572964633
3571809561
3571772761
3571772763
4108684763
4125459930
4293362122
4269257178
4269122426
4285834030
4279362347
4248036143
3962725679
3962795311
3962651949
3895510317
1752220989
1758514525
1775369544
1791094600
1791208012
1849945692
1845755772
4261500284
4261494908
4128313452
4128247916
4099014740
4105572612
4105585156
4105683484
3032338991
3031744110
3029641966
3025452014
2752547306
2936113594
2936179082
2920463754
2920457674
2920391130
3998261738
3994149354
3859927530
3876803498
3776123818
3759223743
3759222431
1611869117
1632713133
1676675501
1655769245
1655116941
1655050381
581251213
581198029
581214573
585411885
585472317
568695101
547862559
547797007
539408414
606452798
606385198
606187582
606253102
606261295
623035051
628179625
634454697
1707153081
1707092633
1665149577
1666198152
3813681848
3824184248
3818998664
3819095752
3785511496
3768926729
3764666891
3760202298
3760202282
3776984362
3810526314
3806530666
3802283226
3869387850
3869451338
4138820619
4154746123
4125549835
4108773147
4108768555
3572495659
3571955515
4104623627
4126511625
3052704281
3077878313
3077894953
4080387369
4063741241
4062596377
3542485257
1361459983
1361459470
1365719358
1399084070
1927594022
1928642614
1391759382
1389797571
307662979
320766083
270450819
1346327731
1344609699
1345272486
1357851302
1353525934
4088147598
3534499470
3535566479
3535075295
3539263999
3623674201
3622093176
3588575592
3588710760
3622265128
3588628777
3588633401
3588690746
3580696346
3563858715
3294964505
3294968601
3294959896
3294903560
3320058888
3248750616
3283370011
3250450522
3248271594
3248271786
3243017130
3238823866
1091411850
1091567498
1125054922
1393436938
1460545546
1464739866
1473057822
1474248731
1470021945
1440649528
1425842652
1417188028
1416135340
1416136364
1417187004
1434032796
1434122895
1467640766
1467639982
1467885806
1467288798
1467289806
1466986702
1431495119
1431494991
1409385327
1409328998
1409331046
1409330518
1951579334
1960023286
1940161774
4071587999
4071530637
4075742620
4075218876
4067944108
4084594348
4051164844
4046583548
4028688076
4028655436
4028719996
1885544749
1910903103
1910903102
1407648062
1399263294
1382421534
308681742
308754446
316946463
317484061
49214669
57590153
24003209
15618749
15693567
10976807
10810918
10807078
16048418
276148274
24555522
53915907
36081923
36586307
36635347
305074931
305083379
317534694
313270702
851207338
865887386
865649803
868779147
332103817
868913544
869987208
869950152
905847528
905848424
897525289
896345659
895759899
1969491226
1466174746
1465919834
1465915866
1466173898
1197802890
1173295514
1169101242
1168839082
1101725931
1084817640
1084756008
1080827944
1076675624
3130424
4169736
272605192
269984008
286692104
289836744
289704616
323799720
34593432
21921416
13531017
10384590
76866606
76866606
1156883502
1144300582
1161270486
1446936710
3607003526
3737027206
3734930054
3735007982
3739001454
3726419498
3659329067
4215266091
4215265579
4251797803
4260318233
4243279880
4243079176
4234723336
4247375992
4247409880
3744087176
3745122440
1467494316
1438131885
1438192293
1421410997
1423442581
1347945141
1343759029
1075455872
18755008
55971264
38800592
38804576
38811748
315627620
311437804
311454191
43052543
47219198
33784286
319193422
319718159
323781423
329032235
295480937
297052904
834644712
1354492584
1350289321
1346031785
1346035880
1346035944
1345994824
1345874952
1345906968
1358678824
3499805224
3552496152
3535717896
2461450760
2191962632
2191958584
2527437352
2527371817
2531559019
2539949674
2502416122
2636576474
2637046474
2641240778
2640914394
2682787306
2682785002
2582187258
2573939738
3626705930
3626689546
3626672138
3630933066
3634931145
3634931656
3639121560
4213867160
4198138520
3191505544
3191506648
3189421800
3193628265
3193562731
3076126267
3076087355
3078113065
3011101993
3014259816
3014190296
2980704392
2981753993
2977494171
2971201706
2971320494
2703130814
2703134926
2707330319
2749216525
2749163036
2740774492
2736644700
2736681688
2738238200
2809529064
2783315688
2779074088
2762243624
2778754601
2782979595
2774591050
2770395722
2770387579
2770355179
2770419818
2774610986
2778805306
2778871050
2778871562
3085053706
3085053242
2548378666
2665745450
2662075450
2678653962
2276069386
2276073482
2242584602
2242404731
2229858808
3303641560
3437859256
3429472172
3429414828
3291070436
3291062132
3341524852
3324687940
3594430028
3594430276
1446938436
3594421748
3593307364
4146902252
4117618925
4100976797
4100977053
4100944812
3027071660
3027183272
3026665176
3035045496
3034848808
3030390312
3030409784
3030409800
3030409945
3030409898
3051373226
3072329130
3055617194
3055682810
3059880986
3068272650
3080855562
4154531850
4120994858
4125217898
4100050154
4116958682
4112698826
4112746442
4112642506
4116767178
4112572618
4095959259
4100092139
4100071913
1960981352
1978811192
2011255048
1986027785
1986060553
1986065417
4133668123
4284665131
3748847402
3748921146
3748953866
3648259338
3648782650
3656979242
3657048874
3652854314
3652854314
3652920106
3652727593
3652727096
1241003272
1232608584
1496866120
1496964552
523877832
523810184
522749320
891847048
896369049
895979961
895988153
895922361
895922363
895938811
2002969083
2002968955
2011357819
2011353723
2011411051
1994498665
1994429817
1986041177
1986041177
1730254153
1730319963
3844257386
3848446570
3831603834
3831534298
3831550714
3832795882
3832738794
3841095402
4101076602
4101010954
4101078554
4100161339
4242744364
3185669164
3185659956
3756474372
3748016196
3731239108
3748540868
3757966020
1341588199
1335113326
1334062890
1317285162
1321479210
1339321354
1330965514
1295156555
1194493259
1193706955
1445299659
1445299674
1445368282
1449570778
1181151738
1181217258
3329053674
3345953642
1173235050
1438524714
1472148778
1454993515
1455026296
1454944344
3598229720
3594035416
3611136216
4114519240
4097740760
3828780793
3828858619
3828723419
3828725467
3828729593
3827618472
3827589800
3827332008
3827569064
3831763113
3840168105
3836040443
3836179802
3836142858
3840404746
3848563978
3860884762
3861063034
3861059050
3874555307
3870295467
3870299547
3870369674
4155713418
4122091930
4122091994
4108386522
4108320794
4108349454
4104250655
4104367421
4108566333
4099980557
4247829773
4248022029
4279477277
4279493663
4245935231
4115842541
4124202477
4126300149
4159850436
4158866324
4158706596
4158972836
4151636973
4150543869
1998683471
1982016583
1982016599
1998656614
2002989094
1977758006
3701617502
3702592078
3702601294
3702745678
3700685390
3700476654
3700469487
3717244655
2645598937
2645656280
2649850600
3174073964
3023091308
3023087396
3023168276
4096942356
4116848903
4116845910
4150398438
4129426918
3592555734
3596764358
4142068934
4138857671
4155553109
4155618581
4126266685
3563121967
3558894895
2485333294
2485263726
2506231150
2507212286
2683311606
2677023606
3750781526
3750884951
2677077573
2643508756
2639314736
2635109680
2618523920
3694313744
3694326576
3694322225
3696420437
3721555911
3754097111
3754084791
3728787623
4131440823
4131445903
4149339597
4149273037
4124173293
4126667757
4093071725
4084531565
4078765389
4078925263
4049563607
4051664895
4060045309
4059912157
4059879389
4057789439
4048876383
4048867935
4044670527
4027962943
4034389823
4051168575
4059561279
4092974462
4092974430
4090877262
4090877278
4049048958
4051031422
4051041662
2977299838
2977424894
3010913791
3017700863
3017757183
4082962927
4083102189
4085200381
4085192701
4085071740
4085087612
4084034940
4051563996
4051555788
4051669197
4051669453
4081029453
4081029981
1933571933
1933571901
4081024317
4152260671
3590223919
2516547631
2515491102
2448317702
2448357126
2448421462
2445128439
2981933733
3015488164
3015488164
3011163792
3007024800
3006893728
2972229348
2704072229
2708266519
2691495438
2704041566
2703521774
2737075694
2741306606
2733049086
2732983519
2734052429
2750835789
3018157069
4083672093
4058444863
4058961215
4034843934
4034909454
4034788622
4030527838
4030590462
4034653695
4034590175
3791307229
3791339997
2717598684
3018454012
2741560044
3010029164
3010293356
3010231836
3011280660
3011280180
3011370292
3018841396
2985219344
2985227536
2986324784
3015029296
3019305536
3017209537
3075886739
3071561378
3071544994
2773753762
2765110690
2899322338
2899386646
2899386374
3964690454
3964691478
3960536086
3977377798
3909330950
3947079942
3930237190
3926047494
3926039302
3925970718
3930097198
3942692398
3942753839
2835457597
2835480117
2835467813
2835467813
2908016165
2943635237
2944158581
2808961877
2808970101
2808904567
2808896375
2808929143
2808994167
2775447927
2775447927
2775439735
2775439735
2775439863
2775448055
2775448055
2775448055
2909796855
2909796853
2943318516
2909764084
2909633008
2775529904
2758752688
2767141296
2767141041
2762815666
2762946706
2779150482
2779183234
2812733634
2812733698
2817915411
2801065472
2725572096
2721377824
2720287264
2720271136
2741242144
2750154788
2712489076
2712501365
2712663159
2712663159
2712516087
2716647382
2704121494
2737805974
2704267958
2705259190
2705226390
2705222534
2705141126
2717650102
2716669174
2695836790
2695834710
2712480838
2713529366
2713533558
2747079781
2747204724
2751336540
3019845916
3011326236
3004970776
3004970872
4078706041
4045151481
4048313595
4056796319
4056796302
4056784014
4056784014
4090346638
4082023822
4083066510
4078872199
4078888645
3778991829
3766244964
3766255148
3774626604
3773577516
3765188908
3782032653
3815714063
1669141838
1652360430
1658651886
1658651886
1653409022
1653357774
597453903
601745487
601750283
559806987
559790619
555596651
1629330795
1632607341
1640996220
1640996684
1632483916
3775773196
3775905308
3809451564
2735709740
2739904044
2740952620
2736650812
2703092332
2703063788
2707245996
2707230124
2751401148
2751339677
2747168959
2712631423
2712533054
2716723262
2716723487
2708335375
2705324557
2738847260
2736660028
2740854652
2749173244
2744913068
2711362735
2713468078
2981967022
2980917438
2985103518
2976845982
2972676250
2972705946
4045925514
4051151050
4051019850
4049971470
4033325326
3496410382
3513181470
3513181246
3546805294
3529954350
3530999054
3598050567
3595855621
3604307733
3352764180
1205278992
1188960512
1180567856
1113328928
1109140769
35520785
37097489
41299968
40252416
65430592
31710336
14781840
15174032
10979712
10717584
27494800
61053360
60930467
65056162
56684002
56683746
18898034
18950226
19081474
19020050
23272226
23271986
31537682
65092098
65092098
56770051
57036352
124145280
90689152
73780112
81890192
77695408
77699568
77703539
77703458
94415138
123776290
119581986
1176544610
1193457090
1193444803
1193444480
1164151952
1164019936
1088482785
1084288482
1084336098
1357095778
1348858406
3580157478
3581205014
3589659398
3589785894
3614759718
1463036726
1430005254
1413358278
1424622214
1420428198
346816935
346816677
352071917
337387529
68952072
71051272
68544780
1431829
5343511
5605639
23038215
39747847
41849159
376352835
376352851
909029491
909029459
640597075
606910563
606910563
606976099
607041639
607041639
606976103
606910823
611105639
611105383
627964647
661519095
1714289399
1714289397
1718483685
3865967333
3865934580
3882711732
3849075380
3857463956
3891018389
3874241173
3874241175
3873716918
3873717174
3873716375
3869517972
4138150020
3601214596
3601214596
1168516292
1151480900
1285772352
1285682448
1285662050
1285860706
1281665378
1277475170
1277663698
1227803074
237918658
237911490
237974979
241512931
250945891
246687075
246689058
248790290
265649938
265666418
267892706
225620978
477270402
476218754
342068610
1014208723
1014208599
741447733
741386276
607168548
607168548
624141348
623035436
623296556
623297573
661079079
660950311
660950310
660950390
661093842
627520978
610743699
610735507
619647875
636424833
938414737
849679025
849687283
312947415
329720519
297215687
12396230
12347086
16568014
14454750
81575935
83668975
75280255
1161674527
1195165461
1195163925
1177370901
103178615
116285815
128868855
129913267
96419987
100488339
1174240401
1166014901
1199045044
1182137332
1182071524
1181789940
1181786964
1190371652
1190375504
1186173041
1207021603
1165223203
1160965923
1160170019
1160236659
1466302067
3613784049
3622172144
3622172112
3588748672
3588740480
3563570576
3563443617
3558897121
3563087843
2490462178
2498854774
2498849574
2498783798
2489642518
2506481222
2515007046
2511193926
2544748406
2544686446
2548884846
2519524462
2519596063
2519694415
4130301007
4135412975
4134892781
4084618469
4034790533
4043179205
4042659269
1349983685
1348943733
1344618037
1348742709
1365517877
1408513653
1404319343
1387534319
1385960959
1390169567
1405603167
1398244639
1398060319
1398055199
1398125341
2002166557
1985127989
2000791077
2000723557
4110650741
4093812055
4093815895
4228033559
4228365623
3158818599
2891445799
2782262823
2782720549
2818364020
2791162612
2791262100
2791265685
2786540727
2790603942
2790603942
2815759526
4124512414
4124520654
4124385614
4126482702
4126499102
4126532895
4126534687
4126537757
4260677661
4260661277
4260862239
3187064591
3187073613
3178746589
3176518397
3172291325
3172233967
3171169263
3024369519
3025484139
3033889115
3046603227
3080583627
3063732425
4137483401
4074565769
4062036153
4063871417
4064166825
4080931565
4047385341
4034274045
1895053181
1895052591
1895052335
1890595898
1907368970
1909466122
1372607754
1346622746
1354945818
1355281690
1355148571
1356201243
1355275609
1355210205
1363576284
3545662860
3528888716
4132934044
4127503288
4127504360
4149515880
4149716584
4149718632
4151813736
4151703417
2805323641
2805454331
2776094187
3849676266
3855967742
3855971806
3839849438
3839849470
3850359663
3850359103
3850236983
3850236983
3850214423
3849710599
3843353863
3843423509
3877033269
3876996389
3847635301
4258727269
4237624693
4237628755
4241958210
4241892610
1482106162
1477784866
1482102066
1490493202
1486307074
411381507
461713155
449130241
172300033
172310849
172282321
172274083
449094050
449094050
1539614118
