952951431
960816095
960950623
1497781519
1480989967
1480984863
1482033982
1490488126
1490307646
1536449054
1519699470
1518830094
2055635534
2055578607
2059706860
2051317924
4215714980
4211575988
4177829044
2030365845
2030101639
2030203030
2030194918
4181901806
3921855470
3917600762
3951082330
3934301019
3934300619
3938560457
2936510921
2937298376
2752742024
2752742072
2754790056
2754757289
2759004841
3849327529
3845140925
3831505085
3831571687
3840087143
3970108470
1822623750
1822632198
2090937094
2090871558
2074094342
1525755142
1523655938
1514213698
1514213874
1514222050
1522627042
1539405795
1501593571
1501626099
1505820627
1539547095
1539478869
1514313029
1514386709
1530969909
1498459937
1480637216
2017704208
4181891120
4215445552
4211252256
4194475057
4194481171
4194489602
4194453314
4211214018
4178710194
4170387106
4170192546
3901764007
3096449445
3100668037
4160774340
4160841028
4160892240
4160891680
4165081888
4240579104
4236402513
4254257089
3738357699
3730032067
3730036163
3730019811
3728848355
3728795107
3728761203
3745538403
3711967523
3703714083
3704771875
3700573475
3700510003
3637566835
3629182321
3641765201
3658673600
3657628992
3657581889
3657499985
1514156403
1514152290
1505829218
1484992866
1484928306
1220746498
1212156178
1212184594
1212213250
1212328962
1238537282
1255309762
1255375298
1523810771
1523814833
1514246561
3661669793
3724602784
3724668336
3741577140
3745939108
4282744484
4283711397
4266932165
4267050437
3740681557
3740356909
3752878383
3752878910
3719329566
3719415598
3721452910
3654348078
3653299502
3653303566
3654538510
3688288519
3679899655
2606224407
2568287527
2568284006
2567366262
2605114950
3141729886
3149979262
3145777022
3145768318
3150028127
3108082781
3103819101
3103901052
3103977836
4177717100
4181914996
4215522644
3925984532
3925990516
3930172532
3930303956
3947019732
3913471941
3913799367
3892802262
3892802550
3892777446
3896836454
3897886054
3897887798
3906022678
4170393942
4170399574
2038521671
2139117511
2122373061
2126628309
2126632180
2126569716
2118148196
1979719780
905978980
922891508
872551924
810684133
815140581
815009367
831802951
836029959
826588679
1934011927
1934011959
1942464117
1942324949
1942259413
1930203829
4144820901
4144879271
4144842471
4149153254
3075279974
2512989286
2493131862
2493146118
2493178887
2493117441
2495126896
2964893280
2964892256
2960693792
2956496496
2973601344
2990470848
2990466800
3057587939
3061581730
3069971874
3204197538
3186896034
2632987874
3706785906
3639816210
3639746578
1223827458
1221730306
1221795842
1221781251
163766017
188910145
167938752
167873216
184588944
151043985
201389521
201388529
201388193
490840225
1598202017
1447212416
1455588736
1455589248
1455785905
1984214945
1984209571
1980540579
4060923619
4062172903
4152291303
3891195751
3890998631
2812935469
3052002589
3043532047
2959654679
2955460151
2955476519
3026837027
3026902579
3035299635
3052033329
3081323825
3069116689
3069055233
2523795713
2523599153
2523410787
3060298851
3069760739
3069887735
3053100231
3036327111
3028004039
3028004295
3027934583
3023814503
3023945319
2758588007
2758579815
2774898423
2775029719
2770851799
2771900375
2805454295
2805456247
2939542823
2942621991
2942630183
2951081239
2909269255
2917592343
2951210279
2952254758
2885010742
2885010807
2843205111
2842939383
2842807271
2851130343
2918239205
2951806933
2951802821
2922442581
2922508277
2922503141
2922634213
2922634237
2943474653
2909920725
2910027205
2893245911
2893245879
3966860711
3975171494
3975237046
3975241175
3975380439
3975313861
3966921029
3983796565
4017154420
4000378228
4008967493
4008859589
4025636311
4025710070
4017120742
4017126886
4017118710
4017249734
4025646534
4025743839
3989952893
3989888285
3989892125
3981567007
3983664415
4017316118
4000473910
4008920614
4006692582
4006960854
4023709654
4023778295
4023896535
4023830853
4015519749
4015258629
4011062293
4013151285
3879063589
1731585063
1702356007
1735842855
1744293221
1744293365
1744292293
1735850433
1735911889
1735776753
1735777745
1735912897
1702363121
1702217697
1702221777
1735910995
1744170615
1710608230
1702153574
1735781719
3883396439
3849706741
1702350293
3858234821
3858229717
3858090981
3858092023
3858235351
3849842519
3849705319
3849635703
3849713495
3849842007
3849706855
3849701735
1702361367
1702357269
1836448053
1836436789
1836569861
1836576789
1819627567
1685410158
1685529086
1685533630
1684082350
1684015786
1700793002
1738546154
1722821626
3870304603
3885051723
3784467977
3784729161
3763659343
3759461103
3763651311
3772532391
3772518375
4040429047
4032183542
4032177382
4040565862
4107674742
3569824834
3699649730
1552165187
1552177489
1552173169
1552305264
1497814080
1527963713
3675431235
3675427779
3674317474
1530963618
1505797794
3636506274
3703627426
3703725730
3426893810
3426893074
3302360082
3304522802
3299083315
3567543315
3585074433
3618549505
3607004672
3598418448
3527115376
3526984304
3526988404
4063818340
1931010668
1880649580
1880889709
1885080047
1885210846
1885215950
1425940686
1421746254
1421803598
1572737094
1604268118
261956710
176974951
176495668
180683780
1247220740
1242705932
1259528476
1225979436
1212264047
1216392942
3363875582
3380657854
3397426878
2659358366
2663551878
2655420822
2529591798
2531230695
3063718501
3000803940
3009213988
2971419173
2954641957
2954641952
2956800288
2960990240
2969374768
4032499712
4032454720
4031407296
1884163524
1934494661
1935543239
1935571399
4152196327
4290051175
4290049142
4290045262
2060838478
2048751182
1511988798
1511851566
2061304613
2056597540
2056544300
4203798636
4206993628
4215382156
2030085516
1493216957
1476434607
1543527086
1543651206
3691132294
3569489126
3565551654
3499491362
3501663490
3501536514
3233085187
1140176385
1115653633
1379829248
1379893760
1379897872
1377669712
1931252448
1880925921
1879896037
1884031463
1885211014
1931353542
1381901510
1458970854
1454846054
1605701718
1553277954
1552165906
411315235
142878753
142871601
197525504
173436928
169013248
168985345
184783585
1228973795
1220586150
1220586150
1270913718
3737295750
3737295238
3737290118
2663809478
2525331942
2525803247
2525799149
2546787045
2535223908
2518418020
2518417956
2520584484
2541559844
4126748724
4038726660
3506055172
1348085829
1348099015
1348094918
1348061574
1362674822
1379455126
1379782870
1382011126
1390276838
1401741671
1351411297
1355597409
1355372113
1414166465
3562726849
3571115505
3623534033
3606748611
3606676931
3598292929
3594106833
3594233845
4131366901
3057497573
3055353829
3059548141
3059535599
3059697391
3086903023
3086902911
3086837375
3086808446
3053241471
3049112631
3085816853
3077567511
3073373191
3039294775
3040867623
3028247911
3026134375
3034395127
3034395093
2967286148
4049408412
4049273772
4116383660
4124777372
4108270540
4108090319
4103404302
4103380234
4108096826
4250513466
4269514778
4269465610
4269465690
2054840811
2054690217
2071472041
2037989289
2038052777
2113542075
1608402906
1607975754
1582605578
1584702730
1584704778
1585229130
1459469787
1476378105
3590248361
3581597609
3560687531
4096313263
4096374767
4100695847
4109279543
4105150743
4104433685
4100243732
4096086292
4112921348
4112909828
4097183588
4109634021
4105190639
3568309726
3567650250
3584446414
3589787342
3572874974
3570708206
3571230446
3718030079
3722232397
3749331469
3728343581
3727307301
3727306533
3731434535
3739757607
3740816407
3740823631
1583079501
1583067356
1578688988
1599661564
1566109692
1557822197
1557822437
1557793255
3707373767
3707382918
3749409926
3464184214
3604726678
1457111734
1473823398
1473835686
1431888806
1427694574
1434054142
1434118527
1433041671
1462655749
1445907717
1445774613
1449967661
1392279613
1392414749
1383772173
1449834253
1965729292
1953148492
1953210073
1954123419
1954074026
1971117290
4145835242
4129041626
4145820890
4116657386
4104008170
4104000509
4104061580
3566482060
3570688692
3562890917
3558751925
3575069319
1465199491
1381313938
1391932855
1387610295
3538239733
3538284629
3261391903
3257199671
3273964854
3244670774
3236412982
3504789014
3505308182
3501097494
3501163030
3500978983
3506304293
3565081860
3558858004
3575438628
3575422244
3609045268
4145985796
4145977604
4133325108
4141648928
4074537008
4135571456
4135481536
3598590144
3741196689
3736994466
3736942246
3719051942
3571980966
3563588502
3563785094
3573157830
3568908230
3568837582
3568837630
3321373038
3346538542
3340382254
3579707450
3567173929
3566521640
3566508920
1419021048
1410644632
1410640520
1429649032
1396077192
1378222792
304480633
1919316011
1940317227
1941284905
1941284984
1941219529
1943321289
1917093513
1930199705
1896841883
1881043598
4030604190
4033749158
4042072230
4104925415
4121702519
4155401223
4142818309
1458466053
1458435349
1458402357
1450012732
1462595644
1430012216
1427392312
2086006312
2111236648
2111216153
2140510730
1585744650
3737420826
3745828894
3707891934
3692445942
3692478646
3695628710
4236698275
4253394592
4270108304
4271680384
4267477120
4131358852
4131372260
4130974948
3862554093
3845845629
3828011613
3832169215
3840492271
3840422511
3836224367
3836228911
2766672959
3035173911
4101579783
4101710854
4235867158
4235859286
4261021510
3724216006
3707451078
3703518790
3703395959
3703329381
3703329620
3707531588
3715920196
3728568588
1312698684
1310601020
1176382013
1163344478
1088232382
1086070190
1086064046
1101791390
44843150
49201295
40796557
36602781
1110087453
1378463004
1395173421
1361881133
1412213803
1412021257
1416283465
3588932572
3723117228
3719176876
3720094380
3757843117
2684117757
2515923927
2515859446
2516381030
2490166630
2490236246
2507142614
3614101847
3622457687
3555328327
3521776967
3513326566
1349007847
1344813542
1361673655
1395357135
1395323087
1378545743
1378725935
1382842671
1408017711
3521949487
3521953599
3506216767
3506347821
4104032045
3034492213
3051021652
3086664004
4152345029
4152316381
4080992621
4080998255
4045355567
1880963631
1885088299
1616657259
1910325243
1943820169
4074525064
4066132360
3524575400
3524575464
3528835176
3549937708
3568750893
3568755231
2494489158
2494489446
2494357990
3563896998
3291268254
3577408654
3610962382
3594185670
1446965191
1451160917
1451021628
1467793436
1430056973
1413407757
1413407749
1413413911
1350485287
1356646183
1356644903
1401766487
1384792647
1384776199
1390024198
1398480438
1347954983
3491244135
3495630966
3571076294
3571303558
1439481990
1456242822
1449033858
3596523410
3600725666
3735009186
3600590241
4137476528
4133286340
3592176116
1461457316
1981757348
1914384300
1914187180
1918381484
853024172
848891837
580442059
565768010
816557322
820952078
808356894
1881508926
1881445678
1881470254
1882474030
1884751398
1904608806
1904611046
1938239190
1938108039
1921347485
1921900444
4065181084
4060915100
4077696252
4078739580
4078673932
4078538765
4047012879
4047080767
4051360111
4116372461
4124769005
3050994364
3051257500
3053281932
3053220572
3051643645
3043259247
3044299118
3027501350
3027509286
3027706134
2490773774
3572904207
3572904205
3707110668
2633436168
2627024920
2643785768
2643786040
2677319944
2396307209
2387904281
2652148089
2652156011
2656415855
3730219118
3738624222
3755393510
3713319910
3692335974
4228248562
4094162882
4094027714
4094551875
4094678903
4107198197
4119748309
4154359495
4141760199
4135521990
4135390694
4143719654
4157874406
4124315870
4124381390
4241831134
2094296566
2094300519
2111167863
2136397077
2119348485
2119344901
4266897941
4275085861
4274038567
4265651495
4261456999
4261543167
4261870846
4278645918
1682359518
1691241975
1687046631
1688160677
1687972020
1700537556
1713119428
1979981956
1980113028
1964127220
2085749348
2092107300
2091911724
1555048973
3700435471
3465603599
3464739342
3464664846
2660401422
2526314542
2522656814
2506076526
2489222110
2622403277
3154749125
3154947812
4228698084
4228696292
4229844196
3965598948
3990754804
3989706709
3989770964
3981137620
4014601940
4014532180
4022920980
4006127388
4024145692
4017788445
3984257661
3984249317
3833118959
3833086206
3832087806
3833214206
4114228478
4118423006
4160366586
4154144378
3885515610
3885552395
4124611848
4124615736
4116292664
4149978120
4129207304
4129215752
4129179145
4062053947
4066247274
4091220714
4103607018
3566744538
3568840921
3568841977
3300474089
3304794365
3304795333
3302702278
3231662278
3231629510
3235283138
3224801746
3224802258
3307640770
3328620483
3337598417
3333268961
3337396705
3463234033
3459105137
3459188001
3408805665
3362729767
3639422757
3636211493
3639875365
1500582212
1513161668
1242584004
1241573109
1510010597
440462311
440466406
448912886
457355478
1027780679
2093387847
2110161221
1573175591
1564796454
1560570414
1560554030
3708164654
3708160558
3578530366
2274102558
2274100254
2391605278
2391744606
2391613534
2341217390
2342260079
2348288367
2347436399
2313828719
2313841775
2380901759
2372437471
2372501981
2372637084
2372510108
2238231964
2238287772
2239467196
2235545276
2168432316
2199888520
2468258440
2455676600
2457794475
2457126314
2468662506
2468660458
2972046538
4029080778
4034323658
4034323914
4032295387
4027929593
4028044745
4046919000
4084546664
4066848104
3538299193
3534109451
3534031642
3533966890
2191800106
2195989258
2212770074
2212761898
2276200746
2276196650
2276393262
2276398382
2410429742
2414349607
2414365015
2338912581
2305424197
2313796565
2313796597
2305670117
2305661927
2305661943
2305793013
2406480855
2372796375
2372795863
2373971445
2239737317
2239670773
2239736277
2239609333
2239531509
2235402709
2166266821
2170485701
2169432645
2177727351
2177687399
2177748839
2178874743
2248076759
2281471447
2273074677
2273069557
2273278452
2239719796
2239708020
2407340820
2407349524
2415867156
2415817013
2414735727
2381099502
2381092270
2372439470
2372508094
2406193566
2389351814
2386214278
2384373127
2384372935
2401084487
2638134327
2621373494
2620812374
2624990662
2633375702
2631206838
2647918254
2413037230
2413103086
2404456254
2406495518
2381328670
2360353038
2360353038
2358256410
2362446619
2362459001
2353090553
2353089529
2353032153
2369809369
2403424585
2387757385
2396144905
2398253321
2414997801
2414924073
2414908201
2414909225
2264241977
2263332159
2263331119
2187821165
2188214509
2188149997
2188221693
2200885469
2167306701
2150251469
2151300061
2149259871
2152413967
2160668431
2173183262
2173186414
2173178350
2174222830
2247627198
2280183230
2414382527
2405992895
2405992861
2389285324
2389360076
2389353932
2397741516
2389418428
2401804716
2351469996
2351927213
2352909229
2352933613
2373905279
2415749903
2390522126
2390496526
2390560830
2390569006
2407338106
2363101434
2363110874
2358960091
2363083451
2641922971
2637729737
2671284041
2670437641
2682955545
3182077496
3165306424
3161099832
3156773432
3022573436
3022770412
3040501996
3076215020
3063742700
4137496829
4141819039
4133366207
4133366438
4129169062
1448743622
1448751822
1599677135
1568150089
1576731928
1291458616
1287338009
1287399707
1291598106
1288976734
1288986494
1289044798
1284916022
1284960550
1301602594
1323098226
1316937923
1178239105
1177190528
1177191552
1181387952
1161558180
3292392356
3292393149
3294408429
3294406189
3571229225
3623137816
3606550025
3538876217
3534740975
3534740655
3556592814
3510453438
3510457790
3510560159
3510560141
4051613572
4058420884
4058362484
4083458612
4083450420
4146369063
3055592238
2787173678
2787337262
2788625454
3057060910
4285926463
4243991327
4239800837
4239800903
1957964486
1962159782
1962163622
1951662262
1984954502
910377094
910356615
910205125
907059237
842047525
841065775
841334063
841254975
1914996746
1915652110
1919862815
1400786271
1440090061
1440097933
1440096927
1435960047
1419055855
1435772775
1473572134
3595872566
3596396803
3598618369
3597305344
4067078848
4129993408
4146762368
4113204864
3157952209
3174682211
3173783330
3073122598
3073122342
3186368558
3165585454
3165523038
3165522127
3165522319
2579258255
2598169485
2651384829
2651366877
3726291407
3709505743
3694837983
3699110103
3698943223
3696848227
3705503585
3705485857
3705412128
3707575824
3481091584
3329107456
3337492161
3337226113
3471508915
3467136163
3488110755
1558771891
1550707843
1546628167
1546622231
1546498615
1547477539
1547477538
4229211682
2085922338
2094376690
2093871794
2093839026
2135822770
1590572163
1591608449
1591610561
1592657937
1600456737
1566865440
1566633268
1566616836
1609798917
2123604997
2059509765
4206932016
4198543392
4265849633
4265784871
4266065511
3059142375
3059109542
3059684790
3059482774
3059483062
3075998639
4123731647
4106890893
4098435661
4107819807
4126734383
4125944879
3085284414
3085078542
3210907918
3211957838
4279285494
4278249142
4278281878
4282520966
4292220071
4271312033
3198946465
3064483041
3068918785
4268403713
4012616963
3978997251
4234849794
4234841858
4234907442
3962098982
3894960422
2821202222
2821337646
2833908334
2846492653
2846363052
2846361756
3152554124
3139971212
3124373900
4265225900
4267320996
4288558772
4254466773
4237645510
4241540886
4098944294
4096830518
4096965638
4111645702
1930605638
1918104790
1917146342
1917076718
4064625902
4090381806
4090428782
3788365103
3789328141
3789327884
3781017100
3781081612
3781138972
3776810556
3776814972
2701981676
2769048485
2770273190
2900243366
3969786534
3971286758
3971223142
3967031879
3964938951
3981913031
4022544885
4018173095
1870721206
1853927558
4274040967
4265649295
4261457295
2114174413
4127374317
4132875117
4160670511
4126886703
4125710671
4117245390
4117245343
4113048751
4146926765
4151182517
4151707077
4159124807
3588253462
3584058902
3584060950
3584126486
3567480638
3584491326
3584547182
4121270766
4121729197
4158949564
4147415244
4146367692
1965540556
1898389708
1898258588
807805100
811999908
820384420
816189093
816057041
816065217
283389505
275014213
23511877
40288781
36619791
36620807
52972071
288123430
291826470
299952190
400748558
379764943
383959183
382910621
373334252
373334060
373336108
1456515116
1473488937
1473428267
1473414683
1472365066
1438900746
1438736906
1153446522
1150291566
1154943471
1172179439
1197091055
1178233039
1312422983
1312399367
242978823
259694611
1568317475
1568317473
1601876000
3732570160
3727328336
3727414609
3727311859
3744076514
3697881826
3702010470
4238877294
4239929898
4105712939
4105713961
4043061512
3493612296
1346144840
1345297352
1881976008
1881964745
1882030299
1883148539
1629401275
1666097645
1666166509
1649187557
1649187477
3805264005
3796810901
3796803748
2802299044
2769744292
2769740516
2752930532
3833008677
3840148007
3840684590
3840685374
3773578294
4100929590
4109252662
4121827414
3601734086
1454260166
1455096646
1186530118
1186550534
1207689986
3294356274
3302613794
3298360610
3297311027
2224617824
2224793952
2239424960
2256260544
2255340480
2263466960
2260308964
2394530791
2409144742
2245584038
2220412070
2216216742
3306866902
3306875078
3611192775
3611174853
1467363909
1198854741
1196692005
1195647781
1195647781
1195778837
1204699405
1171013949
1166593405
1149893087
3297437902
3318413454
3453667470
3478899866
3487090090
2396574698
2398679914
2415452714
2414404138
2380849706
2380915519
2381046573
2415510316
2415493484
2415493500
2407118300
2675684828
2669329868
2635767244
2635774412
2635775964
2635853788
2673473500
2673432445
2656651117
2656786285
2665183085
2665182525
2665051455
2667180382
2658787678
2658923358
2675692254
2637841119
2637906653
2625327836
2491142876
2491021308
2499605884
2633809276
3170744412
3166546045
3166546159
3170674926
3179066606
3208413438
3040854230
3040793558
3158205174
2893947622
2902209254
2914784998
3220973286
3204202462
3203931614
3203996878
3204000975
4277873869
3740941533
3740992717
3740799053
3757580299
3714834702
3697996062
3697989390
3630948126
3630742326
3639130918
1491647335
1508441045
1516992389
3660206981
3660202885
3660235188
3672817892
2594758884
2678648100
2649533980
2642193932
2642193932
3176506941
3184955930
3216414266
3082260266
3065810218
2791869738
2720580954
2737501002
2688213579
3761955529
3759826648
3759767465
3839367593
3856140715
3889958042
3892253898
4135527498
4143918138
4143914030
3602582638
3600362718
3600491662
3583647878
3566923911
3566903696
3700990880
3707544224
3560735392
3559162736
3559293200
3576082688
1428578563
1411790594
1415978755
3572373793
3568175392
3568044320
3702000096
3706219904
3337282944
3337271169
3467544195
3468592802
3472725922
2658969570
2658968870
2658985254
2650661910
2632901638
2632643586
2632631298
2624275506
2619884643
2619929953
2625238624
3749442096
3673879040
3672830464
3664494848
1512914944
1512903712
1495870567
1547250150
4231735982
4235934382
4258881182
4275623822
4275622282
1591255434
1587126698
3734610350
3720013806
3706382190
3706388271
2489961767
2489955639
3035534647
3052308277
3085932309
3060769285
3056579141
3190805063
3191854823
3212705767
3221028335
3221020015
3187461231
3219964957
3211653133
3178094605
3162497044
3161870628
3157656868
3023387937
3023382833
4101388561
4101380881
4160098049
3535146497
1387660803
1387726595
1387529507
1383867427
1379673123
1377644595
1360924679
290067207
281743943
294147783
327745271
310943462
315132839
315133349
1388944772
1380623748
1393206660
1342875524
1074460373
3221937751
3221902902
3503978034
3499712802
3499647074
3516420322
3550233766
3550366854
3285089415
3277732229
3273529813
1125981301
1360798772
1360798740
1364996404
291250988
323969836
323938076
319805196
319604549
285770197
286032367
273515966
273581470
273584014
273669598
273012215
273080789
289857732
323412172
323346636
1397024220
1942333932
1942399980
1904642813
1905232607
1909229390
1935446878
1396494686
1395548510
3543015758
3544064382
3512535910
3516664678
3515615790
2441816590
2207985166
2274898702
2274915126
2274947366
2409148711
2409148449
2413339680
2402858032
2386067536
2318041280
2318049408
2340069760
2314905220
3367619237
3369663141
3629705892
3625479068
3625610124
3642363597
1528501965
1528373981
1528652797
1498244077
1498214757
1506586997
1507635573
1498195327
1480895830
1476770118
1476843846
1481038278
1489948630
1486767990
1503413094
1536971637
1541230869
1532383252
1528648756
1494545700
1494544164
1497820692
2076622341
2076610117
2059767109
1539607669
1531227367
3657755879
3657950438
3657838662
2584084806
2605056518
2340816422
2307200550
2307141158
2291412774
2358521126
2358516790
2361132086
2365326710
2230175735
2246886359
2280493765
2280625029
2272179076
2272114612
2272051108
2238234533
2238446485
2221865943
2217704422
2234330598
2239309286
2273194454
2280550854
2280550855
2246963703
2246875105
2171375520
2150489492
2167336900
2168384852
2201901876
3279846148
3279825156
3279890708
1128013092
1128026404
1126162484
1393467397
1393467585
1393328515
1397522851
1363971489
1363971488
1347337136
3494816384
3494816384
3494832768
2488167360
2505977680
2684303184
2666337121
2662077282
2661815142
2661823462
2661822966
3484955814
3447217318
3426503910
3426712770
3443420354
1161752002
1199500742
1203203523
1201094081
1140198848
1131810752
1093011408
1093599968
1097606116
1107044324
1371334645
329027541
332172645
860392743
857249063
840475919
840606991
840938527
840801327
840932389
839832628
839783444
856556660
823014628
810428132
815662836
815728341
814483143
814483143
277620423
281833447
282029031
1355770838
281860998
298635158
298700694
290370950
289857922
323477970
860152035
839176419
839209185
839283909
856843461
855797205
868311015
864050919
830498807
834693063
827614661
269960645
274091349
274090772
284572164
284633604
284437013
301219607
334771510
854864182
852758838
307707958
307183918
323862826
290242858
290223418
273447722
273472490
340642794
80104330
214317966
214056334
148058510
164778462
198373750
181592358
181641507
448897315
440508721
172209203
172071971
436254755
436250659
436250659
973314083
994216225
994217745
1002610256
969062096
960690112
956454272
956433537
419431857
402661793
415244961
411054755
411047587
478162561
478161537
499182465
398694787
373463426
1447205250
1447269766
1381142598
1383256070
1382281270
1398862894
1902406702
1894579502
1890436653
1891222056
1895350812
1884869196
1343808204
1410918076
1410916268
1414056365
1422706854
1469008022
1451650246
1456890950
1458987270
1459609910
1449976615
1449715228
1449848588
1445648140
1445708084
1445511204
1584951341
492372175
471466186
471473290
201996478
1288321454
1284115118
1285164703
1285059209
1287189193
3455615689
3313074780
3313090093
2247666221
2247666221
2281286253
2263520845
2192491213
2192491471
2193015799
2192950247
2191811559
2212782434
2179231010
2154052898
2154038578
2150039826
2154189058
2221826818
2221826823
2231300869
3296581068
3296520604
3309107356
3326003336
3325970568
3324922248
1177311624
1449420729
1457808299
1201955755
1168389034
1151673342
1155621158
1147265314
1143005474
1281471778
1289927986
1285732610
1302510595
1524800513
1516473345
1513196544
1511117841
1511216177
3657593122
3657572898
3678802466
3653505634
3364102866
3364628098
3364824722
3364757430
3448572342
3448523191
3487357317
3470757316
3462301132
3463938908
3463746428
3597968108
3612648044
3709187692
3708223084
3439487725
3306564590
3306568134
3306556614
3310683334
3319529702
3348902118
3348848887
3350913223
3355095365
3320485120
3312094464
3295254800
3295194401
3295194401
3311969573
1164955668
1198440452
1194214405
1194198293
1160714021
1433743909
1431315045
1473262183
1455444575
1455637326
1585706318
1589751135
1606462975
1606528511
1598270939
1430619611
3579086043
3574960347
3575051481
3575047629
3575576540
3577661036
3565011564
3585995308
3619283485
3602637327
3602485598
2528674926
2524480622
3591959662
3608801406
3575312718
3560592202
3564783130
3564002879
3564071453
3563977485
3563968799
3572300919
2512164053
2679411141
2679538629
2666959607
2654458594
2654196450
2654102226
2658284402
2666606946
2666542178
2681218275
2513446115
2496881857
2496853441
2496853953
2496847489
2496913045
2496724917
3578854821
3574625765
3574599924
3507696076
3490854348
3557965684
3570539364
3583187812
3719309685
3719310598
3719312646
1567686918
1563558662
1546781190
1547051622
1567957734
1505518565
1536975804
1519673740
1514464652
1510780060
1510776040
1577823273
1583000617
1593486411
1588237771
1454015945
1458144185
1583919529
2105057705
2088346009
1952118168
1954205672
1962855020
1953102380
4100517404
1965875724
1965941261
4146590493
4146577519
4150640747
4151332074
4151339226
4124273098
4124208074
3618786139
3619112795
2544632139
2527854939
2527928363
2544853039
2548950063
2507013431
2502810935
2486033719
2624566839
2632888839
2628428295
2645210630
2683082342
2653740775
2653211367
2653211109
2654358628
3128316980
3128303876
3111527180
2558403084
2558403084
2632867421
2628602351
3165407406
2628536494
2622814398
2635458958
2668555918
2672748174
2672222863
2521260718
2530505646
2532622502
2527379622
2527379622
2523152534
2518761606
2502083975
3559057863
3559058245
4095928597
1961023767
2007222279
1990511623
1457841159
1449451543
1445290023
1445880039
1361976551
1345195511
1349388871
279841283
279774722
279716370
279733042
275570979
272494643
339574803
874350593
878614785
886999041
903776451
928352387
1041551491
1041256582
1043337398
976630182
978723494
981739174
998517350
948709903
949497357
2025416204
2024534540
1491845644
1491632696
1484317224
1478032936
1494022905
1527573163
1515056046
1523572142
1586415038
1586151822
1587200398
1591394447
1608114431
1566106670
3694717998
3711527974
3577445415
3609875735
3614065477
1471890132
3617145524
3583562420
3566794420
3570970295
3562711958
3562716118
3562703670
3558378774
3581451270
3615007750
3615073335
3614175269
4281065572
4281004240
4280963216
4280963984
4286476976
3757967025
3724478161
3589604945
3589563923
3723783731
3724308259
2650597409
3183249441
3216803873
4292650000
4280197440
4279694273
4250321795
4241670563
4243783843
4109372578
4096792738
3020957938
2484218178
3562154498
3616742962
3599962630
3599987270
3600085959
3600069079
3599016101
3603731629
2534181293
2500627389
2500827807
3609111226
3592351450
4135577418
4143771930
3741106234
3749503038
3749601311
3716049941
3716049205
3716045601
3716042529
2648327953
2631516929
3705398209
3724202369
3720003969
3584738689
3584639905
3588755873
3622315431
3614977447
3577297839
3576306591
3580570511
1433219023
1433216335
1416442127
1415921950
1411695914
1550097706
1575266606
1604631822
1588573455
1589551375
3739136461
3729686957
3729569709
3729567661
3746361277
3747577847
3713957879
3716024119
3714451254
2640656182
2632197938
2632215858
2632252723
2632187155
2633168641
2633139968
2630977344
2555426352
2572199456
2605774372
2608199268
2591543909
2591408999
2608120167
2616520942
2580866302
2566323406
2574710990
2641811934
2671237598
3208108366
3191184718
3189019918
3210064158
2941624366
2916589615
3185566013
3185439356
3184882412
3175420652
3104113324
3104245485
3104641007
3118209070
4189878318
4223421454
4223593486
4227787791
1597697295
1595666133
1594457781
1560819361
1560810400
1565196704
1439563952
1474172032
1453196416
1455316032
1455313920
1185271857
1458364451
1449975842
1466753314
1416557862
1425966438
1419611606
1553763526
1556921542
1545448542
3693014286
3695107863
3695103525
2499595812
2495403564
3046921788
2644251212
2648449740
2672566972
2681153188
2644391847
2643789222
2650014886
2641363110
2637168854
3742453958
3474088966
3478269198
3469814542
3465816894
3466013486
3466476846
3331986543
3338142956
3337110716
3337151880
1206414728
1143701404
1144673948
1144701836
1144684877
1346273583
1887207726
1894560814
1891413274
1622781707
1620817691
1892390713
1879806777
1879744873
1879762409
1879796905
1611356585
1623919017
1888095145
1904938955
1938753354
1401880846
1407070222
1365123135
1159602231
3290243125
1288446069
1284245492
1284460228
1234063045
1234105926
3420448278
3395085094
3392987430
3393024286
3407819038
1230447894
1213541654
1213153142
1212496758
1220836198
1220836198
3368353654
3414611270
3398861255
1255637185
1255440624
1246011616
1246077408
1246208992
3393696672
3662000800
3674521252
3741690789
4245601157
4228811141
4245588357
4111960469
3843327421
2769597357
2769347245
2773672621
2773672621
2817737381
2943423205
2926589413
2922392821
2922391671
4016187446
3957463094
3953526806
4272294150
4272372998
4272235782
4272709686
4277985319
3730628855
3725389957
1561190532
1544478852
1544451457
1548621715
1557010082
3570341542
3566161638
3567241766
3569212214
3572275462
3580725255
3614293253
3614422276
3749622596
3745375188
3743179508
3708560037
3691783079
3695514534
3570795494
3570532830
3570537550
3570414671
3318770703
3318802447
3314808911
3314800847
3247544510
3281033390
3281372350
3279405190
3275145606
3342255030
3342783206
3610173991
1601037857
1600974384
1600974352
1579996692
1579995956
1529704756
1496277308
1484333373
1482169663
1489533742
1489599086
1506409326
1518926174
1518990350
1519308814
1523499022
1247723535
1226760469
1477370740
1477306080
1477229280
1481419424
2026679200
4186749349
4207787397
4266570949
4266557633
3189408065
3189278560
3188237920
2936579680
2903171680
2904483537
2908739297
2910637795
2776419043
2784807907
2784812001
2785009489
2784949824
2776622656
2805786228
2804741988
2804731872
2741291489
2741291233
2707709047
2775937399
2775982455
2759205239
2767593942
2700489174
2696224182
2696153266
2699299042
2699233490
4041353414
4058130630
4092732486
4067586118
1918034118
1917952198
1649714407
1657058535
1652851941
1657046229
1648727117
3860242509
3877036365
3845546815
3846071854
3831379562
3839624938
3835430650
3851944650
4019720650
4021825787
4290454761
4290456808
4260960264
2088253704
2088512072
1551723208
2088167100
2081604253
2081604236
1946321308
1967366316
1988206828
1988207452
1993455116
1983079948
1914777177
1931689707
1897928874
4033087658
4042524842
4038397114
3518456970
3552043210
3602227466
3601052426
2527298058
2527372842
2531569197
2540613420
2536408380
2502607116
2641019148
2675568988
2673402860
2681758637
2673440686
2672516526
2672381102
3579595950
3579593886
3560899726
3560842382
3560842383
1413102732
1413090716
1413160356
1144600228
1147679348
1156063796
1151869476
1151869468
1135239692
1118761484
1122469421
1113886254
3258288954
3323308810
1175759134
1175763070
1326748926
1326755982
1328906382
1295433870
1563869318
1551298966
1559684018
1555560115
1555361457
3707039664
3715427760
3748982160
3593993617
4130850195
4130588563
4130592486
3874596454
3870402087
3803227951
3818956077
3789595964
3777012776
3777204264
3878912056
3878732824
3859858489
3860221231
3860216366
3889572398
3891673654
3887537686
3887404550
3870581014
4004794391
4006895687
4262731845
2114266325
2131111157
1963343861
1950748405
1954940613
1888813765
815010503
815014535
1356150677
1355115941
1371826597
1371892117
1405581701
323406215
331796359
402114263
392450663
358883943
891560551
1025974821
1030119957
1021728513
1034405683
1034213155
1067770151
1055170599
1047830574
2115412030
2114359502
2114360526
2114313375
2131097855
2110192623
2106514169
2107525720
3703376456
3707506248
3694990860
3695055404
3694076460
3706479148
3703333692
3703365941
3717522470
3716475942
3444373538
3440298082
3423520882
3424570562
3693016514
3699300226
3439249282
3433006770
3705444066
3746868962
3725897315
3592332801
3592332800
3592259328
3598505440
3539858592
3513676944
3496873088
3496873105
2432517283
2428301730
2478629282
2461328338
2456086274
2451898114
2452401938
3077548342
3052386599
3052117047
3035339805
3035345933
3035231261
3026777917
3026810415
3022599718
3022536294
4096335458
4100655842
4100655346
4109176018
1957450899
2011656320
1986420864
1981964416
1981988992
909296112
1043517152
1056008805
1034955303
1034955271
1039149574
523250182
506607110
2117473031
2146877777
2142683488
2109706720
2025628612
2023531204
2019336908
1478294252
2015132264
2015111785
2038245738
2046720106
1810286714
4020600842
4007755786
3940585482
3933245450
4199591978
4194541614
4194475062
4278385718
4245110070
4245044710
4242423718
4238217126
4105834389
4105768340
3568835972
3573038212
3510119556
3510381956
1363029908
1360932532
1398750901
1406613141
1405563799
1473638903
1473622390
2012525334
1977919254
1977654838
1969265190
2099616550
2133236030
2133244190
2134306078
2065069334
2030441238
2013664054
1476870438
1489326434
1485104483
1485073777
1501849856
1523051264
1523513600
1246648576
1247677440
1245578256
1245511697
1245642835
1216221522
1224675906
148177494
148127270
147073574
147073574
147073318
197404947
180763907
181329153
181376273
181384161
172798881
172798881
441230256
1510978432
1494135680
1477352320
4229597828
4231760500
4230580772
2888415780
2900995620
2900926996
2917716492
2935550508
2935546412
2952327725
2943992678
2944255990
2909587430
2892810214
2892879282
2893444498
2893505682
2893313170
2893354134
2773890182
2807442566
2790664326
3067488406
3067484310
3068074134
3067952350
3070043342
3081576911
2444174157
2427257468
2431398444
2432447036
2432447005
2161905951
2176587070
2176783422
2208775230
2208708666
2280003898
2279999770
2271611658
2281115146
2280924682
2276729626
2277249834
2277262122
2281522026
2281558895
2272065391
2272059253
2272042309
2273090885
2281684421
2281618901
2256518629
2390605285
2390596837
2390670548
2659101124
2654972356
2654772180
2654849748
2654916564
2654924180
2654923941
3061605541
3044830375
2484939910
2484481158
2488677830
2499150678
2495021862
2494833518
2494833646
2226398971
2226404011
2243758762
2276985514
2264402618
2256034522
2250799882
2234213642
2221564682
2229953034
2359960122
2360029738
2364277295
2297169711
2314997095
2315074741
2315218069
2315017364
2306657460
2372177300
2369232260
2369174916
2400431252
2382408884
3456216276
3728911364
3737299972
3604134964
3595802660
3593590884
3526543588
3526771860
3543531653
1345716614
1349910926
1358369694
1354053290
1358174954
3501468266
3501468282
3233032730
3232848394
3249653258
3283141130
2192605962
2192605483
2195759471
2195826029
2455940397
3530984740
3526790180
3526853684
3525813276
4062486556
4063551516
4063716376
4147526968
4095090233
4095089210
4106619418
3028552218
2491681370
2491681402
2491682682
2491883514
2491820027
2223466473
2223272940
2240041980
2277831580
2277831100
2546774444
2513216676
2497555621
2430572709
2422131127
2149505943
2149136918
2151488006
2168396550
2201954566
2197695542
2193503270
2193495078
2193429542
2193366038
2277296135
2280425799
2204928327
2204998103
2205006167
2205006199
2167273590
2167372006
2167291366
2171485678
2171481582
2180939678
2246925199
2280184783
2280184271
2255026639
2255092047
2256206159
2256203079
2189061591
2189045175
2172329903
2155547549
2163870605
2163882892
2163030684
2171353772
2170821564
2200247740
2200184236
2200200365
2200235261
2204494925
2204231687
2195826743
2195822631
2196084775
2196215861
2187761685
2187761687
2187758871
2187762967
2196225303
3269848375
3269852207
3286620463
3244804413
3223832892
1076251420
1076263436
1076259340
1076718108
271343164
272391932
270290844
822920636
822969789
827163069
835555775
835556862
835493150
1348253982
1350412558
1346365726
1345202974
3246271294
3317566254
3315470143
3313894365
3447849876
1334851492
1334847396
1259347876
1259412884
1258514821
184641925
151054727
151055302
419556102
403794438
963734037
972126997
963082548
997718132
997719284
991272116
722845084
726777245
726900191
728869343
728873087
693209151
689162301
672356413
672299325
672282413
676476709
684922405
684734005
683695893
683694935
700472277
700546005
969112021
1002601429
1002601429
1002601413
465583063
188759799
155262962
138565602
138670578
146911602
146846802
146840850
142711059
159553795
260225281
244496385
240306177
238209025
103943187
104205587
108404018
108470066
134156082
132980530
267204370
258569474
258721026
225037586
225299826
225312242
225443251
260045747
268295091
266206131
228453299
232648627
215589811
217682899
217678641
216642353
216572448
208183856
208380432
204453648
524258576
507497492
507333685
506203183
522979374
489437230
476523310
484915838
213719646
213649094
213652166
230429378
268268482
250507730
250507762
250507747
242102755
107951603
107953619
107960659
133126995
133036883
99482387
82689811
82679379
78492243
1156424691
1291690995
1283306931
1283299763
1281202355
1297996211
1331558899
1331001827
1322642787
1318446947
1322644257
1324741425
1316336465
1312272705
1177981393
1194824913
1463260307
1463262355
1463131283
3577190611
3577199073
3564481505
3035949664
3035953696
3025460756
3025468944
3033851424
3046499936
3080058464
3079980768
2991904481
2987771601
2989934273
2989940419
3006693363
3010756066
3019136482
3019132130
3017170114
3050716610
3050712514
3050711538
3052677602
3052670370
3052735874
3042850178
3076400259
3076334737
4082905253
4059836580
4059828404
4034666892
4034142665
1882481499
1882488170
1886878074
1894926362
1890797594
1404323866
1388054538
1387994186
1391080650
1382691018
3530186922
3546964393
3521831852
3518755516
3501757176
3503850040
3497558568
3492331064
4029196824
2959714856
2959780649
2968435499
2968423194
2985068234
3060040330
3057029787
3057037995
3055006059
3071578411
3074735150
3041191998
3024545814
3024514086
3177078886
3218997494
3218997382
3218997383
3210612871
3210554613
2641914341
2650794981
3183405911
3216943942
3200040710
3195831559
3191637287
3191644262
2923405414
2940117223
2906554615
2910748887
2889334918
2889213846
2889115366
2905876198
2905871982
2943616558
2950956574
2817266462
2812817678
2779459599
3047821321
4121559112
4121433160
3584567368
3615025416
1446553864
1981524760
1981331736
1980275977
1716355083
3863908426
3859722446
3826168014
3825635790
3826156471
3827290799
3826643631
2756993711
2765365929
2759079657
2708741881
2741242201
2741770265
2745980985
2746177593
2813254665
2813256712
2785009992
2759782988
2753483516
2756559596
2756494957
2773241453
4014791279
4007586159
2935941247
2935745743
2935608527
2927218829
3995070604
3978227852
3827196316
3827245997
3827118757
3831313125
4107605542
4105442854
4037283126
3500416022
3500477442
1357255682
1089344770
1090401538
1090266386
12334387
16583937
7212033
70180097
70229312
221091137
258782545
250582387
250516594
250582130
510506098
506310770
506441938
506376402
506351826
524165538
490676898
1555836578
1555896995
1555958403
1287588547
1287460801
1287401968
1287463264
1287463248
1337811264
1321043712
1319995908
1319864852
1319737909
1315478823
3458769966
3459817518
3728318474
3611198538
3560885450
3492433326
3504998062
3500749486
3500683951
3500696252
3552113324
3552109220
3539510948
3543710372
3543776165
3543841159
3611207878
3611225282
1982848018
1982682146
4129968146
4285150466
1575626294
1554722343
1554590241
1554524721
1286093312
1308105984
1333277968
1316495648
242753824
242819873
259658497
125436675
99221827
32047554
6903282
6945202
7977394
16362386
16365974
12163478
28941751
45658519
1381544381
1377342380
1376293612
1376297580
3590893092
4127894052
4149913892
4126836772
4121527317
3047855106
3031085058
3169494354
3186337762
3178804962
3174602466
3173701251
3156893377
2888519377
2888383201
2892593761
2901236322
2947308386
2930564434
2930568450
2930697475
2800677635
2809123345
2771153508
2754360036
2754417388
2754348732
2888571324
2909550765
2951481519
2947288254
4021158094
4257099850
4244512779
4231946251
4232017213
4236242220
4244630316
4238318140
4237860364
4254645832
4133273288
4131364569
4131292639
3867051198
3807871150
3799285934
3793019054
3860324506
3877036538
3826706030
3826703982
3826534926
3765721606
3766295062
3825024550
3871089958
4138471463
4138532983
4139724913
4135526609
4265550017
4131267777
4114492865
3563457219
1424952003
1424820931
1424833235
1353526995
1353459427
1353458083
1438392739
1442603187
1441584626
3580665331
3312225651
3580266819
3580270851
3580800771
3580804867
2515385891
2515320358
2515320358
2515318374
2633819750
2625398626
2621202802
2621190386
2642366707
2650424544
2679000544
2662236100
2666364612
2670517956
2636498500
2636633653
2636639783
2641665318
3178531878
3212094486
3203906566
3203838979
3204354048
3204087872
3069870224
3074064560
3040461216
2755389360
2755587732
2755586725
2768100007
2813655654
2800025134
2791626254
2787964430
2787960606
2787927407
2808892649
2767127800
2767062220
2762617036
2762612956
3030921580
3030922029
3035173423
3035182638
2498244134
2498243382
3572046082
3572107266
3563718658
3295366162
1294594162
1580183747
1579581634
1579581634
1579581507
2117505392
2119611744
4266962400
4245990385
4229409479
4229336775
2887765671
2887370471
2891503343
2897803244
2914581868
2948132204
2914577916
2918903500
2910512844
2910508797
2910373615
2776156142
2776124910
2758298854
2754155767
2758419671
2783584727
2801410519
3065582071
3069711863
3069779414
3061471446
3061504199
3078281415
3036346437
3036346628
3036348164
3036263956
2767778340
2759709220
2691559988
2687296100
2687264484
2704017124
2741764517
2800550039
2800095390
3081187550
3051696378
3034856698
3026462970
3026462970
2498046202
2544253146
2527484106
2527523915
2528555017
2532614428
2517934892
2517934884
2518524452
2485039664
2488972800
2497367552
3573172737
3573090851
3564649250
3292014626
3560450082
3560442914
3610918914
3598352450
3605692610
1990890882
1990827393
1990826880
1718336128
3844717200
3827940000
3828068256
3828327904
3828216288
3828117729
3827573217
3831768419
3831904626
3831896370
3856992562
1705269298
1722050578
1655071746
1659252802
1650856130
1646657921
1647784608
1932859040
1911821984
1890588320
1889539824
1889672704
1353059840
1353129475
1084500530
1139566946
3538708642
3538898098
3538601090
3539636354
3555373185
3547312288
3513757920
3496842512
2418343184
2422532644
2422533668
2431086117
2430998071
2431451766
2427192294
2428257446
2428292263
2442975397
2447236292
2468275268
2453070660
2453070405
2457248455
2465702642
3010768226
3042224226
3021248610
3023865954
2688452626
2709429506
2726209024
2722013696
2788602368
2788594176
2787497504
2787438180
2770627429
2758019885
2757888829
2783058204
2783001884
2812548124
2812547092
2812743988
2813735284
2784371413
3036619477
3036493559
3028031142
3026980782
3026996670
2959952094
2985195726
3085887694
3085888718
3070223582
3070222542
3059605966
3076518367
3076445695
3045061999
3044404335
3027627127
3027762374
3025595590
3042372790
3042368934
3086405558
3061237718
3061315526
2989827014
4062519750
4062519766
3794018791
3815056813
1626290605
1622088124
1622088092
1622088072
1890338956
1890356364
1944364237
1927581710
1927577630
4066673726
4062487598
3525684270
3542510638
3492164898
3496351522
3501065762
4037936672
3501002400
3500935584
3505145984
3509373056
3257849984
3257854144
3525758016
3525756704
3534148128
3534217761
3534529058
2460803622
2477582054
2540227558
2536032694
2519386550
2519398806
2520706438
2531190215
2527060420
3617362260
3588006196
4116686100
4250840836
4259224325
4294809895
4286380070
4265401382
4265366550
4282273798
2134770758
2134773702
2138967782
2143100646
2143037154
2109481362
2096963718
1551839366
1560150478
1553924863
1553797740
1553737260
1552690732
1280059932
1275865868
1276979468
203299076
209586455
234802950
251561734
251429635
518816513
510296144
510300240
1042976976
2116718800
2133561584
1814664353
1814674593
1814804897
1814805472
3967417060
3967347684
3967576932
2889641332
2888709444
2892894660
2767127252
2762740455
3836482222
3836478122
3836478122
3840677546
3832297978
3857660122
4126025802
4160628810
1992239178
1454926858
1454948362
381468744
385630328
372973816
372908264
389949432
473886424
478071512
1018661385
884247051
901029129
936682536
907321384
1712627752
1712619560
1681293516
1681817732
1681830836
1828370084
3971586790
3971537638
4022139494
4009552678
3994872838
3995001862
3995000834
3994969090
3994973235
4018068960
3988770272
3971958672
3837679488
3833467524
4097774212
4097652388
4034672293
4038860453
4037810855
2964602767
2964598158
2427724942
2448696510
2446614750
2482430030
2482480142
3521484062
3513040191
3513040703
2418392631
2502866455
2507068935
2508112389
2508051029
2541515253
2541556085
2541687037
3581219068
3581350141
3564582393
3572903385
3572973019
3501531099
1353981386
1369707978
1105461594
1139020090
23408922
2560266
2494746
2565434
2368831
3423518
3428158
7655198
24495878
117343494
116294978
116299202
116322770
99611090
82465602
82449235
82449265
82784609
82665824
74244576
7131568
23953809
40731025
40746387
40746386
1114611122
1122998706
1122474386
1118158226
1118610898
1118627302
1118626087
1403838757
1357304628
1349436244
1345247060
1345179636
1362942628
1396472500
303524484
840306309
844497621
846545893
846524773
2002837549
2011209775
2012323871
1978695711
1441830206
1441902142
1431415358
1414572574
1410505294
1427299278
1465047374
1448494199
1459048485
1450520629
376778780
305467420
372576284
104275996
108406316
95816237
79039038
79497806
79432398
78384846
82368206
124506894
124490526
100176686
100446766
83796511
75424268
75482844
69060284
68998076
269800872
273997993
282869929
836518059
836714635
285168073
284046088
275653128
275656248
7285305
7150393
7145755
8129546
16532554
12370058
11387018
11501978
44994971
49197451
107916683
104774043
104708523
108833194
1182576042
1206690202
1190052298
1181663498
1181663514
1190027566
1458331950
1458332015
1476158829
1442603500
1415533004
1411338700
337466204
354243384
291259192
333382424
332793609
332824329
290937657
274024745
274028811
7634187
8127755
7078153
7274777
7213337
8270089
8286537
6225401
6158767
14461102
14456990
33459342
50234766
40272270
40285110
41329590
376808358
383034279
1450484583
1450484519
1466229541
1433200165
1416422965
74436373
74340613
82467073
1156249601
1559861265
1560000560
1459272752
1450868736
1378779136
1378779648
305037888
305005296
321786528
271520418
275518182
279715046
280770662
278673506
277620802
9201858
63741059
38700161
39751809
41853059
36606082
36601986
53399698
7295266
15495714
11330087
11297319
1085040173
1089349133
32384525
124388937
132711161
132657899
65540907
23859499
2889003
2897195
3024187
3138827
7139659
15499722
15499418
66028698
49190298
49198474
49193371
49144217
49050040
40653816
57660280
19853880
1097788969
1107077931
1107077930
1107070746
1098745098
1132429770
1132380554
1140769674
1136579466
1170138046
1170207663
1173676461
1165287853
1410654633
1410650585
1414840604
1414971692
341205292
337011980
70778124
87547165
104234253
104233999
104221966
108348686
92014358
75432502
209596982
209594114
208541443
82444595
78254131
78196817
111939921
44876241
49123825
49264560
49135540
49257396
49191820
57655180
23898041
272410537
272410025
272426411
270284203
830354858
829829546
863379898
863379914
870789387
333919003
333787947
300159787
301213483
15740731
32787723
66407691
64474379
48221451
48225545
41803081
41864521
24040905
24033227
275686219
275559275
275551083
813470635
813478827
830251947
859681451
842896027
1916637835
1916506795
1918612139
1926936555
4137334635
4156204825
4122648841
4109018393
3026887992
3022700348
3023670076
3023800860
3023735388
3025903196
3044906588
2809959036
2801586796
2793206380
2793267820
2793263725
2793195375
2792116079
2792180077
2809077053
2809077532
3043440396
3051824908
3052217660
3068931116
3064732717
2527857718
2527927350
2528984118
2532123702
2519520309
2536473616
2486080576
2490279232
2494467776
2494533360
3031211683
3031219878
3027020454
2754386598
2771163878
2905538230
2905501334
2888771510
2892764598
2825721270
2825859478
3093770390
3101892822
3101897974
3097646198
3149069398
3130178566
3130435590
3129321541
3125061956
3120937412
3122044868
3139356612
3174975452
3174958820
3170711140
3166447461
3183240741
3199751719
3199751735
3195560466
3191366418
3191599122
3191533618
3191459958
4286234823
4235873478
4166658254
4166724574
4166728430
2027764462
2023502574
2027688542
2027164174
1559495438
1559495018
1557143658
1556098282
1438656714
1472215178
1388529802
314787978
314820746
315998346
315998443
318627880
318611752
327004456
320709416
823961128
856472104
1661766188
1644988732
1645053981
1913568271
1913561101
1646178316
3795763468
3861828468
3861828132
3874289188
3853301284
3836524132
3836716871
3836652870
3765406790
3761031270
3761002726
3777771750
3777902758
3782097286
1626225542
1626291078
1621639078
1621899174
1621897894
1622545046
1620382351
830481033
864035400
315649544
307358232
326363672
334653961
300038858
279059338
284413322
813138314
806846618
823373995
856727723
859079145
577012333
577087039
841344558
857809446
1898000998
1881355118
1893863471
1352794157
1353075741
1352976388
1352968196
1080338692
1080531716
1076271872
1097243904
1127137280
1110310960
1382944833
1391329730
1391329778
1387205602
1388122978
1406940002
1363943778
268968230
268968714
268968714
268960523
269043545
4873593
4872537
13293643
10147915
16431306
33536138
49069450
49119626
49201546
49206154
49181658
61797147
12497688
10400568
278702888
811379496
1931258152
1981589528
1715320840
1715244232
1714192600
1714270392
1697558680
3828282300
3828232869
3840815779
4104926882
4104927906
4104399538
4125436802
4159126594
3605267458
3602142226
3602670594
3607094274
3607028738
3598373955
3623503297
3589932945
3572174512
3567853472
3588767648
3588763552
3580442516
3580498837
3563717527
3563934558
3559715646
3563910446
3563892014
3572279614
3571882270
3572402446
3572403469
2550040396
2524612428
3061483292
3060434460
3060512300
3060311596
3060311596
3044581932
2759361068
2692338220
2692273701
2691221031
2691221030
2691221046
2742637170
2793100246
2793018262
2793279894
3061649846
3069973686
3086761150
3216324766
3216390302
3220322446
3220334734
2675108046
2675092494
3211956494
2649862927
2649793077
2649793061
2649797156
2649871140
2675033888
2670808945
2670950867
2670886387
2675078578
3220325782
3050455430
3050534790
3042078662
3587436022
4126173415
4126173413
4151339173
4147143812
4080160900
4046897540
4051092180
4059480692
4059416116
4092640804
4084247084
2989533996
3073420092
3075668492
3050491404
3046556220
3046457965
3050594925
3042206463
3040092902
3040638438
3044822246
3035384038
3031058646
3032149190
3053118662
2507858246
2541478726
2541482583
3078223735
3077111141
3051931748
3186149476
3178190928
2641255489
2641237251
2641761026
2641834834
2641634146
2650088930
2650082786
2645892242
2578791571
3652531345
3652482192
3648288080
3644065028
1495736068
1478897408
1478896912
1478632736
405946656
408011121
406909377
406888833
406888851
490969010
1598196614
1594002310
1577315222
1442966454
1448245702
1475759558
1471563102
1453736238
1453601062
1470898215
1441538103
1412702325
1412772001
1410606496
1459895712
1455689632
377884544
109446528
109453696
113598912
108126496
1164158753
1155774242
1147244322
1142987058
69253378
69331202
86141250
402013635
332531664
315753456
315818848
307249444
321962276
321949756
321955101
288402749
1366334783
1372622207
1371835871
1372032399
1371968911
3553010911
3620644327
3620660711
3588154743
3590288727
