1730573565
1696738399
3832679791
3840088686
3836811882
3836746362
3836747354
3857725259
3857724763
4109381993
4109578600
4107424296
4107457048
4106482188
3024139868
3024138108
3024398708
3032918997
3049689047
3083831031
3075326719
3071963854
3040494542
3044680174
3036488174
2969306606
2969308602
4051450250
4085065867
4067764363
4067915929
4076293273
1928446089
1920061833
1915855496
1647420120
1663083257
1629545065
1612969577
1613201773
1625653549
1625653548
3773141260
3764773640
3760497432
3760502312
3764887080
3773210153
3789999625
2741435915
2737307147
2741296939
2741816619
2750203371
2750269339
2750404491
2741990299
2741989803
2741842347
2741768363
2750222507
2750288059
2716741835
2985173067
4058390539
4058457147
4041544747
4059305018
4126487562
4126618634
3589747978
3589746010
3622923610
3623058778
3623214554
3746946522
2681533786
2681516890
2643759931
2643825193
2648027688
2682036776
2675746345
2675816313
3204429293
3202258413
3068105965
3059598572
3055338724
2535314772
2487186704
2487100161
2487099905
3565036034
4039050082
4038853090
4038869474
4054828482
3555642823
3538607045
3530291908
3525967692
3526153276
3526104104
4062982184
4083945512
4126027832
4108722472
3571852072
1420038936
1420035593
1421150169
1169491963
1169426363
1157383563
1090311563
1089196187
1080750235
1147924955
1147924955
1164637019
1198187387
1189799706
1190098714
1181501210
1197785402
1164243242
1147461930
1147662619
1165398345
1341559113
1324783049
1315345881
1315943931
1311568379
1176826347
1445253611
1433780730
3573470714
3569268202
3569198586
3572802746
3572801722
3514085563
3508899979
3543580809
3543548313
3543536296
3547734697
3547800297
3556061945
3522438683
3521390107
3588519707
3588576539
3588547867
3588552475
3622622009
3622687513
3615347545
3615356379
3579770299
3588158891
3588085163
3588019642
3579638170
3608535450
3608584346
3577123018
3509747790
1882374431
1885463869
1885463852
1893854508
1910764604
1936147468
1915027464
4062511128
4062654520
4062585449
4075164393
4088727273
4055631545
3518764681
3501995723
3506182107
3496809946
3496945114
3513673146
3522063786
3555648922
3531601354
3531444683
3527246667
3543962441
3543962393
3514082155
3497322091
3497359338
3497415146
3495317994
3503706474
3505811835
3505873163
3522553097
3546670344
3547198776
3530553128
3530544920
3538895688
3538895688
3538895737
3555533611
3555484458
3513541482
3513545578
4029542874
4029478362
4030502347
4034756809
4059988425
4093547464
4093547032
4085232152
4068402744
4064274232
3011372329
3077887273
3086271787
3052912923
3052851546
3044528602
3052786170
4126429690
4126429674
4118230522
4118162938
4118160858
3564447050
3564900682
3565093210
3496882650
3496894922
3496997342
3496777151
4092370367
4075720077
4075722637
4075721420
3001848348
2993459752
3006046760
2705170984
2705122857
2738683689
2721865003
2721858603
2725184603
2725118041
2750288344
2699965336
2699965064
2699440776
2700555161
2696163755
2712958122
2746514602
2729761978
2733956298
2725637578
2721441226
3795314123
3815239883
3815231577
3781644409
3764875387
3764789611
3764790121
3764793897
3773252137
3773122073
3773584969
3765200456
3781977688
3782006776
4092446201
3018704345
2985153945
3018716568
3010393528
3010389401
3010322873
3001872553
3001938347
2749886970
2749805018
2707924858
2707793450
2707729962
2703593002
2704131610
3006125578
3006096138
2976739642
2976859178
2967946286
2967913518
2963719222
2984702982
2977358150
3010961735
2994119637
2987840196
2987836100
3004613572
2971518948
2960973796
2969365477
2700929901
2700016461
2691166029
2690968909
2707739941
2741289253
2750628133
2733789525
2733777863
2725585878
2725586342
2725590182
3798404270
3807333566
3820899470
4072560078
4076627790
4067222286
4067221806
4083998766
4084061230
4083532863
4091991071
4058439695
4055298063
3031875869
3035677565
3027293945
3023173337
3023461977
3027656313
3027574507
2984521451
3018075803
2993438619
2993423802
4075566250
4075581610
4071411883
4071149723
4075409547
4068127627
4063930073
4063995497
4063864367
4067992367
4068008255
4135313678
4151206919
4100881431
4100869157
4108766309
4109880565
4109551044
4109562308
4109546308
4109414932
4109410869
4117816869
3878743591
3795049071
2720189438
2720221662
2724285838
2725465502
2733884862
2734014911
2734027775
2733925087
2725569117
2750734957
2716726117
2700001653
2691613013
2691691605
2691558517
2699950116
2699942180
2700073524
2691628548
2708467204
2704045588
2737590820
2724991589
2733376998
2733376678
2733444262
2733316278
2733250710
2733259926
2733276294
3807046790
3807044807
3808027973
3798509317
3794319125
3811160357
3815485733
3781939253
3765162005
3765129559
3765064055
3766114287
3774764783
3774764671
3773791823
3773591311
4050447647
4092392495
4092384319
4092032014
4050021386
4050009418
4051066874
4051066858
4093073326
4088776094
4071932367
4076138959
4067746653
4063552365
4083671853
3815170861
3823555389
3781607693
3782136077
2709517593
2709520185
2709297961
2690431529
2690439737
2690440713
2690504265
2700964569
2696745641
3774808491
3782022314
3811388590
3811457214
4084079758
4091944078
1940272286
1941205183
1941238223
1935991565
1898226181
1898291735
1881465382
1885722406
1894764326
1894698342
4042180054
4058432967
4091994437
4092043612
4075074348
4066682408
3793790520
3793792536
3793813049
3793869611
3806808362
3802533226
3803057626
4075619722
4068287898
4064227754
3548262586
3556647098
3552522430
3518837950
1371288718
1136405646
1136409733
1118575748
1122925956
1114529220
1110365652
1126995941
1093448551
1076667190
1081058070
1089450782
1085126462
1353236270
1353235247
1374206572
1399454316
1395275484
1378497228
1395323848
1361768824
1885967656
1886165272
1886239496
1885645065
560248879
577026094
572826655
574025935
573976717
573968573
573976748
557192612
552996516
547819189
547688087
547626631
564408015
597961423
845425119
845625839
862337519
820452349
820452301
820460237
820346573
820377341
283423341
283423341
283415335
6590774
6591538
6666290
6797362
6731826
15644946
15644930
65976066
49193794
49185602
317702850
313315041
313289696
316959204
308554212
304417964
304284828
320999564
824340941
828568029
836809711
836802415
836810094
861973822
861972798
845396286
845322270
845596798
862341246
862395646
828777726
828781823
836916221
836981500
836818668
568393468
568392284
559979356
559978588
555859068
556006492
556000345
556004474
589494122
593690346
602110718
601889502
559943374
568598238
568735743
564541437
832968189
832839164
836795612
828405964
811694284
811792717
811794269
811789951
828565055
828438038
861976342
861969702
862297190
870812774
853904502
845515862
853972310
853992919
853732821
870579700
861953268
824204516
538979836
539127260
539129564
543348333
551678511
547418670
564179742
568365326
560002314
824309018
1881308474
1885502266
1893890602
1893882427
1890995741
1907642189
1911867356
1909752285
1968280029
1699848701
3847332349
3847468405
3846618933
3846683172
2768747044
2803345956
2803281460
2803281428
2789131828
2788082212
2808922660
2817312292
2817312548
2951534372
2909599588
2909595109
2909601271
2909588982
2909653238
2909260022
2909198582
2904815862
2904750198
2938296406
2939350086
4013089878
4013155446
4017220710
4017225070
3983788415
3982739831
3982708599
3982712791
3982718935
3848366038
3849414550
3849412534
2767278006
2767412118
2767420310
2784197526
2813548983
2813418967
2800772549
2798674373
3864093143
3864225127
3866253159
3866255159
3874715926
3874744327
4008966149
4004764692
1861469204
1853092868
1865606148
1865868308
1865864485
1834471271
1702219623
1702219735
1735777751
1735777765
1735773685
1735917009
1735912913
1702221793
1702217713
1710749395
1710745203
1710612322
1710509410
1702231411
3883265367
3883400439
3849833943
3849838021
3891785173
3891780597
3858092021
3849846743
3849842519
3849713511
3849701239
3849713495
3849708887
3858103655
3849702759
3849705847
3849840983
3849845045
3849701653
3849837829
3849807125
3858059365
3849601127
3832902135
3828835734
1681293238
1685015214
1689012910
1689012654
3836500414
3840769167
3831915662
3844497567
3844428207
3848623791
3857012462
3886112319
3886153239
3886087687
3890277893
3881889537
3844465953
3845571873
3983983921
3975595089
3975595201
3976156353
3984553155
3979293891
3979163047
3877975974
3890482854
4021620454
3988086486
2914381511
2914316103
2914298117
2782177589
2773794596
2774441493
2774451717
2803810837
2786939445
2786861669
2788963045
2805732773
2776368293
2763787441
3032353921
4103486593
4102433987
3582272706
3620156882
3603309922
3730121058
3730056662
3730795975
3747543429
1574881413
1423886469
1423432837
1425395895
1425072551
1416684198
1949364966
1949324014
1949331198
1949330406
1970366951
2012379237
1991396357
1457964037
1474805761
1415897105
1545904163
2082775331
2084022051
2088156707
2094447121
4221476352
4207580736
4200170176
4195975872
4198204080
4198023840
4196984481
3932712359
3949489319
3957971111
3959086327
3942309063
3942317127
3959319622
3957220422
1776234582
1751060726
1746735359
1746411711
1748575663
1752837871
1757088495
1756957423
2025328334
2025350862
2025366222
2038215390
1514045678
1579058398
503773342
508000407
503650453
503717044
1595289780
1561727996
1568015068
1576469084
1572279836
1303723548
1301556797
1284779573
1284777495
211170063
211157262
1290929470
204867942
204937702
202848722
202713538
202384834
223433090
265343379
104972707
105030051
105030051
381846963
381781426
1455469986
1983948258
1984998690
2002824486
1961076774
1894160422
4058418215
4075721765
4067356964
4063216484
4064199276
3055538796
3059703356
3011447564
3053328652
2498635791
2498635838
2494501942
2510946590
2510881598
2679652974
2679751342
3216549550
3187452349
3174869389
3157559437
3023472781
3021112517
3021119703
3025199151
3847282735
3847250028
3077972332
3061194732
3060665068
3069119196
4142602972
4142611148
3605606351
3606651334
3589812422
1425551478
1416110182
1416192358
1416225079
1550494981
2095753996
2011859468
1995279132
1986832444
1982109756
1982108796
4129603804
4112793804
4096132092
4101382892
3032359533
3032289894
3082551906
3065782902
2528665878
2528690206
2549645342
2503511050
2486868234
2486872331
2486872841
3694832393
4235960075
4248360779
4282171723
4265394650
4265537774
4278116526
4273922222
4273918086
4277588102
4279734662
3960975358
3959794414
3963923183
3963923183
3964971757
3964976861
2908063484
2941764588
2920665965
2920624493
3996397613
4013174845
3978637613
3966120239
3970303790
3970895422
3970768447
3903602495
2041325327
2059200011
2060299791
2051910157
978172445
974109503
2047786031
2047537199
2048606319
2048524490
2067398794
1496974218
410660526
418999022
2042161902
2075716206
2074652462
2141753406
2141814797
2112524293
2083168519
3694846550
3694801522
3560575730
3560572658
3558346146
3499624610
3230140642
3230140642
3248163906
3281727490
3334037763
3467227651
3404435985
3395919649
2317925152
2318121328
2318055488
2318055616
2586490048
2586350000
2586686112
2604589732
2568938149
3093258917
3096208033
3097239973
3097234597
3103262965
3111848133
3145365701
2591713413
3732564101
3732564103
4285164933
4251895697
4100969136
4100313776
4235514592
2088039136
2104550000
2135974673
2119196690
2115112994
1846673442
1834090530
1825785638
1825656358
1821592126
1824807438
2093247310
2084858062
2130983070
2114200718
2114794655
1582174383
1586369007
1586369260
1586369276
1468797512
1468532552
1166559609
1162381545
1191807147
1191938234
1175163290
102732170
236954570
505389643
526295609
500606504
1557637928
1557305640
3570571304
3564537896
3577579528
3593241609
3727212874
3727311754
2666148522
2661950122
2678727342
2645042094
2628273582
2632473999
2619927949
2619993484
2485890956
3576604620
3610158908
3610240317
4133807373
4066766093
4062641421
4083604765
4091986975
4093101119
4088778793
3017076776
3008681320
3007631336
2466631416
3007695452
3016149532
3083787780
3079595525
2543837463
2682020130
3749459426
3711567778
3577352066
3558484866
1411334018
1410809218
1440166034
1469255858
2005995698
1989202066
2010161207
1966121021
1948493068
1411558920
1415748104
1348635160
1432603160
3614449209
3595832875
3738439146
2392132842
2408983786
2375429322
2358648010
2358703182
3432440590
3432358686
3434394398
3450909230
3731923494
3725623846
3725624870
4261782023
4127630087
1980145751
1980219630
2001617118
1884947594
1882862730
1881812362
1894455722
1890064555
1890072745
4038859160
4053552520
3519866520
4048069272
4115378824
4124746253
4109018431
4126123054
3849170214
3878527798
3878597126
4130263558
4281254438
4012835630
2889625711
3088858221
3088853117
3118413916
3214817592
3198032664
3200192008
3200009736
3132945225
2596122955
2615058666
3185418730
3159159786
3159155370
3155130026
3021880987
4112390815
4147907245
4063763373
4067966125
4065865887
1926832270
1929310366
1945022591
1894158351
4033258511
4029126925
1881258557
4029000237
4029065773
4029085229
4079305261
4129555004
3057386024
3060273448
3068665896
3198696488
4238940216
4239022089
4239058955
4238911498
4251498842
4264070362
4264067258
4264202683
4197102024
3123372744
3123339980
3106546396
3090096876
3094094508
3164876716
3165927598
3166443694
2629568702
2627217550
2623215750
2352737414
2355881158
2649334854
2678694934
2527835153
3068828672
3060435968
3190524944
3190529328
3190533936
3208373856
4248446688
4231665297
4097443459
4100589234
4104654242
1957178530
1957178530
1957182610
1957178498
1424682179
1433316419
1466346753
1449303312
1445039136
1445043232
1445050416
1449244688
1458944049
1454881826
1470071842
1474265122
1998307362
1997238290
3741933826
3743049234
3722077714
2107264530
2107199347
4258854131
4250461397
4245202309
4283152044
4022961837
4018701997
4006121113
4010323595
4010322826
4011714954
4011748762
3994428842
3994354602
4025549482
3887280891
4021760632
4121257500
4104416540
4109166620
4100773980
4117682380
4117658828
1953375685
1971257815
1971261695
1966551151
1899307055
858076479
841235775
845426287
849620655
849348494
850659214
311707023
315985053
326536588
325496204
333885380
333950804
333752100
333750576
300318720
1357283328
1348829232
1344593955
1361408050
1428566306
1428558626
1428554534
1550650934
1559046662
1554852358
1554742102
1554774982
1554643846
1571600007
1533837957
1529119380
4264989364
4262634084
4015039012
3989876004
3985680421
3989878823
4015176710
4010980358
4010979390
3994189934
4010984686
4013346286
4017507694
4024912766
4024909662
4025298782
3949799254
3916248406
3916379638
3899594742
3907327990
3903133606
3903926966
3904070286
3918653071
3180392333
3217076108
4282429420
4282498540
4283625964
4283625980
4252172748
4252434780
4231402284
2083992361
2083857193
2083858185
1550266121
1554385689
480643865
497422091
531914571
1336719306
1340900234
1189970330
1190822810
1190835898
1457104554
3596136106
3592203947
3592332985
3594425289
2523890041
2481750057
2984542253
2984550445
2963644477
2967970077
3026626324
3023476276
3023537764
3040331492
3040270069
3006756629
2994025749
4067693591
4067701814
4067769382
4075170854
4075161639
1940262166
1910912774
1912021510
1909748231
1355072007
1355055717
1891664620
1883276012
1900121836
4081232604
4081232589
4072844239
4073101774
4072988062
4064559342
4078174458
4078829690
4044759083
1951801647
1960129837
1956056885
1557609223
1557621510
1557440774
2094836934
2128384134
2130346118
2120908934
1848283526
1849340573
1849599660
3995052716
3978078888
3961301736
3962896360
3828643305
3827302905
3827303305
2690778041
2699170729
2694977453
2980253100
2996899244
4070653060
4070780036
3533839492
3534179461
1386507670
1382344110
1377871342
3525808174
3525738558
4062674958
4062486542
1931780110
1902498622
1910953518
1911424558
1887309423
1884950267
1884958425
1960570200
1689885720
1689816072
1692974088
1680386056
1697164312
1731832888
1713284312
1712234649
1712243103
3875930799
3842380462
3847627438
3858052846
3852738094
2980331326
3013882958
2997297358
3534168271
3550818505
3253010632
3227779320
3224647528
3224645160
3223801384
3492249112
1348822536
1080157704
1164162568
1461880584
1445168408
3597700392
3604000040
3599805755
3599875450
4143298026
4151607722
4046750138
4030185870
4095103118
4095635630
4099825830
4108198118
4103877718
4124863511
4160515877
4143966756
4143962676
4143830532
4135375364
4151628364
4111856381
4095173357
4095169517
4099104237
3025226223
3075496431
3058756607
3067144655
3067147726
3063005518
3063332958
3065500015
3052925231
3028185918
3027120911
3027179327
4100468591
4101515755
4101515753
4101856697
4101883272
3833382280
1681166729
1698009561
1731639145
1735571323
1735505163
3878728986
3878790458
3878790458
3878931771
4013051179
3996269931
4000462187
4025947641
4021621213
3992392188
4260508668
4260508540
3186832244
3180340532
4287653140
4286606789
3732991877
3733061255
3733118647
3745701542
4278374054
4144090534
3071577270
3055000694
3086982166
2817307654
3891044358
3882655767
3844846381
3828003372
2754265644
2754233896
2758412840
2708015912
2741766185
2725058619
2800686090
2818506762
3046900042
3029079034
3028887258
3029036762
2492197595
2491996891
2676546251
2663967435
2656628058
2665197610
2663354415
2579480613
2565824564
2620207124
2621182228
2619212772
2618177188
3620613781
3616418439
4136598150
4136434598
4136422823
4065100975
1930207375
1896325263
1879499981
805712973
805635125
806486053
806494757
810689077
815137300
278138380
278137420
278145677
26487455
43309502
45387150
313950606
318144910
309768638
854893550
850699118
1923391855
1906680188
1969529212
1965318248
1965371688
1965429544
1948649256
1952860952
1956924168
1956698889
4104173833
4104304907
3584207114
2644739406
2648015614
2635457262
2669093614
2669552246
2403213910
2414482018
2275934690
2510828770
2510826659
2527652017
2527635588
2531829892
2520292548
2520429900
2520425231
2519376398
2502606350
2485845566
2485800494
3156741678
3156739885
2632450092
2629304344
2646474760
2646484040
2683645144
2415143336
2404464809
2411849882
2659231882
2659237002
2659221642
2663612890
2651230475
2520158475
2535895309
3576668479
3560957231
4095614254
4095610350
4229828006
3705609638
3705537974
3753510294
3753578950
3753390278
1610096838
1333323078
1299885511
1291488199
1286310598
1286314646
1291384470
3430474471
3447218917
3346596652
3329761580
3346538792
3345491240
3312138520
3320511240
3354057224
3334113800
3334048281
3333996331
3732443499
2653454586
3727327386
3744116874
3694846158
3699007702
3697221862
3697095142
4233900518
4233638382
4233700351
3696763897
3704104584
1573400200
1573416584
1468581624
1468585944
1435038153
1570562075
1574821945
3709785145
3711849529
3711855880
3711364872
3723415049
1571147355
1571081914
1571065530
3722741674
3715401146
3698430394
3708985786
3708985786
3713180575
3713180365
2639438404
2505090596
2505109280
2503011104
2536602400
2540838688
2540832275
2515665602
2511733634
2511799714
2511602850
2512126118
2549874918
2658693390
3728368142
3728351753
3728221704
3728227881
3744993065
1568414763
1604071466
1604132874
1536630794
1267933194
1217594379
1216564521
1220692264
1220700440
1212641032
140302152
135840712
169591752
171606920
507151240
507154872
507028904
507030952
519613864
515485064
381531529
381519259
385204650
372458410
322048938
287450026
270672810
274872283
299968331
48244495
48243486
115355942
106958886
123744294
207828022
208033846
216430598
216954886
233490694
178948358
178881794
183013585
170438816
1244176544
1244176800
1294508704
3699030672
3702168192
3567946368
2427095744
2427161088
2427051552
2422746656
2418812449
2418816802
2490106914
2498497570
2628520998
2645304338
2410230786
2411459586
2411433986
2415570950
2641083396
2670443844
2670369420
2671422092
3191515788
3191515804
3996757677
3996692398
3862463658
3862463658
3794322666
3811235066
1630172366
1613391046
1613373638
1613308327
1630216615
3823710631
3819505575
3786083958
4037937670
2964204038
2427202054
2431396358
2431400486
2426943270
2427048230
2427162687
2980614172
2980884828
2980873564
2976680764
2972486440
2704129000
2738875368
2738776744
2719884952
2719888041
2723087275
2727154090
2727096554
2996576378
3013353498
2428053530
2428135707
2428168728
2432232008
2418579976
2485682760
2502525513
2548736250
2527830250
3064496362
3001583722
2989066362
2990250074
2721757258
2720705993
2787828440
2771018328
2754228808
2754228809
2754282222
2766668526
2762489070
2762492014
3837315198
3854284878
3891963982
3866798093
3996888076
3996889100
3996819484
3996033060
3996049444
3995529253
3978715751
3961914086
2900690598
2896502454
2897559222
2763274918
2763271862
3052678547
3044809857
3044938880
3044943040
2508072128
3581754576
3581689329
3590204867
3584978882
3618557890
3618621122
2527892466
2532094946
2523705826
2536289255
4117604215
4100368983
4100369173
4117014821
4247042085
4263827493
4263822391
4263952391
4263931973
4284899557
4293288421
4260758244
4260759232
4258733761
4256525937
4290012961
4273235237
4277429527
4263798087
4147017029
4113454661
3563998789
1886985937
1895377489
1895381521
1895374359
1911031079
1928069158
1919692839
1399595060
1400779012
291377676
282001932
277627624
277651176
1351391720
1351399918
1351399934
1150139086
1167047374
1309652686
1310380366
3459919942
3458871366
3464110306
3489292514
3451576485
3434800564
3703081860
1550359172
1562946196
1597549460
1463527300
1461363660
1461682652
4111958380
4095123492
4095124516
4095140916
3026172980
3026165044
3034551860
2782893588
3080685108
3063775861
3067667175
3201884910
3193455534
3191342510
3191356846
3191549358
3195677882
3200138490
3200128202
3200189514
3216774346
2679923946
2679958763
2684157385
2665278920
3730618316
3726481372
3726545372
3726561788
3726557556
3592349524
3613320452
3570857728
3570847488
3564621056
3564489840
3564432865
3564563939
3572946306
3573008258
3570786706
3570774450
4107646450
4109678051
4118068515
3883174193
3862210832
3862935568
3862346756
1714877460
1714909236
1731661861
1698037877
1698038269
1702234031
1692143278
1686903486
1703688862
1703680654
3884744350
3884838622
4136412750
4271677711
4267483149
4267085885
3977678893
3977679933
3981621517
4015168349
4009876461
3993037807
3994285535
3994210767
3977396686
3960603102
3830645742
3837227755
3837130473
3836010472
3835977208
3831553480
3844206536
3844269768
3877816040
3873490665
3869304443
2795562329
2799824153
2809397081
2775744093
2771531359
3023185503
3044161150
3051684398
3080978726
3064201254
3064738870
2527867926
2528007170
2544825346
2550064130
2549992755
2541346657
2541485665
2539384561
2535325649
2535317457
2535049105
2434520977
2438624147
2438878083
2505986451
2514309601
2497474657
2497503269
2497504532
3036671236
3027745556
3027745333
3052911413
3050676063
2807334351
2806285727
2802680319
2802684415
2802824495
2803807527
2803887399
2772430119
2905298727
2909405478
2909405526
2905276870
2905552774
2909618086
2913754022
4021079023
4022111103
4022110477
4020022540
2937890060
2937954588
4011831613
4011782439
4011741542
4013819302
4017032614
4025039286
4025293238
4021237906
3886954643
3887999123
4021757313
3988201857
1840653184
2109088384
1974679232
1957719632
1973447200
1973481248
2007236384
2011416325
2003157765
2003170069
2003170095
2004218159
1968692286
1964427294
1997969502
2000140350
2004662303
1920763916
1946059788
1641984044
3831341092
3833127220
3833258548
3833254432
3841639136
3988440801
4005125874
4009246434
4000845538
3996912866
3996650722
3996662886
3966401558
3970591822
3836406990
3837390278
3837324951
4095274631
4095223426
4094375570
4094310066
4098495906
4120511715
2008681713
1453983744
1453992192
1449798400
3324647937
3324648963
3324588307
3328729121
3320373280
3299467296
3567973376
3567961344
3233400528
3233538720
3501830816
3522729895
3531114918
4061956262
4060907686
3808725182
3775314318
3775309390
3788943886
3782521357
3761562156
3761562156
2753913388
2753963820
2754484524
2767063148
2762737877
2779338903
3048135814
3048141190
3052266374
3039593446
3022815974
2771359334
2804853303
2788076039
3866012421
3866073861
3861678372
3794572324
3795644460
3795710076
3860779116
3829383276
3829284972
3832435156
3840303797
3835966118
3836482214
3858503334
3883671462
2809661622
2776127646
2767911054
2762664271
2896882445
3970689804
3991465788
4025279804
4025278493
4016922687
2909688038
2906080422
2905687206
2905824434
2943541202
2947735042
2928934403
2928731649
2924504577
2920375809
2920470309
2924728101
2951859053
2912012655
2895239519
2895374671
2899438671
2903899151
2937341055
2920617215
2920686823
2920693221
2924879781
2929069717
2947960449
2914504385
2897338179
2897261827
2893067266
2888873042
2888885366
2887001206
2887135078
2887125734
3176532718
3184790254
3183218410
3181909722
3181913551
3181913228
2678645900
2544403596
3622341764
3609828484
3609963652
4147031168
4114523268
4113999236
4113999540
4111980196
4147594916
4147525372
4114495180
4113499668
4113303332
3840676900
3768857645
4104420415
4104649758
4121356302
3722848582
3693480646
3694529154
3425046162
3693556706
1558458594
1571565794
1588346961
1588515008
1588502720
1592568896
1312602464
1581033760
1547545392
1547627010
1546533378
3694006034
3694069538
3706519842
3703382306
3737067794
3669909762
3669659907
3669524832
3668487652
3739789796
3727198636
4264069532
4265253260
2000350092
2000302012
1966744237
1950233262
1882587798
1895170950
1890845110
817112230
816064743
816064581
866461700
317065476
308726532
308707844
308711956
912626484
920944932
920952876
937730092
635740221
1818667038
1815525390
1813420046
2083953022
1949747822
1698121450
1697907402
1695810186
3849806555
3858229225
3853840237
3853822748
3853302028
3891043597
3873735951
3865547534
3862360926
3862327918
3862245998
3845599854
3831895662
3840215919
3836492140
3836487700
3837552644
3837586436
3833585668
1729777732
1981419972
1983517572
1983517349
1983383207
1995979430
1723345854
2008627598
2008676490
1975114958
4255691854
3718815818
3723010075
3748192569
3744163629
3727296047
2385120815
2250903086
2255101494
2275936054
2242642198
2242846790
2227134606
2226974879
2226959533
2222754988
2235337916
2235534748
2235473356
2638128908
2502405901
3588599583
4238716206
3169300270
4236027694
4164732687
4181316431
4179251949
4212798124
4196020908
4200268516
4202365812
2063208732
2059080732
2142779420
2113693725
2094819343
2094983181
2094717260
1558103116
1549779036
1562132572
1545343228
1544298989
1548493550
1552363246
3565636326
3582315238
3599025766
3599532566
3465519879
2391712517
2395709957
3444096549
3692661349
3692727029
3692731015
4246387590
4284058774
4267216103
4267215975
1981531191
4128928775
4131266567
1983782935
1916674534
1916667558
1946095270
1889275559
1888299668
1351429764
1351366276
1082917252
1087160484
1077727404
1076658284
1344577800
1357228811
1352895018
1353112106
1416030762
338651774
355342030
388895374
371987342
373035183
375140585
129306664
78000136
77999112
77752584
81893657
81836351
77642014
211851534
480349446
531005446
518947030
2116980951
1982496912
1982500992
1982509200
2116711328
2133471904
1814767264
1815620263
1827416750
1823226542
1839470762
1856243866
1990200458
1587679434
1320251594
1313906778
1308663850
1321246766
1551933742
3699552830
3566645772
3568736772
3567553060
3236727332
3224144416
3291008352
3559572688
1413149889
1950022851
2002421986
1921685665
4136286592
4137598336
4135433088
4130116224
4130255488
4129747632
3878056608
3857000099
3835964834
3835962534
3856934054
3890688205
4276494348
4272825608
4272885528
2125204232
1609313032
1558980872
1555442970
1555436826
1555497274
1557152746
1276166826
1275299470
1292021390
1442885262
1447078534
1455472565
1455791532
1456899516
1449050525
1451147741
1463763189
1463578727
1463054375
1463280935
1467411766
2010557718
1993714950
1457302534
1457294534
1449106822
1600058758
1566466950
1545470614
1545278135
1549735589
2096962277
2092710692
2091657508
2145676548
1986322436
1986441221
1982234693
4130766933
4128540135
3611619303
3578129151
3569769039
2497075727
2497071630
2497138238
2499036974
3031748974
3048534507
2511643577
2511385272
2515595948
2486223532
2486224596
2486337109
2485267511
2489460787
3571919922
3567729718
3584950342
3618522311
3601745285
3471822725
3464297381
3460099041
3460099875
3728532775
3731857671
3740172549
3735986485
3719278900
3706630916
3698243140
3695036148
3692588708
3709349543
2669424294
2656841191
2667133167
2667055343
2667072575
2512047111
2494213127
2494215443
3567825154
3567821090
3559444834
3559440866
3559523746
3576302483
3609856641
1391340161
1391278720
1391214481
1383343521
1383358883
1383194710
1399038230
1910550838
1910554390
1893763383
1616948013
3828394796
3828587052
3828517420
3826699836
4279632452
4263379653
4263248535
4263252902
4267189414
4275570854
2090535094
2092570758
2092574854
1555770564
1287464196
1291591972
1277456676
1294225716
1298358548
1303605556
1334959396
1334892902
1300535782
1283766438
3427567846
3692005398
3692988678
1547610694
1547610694
1597812311
1580787300
1578784448
3726508992
3726524896
3732689120
3732721696
3604792352
3734815744
3734305793
1570089986
1553132546
1559680018
3290825762
3290761058
3559069282
3560124129
3560139440
3612375680
3602934400
3598805632
3598843777
3330396390
3330338854
3599781926
3613672494
3559160878
3559844158
3563780870
3585792262
3751595270
3737406470
3456443398
3389136902
3389140998
3389137702
3401654822
1266688558
3632271967
3364189768
3364675144
3361245772
3359214556
3359345148
3627592157
3625495757
3742998668
3738874252
3737825676
3066737580
3054212772
3054030500
2517159588
2518632356
2522817445
3732808695
3748540678
3580245254
3580306710
3571919926
3568176182
3568241679
1554842957
1576854988
1568450508
1581033432
1578936312
1448918520
1457495529
1457432555
1985906411
1998488159
1411302943
1413142031
1949036055
1948838951
1894312993
1890087971
1894383619
1895432387
286916755
320745635
303965363
306060675
318638722
314510002
330046050
329526822
329524798
312746510
1382343198
1109701150
1110738814
1112836078
1388686767
1384623517
1384619404
1922010524
1921945084
1922993389
1920642095
1932176430
1932520494
1898800254
1898935310
1613643822
1634615855
1638810157
3803988493
4072435209
4072434187
3537656330
3528198718
3528198702
2546862702
2542677998
2510169534
2510098613
2543637684
3617381504
3608988800
3575483776
2485032576
2486609536
2485562960
3026628371
3026496306
3022301746
3022306834
4096065042
4100978214
4109316902
3852992549
3052934181
3027768373
2960792597
4030344215
3497667862
3503961926
1355495366
1351095238
1351091150
1082917293
1099813352
1116647928
1112450312
1376693512
1376553240
1376557352
1381805355
1381802234
1448972426
1446953099
1446379657
1579552905
1597384109
1547054829
351616559
347354654
347366926
347398670
367960334
359576647
124683463
1177388215
1177322662
1178395814
1178479814
3325441478
3346399798
3232174630
3232047654
3500941934
3500958446
3500994221
3232541100
3274476676
3257502852
3258622080
3258884228
3256787076
3272532468
3506824805
3502624295
3231140371
3233180162
3233180162
3299241730
3299632418
3303801059
3296465059
3313119365
3346932100
1311655300
1311690740
1311169124
1311226420
1311025940
1583654156
1583652876
1445179400
1445101576
1981972744
1999802168
1968610025
1954867883
1954867886
1959028670
1946419614
1946419390
1946484910
1946579109
1976987748
1721128212
1721134336
1991634176
1991567108
1995743797
4269258279
4262889006
4279733806
3187706414
2923469374
2923466014
2931852302
2924773390
2941755406
2908151870
2891374822
3159765157
3161850276
3158049168
3157005200
3173986996
4251858596
4256112309
4240382674
4106189762
3568167234
3568168134
3589072070
3614209222
3324773622
2251162855
2251165093
2255367588
3350014884
3350015652
3350017684
3332658820
3332682372
3605045924
2518725541
2519765479
2519762278
2518849302
2502075910
2485298694
2485376534
3022075446
3022332462
3035046702
3030855726
3031172142
2494301279
2495102159
2499487949
2220845196
2216683964
2485058972
2488728972
2507601804
2549535620
3606430645
3623146471
3614757878
3609715654
3609716214
3576100334
3609382126
3613641838
4158704735
4158712909
4150322253
4147241037
4147372925
4113752685
4118172271
4151772798
4160036446
4158930782
2011441534
2011512174
1474630782
1470304351
1474367579
1440764249
1416683837
1412686653
1412546333
1414576951
1414572855
1439738166
4151425286
4130508038
4130506567
4130768839
4134962933
4160132768
4126536352
3035914916
3027514020
3023057828
3023057317
3042971879
3185575022
3181386814
4255135758
4255131662
3705743374
3705826566
3705828630
3702707510
3700540437
3721448469
3712019460
3707878677
3741491029
3742537429
3746738887
4291998343
4290896535
4257280933
4232114597
4227978720
4228107552
4227878144
4228999424
2081614081
2087901457
2104675603
2129839363
2129838339
1592967425
1590870016
1590804528
1582329888
1442848804
1459823924
3574741556
3562158629
3302103583
3300330062
3434351182
3484157710
3484156174
3400274190
3401396526
3399229806
3483132398
2361967790
3423246477
3423250572
3423250820
3423251332
1276881540
1277013636
1460642436
1443341204
1980080551
1979757030
1979814246
1929547782
1930592518
1897050374
4031947582
4034049838
4032077358
4040460846
4039936574
4035873311
4035878407
4056919301
4157449285
4133347573
3055534309
3055435957
3055419541
4148049301
4118689461
4120854197
4120653479
4119604919
4119078551
4157949855
4158023101
4158091773
4160057469
3589566749
3564397829
3563939093
3564053781
3496882005
1886347237
1894600167
1911375335
1945978310
1392464326
1383551430
1378185718
1378186726
1378123766
841763703
846031735
867171623
866894869
833257477
1911209989
1344991239
1344921623
1344857638
1412135462
1416182310
1571306022
1605897166
1587158414
1587159438
1318723982
1318789614
1335370223
3453542893
3445158380
3428359628
1276680588
1276684764
1276815820
3426393548
3447363532
3346958284
3623651197
3606877999
3606904110
3598476590
3598655534
3615367182
3581546510
3506061374
3501834543
4038635052
4042828412
4028148424
4095257224
4144605832
4127899276
4127883916
4127949452
3860644588
3862811496
2792284200
2813322280
2779638824
2897209355
2897144074
3971901962
3900451450
3894165098
3893626474
3895919466
3895603562
3923968250
3920822458
1871776906
1855211658
1854204302
1854188445
1858599580
1711799964
1711633036
1714766524
1646719468
1650909228
1654771757
1654685725
1671540749
1625465869
1612885004
539146508
1613138476
1613155884
1618854700
1640775721
1707872505
1682714841
2081174729
2082355675
2097031914
2042505966
2143095486
1589385870
3736921742
3741107086
3460219022
3460223118
3477008774
3716081110
3703039462
3702826343
3700745575
3700745341
3587499165
1427594428
1428035772
1428035740
1897793676
824117660
857478828
844898988
849175224
850260648
581743212
598516252
1676455436
1613007373
1613204228
1613142788
1613142788
3760635668
3761148453
3828273709
3846066735
3883537007
3866624751
3866632894
4008197562
4008188090
4272429242
4272494778
4289599642
3719182474
3706595530
3706586314
3439267930
3434963258
3434897706
3432833582
3365724709
3365708320
3365713440
3367828000
3371981344
3359492384
3443247203
3459942626
3458895234
3324682626
3593109890
1450935170
3606684593
3606618784
4134053536
4113280656
4096441040
2888534816
2892536096
3974690848
3974658084
3974630437
3966636038
3979223262
4012318958
3995541678
3999400878
4004643582
4287700510
4254083597
4254099980
3700484620
3696618252
2618734869
2631830837
2492367153
2492367347
2492039571
2626191506
2639839394
2669340066
2653605762
2653584002
2653567618
2657761938
3739825842
4293682083
4255932593
4260126900
4251738285
3711749365
3711825941
3709773879
3716147222
3580880915
4117625857
4117665024
3053356816
3086648864
3084551696
3069871616
3061551616
3211514384
3178091041
3177992738
3161224742
2888314470
2888305126
3173517478
3211397255
3085842564
3082692740
3082697860
3046534276
3050727300
3049711300
2542265972
3063277172
3069500964
3001323045
3001847077
3001847079
3001845046
3077543222
3043931926
3043923478
3039739414
2771233590
2804742454
2787952694
2788018294
2792282199
2792290501
2792287301
2793332820
2793402484
2772398196
2755556164
2755548740
2759741004
2768064125
2763808495
2696707822
2717677294
2717677050
2716619994
2708231386
2691595391
2691628415
2692673375
2759781983
2759651286
2776432598
2776417670
2810103174
2789135766
3862844822
3795211446
3799479542
3799086198
3799086134
3799086103
3780324357
3830607124
3838996077
3834791661
1619198655
1619001998
1623196302
1614819774
4030726318
4039318702
4106365102
4102170878
4103268814
1955785030
2005969670
1993385734
1448124678
1444057350
4128411991
4128698871
4147565031
4101423461
4042704740
4043130724
4037836397
4042026589
4043075145
4051646025
4080998088
4080808696
4080804328
4093386984
3517710440
3500736536
3501065224
3232640009
3232640010
3299290174
3300138030
3299869742
3299918862
3438457870
3472008454
3463620167
3463951941
3459220160
3458958272
3458892176
3727327472
3728384225
3711541473
4231636065
4231701857
4231708451
3156975143
3156860791
3156766567
3174573414
3141018102
4198171134
4208660974
4204474731
4221121387
4187754281
4170976057
3633589021
3639896845
3625380623
3356604239
3356537422
3355476678
1229112006
1313010375
1321366227
1338389985
1204059617
1205102817
1163676849
1126100097
1377744001
1377731715
1377733763
1377799315
1377678503
3525092519
3525157271
3527398391
3548107495
3497743079
3505984101
2432184933
2427991591
2427989287
2426957159
2494064887
2431412727
2473418133
2453556613
2453589381
2453587332
2523784676
4142458084
4142440749
4142510367
4134056718
4134048574
1986565934
1982447406
1982585150
1982584894
1982487590
1966736454
1949958338
874127490
874127538
878391714
886780643
882512437
347735572
363547140
1437391364
1441590020
1429072132
1412270860
1416989292
1419097836
4238123756
4119651007
4157391502
4133339838
4129289134
4131185062
4265361830
4286322118
4261157966
4240386110
3707709486
3699320894
3699255306
3716028682
3489271114
3468362714
3468235454
3468284863
3468202428
3468202420
3480789428
3442053588
3442128388
1277865472
1278127616
1294920192
1563351568
1597889057
1585220897
2119744545
2128125985
2130345987
1048215747
1042990210
523963538
490289314
1547384994
1547255206
1555837862
1553797805
1553937100
3701432844
3703349772
3703352860
3703352108
3703351596
3707545900
2638121453
2671676398
2520696710
2520666758
3594400390
3611177894
3615302630
3585876974
3584627070
3585030474
3584895242
3320589066
3311741802
3312786282
3522429274
3518251338
3501506890
3518210537
3501237224
3505432296
3493104232
3493104360
4030040696
4030106888
4028605704
3764355112
3768484136
3770327580
3770327564
3774522884
3759773188
2971176484
3004747364
2988268908
2992530540
3061724252
3061716172
3069588621
4143328399
4155780286
4155780270
4120120494
3516275870
3520210062
1395794062
1376919950
1376985486
1376789423
1380984239
1456498158
1456496702
1475801102
1441714447
1424736543
1424728889
1424659976
1441437192
1475058184
1458084584
1583917736
3732446121
3732585915
3615134938
3615129626
3609837594
3710443546
2083086382
1948918078
1416499727
1417545309
1548553917
1556888221
1556618141
483920317
500701357
534523055
513548430
513024142
513270222
234008910
224567582
207721774
207657326
341883246
368109934
502299119
533871949
535967052
502403864
494076712
489690408
489698600
1026569528
1026564360
493904136
485540633
215007513
205570361
222405929
222538537
222735131
492223247
1071102222
922061070
913803279
913736716
908493004
908492932
908505236
925360308
891695268
607531940
611591781
615792174
614734382
614742574
1688496702
1688497934
2104351950
1030540430
1060670878
1058799022
1040919982
1040720814
1040909198
1045037774
1067066095
1035608685
1018700524
884502264
886631112
874032025
889764283
860534922
575572106
576618698
574521354
573476874
1647226923
1664065577
1631363372
1635561260
1633192492
1640598060
1632209468
3813259804
3809082892
3876319820
3977933133
3980009709
3979083951
3966501031
3974697126
3987354030
3987342010
1839928058
1839805179
1822959115
4244122123
2088266507
2084104475
2084485417
4280191241
4133259593
4141122889
4141191192
3596070936
3592417368
2518577640
2539529133
2514363046
2495218342
2495092386
2495368866
2495368866
2499596162
2503788418
2537533314
2537484167
3592351105
4129220993
4129225105
4150185393
4158584209
4127187397
1970139607
1965879671
1730982183
1731181607
1718335527
1726986293
1726855229
1718401053
1731042333
1630306573
1613218061
1613119853
1612849579
1612718255
1616919727
3789559983
3823175854
3820161470
3851624014
4105381390
4038402574
3500417542
3500941830
3500872294
3232436966
3299361509
3311977092
3341480844
3324684236
1177201420
1177266492
1579854124
1579919404
1579788301
1579717647
1579987022
3727589774
3710567070
3697988270
3635032750
3635099302
4171775654
4171770599
4175965559
4167853109
4185772084
2070401076
2070319124
2138484740
2131795972
4279284796
4244678716
4160804924
4228045628
4228315692
3167094380
3181249244
3180855945
3216507545
2679636905
2678594985
2666019305
2653436393
2653567433
2657758537
2667077897
2662875163
2663112826
2663096554
2667163882
2673447402
2484700650
2486863562
2487133898
3024003786
3028058747
3028075099
3023857273
3021743721
3038590057
3075742761
3067348008
3063283736
4137025801
4141229323
3747030794
3709196394
4232038634
4236150954
4251879562
4293825674
4277973130
2129957035
2121576681
4269072617
4265042153
4248183017
4229309675
4234031083
4238220027
4238215898
4240182986
4105983690
3573342794
4101874234
4118786587
4118774299
4160589609
3086265129
3059002137
3054869081
3054870235
3054981835
3071742666
4246143690
4252434922
4256641066
4256509994
4290056235
2140480521
2144611336
1599417352
487930888
471276552
471221256
339576009
338462091
342656698
342660778
896308922
1466734266
1466807227
1466937785
1475260601
1442750649
1442767097
3565084905
3565085165
3581863405
3581924845
4152358399
4135581135
4135572878
4068331662
4085117182
4085109998
4085044718
4051494383
4051658623
4051334783
4083893887
3555280479
3521663965
3521733085
3521868253
3521795541
3521795572
3521738228
3513286004
3513286005
3546840437
3542707671
3547231703
3513669078
2448311766
2481931638
2477610291
2477618993
2209120032
2213031456
2271751728
2238264848
2221545216
2225738512
2225734449
2226722611
2377661991
2379747047
2403879590
2400779190
2384002470
2388180141
2664152253
2664082573
2664016079
3192432685
3189278764
3191508268
3191508741
3191514631
3191580166
2922960422
2788806242
2788839010
2788821858
4142799154
4159445042
4244387890
4231800834
3695060995
3695065411
3694006211
3702197986
3718780578
3752457858
3735663234
3735786434
2594739170
2599985250
3138954350
3138956329
3139086344
3105536008
3155857160
2820329004
3894048364
3906889324
3908836941
3908835621
4294723621
4268640288
4265491456
4265488448
4265484480
4265485184
2122187424
2142110371
2108621490
2091845254
2091458182
2091448750
4243110062
4235765930
3984107738
4016679115
3995643208
3995641352
3978859016
3962237464
3962499624
3961934380
3974513189
2763002663
3031449383
3029342993
3041138945
3053787137
3058051073
2529568768
3600155648
3600678977
3602776258
3741253858
3732668834
3560776614
3296331398
3304726414
3299572654
3567844270
3567839662
3567839422
3581458574
3594108045
3594167436
3548112028
1364944060
1364862380
1344143780
1343619748
1345720996
1350034108
1885643484
1902422540
1902160397
1902357007
1902295582
1902545422
1902610694
1898418182
1898434562
1898430514
1999036450
1714348066
1726924065
1722730209
3870215809
4138655361
4151302787
3022871171
2418875027
2955747043
2968269603
2964074787
2964070757
2980848085
2980864388
2443994516
2435583405
2436762029
2436774333
3510254495
3542760079
4083826575
4083892175
4058572287
4058555691
4041778235
4125863994
4125659450
4159209754
4159488282
3607052606
2524587054
2541364270
2507811886
2650422319
2678725935
2410284813
2377647692
2226677452
2224596668
2227734164
2227930764
2219476868
2169150852
3540821413
3524044269
3524040047
3591296334
3592349006
3609093454
4118703470
4043230575
2969390447
2966702543
2957302093
2957302541
3049700925
3045500453
3063325237
3063259655
3201622599
3067400942
3067396590
3069496558
3061074094
3191150750
3191224782
3189123534
3189140862
3220663790
2847202559
2831011021
2830030020
3094266052
4163813572
4230987860
4231880740
1815961636
1815552036
1817655333
1817532711
1683487543
1691523934
580028879
584228239
571523471
571523983
571818671
571871919
1645621999
1641293805
1620322604
3767806012
3767797772
3768469516
4053458444
4072333828
4072333829
4071117382
3597144806
3592954534
3594007462
3577351342
4095346910
4107798734
4102572238
4102813902
4102794702
4119439309
4120486540
4258833036
4279804860
4263105516
4279949292
4280216300
3206474476
2904484588
2908080876
2777975804
2912193868
2945823500
2945880591
2952233486
2939462190
2938151470
2938168870
2904708646
2938504741
2921726516
2791703316
2800488784
2796290245
3802923222
3802927294
3803132078
4058922122
4033755274
3492685962
1345206410
1349401530
1358771886
1354506862
1354506782
1086075678
1086075183
1086203172
1086221604
1157541120
91130113
237931841
237997251
237540594
237547618
1312534546
1580896258
1578799170
505065570
1058709602
953855330
681229027
1755024096
1754831328
1809362144
1780016320
1779986628
1782190292
1782199524
1866338021
1814892262
1827474150
2091850454
4239081118
4105774782
3566741126
3582485126
3616072327
3330834855
3339550893
3306127596
3557721117
3560868873
1413409096
1413360456
1547055064
494209001
1071383529
1050411481
999100745
429733145
414717995
417884203
405399595
472497483
472420746
489456010
528319386
529437614
395223470
398828710
928361634
924039378
1997715523
1714863105
1714851120
1719043872
1735626528
1735429920
3878723364
3845175604
3979401524
3960654628
2899504676
2827134501
2843932197
3934373415
3925885462
3926132230
3926142662
3926207654
1779239078
1851459750
1877608598
1823082630
749615239
883304837
884422276
1958011524
1957733044
1957733220
1956684324
3571492388
3563171376
3563191856
3571547682
3571662374
3567664678
3567654946
3299739874
2225801362
2225805442
3295246465
3292062848
3309084800
3326058624
1446944896
1449567681
1923525954
1923254562
1654758178
1650768674
1663343394
1663328055
1663836933
1664037660
590222124
556663084
548341037
547622249
547633611
548682123
547121547
546082187
549948810
541495178
541494666
554011034
553950634
571778539
574071279
572973901
572973577
589808169
543474473
543485225
811985213
820508733
1906751519
1386657807
1386675471
1390866695
1445347590
1445855510
1463681318
1157505318
3300862242
3300862226
3299506434
3433744706
2649329619
2640876211
2540221107
3086725811
3063653011
3063654033
3080305329
3071842976
3074214560
3073658532
2771728100
2686920300
2686789484
2695112172
2695636156
2695369919
3014204598
4087952534
3522892934
3560637570
3558552786
1546333234
1546332162
1546352642
1550379010
1571526914
1588240130
1588233987
1521125185
3672671137
3663503777
3658260900
3657752996
3678757277
3653690621
4186373287
4254517415
4254451878
4259104934
4286379398
4265578951
3728646991
1597415949
2083955205
2083700228
2083560228
1819314976
1819323168
1825745152
4006788353
2119352513
2115125377
2117206145
2116420001
2116944291
2108112547
2092182179
2091920034
2091920034
2091921362
2096112962
1566663938
1495507970
421571842
418430242
414227746
412326259
416454993
408066545
403897313
403921904
1024605136
1024605169
1062345585
1045502257
508565779
516962579
517029139
517160210
517027090
516963699
515907059
247470515
247536019
255986049
255989889
222443649
230832515
214112723
213912034
214989154
217115490
217099122
477215602
418494819
416324963
416324897
433168177
1064482579
2117252883
2117318226
2117189234
1578212962
1599315554
1548899938
1548891683
1548891697
1550991153
1550981425
1550977073
1290930193
1290999873
1303590977
1320365121
246666305
246449361
244363617
244359521
173061985
436262689
436262177
437386531
437480739
503545187
994074083
1002463203
968949681
969015185
952352689
960544672
960544756
692166341
1799601733
1783807559
1779611206
1779676798
1848686190
1846580846
3926957674
3927023226
3927031418
3948133946
3981622843
2891095611
2891095577
2893282841
2909861689
2943407977
2941633385
2924855801
2924958201
2925491705
2944366075
2952484346
2952486394
2952492250
2917889242
2917913690
2892746826
2892755018
3966493979
3966498105
3983277369
3983277369
3983146297
4016626969
4016698392
4016829464
3983200536
3983200537
3984249209
3984314745
3984185193
3984184683
3983103339
3984160123
3992548699
3858445659
3858437627
3850057210
3849924058
1702440442
1702444282
1708855402
1704923258
1704792091
563884043
562831369
562827528
567132472
558731048
558729752
625838601
659528457
667851019
802076746
789359834
1864142986
1864335498
1864269978
1864269994
1864298922
1864295082
3981730474
3981779630
3965137662
3973124734
3975165750
3970989365
3986717712
4020500480
4021479424
4008901632
3998676160
1846989248
1846989200
1846989189
1713243031
1732052646
1711020718
1622686382
1621638122
1621633499
1621632459
1627136073
545005577
561787688
566104616
566104616
548675080
546581001
546605577
549751305
549751755
633638859
659915147
659980682
790007962
756527338
755818602
738992490
739128170
739123946
760112875
1871638265
1854790296
1854192008
1854187656
1854188680
3997467848
4262822089
4262916298
4281754570
4248183402
4252377706
4256632426
4256960106
2914785642
2914581626
2914565151
3974870092
3966349640
3962085704
3962085640
3962287400
3980039468
3980049452
4011768892
4011825196
4015822888
4015831096
4016045064
3948936473
3947877691
4014953259
3977056874
3977188090
3961459386
3827249834
1683830442
1690044075
1688995257
1688469656
1622421640
1620320392
613687369
884335625
888514571
338016314
874874907
1948747787
1948747787
1999014921
1983283469
1987478349
2121704015
4271301231
4271235695
4275855727
4267467119
4262293723
4279112075
4228783497
4234025864
4242410184
4238297832
4240210664
4244399976
4243387145
4260152073
4289626891
4293825322
4219381546
4215057706
3944525098
3944528954
3944321098
1795748042
1795814538
1796928922
1767570858
1767570346
1766391275
1767433673
1767633160
1775943992
1775943976
1761341736
1752753464
1746461976
1763241240
1762258216
1795870056
1808453096
1808451064
1791874504
1791813064
1783391705
1800369657
1800304107
1766743531
1775128042
1775193434
1775205706
1775070538
1774812538
1799978346
1799953770
1799888346
1766604106
1766796634
1774861690
1774919483
1774788379
1774728971
1774745355
1774810395
1775893787
1775828250
1775787354
1774738906
1808488954
1808433130
2076852202
2076909546
2034835274
2068332366
1523066702
1523266422
1519080438
1518982111
1518916492
1518909324
1523301276
1532672396
3625621900
3625618316
4162554764
4167024541
4183602174
4215051054
3946095150
3912622638
3895910942
3895883271
1748389383
1753009453
1760357421
1760324653
1778151485
1767710729
688791561
672014425
672010473
676204905
676270585
751640185
747584121
747518697
1015945945
1015286475
1015320267
1016366795
1020626379
1012303067
1062638843
1041675503
1041670399
1041674383
1043746951
1041633431
1041633702
773071782
801120934
796926631
797012639
796979917
796963337
764453641
760329480
741717304
740679465
741203753
742004267
674902571
679031355
685310491
685310747
685258523
681059593
697890121
699979209
737773001
720995721
788103307
779714715
775663771
775663803
792629435
740200857
739693497
672539369
672604793
672408121
1748247081
1752970795
1772895530
1806449706
2057852938
2057886730
1538829322
1543021771
3688472985
3655041468
3722154412
2648351396
2648367780
2547970708
2550055552
2464665232
2464205472
2464217824
2480990944
2480992225
3001083367
3001086198
3001204982
3068313846
3076767862
3076616246
2501992502
2485351478
2485521678
2489723663
2489723653
2498112261
2514762021
2514750757
2549350685
2549420814
2549486350
2444645150
3501715822
3505706094
2489632878
2486470766
2484570191
3575031885
3591875788
3591759308
1444282764
1444283023
1465254590
3583378094
3585476526
3568573863
3585371605
3614762245
3610566925
3341148941
3345347085
3354346015
3312326446
3308139822
3292075054
1148722222
1155079246
1151011918
1083788750
1087163750
1095542118
1091350646
1392947406
1392947406
320245966
840339663
1918271949
1933948396
1900326380
1631888744
1610908968
1610989880
1611084552
1678123528
1946559033
1951798891
1955989226
1955923690
1957955530
1421087946
1421083866
1157053530
1144400970
1295412298
1326902730
1322641370
1318974105
1319080588
1254015628
1253556924
1273283308
1228169836
1228177260
1293248557
1326934061
1241917455
445016069
445021189
445584397
445386797
441192495
453973039
453907750
453383942
453320214
956571174
964952615
964964951
965010134
415540222
415609274
407351706
415676826
969390490
969259962
999078843
982366905
982168264
986362376
1046118921
1044038185
1059843883
2100930858
2084149546
2086246426
2086261770
944357579
1019855243
1019969977
1036698536
1045128872
1040870061
906656389
503998853
516449444
516710564
499908740
341713100
339632140
339632396
343342860
351767085
1420855855
1955633710
1972681246
2008333834
4143220506
4130177370
4130771418
4130775518
4147617902
4151702758
3086341350
3052928230
3184976998
3176588402
3177070658
3176034370
3175686146
2647335219
2547713827
2549679649
