144800182
162691526
166886854
200500550
189821238
189854046
189855230
156302830
156302766
156300719
147050975
146985423
146985295
148041998
147979566
150006063
217119023
234027791
250804047
250790861
242402244
252953492
201441708
201379245
201386413
202434799
219281551
108198287
108156302
107102670
107168734
115360750
115368942
99640302
208694638
208697646
217110830
212924733
228620556
245505292
241304333
237109519
171049278
170918190
185623918
160462318
160486894
159438334
1266800093
1266933068
1262680332
1259596060
1326676284
1341352252
1337162044
3482541852
3348330301
3347142444
3351267116
2264942380
2264944444
3477202252
3477333452
3452171764
3296839093
3296839094
3296841126
3292658150
3288455654
3422669286
3439585734
3389156230
3401739143
1250094471
3397571974
3397436838
3464547814
3456159014
2402339110
2335295794
2335299842
2335303938
3415338242
3414416642
3414332690
3414332881
2340589041
2345830880
2320533984
2385545569
2383448177
3457595601
3457329281
3477514368
3452283024
1288997024
1146522032
1144441728
1144413824
1144403584
1158747808
1192244896
1175465632
1448094368
1455426464
1468008864
1468020917
1200629894
1202727046
1169238262
1165113446
3307343143
3307409175
3290443527
3424661253
1285650181
1285682949
1285600023
1285599527
1285599526
1285657894
1211338022
1211271543
1209174471
1208138567
1208085455
184625998
172105550
1245847502
1245847006
1245847022
3401588078
3401592110
1249934622
1249957134
1250096398
1251123511
1250989088
1236303904
1223966752
1210859552
1210695712
137003824
137016832
137013760
405449216
443259392
1047038032
1042843760
774670544
774734019
640581826
1713803474
1680257250
1680192611
1814359399
1818524199
1822751269
1705376308
3886410292
3869583925
3869514263
3995339075
3995338979
1780750562
1780889826
1793472722
715537090
983968451
514206339
481180547
481057155
476630147
1547409299
1549447841
1553703585
1553506977
1557717632
1549492928
1430127300
1463683797
1462176431
1432619951
1440754094
1419786666
1436563594
1369453706
1134559626
1117798858
1118003673
1117856041
1134568232
1096819500
3223456548
3223329572
3224381748
3226484020
3234876677
3229631749
3229663735
3296838055
3296838054
3296838062
3301131182
3422798767
3422805999
3422747597
3422742861
3422808397
1304684877
1333984585
1317197131
3465725258
3331573035
3322955051
3322940713
3322947369
3323012873
3344115531
3348117450
3313502186
3313502122
3347072430
3343074734
3477292526
3477292494
3481398606
3482380751
3383814604
2313214332
2300627244
2300693804
2334377276
2335428892
2312347916
2308022540
2290331964
2290324780
2291370285
2362673445
2381416743
2371983714
2367920978
2401423170
3475129090
3340894978
3341955330
3339854082
3352440066
3348306194
3264416018
3264301554
3267415459
3284436401
3284448673
3284444577
3246689700
1099205796
1103399076
1090886756
1075160100
1077322757
1077321797
1345774037
1345648615
1347735270
1351076518
3297135254
3297061574
3301190470
3443796790
3319148342
3300799250
3300799250
3299672946
3299619809
3299611616
3303802864
3295611776
1282300800
1277569472
1277651408
220219760
237063616
237135296
237137216
237141250
174214450
175131938
175140130
183528742
244350246
244383022
1318116653
1317133612
1333890348
1325505916
1326550396
1309771124
3471934836
3467740663
3466048998
3465454950
3469471010
3439954210
3423242546
3423250690
3435833602
3365579010
3635984883
3706240417
3743979424
2654634624
2654635648
2654635648
2654621331
3191548578
3191679714
3174835490
3166441762
3165913126
3182698558
3719569434
3720093705
3451392008
3447196680
1294518280
1277810760
1211820104
1209722953
1209722955
1225419214
1296712142
1305199574
3448341237
3448476384
3448414816
3448414816
3716854384
3750466928
3750278240
2677580000
2602148066
2671349922
2671624354
2637563042
3156348386
3160546022
3164814070
4239403735
4239421060
4256458372
3757319564
3727949964
3727032460
1579548812
1596073389
1562519215
1558392495
481376990
481311310
479209998
263465562
246736763
246866381
179229004
175030284
171196460
169091116
169094188
420685885
420621119
155335231
163716732
159387164
159391260
1233149468
1266745148
1266728236
1266793772
1250014500
3397489957
3397488930
3380712738
3431062818
3426863394
3423717666
3423766802
3423779586
3423775490
3440552706
3470167298
3332146258
2258404593
2258470128
2253769952
2249460960
2248415328
2231646752
2227579428
2224433700
2359044644
2241608212
2277247493
2264402498
2254965746
2255051234
2256103906
2256234978
2254096818
2384382338
2383337858
2388060547
2388060545
2413226368
2381764992
2373175728
2355153824
2372000736
2373053296
2406541616
2322655520
3463506209
3463506209
3480463731
3446849410
3429009283
3429009283
3424880531
3425732515
3423640995
3423644067
3443567075
1305536998
1171319206
1173551543
1165130117
1144129925
3291547829
3291507877
3289427311
3291653919
3559044638
3571553854
4104173102
3584070703
3617627173
3600854053
3730947108
3726740512
3727871008
4264742112
2117271520
1848814304
1873984193
1823644353
1823645123
1818463426
1814138050
1814271186
1814293730
1746955618
1747987298
1777343078
1806772790
1789995573
1790122772
2058423556
2047874304
2048140800
2047276576
2052056609
2039344706
2022681282
2022419138
1489742530
3625634754
3694791618
3694791490
2502560290
2511015458
2477537058
2477532450
2477536609
2443982020
3249282180
3253488772
3244935588
3240876452
1093335972
1094646148
1360980868
286161796
268839812
268905396
818101172
831733141
898772309
938616085
929047845
929063205
1063313701
1063314741
1029760277
1013038423
946985439
961665503
961632767
960698750
995244351
988953375
988970783
987952927
1004599103
1005631359
969973118
961583990
424712822
424794678
458455606
1263680022
1255291414
1251097382
1267940646
3415219238
3415218230
3414177798
2306897926
2307962887
2291239173
2291239220
2362542436
2379450852
2413005284
2396227828
2396166372
2253633764
2251532516
2251536612
2251459060
2251459316
2167586468
2154999508
2498799296
2498790081
2499187399
2422649190
2955190630
2955187238
3077014566
3068559470
3060199630
4129579214
3862176907
3862759561
3877505448
3843697064
3854195625
3853061083
3853020939
3857244938
3849118218
3878482490
3878449706
4146602538
4151846446
4126805798
3583642914
3516534050
3516402995
3246923587
3246927681
3280481233
3280608241
3280603523
3263826307
3264104577
3264141697
3284654481
3284454816
3250900896
3242252256
3221284832
3221284192
3221351728
3221350672
3221481809
3221416273
3242457459
3242281330
1136675090
1136740626
1136880914
1128424722
1090676034
1124493250
1128693635
1128718211
1120389507
1120160161
1120143776
3259238816
3255056800
3254905185
3271666467
3222318898
3300110082
2226302722
2225253634
2225191970
2275457058
2397079586
2384759842
2385824963
2319371392
2319382192
2336157344
2285284992
2285284992
2283977921
3357710529
3357706305
3363018769
3367086881
3448810785
3734023201
3738237984
1577114641
1442892801
1444056177
1444060513
370343683
858971907
829640515
823449538
805697442
809887394
549824163
550471299
1624084097
1615628929
1615628961
1615633057
1615637223
1666492967
1647635255
1646536726
1646536758
1646734371
845552675
853937185
933628961
884411152
479595200
478337664
478321280
479378112
412199616
1502653120
1527884496
1527888752
1527897200
2064725088
2064654560
2031100128
2026905696
2090008928
2089946738
1553013330
1149250066
3296733698
3305126402
3322059266
3256003074
3260195586
3264315650
3532947555
3531903203
3531903137
2458160289
2164557985
2147862755
2147883123
2147891490
2147887650
2152081954
2156341794
2156150290
2206547522
2190352322
3280605122
3248164802
3235417955
3294141729
3296247072
3309022528
3325799744
3325799488
2386265280
2385151169
2385413249
2385417409
2368107984
2355574496
2363963104
2359309925
2359307879
2360617582
2629593454
2629347438
2650314878
2541455438
3598355470
4129989647
4129923084
4129857564
3795423340
3793453164
3792359660
3792365548
3792371436
3813264108
3821570780
3817638476
3784088076
3784096271
3788286494
3775195950
3775195182
3808909350
3808823398
3792046198
3796240502
3804633202
2726701170
2995140866
2995198466
2441558530
2424777218
2156210691
2156149249
2157709905
2159807092
2159811156
2176597717
2180789973
2180788983
2161931247
2162029055
2153641471
2153643519
2155739615
2155739615
2154813903
2154232271
2171009359
2187786575
2254896399
2256007439
2188898655
2197811575
2197746149
2197747685
2214125029
2205735397
2172148197
2172148085
2172352853
2170185991
2203741463
2211081527
2211147047
2210942247
2211220839
2177665383
2170329591
2172492245
2172500436
2172500468
2155724532
2222833396
2222831348
2216670960
2216673008
2485108336
2619260641
2621094370
2625350818
2624314546
2620050562
2636799106
2636788866
3710526594
3744080306
3739890338
1588462307
1605305029
1571561988
1572613636
1278487076
1278487332
1278622500
1276526452
1146488645
1154483014
1162953542
1163051351
1163047783
1205051749
1188275668
1188279492
1188136132
1188070644
1188074732
1179702636
1456681277
1473389375
1475486250
1475543594
1366364714
1366364986
324219674
17903882
1060107
67168571
67148075
268732730
273647950
1355718094
1356763534
1358861190
3614356102
3593122438
3593122482
3597333171
3605787312
3735777952
3735565280
2661818660
2657624100
2670472237
2620270654
3425576974
3429771278
3433957390
1286540558
1287394654
1150559726
1150576621
1167386540
1203890060
1161921420
1157661108
1157673140
1157664948
1409462484
1409459221
1426304053
1963178279
1997965574
4141259014
4143356166
4139161367
4141319031
4266967719
4262724263
4262732454
4246090406
4229370534
4233364462
4237566318
2089820222
2089821214
1552952331
1552952329
1284713481
215112968
205688584
201363320
1275115481
1275299529
1297318607
1330746079
240235263
240382575
248701823
248668959
248705309
248763436
1589683244
1581294700
1463919868
1426177164
1963101324
1996918172
1980075964
1981579709
1981583519
1981739262
1981702382
1981685998
2000429294
1949771118
1952848462
1889929742
1890519614
1890417183
1941726797
3539739148
3541836557
3491504957
3491636025
3497923369
3501983529
3501984555
3502004731
3551910331
3535141275
3539266955
3530875275
3526644106
1395933595
1360483243
1343677419
1349968687
1350034733
3505710341
3497305092
1344774148
3493232644
3493232908
4047405580
4135491116
4143947308
4139630127
4139777594
4143773242
3866916394
3879481962
3845980858
3829270170
3829269946
1684800682
1638139050
1906316458
1907560586
1922184330
1384264858
1388572074
1119937962
1115726219
1183883465
1184014408
1190559752
1466335272
1412342056
1411821336
1411815944
1881643544
1885575704
1885444872
1881185608
1899029720
1912620216
1913074856
1914053033
1918247405
1929249775
1923957566
1940714270
1945937678
1677568782
1643559694
3774253342
3790768414
3845365534
3845173822
3826311726
3960758831
3962983147
3962970794
3966501550
2896956335
2896976061
2913269852
2913253404
2930157580
2868307980
2853625933
2853462095
2853310815
2870350319
2872967661
2833780716
2829597676
2829794012
3098159812
3099273792
2562207299
2578984466
2573741858
2334657570
2586560546
2654914594
2659100674
2663294978
2663296002
2680065024
2344127824
2305351520
2284334816
2552766176
2552897252
2565488289
3098181283
3115088290
3148105906
2615203970
2569058434
2553460930
2551638018
2550540290
2551130118
2555144486
3096177447
3113941541
3115895341
2611497548
2611539661
2598956685
2599972527
2322284462
2603290030
2569735342
2557086895
2566577325
2577311876
2577181124
3147606788
3135023620
3128793620
3128925728
3124739360
3141450785
3208563954
2904214658
2904190082
2887416994
2893694374
2897887910
2896876174
2898256590
2898044431
2758585885
2754407221
2753882420
3760613684
3760340260
3764520244
3781296396
1651642764
1649546188
1651642828
1658262012
1653870700
1653870700
1670672456
1619837128
1888326792
1888468376
1888336808
1367908009
1401591434
1389007498
3611996874
3581583914
3173557546
3177752618
3177752623
3177753629
3207241741
4264227597
4213850637
3678012127
3648717486
2566404014
2566662574
2566662318
2566662318
3724290186
4275561610
4271284362
4271353995
2123858056
2123399336
2127597672
1846583336
1863434296
1697779720
1681006856
1681008169
1685195305
1621232168
1638140648
1940130440
4070845064
3601133192
3602154121
3334443659
2277421754
2243867626
2231280426
2231231018
2231161386
2231165502
2224579134
2224562990
2230858031
3296461933
3225225469
3225237645
1077880973
1094068365
1127623821
37094541
49533085
318091485
307540185
307531897
303336809
303349099
308067563
308195551
308195535
308211914
291389471
270401583
272509999
276703527
283978279
283961895
279292487
296197831
384075462
375685959
372736307
305565731
305569827
842522657
842490097
842469555
841355426
824574114
284099234
279773858
279249554
280310466
280764946
280817190
279751207
296462852
313174276
313178116
376084484
506102788
438878212
438882324
439287917
455999727
405156079
947195831
955588277
414662308
412957364
411905684
411856532
411856628
432828405
441285687
521092150
487487542
1007614246
604945190
609131030
608930310
550014479
1640533535
1674085951
1644725823
1661503023
1661503023
3808986735
3775583855
3775543023
3775543023
3780904687
1642864095
1642862815
1642871006
1654995166
1654995166
1654078678
1921463362
864362562
327442434
13406210
273526802
1355724096
1351531840
1368308032
1976212416
2002369200
1983490736
1983621776
4129928832
1915601793
1647050919
1630277799
1612984487
3773247983
3770036507
1890991627
1888758299
1888758347
1939090318
1385589134
1386137742
1390199950
1383645322
1384116634
1384034719
1382998431
1382998380
3547193636
3492603172
3496798500
3504724780
3500558876
3501066764
3501984284
3501989631
3499373230
3515884462
3589279918
3580887214
3576709286
3291664582
3291668482
1142025478
1146120966
1154497142
1087380454
1137854886
1121372582
3332295814
3600729220
3332215172
3333989348
3479741988
3475539500
3442075172
3291311652
3303872033
3303425827
3437380641
3430151200
2349911072
3356555264
3428034560
3703745280
3716323840
3749878720
2659355088
2656210337
2654244512
2519043808
3055980032
3057028608
3056909824
2788486688
2801053472
2813693222
2812792166
2729299366
3001829014
2989249158
2989298386
2989371762
2989367346
4084080662
4042137606
1890462733
1890465805
1894651981
1886263434
275650954
275729066
866962090
850198186
850195098
318018186
315921354
306491690
303865898
840556586
339370026
343565358
346746127
346737933
346737932
350833996
338189580
338218252
287952748
847171308
851371757
854385551
845988238
305086858
305021338
305018666
326057518
11287086
11348526
1152133670
1152149284
1152172304
1152155792
1143701664
1160417680
1177203072
1177203072
103648656
372111779
372242594
371648674
1449649570
1457840546
2011455830
1960862470
1415594766
341892902
341962278
476310070
1608710934
2128795910
2128661510
1584428086
1513181222
3677769782
3631612678
3631616518
1492582934
1490298470
1486630630
1485581990
1552428197
1603804324
1587038340
1459128460
1445496988
1445502124
1445569708
1447010460
373219532
305553652
305271780
309461749
334496351
1370608158
1370658334
1370655294
1353943870
3504384270
3496257806
3492265230
3492251402
3492250123
4029055499
4046897773
4046936045
4048842220
4057300196
4040488180
4053262532
4120309828
4157067524
4140090644
4131708276
4127534564
4128582049
4128713137
4147523463
4252372614
3974514358
3970270886
3970269926
3970208295
3974406711
1818534413
1814340105
1814356281
1814306857
1815031849
1814956073
1819150377
1840122217
1839598539
765930123
799288971
800334474
1064305546
1025638906
1030886378
1020453675
1016112937
2088807209
2093001529
2109782281
2109970761
1876397515
1860075979
3996811659
3862598075
3862864875
3862864879
3883835757
3883847972
3864285668
3876856277
3792970637
3793167279
1647710126
1660292006
1655114694
1655060742
3802557446
3803505670
4092911623
1882514447
1883176221
1883163149
1895483925
1906002485
1921522213
1921525543
3527942183
3523748070
3524997282
3577348242
3572105602
1420428162
1420516994
1420384898
1420393139
1424501411
1441541027
1476143539
1459366309
1457270197
1448555925
1465258389
358035893
358048181
1416884725
342929764
367047968
367045921
358660401
291748629
291700231
291665415
292704838
1374831382
1358151990
1358155822
1358205998
1358203966
1366600719
1366722825
1381402889
1381408521
1381408329
3528902361
3594962667
3594839035
4156879195
4123308331
4123046187
4098928939
4097942331
3825379133
3829570333
4098067229
4098079551
4093754167
4110474803
4094039619
4094034626
1946550754
1960055010
1974743267
1991708755
1990603841
1457929217
1449532417
372202769
316537697
311226081
1921838819
1938474947
1355470211
273370499
270089618
806960626
806959603
819673959
815742759
546049829
545537829
562310964
600071476
843334996
843531716
822416772
805574032
268701105
268639649
281155489
276968353
276968115
8516243
8647555
126006082
126002434
110337814
129219110
132233767
1382398511
1378848271
1378520845
304777485
842762269
844757101
844688495
844722223
857362463
1897808159
1897820991
1968071269
902587109
818160289
809764529
827066003
818888359
814628518
814624438
830877574
864431494
331623559
306472031
307519517
320102428
288686108
3539260
7735085
14095919
13909558
12848646
8654598
8785154
9325826
10384450
12510402
16635266
66879873
49119632
49254832
49254832
40874416
1110422000
1110422384
1111467556
3256134180
3545541164
3552881196
3531901481
3532036617
3532056075
3533140618
3532919210
3539210410
3530821802
3524526250
3523544238
1376132238
1376134542
1388540302
293782350
278062350
280225086
10773806
10769727
15008301
7143972
3080756
3019268
3949324
3984701
98339055
127309982
1184282758
1318496646
1318500742
3738469558
3730088110
3730613119
3747525151
3713708597
3696931360
4174963232
4166541856
4162330144
4229441761
4229437601
4231661729
4265217153
2120876161
2120876161
2129331073
1052258977
1052254885
2125997807
1840802394
1827186970
2087364650
2112788523
2146340123
2129429003
2117903113
1044247304
1060508477
353767469
336993327
348526639
344328231
277219590
8785666
30283267
30233091
56152435
56136035
123252835
131634402
131766466
31111234
33208386
66763890
41530466
41525474
41672883
37445777
37421201
36372880
25105072
14499488
281836192
1351412388
1888258740
1892452996
1908775556
1942331972
1926607380
1932898869
1898226215
1881432614
1881612854
1881554726
1882130470
1894516774
1890322598
1890978950
831927431
864182407
851493013
302027181
839115949
839052501
839051525
843245877
851638564
851500332
851493148
583303180
583368732
600805421
600813605
567116007
827114679
1896633526
1896627390
1879718318
1879719598
1892298414
1888104118
1351169686
1351119430
1352196614
1352180502
1358471462
1362678054
1396359431
1111364871
3258846990
3323857678
3328117566
3462338878
3487512842
3483187466
3482858266
3484947322
3484959722
3483993001
3416822696
3416822188
3387466156
3380194468
3375999140
3627657444
1478207716
2015012932
2098898948
2098899972
1058702340
639226916
639169637
639393893
639443437
638464463
625349583
549848831
545326831
545273583
562304701
562300572
600572808
1934382476
1896633740
1896742284
1884221100
1972304556
2005393084
1988408909
1988408846
1989518622
1987437614
1983212590
1982801966
925775934
556415258
540679962
551159354
545784394
545805003
545841787
545826089
550032429
541641837
537676973
554648749
588121261
587597229
587662783
574949279
600118943
596041407
562477806
562539070
563395086
546614030
544516110
540515359
540447775
555126815
554079279
554157103
553930029
553979237
554047461
591803303
562443175
545731511
545534867
549732227
818174851
835050387
847756019
847752177
847685953
851876865
576102401
641110017
657961009
605397027
605332514
605348134
608563494
608465190
541340014
541327871
541459439
541471407
617037503
612702879
881072845
931928781
512699084
512650828
1590616332
1591726348
1314897948
1333712141
1298062663
215939926
216001506
215873506
1557983650
1549586834
1551548561
1601863856
1584304288
1445969040
1982314688
909502528
907405360
911485984
910173474
935338274
935408422
1984107110
1380319990
1380779670
1389104774
1389121159
1368182405
1083103109
1083105989
1083073029
1084056087
1084026662
1354558246
1358735654
1887209510
1883080726
840861702
840860679
574521351
571899969
570871905
570716257
570695905
570696165
566629103
545653423
546112155
546050699
546059915
546060938
814570170
814504602
1351375498
1355774602
1104046986
1121936842
3270988090
3269865774
3265667374
3265667390
3265732630
3265736759
3266777127
3267104813
3246129193
3225354265
3223194505
3223206536
1074608824
1074559672
1078229640
1078263432
1078260360
4493960
299965
1544613
1549797
1551395
18260995
39223299
41320449
304513025
372146193
372159520
372157536
913288416
910142624
1058520192
1024902273
1024966881
892596321
892432419
1701847330
1701848358
1710239526
1959995954
1955990034
1888881154
3499559426
3498908418
3498843394
3519813378
3247379218
2173633058
2173501986
2206991906
2206993954
2190215782
2194410086
2186050390
2186033991
2186099015
2194618693
2194553173
2194553172
2194553668
2194553156
2195552596
2254231908
3325875684
3325997524
3325997444
1178513804
1161736588
1144959112
1144960392
1144961433
1145026971
1144494490
1148688542
1148696734
1198828766
1182064862
3329515774
3328586094
3329635118
3346150958
3320974886
2180058678
2175811350
2175804695
2209424645
2209555732
2209615140
2173963557
2161903973
2153581031
2162047926
2162047670
2162105014
2180782758
3271318183
3262929829
3257687444
3223649664
1077329792
1077067392
1076014720
1344450176
1344319184
1881190128
1902161488
1927458304
1927456256
3865230865
3860962851
3860896294
2787154726
2804136742
2770509606
2770523958
2753741590
2892382982
2892448535
2892813156
2901207012
2901211620
2901268980
2901268676
2918037700
2909776964
2909189447
2938557782
2938237414
2938167654
2939277670
2939274534
2942422818
2908999218
2917263891
2917263873
2950819345
2950815505
2934031697
2935079376
2943467953
2910050289
2840784851
2823940982
2823871270
2834356518
2851141686
2875320342
2858678302
2858601502
2854407199
2859658559
2857627437
2874265133
2873216573
2839608861
3913346589
3913346621
3914387309
3983656445
2909094397
2909094077
2909081789
2909089981
2892436660
2892373172
2917546164
2913351860
2913349012
2948474756
3216908997
3216909007
3180864463
2509776862
2516090350
2516121966
2507733374
2541337566
2520498126
3594172110
3598357198
3598680774
3546121190
4049383910
4031046118
4094030066
4028551378
4032721106
4032718033
4059964624
4127067344
4160686577
4160559459
3623631714
3596955254
3596952086
3598525190
3598529286
1453118262
3734558501
3751321392
3583547648
3713575168
3692607744
3692739840
3692998912
4229870400
4242457152
4259234545
4292690599
4284231334
4280036006
4129041062
1981754294
1985743286
1926499510
1922306190
1926516870
844558534
861315142
825663494
808890374
812089622
811958551
821526845
813036845
811355949
807143977
1879849513
1947089435
1952332367
1960791775
1956431582
1973207518
2006749342
4137459869
4137656797
4158564292
4145986516
4111444708
4111838052
3776292196
3764240421
3780952087
3816812550
3814613094
3797902438
3797765350
3796109714
3804563862
4073134469
4064681861
3074834308
3032952565
2491754021
2493457951
2493461006
2629575198
2629313070
2377655082
2377646122
2362969130
2362968314
2354583770
2349349066
2366138570
2399855818
2388299978
3466309834
3466101850
3466110187
3738741992
3741027496
4269445016
4129982088
4147085976
3844113080
3828581048
3962733016
1815236984
1815158824
1815094313
1815096361
1827813674
3970059050
3970091818
3986721546
3986725130
4290020362
4266962954
4266106970
4262371547
4280197565
3172889508
3155821220
3023700640
3027960481
3036223137
2763546529
2779314645
2812913991
2800462151
2792073479
2720775445
2720773493
3794391541
3794653655
3812578207
3812587439
3779026863
3773647791
3769486255
3769498015
3790449871
3781993485
3811352589
3811356733
1663366189
1663458605
1629888365
1629620973
1629690543
1617107630
1625623206
1621433270
1621384658
1621425154
1621425154
1621421059
1626139649
590342400
573470976
573446400
573442352
574557984
578552608
597426977
564069235
562958790
546263494
546099342
818732230
806148342
806148470
806287974
810482406
818867910
814670535
1389359813
1381945989
1377747843
1377223602
1377228194
1926550690
1989965026
2006938818
1973298246
1440621894
1432303398
3579395886
3579411758
4149796206
4158176494
4136154602
3867719643
3868763865
4002981624
1855499560
1849210920
1849264168
1715129384
1715106824
1715347468
641601596
641597740
654246253
649937855
1740100487
1689761415
1690287751
1690155655
1824365191
1824365191
1820180446
3963463678
3829178862
3829195246
3829227887
3828089199
3831759145
3840147768
3840217368
3890554120
3890686728
1738943240
1738934872
1738803963
1705773706
1975262858
1962690442
1971311034
3590238634
3590234542
3573473686
3564889026
3564827138
3572146690
3706381091
3723096867
2682813217
2657696592
2675603776
2675657200
2642172384
2558284128
2566705156
2562584580
3099562260
3103629604
3118313312
3109923696
3138886609
3189152675
3190984610
3191064466
3191063426
4264806290
3994087074
3998543778
4009013218
4009665987
4008346947
4000022851
3995971859
4012679475
4013729063
3980193063
4013386023
3996592423
3996260647
4000516385
4007857457
4007724304
4277219601
4256244179
4105314691
4105319811
3567652227
3568257411
3568294787
2494561937
2493820576
2510595744
2489623264
3022037792
3022299904
4095975681
4095910145
3827474739
3844247842
3844244774
3845294358
3845294342
3979589894
3983583494
3981486390
3981698358
4025729302
3933290590
3933339902
3929407726
3929420014
2855742702
2872388079
2851416685
2829851180
2829863460
2830947844
2830934532
2845614596
3130565397
3126497315
3122298914
3124412514
3191488755
3191475409
3174709392
3091082132
3095280276
3099532020
3099330276
3099329244
3116114639
2679907278
2679955694
2646379758
2642184422
2570946774
2602547270
2601428998
2584669190
2588828678
2585665590
2669285414
2637824038
2632582006
2561278709
3635101428
3634903764
3639093956
3358087876
3376085972
3407538644
3390991635
3390977298
3390440194
3389391106
1241911570
1242309922
1271686178
1217290498
1217057027
1217053504
1218151344
1222149024
1209579424
3357061028
1478010796
1497097612
1513858445
1515894159
2060106959
2061150223
1855559727
1878698287
1845143833
3848965897
3979051849
4013457867
4013470207
4011368879
4013547943
3980321255
3984510311
3836135717
3836201781
3970431749
3987138823
3982912519
4012323846
4012179510
3945005158
3945071022
3949795246
3920170670
3114863294
3114867391
2577940181
2612536901
2344100097
2314739713
2298372097
2294213889
2292116243
2295781923
2295843362
2304100978
2338164290
2329776834
2329715667
2329715681
2614919584
2568785312
2568796564
2567285124
2600905092
2584128389
2584144519
3125210694
4203216406
4204568358
4206673190
3198729250
3194520611
3190391859
3190521859
3207254211
3157942659
4231668611
4101637778
4104851106
2964130466
2964064930
2964074402
2964074374
2439452038
2435212678
3513216391
3513052549
3513051604
3514083412
3530008884
3529936148
3538323204
1391314692
1391248176
1382838563
1378628642
1378492450
1379532834
1379533042
1400504722
284819842
283771522
279671431
15464069
275352197
275352213
275618549
283949861
283945252
283944964
837651460
1936688128
1915654161
1915654177
4130254881
4130271265
4264476705
3190686145
3191800704
3124696752
3145674464
3099340384
3166191136
3165134436
3165150821
3165187782
3030953670
3051925190
2502725374
3073149678
2990460798
2988371214
2988338190
2740872206
2714657823
2714500108
2697514060
2689109212
3779693820
3813248412
3813383820
3779827396
3775919812
3759134389
3759079334
3759140006
3763305638
3780005014
3813592198
1649069254
1644920071
1644719415
1648913702
1649962286
1675197742
1675308846
1675177758
1665739278
1665736222
1665732126
1674137342
1674082030
1636333230
1636325022
1690834566
1682445958
1699225222
1732844471
1724594337
1720396000
1720444976
1720367104
3867851776
4006257664
1833607424
1812640256
1812563541
1812500197
1812503525
1812510949
1812502629
1829473381
1829430381
1829426301
1830436989
1820217581
1751450861
677446827
685849787
685997211
687046043
686914970
686915466
684813963
684813963
701591263
735147773
735147997
728852429
728884989
1811146479
1777596143
1777440510
1808832078
1800451846
1783670023
1779541271
1798567221
1865610533
1836242213
1836238117
1827816741
1760707639
1760773143
1760779351
1777552503
1769168118
1769149846
1750152598
1817256855
1817391765
1827885749
3971171061
3971040981
3968921157
3968921093
3985697301
2945575735
2928926006
2935180550
2922857798
2923381078
2923365230
2927301103
2931626223
2948411613
2898011357
3166446701
3103010029
3094625513
3090351323
3160540363
3111261595
3102947003
3098638011
3098570427
3119574747
3153133275
3128016475
3128014347
3128010507
3128008971
3127943515
3128009065
3128161641
3128117224
3121694568
3138459512
3105044281
3094492969
3102947115
3165730159
3165664638
2628859102
2628850910
2624588934
2620460166
2618428806
2350004103
2370970311
2379358919
2375099077
3484426965
3484430975
3488617087
3488613247
3446674270
3425711422
1278240026
1211168026
1211152138
1209057035
403815179
420649737
993172233
975346953
975670281
707100697
707624987
708624427
706342955
705323051
705323307
717977195
713586283
730398315
734590555
726201931
726266443
726397531
726397802
701093738
701036010
675855834
675921370
676052442
676043258
692820986
709622747
705428171
705331161
705306105
705246697
772288681
776548523
784994735
646583214
629802654
881396366
814484102
277613191
282020677
332364052
307046708
306982196
856450356
822863124
810202901
810190647
818448166
818447846
860394918
843617702
843691942
843757494
927639454
902541726
1019908287
751489197
1011541245
2018403356
2014657560
2016700456
2016536873
1748167215
1769118239
1808961231
1791002575
1791009181
2051056061
2051191692
2063778501
2030229205
2035736165
2104884835
1844772450
1878291810
1811173490
1811169367
1802965189
1769350341
2014718016
942815504
942803472
942737952
955267616
948971040
948974113
965751297
998322689
461447681
465622609
457226211
423671715
423671202
465679778
985838738
985832578
985831618
977508546
1040234706
1040248050
2130867442
2080536050
1950484134
1958938278
1954829990
1954834094
1954866863
1971648157
2005190605
1473236429
1398794716
1400891636
1933564084
1933559988
1933548724
1665119380
573485268
577147077
593920005
593866775
858038306
857792546
857744418
1914715170
1914911010
1919035938
1906707170
4037413538
3501603459
3502128771
3502061187
3569148563
3585663651
3619201955
3623396323
2540228387
3576224007
3576228102
3576261894
3576392998
1969975342
2104217647
2113589325
1845146700
1845206300
1836620072
741910568
741910552
742374408
608149512
608018440
605532217
622252073
555139307
554847723
542198507
550750955
1624492795
1620167243
1622449675
1626645003
1643422475
1635033387
1662296107
1662505003
1662439467
1645663339
1712739817
1735804393
1735869865
1744131513
1744140185
1708619673
1708652505
1708653945
1708522875
1708452123
1708452107
1733814538
1666640186
1651953018
1651852794
1651785950
1651798430
1668755886
1668760494
1677149870
1677018814
1656061598
1653894862
1654451791
1654517533
1671429404
1641938204
1616768012
1612702732
1612641304
1612706936
3759494377
3876865513
3864334251
3864463035
3872851707
3871281913
3871154937
3871154889
3887801033
3837404873
3032165213
3036224381
3036166493
3036162316
3028102412
2491233548
2516521740
2545816092
2545824381
2545906431
2543612846
2547803566
2539144366
2451131614
3524971726
3524979790
3596542990
3613221918
3579667486
3560923406
3562955526
1415476758
1423787574
1423230498
1422196531
1422376209
1472635920
3604979776
3604984000
3596583104
3594223824
3593126064
3744101552
1563043828
1567237860
1576607332
1610090085
1589122614
1589126782
1593320814
1593341182
1585071310
1597660366
1564405198
3695177167
3697143293
3705513837
3700728109
3717509421
3214184751
3080487727
3063777070
3063652143
3084631855
3072048958
3074137630
3074160254
3040502510
3157930734
2757367470
2767785966
2763540718
2897742079
2901940319
2900043853
3101305421
3118081612
3118084692
3118141972
3145470508
2569273645
2552496172
2556697644
2566338668
2564171972
2563238020
3636963460
3716590981
4287017861
3196486543
3198059150
3061613295
3056375534
3056903790
4130795086
3879085839
3845930287
3829140847
3841527022
3837667494
3837668790
3837670786
1958687618
1977361282
1432167298
1465803138
1473659090
1456983091
1454753845
1454692388
1457842212
1457842476
1450097948
3597570332
3598483932
3581706652
3562702732
3573202572
2499459804
2499517164
2490957420
2490951276
3044598396
3070222917
3070145366
3065808102
3069477990
3069496422
3061173302
3057048838
3057577478
3057542662
3057525254
3074306582
3074359798
4118544630
4104914102
4104849566
4104784015
3584698511
3586074767
3623708863
1467770287
1999922159
1999925787
1999860235
1932599835
862990891
846213675
846211371
928000107
876624107
339871882
348260490
344067466
76891082
12075530
11059754
27845163
27960105
132820780
107653404
103458828
237672460
238722060
238715916
237535308
237551836
1311391928
1294619112
1550455533
1554739949
1554608749
1555685899
1555620362
1421403002
1421404266
1425565930
1412983018
1345980634
1345193163
1345192904
272577096
285028920
329183784
848274024
848080584
848075401
1670155194
1674414506
1632016826
3775381434
3808474762
3792736906
3794981514
3862041258
3860996842
3881902634
3852476970
3835957290
3835954218
2964064299
2964084778
3010455563
2452547595
2519394379
3593104587
3593077130
3597533579
3589149631
3568186031
3569234598
3569099430
3569099431
3567052197
3353132453
3323758661
3323828237
3323897869
3611208973
3610160397
3589183278
3584984878
3586033454
3586098670
3724330222
3713851582
3711189135
1561727117
1561732492
1561470892
2098407084
2102597356
2110862044
2110874316
2110906956
2094044940
1020305180
751872556
750823965
1829944847
1829941774
1964216863
1964098095
4111713131
4044833257
3824438505
3803990057
3802978315
3803097098
3803097098
3802573834
3807748362
3799286074
3793585018
3809391338
3775832810
3775915755
3775776381
3763094061
3763163949
3763237677
3763299129
3763167513
3763103000
3771484408
1624099256
1640614328
1674172856
1657461128
1649341832
1657720969
1658765563
1660932142
1642946606
1617715438
1613702286
1613639566
1613635230
619581087
634654367
664018605
797191917
797976365
766521661
765468941
748708109
748724495
748724495
753967365
750828884
1816168852
1812044180
1828886916
1845672836
1845668484
1845931701
1715909350
3872310054
3872342310
3864526886
4130869286
4130021390
4146734094
4100597774
1957301070
1957300941
1957382860
1957186252
1978169880
1986586424
1982390568
1982390568
1920655656
1918558509
1918813503
1901055247
1884177743
1883914703
818610655
818483695
818425961
818421801
810034216
877226296
608955160
608877080
617265688
613386824
1021087176
1012170952
1010073848
1813287080
2081869997
2081846255
4232472294
4236666594
4254540514
4270920386
3738305090
3606446658
3600155442
3600051490
3616827427
3567020065
2497468417
2486847491
2218413314
3493520642
3491426562
3506999650
4085821922
4136342002
4136273347
4137322368
4139294368
4134321568
4131191968
4114373792
4095546528
1947087008
1947082928
1955471761
1954947715
1435902659
3734388291
3606395399
3606321670
2528401958
2528967207
2545728301
2512168713
2512364232
2512093848
2528871080
3061416616
3057156780
2988999917
2989292655
3794562090
3811452970
3761125402
3760597258
1613115146
1618359818
1625048666
1619837930
1619837946
1640817098
1640818122
1615125966
1610991966
1611057471
1615251759
1615264045
1615260957
1640490252
1665656076
1665647965
1648739709
1649198573
1649198567
1649264103
1657722807
1657728919
1649405845
1649278869
1648675285
1644480565
1648811061
1648819221
1649832967
1651926023
578249783
576148775
593448295
600788947
567168963
567238595
566839255
567039479
567045621
567110133
558856437
558717141
558323989
566648087
601249559
601192215
601122615
568190775
567271223
550357783
541969239
541973975
558890391
558757303
558691511
558693543
541941157
550460325
550460149
550435349
550435333
542113287
542926359
538732071
537671463
541871399
1624230247
1707854309
1741543888
1724251584
3871724992
3871584752
4274237920
4274181104
4249039745
4232062595
1950427778
1958881954
1954945954
1888946594
1891371186
1390684290
308749442
305537154
304480387
308297953
308338721
333488420
291541300
291606837
291734333
291933981
291937039
321366814
325958494
309251022
1400262542
1104561038
1089926094
1088742190
3232002862
3231998511
3231999533
3232001599
2162653759
2214480655
2260650767
2258274639
2258340319
2394463467
2394464491
2662900201
2662900680
2663092984
2675684072
2503579368
2503526124
2502640252
2536133436
2523799597
2527867950
2527860782
2532059182
2519480350
2519669854
2200830094
2154693518
2159940238
3231593099
3231462073
3231461032
3227285928
3239889324
3256191420
3593902412
1446165773
1446421263
1446289934
1450480154
3728056890
3709248030
4229869086
4233792046
4174088815
3096037999
3096038954
3095971130
3095946302
4166525998
3644335142
3644392486
3643411539
3697950161
1558855408
1958350576
1423445696
1414295232
1426976449
1159655107
1159646914
1128222290
1127833202
1125721634
1112023587
1116217632
1116217568
1116340368
1133147264
1079666816
1077561472
1076582832
1076853153
1089436578
3253563042
3286525522
3269747254
3265581606
3265569318
2191826990
2460787758
2460789807
2527890477
2523431116
2653454476
2670297480
2637869704
2553996936
3090836200
3107654184
4180159017
4196935977
4196935739
4209603594
4293578958
4260004238
4167742102
4164477607
4162383520
3088706192
3088776112
3166330720
3165261617
2494170371
2515019010
2515018786
2544381986
2527592482
2460615778
2527724674
2276084870
2272815239
2235099207
2218584071
2216622871
2233396797
2543773213
3600695821
3600761349
2661073516
2396840812
2390548333
2369281903
2283346751
2282371598
2349493006
2622090254
3699954794
2642968683
3129512009
3130564696
2612564456
3111682920
3089663592
3089664536
3090913868
3088771788
3155880621
2891901615
2900117182
2916352654
2933264782
3193336222
3201720494
3203916007
3199493223
3203688471
3195283471
2654219279
2654350347
3598064906
3606449466
3518367550
3502192190
3501990463
2426167829
2426200580
2157740852
2216474468
2216468197
3441069761
3473559235
3725266626
1514671842
1518868194
1519333478
1518678118
3670286438
1510220894
1510222926
1241786446
168044618
176437354
176507003
1250425928
1267196168
1233625368
3372320620
3355479660
3355479660
3359681076
2306980372
2575407636
2609027876
3213008741
3196159974
3067446950
3060372118
3057496734
3073242814
4146935470
4146468526
4146206122
4112651434
4108465310
4104272974
4104136718
3567265806
3437242382
3428940062
3433495358
3467017790
3468579334
3468313158
3468247958
3468182439
3462980524
2385011116
3441979788
3425231240
3693715592
3694829672
3694831672
3707676680
3703351304
3718555656
2665851145
2653354763
2653291018
2653291066
2589328042
2593534634
2592547498
2575573930
2290361742
2290363526
2294556806
2286254279
2303064135
2304243975
2337729031
2329410054
2329935382
2325675542
2392766247
2413331813
2413331949
2373484988
2373485196
2671284876
2652484236
2518659720
2518656696
3055463336
3055528873
3055016939
3006749305
2973121033
3022400009
3026597384
3030647064
3031175208
2628530217
2628530218
2359835690
2293762090
2312845354
2304260138
2304265226
3361255626
3365445775
3384320396
3383337916
3412690348
3407711652
3457124772
3724978565
1443277191
1443294086
1447492486
1385098647
1386135989
1387843813
1920786532
1898749972
1882165252
1882095876
1886290228
1895727908
813465892
809255204
809238788
809378572
826156813
841883197
854461999
850201131
850135835
850140938
313270090
313285962
313316826
317494778
317493738
317690218
317624682
1391374655
1392423213
1390256492
3536626540
3595080420
3595077372
1590218492
2139626221
2106137327
4253694638
4236966318
4241419502
3964447982
3977555086
3976506510
4010126734
1862774671
1862514311
1862506135
3875977109
3875959717
3875934637
3813015981
4040032741
1888362853
1888429333
3499961607
3499437319
3570739206
3570886678
3570903318
3589716230
3602816774
3736044359
2662171335
2662040279
2661913318
2657900262
2653697638
2536253158
2485790462
2491031742
2495099054
2495090862
2495099071
2495147148
2158536844
2154334348
2150206980
2167051796
3224019456
3224019456
3224102416
3223899680
3492395808
1361741856
1999276080
2120911041
2129298625
2129297538
2117042370
2049888450
2049863906
4281282786
4247593186
4243333858
4239143662
4238934766
4105768603
4105710216
4103629448
3570952908
3558406860
3510368908
1362785932
1394218636
3541631676
3541828524
3520475309
3515228325
3515027669
3498066181
3230712583
3230724615
3232818710
3232885542
3231951142
3236333606
2217642038
2218691655
3309209029
3319435973
3352867525
3336348389
3592200869
3594428855
3593388167
3593454727
3593389238
3614364807
3589207175
3589239959
3580650919
3610011119
3593004463
3597395439
4075485183
4088055751
4054439621
4037599893
4041761444
3492360868
1881739949
1898517437
1932334527
1915556031
1928208622
1923481710
1940144190
1889853454
1889838094
1894034702
1885837838
1894160927
4042168893
4058943085
4064188036
2990453380
2989474452
3056386980
3056398436
3068425252
3064324132
3081167108
3030901252
3034964484
3026576919
2758146342
2758580262
2758576230
2775369954
2725171138
2720944835
2989372099
2989437537
2720805413
2733383973
2745967655
2712410158
2695763998
4054722614
4059703398
1897532482
1896547394
1896354818
1896354818
1896496418
1934503715
2005821267
1989067459
4136403586
3532427922
3532165798
4069037742
4069034670
4086024878
4090112750
4090112366
4048170047
3511291981
3495559244
3491365068
1343836412
1343812781
1359533197
1363971215
1405913486
1385138575
1468447951
1468443853
3615927420
3587548524
3578049836
3573871420
3574428500
3222090708
2152347604
2152347556
2178497956
2174430629
3283760519
3266975110
3265921414
3265790390
3265791398
3261912486
3257706414
3257903070
3274618638
1076802822
1076542726
3228286215
3228089623
3228085287
3228089382
3228154918
3496719398
3530196018
2465890322
2996470035
2995361057
2995303712
2991105380
2986914276
2986890228
2987012852
3037344437
4098503333
4102689445
3565895591
3568839047
3589810311
3329824903
3325954183
3323857094
3323280398
3327406350
3352633886
3300811326
2361287230
2361291326
2360951335
2225619685
2225624036
2221425060
2217301396
2217438596
2221567108
2221565060
2229953732
2179658964
2179712244
2154595565
2154597869
2150481407
2150608351
2150542798
2150547398
2154739270
2163185222
2162987750
2154603238
2167186146
2183836338
2183836290
2452271747
2456539793
2456344224
2473098720
2439523681
2439523617
2167088401
2167022851
2167021571
2179670018
2175480882
2175489058
2209074211
2192558097
2193590528
2193590784
2189266512
2185086576
2184991473
2184995511
2204918182
2515300518
2494301350
2498038966
2489653398
3308730502
3340118150
3340118086
3323340806
3329304582
3336579126
3336580150
3332584726
3333883158
3331588406
2256818486
2257446182
2257583398
2257227063
2211088725
2202635220
2169027540
2160634836
2160716796
2160785788
2160777572
2160773476
2160971108
2160893284
2160901236
2169279732
2202834100
2165085588
2148373888
2148515712
2148448912
2416884385
2416884386
2488269474
2538502866
2521706054
2522751494
2658803974
2667057190
2666016870
2667061486
2683855007
2675825801
3743275148
3709712780
3423447500
3691360068
3695617796
3561419013
3562455301
3503734837
3503718437
3503727653
3554063381
4074671109
4074736645
4065952821
4065891365
4077442157
4043895277
4027200444
4027192204
4027253380
3490386612
3502977700
3498648228
3498648228
3231261572
3248165253
3283681669
3286827463
3278706119
1097692631
1097688406
1097692542
1097725310
3245200655
3278750991
3278673695
3270293277
3270375229
3270374781
3270504941
3270488575
3266286047
2209321374
2175767486
2179838638
2162995942
2154607334
2150475382
2150606358
2150278662
2150282758
2154471190
2154544934
2246682151
2280235525
2263388740
2255061716
2255209140
2255147700
2523649696
2506644960
2489875680
2229824609
2221483313
2154439937
2171216643
2204775170
2204767506
2213090338
2209879074
2193097762
2193294418
2193240258
2193232066
2193294467
2193376439
2197609893
2189212069
2189203885
2189269436
2187247516
2204020364
3244271244
3225138844
3225137852
3225068220
3225137853
3493376493
1344839917
1881711855
1881713887
1885985231
1885981391
1886374543
1882086031
1898855055
1932410522
1919890938
854339834
854335722
850141418
854336763
871134683
862778843
862844409
862844265
326104361
326103325
292516103
1097822470
1097691446
1081028646
1089417254
1085222974
11472910
11408398
11410447
11406607
11275053
1080830509
1076656729
1076682699
1093638027
1127122826
1110344074
1123008926
1118687726
1118626286
1118593326
1101881646
1085223214
1085210918
1089275183
1076705581
1076853716
3224304580
3257842564
1110358916
1110349700
1110410116
1110213620
1122800108
1118609516
1118347375
1386782822
1390978086
1378401318
1378520102
1378520070
1378527238
304801798
858478598
841636118
845830695
334121509
329976353
300484865
275523585
1076635649
3086609
15601187
11406883
11472418
12518930
10237634
9184898
4734595
712579
1744769
1810305
1678737
1091091857
1124640177
34189745
38507473
63541809
26796583
9970213
9974317
16455212
276445992
289024297
1395276057
1378539785
308844873
317228491
854360458
913281418
914272666
1042063786
2114757034
2114764974
2114846894
2131636438
2110402623
2093621293
2023235880
2025333544
1555637784
1557682712
2094578264
2096671432
2096675720
2092546441
4104686218
4037838506
4033712874
4029583978
4079923738
2989384478
2989105198
3056214054
3060400162
2531917843
2527736001
3601473937
3600360352
3616019104
3347841668
3314303876
1145344444
1141350908
1275503885
1276553486
1278650638
1546955046
1546955054
1597815086
2118028622
1987741582
1995080591
921367468
926819236
859775396
859054500
825500068
856957420
869400879
848503102
1938843406
1940974350
1404087050
1404341066
1404865498
1402833802
1401606026
3616457354
3617518234
2543772335
2548425455
2535781167
2669971239
2669720871
2673911093
2678302005
2678301953
2649072896
2641809908
2637614500
2638138788
3172891060
4246632884
3743316912
3743381888
3745326272
3744931840
3748069376
1566912532
1558655293
1554395711
3701880379
3701804586
3702811178
3707566634
3699178235
3694696139
3694695113
3698885321
1559986905
1559929705
1434101097
3581848683
4152337643
4284458155
4263441563
4263395467
3745383563
3711307662
1428557566
1441144558
2007248622
2007246762
1990467994
1990275514
1453461931
519123369
525345789
487596300
487842056
355717432
337936680
337937721
342208282
338145050
473939466
1564379978
1333693322
1325042058
3468396986
3468270058
3467222522
3467354954
3467371338
2410341247
2411619180
2415798124
2407349548
2403141924
2369587492
2352815412
2354914572
2359107853
2359284063
2359132654
2375849454
2409137390
2390265070
2386138254
2390402255
2386206925
2671419612
2637857260
2621093885
2621091581
3023743741
3023760109
3023764189
3023619789
3040404172
3078353916
3078308317
3069771807
3069715503
2548574254
2548574254
2544450862
2544518974
2544517902
2515026702
2506670863
2507907365
2507777060
2507713572
3577277732
3577275764
3577410500
2486879940
2485831365
2498744165
3035494695
3036477735
3053251429
2994532293
3003021252
3002733444
2465857936
2532905120
2524450976
2541232288
2491089315
2499420550
2495226758
3568837030
3567007206
3319530518
3306474502
3306605574
3306597638
3306335493
3306334468
3608386324
3607333380
2537799236
2546118213
2541926087
2542175943
2547812071
3078128615
3057181157
3057276341
3074307460
3078501764
3052289461
3036429478
3036423334
3027510454
2759287990
3027759606
3035792342
4258300486
3989873158
4283475463
3205691927
3205650999
3205651246
3207993390
3219393582
3198943278
3198812175
3215593551
2646221263
2646155751
2562211175
2558011686
2352482614
2369391879
2402952967
3480888071
3472491277
3468296669
3468362221
3468182956
3468225705
3484986793
3453529595
3445276155
3289028475
3289023259
3289023245
3290341901
1545527836
1566270268
3755673404
3755609372
3747248444
3474610540
3474938348
2403102668
2406809544
2677375624
3751195321
2642780843
2676269742
2676269742
2680988078
2672596398
2668465326
2535034102
2501621974
2501622999
2484778311
3021645317
3027943940
3052982804
2514018820
2505598837
2539224421
2539343079
3076213990
3086699766
3086668950
3086677382
3053121926
2516308358
2507764663
2503570422
2503963622
3611242870
3615437078
4134364446
4142789950
4138597439
4156405823
4156340541
4158438749
4150234444
4145980236
4145976076
4148085004
4148117816
4147982377
4114424111
4114558314
4101967338
1962872234
1958283194
1958286218
1421349770
1421345675
1421530057
1425646904
1417195308
1412999980
1428794140
1462419228
1445889869
1379828685
1916715983
1915667423
1936639471
1911481645
1638491437
1625826607
1618485567
1614291327
1628963307
588775851
587727275
554176927
558380429
566828477
562761133
562628013
831271367
832332103
836100367
829587726
863147278
861059854
861059854
823241022
286304298
285273130
290615306
299253775
29819151
30146925
63451629
46673901
46664388
42719940
42655428
113950341
1188734599
1182503815
1160286615
1143513526
1144759222
1144689398
1425774326
1419492071
1419295463
4103646181
4124618213
4149784053
3055136980
3055268244
3055268756
3071931125
3038279407
3025682158
3025673854
3046772270
3080324390
3065517094
2528915478
2663211014
2680022085
2650664132
3711805636
4231432388
4164323524
4162238916
2019489604
2036327221
2035573541
2031886629
2031886637
2015113512
2014056744
2018066216
2022320745
2022587130
2023627402
1488591498
1504184970
1273497498
1256719290
1256862650
1252663786
3467256298
3467207146
3483951595
3383271932
3367547352
3640236520
3694758188
1547405628
1547352092
1564126220
1597677580
2117787660
2115662092
2115634684
2119830444
1045965484
936913581
937048717
899292047
899023759
345179037
344011197
365965741
357589421
357622253
355508521
358646553
283226905
283377433
283630361
283625785
284084521
275708185
288312585
288933129
54444299
37667147
41861595
39666155
38539755
38539754
38679482
21901242
13511578
13003658
9890702
9948574
11834798
11837871
62169484
41329036
37135244
35042709
1176411559
1176276454
1180493094
1199333678
1191072014
1185833226
1202709306
1168749355
1437122345
1555606312
1557707528
1549502792
1566280008
1562085704
1595622856
1595544009
1545208203
473563530
1010434490
1016795567
1016603053
2089345468
2089337740
1552459404
1559989820
1600829964
1458219788
1458219277
1458473239
1450019895
1449959478
1983819806
1981710558
1998487718
1879998630
4027547862
3758724294
3763049782
3771705126
3772624421
3789356581
3814477343
3793688078
3793629759
3793564463
3814457642
3763077162
4106948666
4102697051
1955216840
1955089400
1955383976
1959565960
1951185800
1683794824
1725861256
1862181257
4001276313
3995509213
3995525485
4263993709
3995542317
3979748133
1819751909
1823804901
1823935895
1823870343
1823886726
1838665094
4023709574
3998527430
4262702918
4262698262
4262514214
4262487598
4262470190
4258673194
4254994990
4240048678
4122493223
4121444389
4121478172
4117359628
3576359948
3609914380
3576360012
1362783309
1396332783
1400391790
1386024302
1386100046
1386165518
3532468238
3532402702
3268374606
3528352958
3578389678
3561545647
3565850253
3565862540
3565852300
3566773932
3562840748
3560756140
3559674860
4113458157
4146996075
4147012458
4160713514
4156413723
1975319371
1958521545
1954396873
1949272665
1882097945
1882164235
1613022219
1617190939
1617387551
556163135
589717807
1713791269
1719066725
1725419731
2005254339
2005173491
2009396322
1984218386
1913544966
1443767047
1443766807
1457399333
1438522981
1421216343
1353059015
1352993479
1085024759
1136454911
1388093663
1388097743
1383760031
1379565719
1377468822
1360765430
1342743014
1342747942
1879611174
4031285030
4040073014
4036930851
4053773600
4087328016
4074683716
4062107588
4062070724
4061529973
4063561062
4063501670
4067703278
4059311598
4103415198
3566678414
3565490574
3565491078
3565540277
2224337828
2226436076
2351204892
2401675788
2653334029
2653334030
2653858574
3194923310
3204037934
3195634730
2944106538
2910359834
2906161418
2906161450
2906383723
2904227179
2908421487
2908446203
2907266521
2915786232
4006304232
4006304636
3998816604
3998816332
4263056468
4263194740
4262011120
2114461892
2097820100
2093626053
1553605317
1553600197
1555761860
1555651284
1555626724
1483271149
1529408973
1512797391
1261045198
1529480526
1495949150
418021166
950726446
1000908590
2058920247
2058919941
2063110340
1043898532
1043898528
909697184
907616416
857356704
857356960
869927569
865995393
850864769
311700993
314320405
314319669
317464893
309121341
