1450098114
1451158994
1467874786
2004713395
2002739123
2002736533
2011121045
1994212789
1987851687
1987846582
1987387830
1987474326
2012632062
2011514734
1973735214
1973742383
2011474239
1994897693
1986443549
1986501917
1982198813
1982328861
1983311997
2000089325
1966534877
1949716933
4096150980
4100410213
4104477223
4104419878
4105464358
4109397518
4109459982
4109550094
4104307254
4104246054
3031487845
3035679972
3025165700
4110443908
4144177540
4127334828
4131532973
4139909279
4086432958
4086566062
4088684014
3554994510
1382345994
1382407439
1382536205
1378800653
1378776141
1395074301
1395073197
1361458109
1399194333
1403406045
1403340509
1403287165
1407510383
1382344047
1399305727
1432786910
1978045774
1978041630
1978961198
4125404206
2011474990
2003156031
1986450463
1982223711
4129640957
4146541245
4117115565
1962283757
1962348405
1962155268
1961651460
1953262860
1953260828
1953329948
1953419805
1953403421
4101947919
4110405214
3707030126
3707034478
3757362478
3740726318
3740688398
3730190350
3730255902
3738530942
3720735975
3704092837
3704019092
3695626372
3695611264
3691415488
3642078016
3742491408
3742589713
3749077555
3723887138
3718054434
3701240418
3701269474
3721199074
3675031795
3658004545
3725175873
3726287937
3726287169
1581171139
1597899138
1412366774
1416565158
3568113063
3569106351
3703319983
3703320511
3707514831
1558998861
1416101645
1432866573
1382403357
1382415637
1382511893
1382502717
1919402477
1919398895
1920459695
1919410655
1915015547
1915011371
1881523499
1886322443
1886317323
1886353947
1885678091
1885617675
1891370955
1354498489
1354498473
1354498216
1358696696
1077874712
1077817368
4072732
8267053
12395837
10297607
10293511
14614791
4915463
4849943
22697302
89879894
98269010
100366162
100226898
100226930
99186034
95121778
95121778
95113586
95113586
1168855410
1168724322
1172951395
1173213553
1164824944
1164834160
86898032
87031152
87031120
87031120
91225553
91092432
91091408
91091408
91091408
225440240
91222512
87028144
87012784
221230481
254785425
254653329
258323345
266711953
245741489
245741552
262518640
266724720
258072880
253878320
253878384
254013520
255054293
242471383
250868694
250845174
175224830
170960766
238073214
238138651
238138651
238138683
259306811
527742331
527807995
1062712795
1062641626
777232378
777096443
777034859
773174313
773304376
639086648
639082536
641130536
641130537
657866987
628031914
569185962
568918714
568922778
552153738
547959434
549009115
815349275
815278601
1889020429
1419274765
1419505157
1423620037
1425965445
1417511301
1429176711
1445892245
1445638549
1982509489
4129929185
4134053477
4142458405
4142460709
4134038885
4134022645
4147848437
4152235445
4127064503
4106093495
4103541694
4105515678
4105447326
4109641630
3564912126
1428958718
1428450398
1432640523
1432831003
1415991325
1424437533
1558671636
1558569524
1559619108
1551148581
1549057591
1549187847
1568585990
3732835650
3732835394
3598550482
3593044439
2653549013
2653545445
2658886501
2684052325
2646308711
2644203383
2644072439
2646136823
2646398951
2507961775
2503759293
2503824797
2636019101
2669028788
2673223093
3747034517
3755294039
3746835734
3681822998
3681824054
3388947734
2313827606
2376732950
2376745239
2376646967
3451425661
3451429532
3717770940
3750345388
3604585389
3591997613
3594094765
3527068845
3510517957
1346248709
1412833281
1417028896
1417035297
483863089
483731987
484260370
249437762
251529154
247447938
246382994
247304626
1323082147
1590470049
1582083489
1598929333
1464318357
1464253845
1447466951
1448527683
1396097811
1094087475
1080369939
1348822785
1348893969
1348914451
1348897043
1348897027
1424399619
1441240515
1457816003
1449427345
1449623985
3597136096
3597005024
3614729441
3581158497
3564580129
3707648293
3724500775
3740098071
3739971079
3739907655
3739960007
3735634679
3752359911
3706217959
3698877922
3694667218
3694735698
1547251986
1547384594
1551515394
1593720323
385752899
377162563
375983571
375983265
385363105
318254245
855123181
922279960
930643976
824938552
824877113
825925997
809210351
811173295
1883869094
1892518838
1355778998
1355717558
1909365655
4057901959
4060000149
4160615893
4093482453
4068316469
4135441725
4133868607
4129682495
4130201662
4130304062
4113502494
4096725534
4096407070
4101652014
4107800106
4103620266
4119348619
3599455628
3600438668
3600438668
3606730124
3527095724
3275236781
3241747967
3225300430
3229235654
3229223234
3237697810
3237697810
3233339186
3233411842
3249185601
3265954240
3337343472
3328819680
1177358496
1177497776
1160658416
1076771684
1358375716
1358183212
1358195229
1358227982
1399098890
3526656522
1379304138
3594424990
3594490542
4143485615
4137190317
3600335788
3617085357
3613276071
3611174374
3576048866
3576061170
3563515074
3572934850
4105414723
2089920577
4260804672
4151745536
4129719296
4129456144
4129456161
4129542177
4129316963
4146078055
4117836518
3838969519
3834842815
4103150335
3031702237
3048504269
3052699597
3044994381
2541675789
2541668125
2508047165
2508059949
2490197295
2490131767
2624414775
2633970742
2650674455
2648573303
2682193783
2682082293
2547905525
2543712212
2543630228
2512170389
2516106677
3044576679
3040380326
3040449974
3074139094
3074351814
3057541718
3056480886
3056546614
3077509415
3052212271
3047949375
3048018973
4121900047
3589237775
3623709983
3615354143
3615358239
3581795615
3581922591
3590313757
3590321949
3623736189
3596456317
3596472701
3596611965
3596611965
3596613111
3596612839
3579827439
4102018303
4102018527
4102026711
4101996535
4101865191
4110237415
4043128535
4034737735
4034737671
1899828743
1933382423
1920807223
1920282677
1928818741
1941426229
1402784796
1372370972
1405913596
1380747964
3528363660
3536770701
3536769669
3536778135
3583959974
3573506470
3573360022
3563988162
3291356354
3290891478
3563418870
3588548087
3602245109
3602225108
4143290332
4134837596
4135370524
4147947069
4148012605
4146893371
4146893371
4130140731
3861771055
2804806703
2808992815
2783956015
3841379343
3975605262
4250297358
4246089750
2098663462
2099056946
2099196210
4234089254
4242346854
3703388774
3703192262
3585739462
3602516614
3333970566
3334272646
3333989286
3602424236
3602686380
3531383212
3493695908
3493757268
4029580032
4029592320
1881990948
1881991716
1617750564
1617873636
1651133060
1652230789
1647970183
1647968398
1920925870
1923875054
4071363630
1923881018
1911302154
1953311498
1424890410
1420693039
1555564093
1555826205
1488204605
1488314660
1479778660
1494323684
1526759812
1509990789
1509994372
2051115925
2118228885
2135136917
4014185367
3854736279
3855793623
3858138598
2741883239
4079874423
3811538391
3811516373
3794738917
3794218661
3807317733
3802990069
3802927175
4071436294
4088340486
1903042566
1345200150
1345262383
1349452331
1357840953
817630728
1354512904
1354566456
1354721576
1371339064
1356644121
1348241355
1342997387
1347191738
1347261114
1414107818
3561722542
3557462694
3557470898
3562727362
3707494867
3585667569
3619221860
3605656404
3597627980
3593343564
3593340493
3593408059
3593279786
3614193706
3589023786
3573295194
3572460618
3568025806
3568927119
3585774493
3586044605
3619599029
4154368933
4150044133
4145850405
4145850407
4145871911
4147442727
4147455215
4148048109
4152231341
4124444333
4124509885
4107736717
4040631941
4036437701
4038534725
3504619061
1357135653
1365517623
1365579031
1400229974
1937166550
1943441654
4090990838
4090795262
4089746910
3797261647
3793657613
3793665549
3795762716
3795562077
3794402925
2720538349
2787653353
2804487916
3010266492
3018654780
3014460476
2980906044
3501145180
3501075588
3501139076
3501138311
3232547750
3236725158
3492577702
3492053174
1344778454
1881645062
1881383942
1881254918
1898031117
1931647005
1914886461
4129483581
4129705535
4142150207
4138037806
4138554170
4139536666
4156314746
4126955774
3558762718
3558799502
3558792654
1948178383
1952433101
1887289948
1885139556
1901896228
1935192868
1918419253
1918423301
1914200085
1981743117
1983774991
2000555293
1978542893
1961720361
1974295129
1974328009
2007800457
1996261257
1996259736
1985786041
1981669625
1595891817
1564352813
1568538927
1543454510
1507666734
1503472422
1536961319
3654889239
3369805063
3361354503
3371877126
3367731974
3366487014
3366494886
3634930598
3651778470
3652959655
2575015333
2637859237
2618984581
2619013253
2484758661
2485005718
3028160454
3035039478
3521979110
3555537494
3551343382
3551277342
3282841721
3282841608
3232506888
3232507960
1089211176
1081887288
1147534088
1143319309
1147255055
1164086542
1197900038
1181131030
103784754
237867314
237928723
237928705
237928528
238716000
1585160288
1585029216
1581097296
1578992448
1444659793
1444532963
1427662502
1409822382
1414015662
1960323774
4036499854
4036577422
1354434702
1354439822
1353192590
1353187503
1441726639
1441734831
1441538213
1467752869
1467752935
358351655
492306966
209277718
216592130
216574722
212380418
212380466
145337138
1224384323
1297778563
1331335041
1331332993
1314561921
1316933505
1316999059
3464462723
3464266147
3623649511
3572277358
3572359230
3706254383
3706254637
3697835817
3697815064
3693690456
3693821688
4285404904
4268099560
4276306392
2128662985
1592844617
1592828680
1601218328
1544593208
1412603180
1412623404
1417079845
1417040967
1417560262
1417544070
1434321286
1451100054
1458442198
1324157782
1319910166
1319381798
1324101422
1320953134
1320947994
1337741579
1337897272
1253421544
1257546156
1511031228
1510059412
1510058132
3657541780
4261521556
4261656788
4278360133
4245879567
4235352590
3034975806
3034920494
3571720814
3571720878
3706462638
3706466470
3568042151
1420034260
1420099596
1147415564
69478664
69577480
86420232
103197448
103202568
505840392
509903816
510431656
511488424
511489448
526368168
1063173545
2111745417
2110694795
2110694798
2110562734
2135729134
2119016990
2119151894
2120135030
1981722742
1981739238
1981694118
1914634415
1897797535
1881026191
1887308431
1894713994
1890323162
4054350650
4054379578
4054363198
4037719070
4042174479
4050563343
4050629197
3782054637
3878585069
2788090469
2789200500
2804708980
2804686629
2771135781
2758741045
2767062029
3031307277
3031306253
3030855695
3047634191
3086313263
3086315311
3203755806
2683662111
2684189983
2516409695
2516536671
2541702493
2524837213
2524803901
3598676797
3598676789
3598705429
3598115093
3581400373
3564477751
4101412935
4100360390
4100950430
4102016414
4102014358
4114203014
4114170262
4147671463
4151861679
4126941669
4122813812
4122948885
4257166597
4125963269
3589022743
3580109878
3580702782
3623489854
1476003134
1457129343
1457067741
1591230365
1582854041
1465444249
1427813769
1415231371
1422885770
1422689178
1422181307
1422181116
1430766316
1560703596
1561683496
3713363480
1440111385
1442236699
1442302270
1425528926
1559689422
3696612558
3713286270
3607912494
1443701294
1448747758
1926902446
1926958749
1943538308
1943542452
1905801388
1373141164
1373172889
1432924170
1948823566
1948815390
1948820782
1885912870
1907071522
2007730739
4138305040
4142563840
3194651588
3190481364
3207225572
3158009060
3027986540
3034278191
3030083886
2694540122
2717408074
2750963546
2742600042
3815358826
3815362683
3782857017
3776475672
1627930120
1627929116
587864620
571091820
1649093740
1657348268
1653088445
1669951629
1670115725
1636336269
1619821196
1619826316
3767310988
4107049676
3053238861
3043932719
3077500526
3072729646
3077964350
3212259902
3218412074
3214148410
3213893946
3046187067
3583050809
3721399320
3696241672
3692309512
1547121672
1547125768
1567998281
1609335259
1592557978
1592562107
1584378043
528462011
524280251
490628059
490615385
490680857
490680889
1031746347
1038032939
1037902891
1037837371
1037837323
1037828107
494665995
359514395
393201499
393058265
393060345
124567481
107781561
1189911993
1185256889
1202033081
1202041275
1203220923
1201058731
3318129323
3309757163
3309724266
2232313630
2367503646
3445106974
3445173518
3445173530
3453558074
3449361786
3449541018
3382347161
3415836088
3690497448
3661399464
3661405576
3391071692
3659441933
3663654719
3682479918
3648929574
3632137510
2290025782
2566848822
2560229750
3634095607
3700993669
3431509636
3452472964
3473444500
3457064660
3458137812
3458133268
2252237884
2250185004
2250049836
2249997596
2211190029
2156282633
2157335499
2157855115
2159920570
2159860142
2164045998
2154596526
2436143278
2453056655
3526795407
3524698511
3524715333
3524547109
1372852773
1358181926
1089875746
3237358882
3229493282
3296599074
3302901762
3298610242
3297551554
1183810689
1456377216
1447468416
1444319104
1444121520
1443929504
1442884832
1980014816
4127514848
4127711476
4128727156
4145418292
3510501692
3496870429
1357585949
1353267743
1353529886
1353529982
3500948222
3500960506
3502034138
3338568906
3329134798
3324944463
3324944717
3325854588
3592206316
3596398572
3603930092
3599666172
3600714748
3600717789
3607015885
2524557597
2671284517
2619920421
2620095781
2620025105
2624219907
3165276946
3165276946
3186249026
3202924866
3202924658
3198783586
3198918882
3199770854
3220758783
3157845213
3158069149
3158182573
3158182639
3157133934
3052276270
3081521695
2796350735
2796071949
2930424844
2931471372
3195711492
4281970740
4282183716
4097576992
4097704225
1949705059
1681269347
1693909602
1955922546
1955923923
2090273222
1572215238
1588996294
1321191878
1325255126
1325201558
1324905630
1320710334
1320702378
3736850858
3720016555
3568870056
3573064380
3573057212
3564680956
3564677116
4097353068
4047088700
4047149116
4047153212
4080724269
4068145709
4068396591
4066330159
3537831703
3553428743
3503047683
3503062067
3504270369
3562989873
3565088016
3577644816
3609166336
3592393408
3527062144
3543855744
3510259329
3509193379
4050127522
4058528162
4093126822
4093127846
4093256846
4093255822
4057538782
4057522303
4059602969
4059600136
1945673484
1911069212
1885903380
4109081108
4109277765
4109278947
4242972642
3177621474
3190982082
3190981698
3190992899
4266696705
4268793873
4000636977
3912655140
3896406316
3896115497
3900376121
3908598825
3903350827
3957876779
3941103739
4209724234
4209625674
2078919178
2020146698
2016994574
4164739094
4164874294
4236149042
4255023715
4271801040
4271826560
4269801344
4130949504
3593144528
3609921760
3026730144
3030918560
3166249379
4239925686
4237829046
3717736382
3750243006
3737717374
1330317886
1295587850
1277703691
1546134024
472392200
472658440
471622152
487386872
1027910328
1036368824
1070046104
1069980040
893747592
877428936
1946976264
1948094744
1948099368
1948102184
1965009448
2002700845
1994002175
3606708879
3606971279
3602723007
3550946478
3550880958
3546422414
3543293070
3526423722
3538985194
3534791114
3601899786
3622090538
3575971370
3559807530
3693742654
3697942046
3723040062
1508577598
1508507678
1542062110
1241124926
1505256765
1488498140
1492691356
2016971708
4164455064
4179135112
3944266376
3926634136
2857021116
2924127933
2919936749
2920919789
2920858221
3191342439
3194553382
3211396134
3186229298
3182039090
2628399126
2632593414
2632592398
3567921486
3299543535
3316193453
3316123788
3353873548
3345498508
3346568072
3346572200
1199088616
1163700072
3344744233
3344730927
3336538894
3336484110
3327583502
2249631006
2652217646
2655945006
2660153118
2661134879
2677318172
2627510812
2623439388
2621407752
2621032152
2621004264
3174627500
3174680748
3212495037
3204119693
3204112525
3204096460
3195712332
3212485436
3212551716
2909384228
2892622372
2766796324
2766750255
2699756062
2691236378
2686980714
2687251050
2771127658
3039565946
4117502041
4155250777
4155447512
3602783432
1453203593
1452138635
1183678634
1183748270
1447997614
1460576686
1561241310
1544990286
1544990222
343248654
401919274
309650474
305422378
305406187
322699435
287179947
274599353
274606987
282995343
278289039
280217230
296780430
1403028062
1923129646
1927323947
4066418985
4150305577
4108362280
3567432248
3568497208
3572911672
3572779561
2491173675
2541516845
2533320749
2533255172
2524845060
3594387460
3476881428
3443273760
3430883620
3435016724
3435033103
3300805230
3300444910
3346566118
3342371046
3274348742
1093334214
1093202118
1348998030
1357525694
1080697518
3278514854
3257612966
3257469586
1114180482
1123815815
1119367351
1118335215
1118359594
1084923950
1084859686
1076406562
1076398370
3223894290
3225004290
3222972674
3503982338
3554312962
3531244290
3527295490
3526296067
3262055217
3534692132
3518769444
3506186532
3495442780
3491248588
3491461516
3512394124
3535455117
3602547599
3332027038
3336282854
3322455782
3322713830
3591144102
3591144070
2538512823
2542706853
2508890276
2492114132
2496247109
2484641285
2486762015
2485906046
2536172142
2523552238
3605530862
3606580414
3606578334
3726311566
3728355471
3728351485
1567237100
1554915844
1554924036
1554571780
1550361116
1546166844
1547478572
1547495980
1545399020
1549560236
1553930415
1572735166
3736997006
3466986638
3462791262
3459133758
3458949438
3459834142
3489178382
3451626262
3434783495
3635982868
2561192492
2565375596
3089665644
3107491564
3174731436
4282043804
4248468636
4248517821
3979885743
3829083323
3829018025
3858398888
3887910584
1721022152
1721017932
1725211404
1984995596
4061376559
4061303846
4130522150
4130753574
4131261558
4135455702
4286188230
2642020946
2633710098
2628332051
2628529665
2360091904
2360090896
2292711728
2293764400
2342003568
2325442208
2396527520
2379745697
2362968227
3428582562
3426549922
3423994002
1276265602
1276271682
1276307714
204663042
238201090
237414722
510564802
519733633
1593475968
1591247776
1584956000
1512613408
1529408288
1529506564
1542334724
1504591140
1505166631
2042040678
2109146086
1559233518
1546650042
1546650010
1546898826
470870410
1006692746
1006733705
1027774857
1069725769
1072872459
1072077854
1071953198
2137895230
2133766415
2116988935
2118029351
2115940645
2120201573
2119153396
2118844037
2118835845
4132036261
4131970469
4149869729
4116368561
3766154435
1617683778
1613755970
1613747714
1617348386
1667748898
1650818098
1919187970
1916025858
1916087318
1630485798
1643003430
1638288934
4154936863
4137971212
4139017740
4277415180
4264830012
3725860924
4229824588
4236116168
4240049064
2092504744
2092437160
1554524840
1551395496
1547238041
1277750991
1277751119
1546298637
1550492716
1416270908
1433306116
1475257348
1455268869
1455338775
1453229526
1453049254
1448625574
1444433318
1444482470
1444554126
1983521166
909844934
359276815
1424634125
1420494616
1152125480
1152203321
1152133690
1153231418
3298617898
1167894042
1469620490
1201373434
1201307818
3352993962
3608780969
3726156940
2115546252
2115870088
1846447784
1712228904
1742441256
1704503560
1706600456
1831577608
1831513100
3979076652
3978974252
3978953836
3984196844
3967683693
3984525645
4277615127
4139723303
3737061927
3737062966
3736933958
3669505606
1255679686
1243143158
1226492310
1211812231
1278921605
204393093
472891012
1550689956
2094835364
2094313132
1824829100
1841601260
1834333740
1836560940
1701290508
3848778249
3832975626
3833040938
3828713514
3828664362
3979757610
3979749434
3946195258
3933608458
3931374090
3933995530
3937927706
3953787754
3148485098
3114800362
3149423755
3684229257
3671629964
3687424140
3684344236
3722098092
3697199532
3695102380
3694545844
3692440501
3709218501
3746964431
3755419406
3738963230
3738971438
3755551022
2579122478
2579136063
2562314767
2562232843
2314764923
2335761131
2318951083
2318952106
2323181034
2595862766
2594937070
2611644655
3148515341
3152717837
3144325388
2607451396
3127555092
3123437684
3139969253
4163371237
4163502501
4231926445
1828074152
1821836968
1821641384
764680840
1045703560
1041525128
907323784
907325833
643072905
659587529
628195800
544374888
544385064
544319528
556902440
556984632
590756105
1664487946
1667629594
1672348202
1638679082
1639768622
1641852430
1662822990
1644989135
1645185790
1649052014
1653247022
1653297198
1720197134
1717051470
1947869438
1952063978
1962550186
1958349483
2092501692
2092489420
1558751820
1546169092
1563012356
1597678852
1195037444
1165624868
1429868064
1144655585
1148853907
1148854162
1291652498
1291138194
1205145746
1188311170
1184637122
1184424306
1186505570
1185461219
1185452516
1185454572
1189652972
1177061492
1126926356
1093318656
1076538368
1076536320
3047425
7241729
11436049
15654928
73917457
86264912
104089840
102025632
1187302049
1452134049
1451934337
1591390913
1585033937
1579786993
1583981845
1567139847
1550354462
1546254382
1546217574
1412114662
1412310198
1417544578
1962279554
1956598434
1956508322
4103927474
4103909075
3588009539
3604921923
3596459859
2518474529
2518449441
2501405984
3021565216
3025818932
3034203956
3030041396
3214471444
3214467333
2677596183
2683862246
2675443878
2637695142
2637826478
3577363870
3577361294
3577357199
1969103759
1977443215
1440539119
1440523615
1442098189
1568061709
1467386127
1462143759
1446418959
1446485526
1580553750
1578447670
3743297830
3747483762
3716022514
3455976626
3438943619
3366600131
3367730881
3367630577
3652756065
3684214627
2593697058
2597891878
2585298214
2585363494
2585427990
2585456646
3659194382
4183548989
4170907436
4170893948
3097152204
3094907592
3172506312
2937633496
2937629420
2903027436
2890573804
2891887452
2891875149
2891891551
2887631358
2906415342
2923179182
2923169959
2926450879
2934843551
2947430607
3182312783
3165336847
2628264718
2495095582
2495095630
2492998622
2224562606
3231194286
3247982766
3545811087
3541616783
3542063247
1394522127
1394517006
1396613134
1933422654
1916772414
1918410862
1917354222
1942536366
4052336813
4035629996
4102727340
4103794412
4109957724
4100516364
3560761869
3611224590
3594447118
3598617614
3592273982
3596406838
3596152886
3730366518
3751469345
3703231072
2628437632
2632664704
2624145024
2619956912
2619895456
2619943584
2640980721
2506759873
2515207747
2516059923
2511890213
2511921509
2509825381
2514015573
2534983109
2518263765
3591104453
3591042503
3591034311
3595224278
3537880310
3017653479
3051204077
3042951004
3025833548
3025896972
3042481724
3042484780
3044598316
3044667948
3044569965
3044897774
3043951086
3043952110
2775534782
2783927518
3053451486
3053316174
3051219023
3042830669
3076517644
3076453916
3076506172
3078472252
3078476349
3086967341
3070042925
3059482727
3059221623
3059227895
3059301623
3076209847
4099553430
3571329414
3701353350
3701344966
3704884854
3705421590
3445368086
3453756678
3483132183
3466387764
3466363756
3465316332
3394023396
3658268580
3657797360
3674705472
3628576256
3637947905
3640049170
2553731618
2552695330
2553088802
3090090275
3106868272
3187610736
3118231872
3114033600
3146539973
3666801622
3666312614
3737389222
3729000614
3725854886
3743353014
3558738062
3562675598
3432654222
3432658846
2358783983
2379803951
2390289461
2398665749
2259268628
2259259412
2259390708
2208989348
2477428900
2422767788
2418639276
2418717357
4030643897
4029590201
4029590041
4028934669
4028951053
1881470221
1898401805
1902514205
1969619005
2003173433
2146304057
2147366203
2141071930
1604258362
1604061818
1610353370
1576815242
1601750922
1610322315
1589219723
1589351321
4273910697
4276003753
4275873773
4148998013
2802826572
2802752860
2802749244
2802747189
2802829109
2802742135
2770215910
2910724582
2917925350
2896953582
2896953582
3182181630
3182192861
3183241677
3212635085
3206409165
2669586381
2671702991
2541667279
2506965503
2515343343
2498707309
2498702188
2499754860
2499615508
2516400901
2279354119
2278893334
2262241574
2190803238
2190807094
2190938230
2192851110
2209661094
2213339541
2213315468
2171372172
2221511304
2217464473
2351583787
2351570474
3425396778
3295242282
3303565371
1424517192
1411964296
1547207304
1562215048
1595909000
1594794168
1594795179
2144251070
2005842126
1470020942
1471987487
1475138111
1466647101
1466585916
1466847532
1466827812
1433142372
1433144516
1417637060
1430250693
1430177229
1434371023
1474286287
1476191870
1476257662
1459420990
1458371886
1466752299
1433388331
1433322875
1433060809
1416328521
1417176543
1417159133
1434198397
1442783596
1207828792
1190002968
1458524440
1458427192
3605314872
3534007096
4070877497
4154568650
4122064586
4096886410
1949541034
1882452666
1881355002
1881617386
1885675882
1889796139
1621963784
1890395144
1890395144
1902994696
1920984841
1920918089
1918861897
1927251545
1927260120
4091524984
4032673080
4032083256
4032082232
4099207480
3025531688
3034051112
3029783083
4120835818
4124862186
4101777150
4097588734
3559394478
3559525542
3563988134
1416504454
1416503430
1476272263
1458971078
1456891330
1188484354
1207422226
1173724210
1156901922
1425337635
1416951139
1414854115
1427634099
1583249298
1583235970
1591624578
1593656146
1526493986
1526523174
1593631783
1593633837
2053680188
2049686540
2050657357
2050659789
2067445727
2038150910
2044302078
2094592574
2086171454
2081956142
1952392558
1971195374
1979322367
2008681405
1455033228
1454919564
1459115404
3597197532
3324567900
3341541660
3341509436
3308852012
3321578028
3315221301
3315495229
3315430703
3298589806
3304909934
3292326398
3292240350
3560611790
3560609742
3577320782
3581444478
3590160702
1434314014
1428028726
1461549350
1461664738
1461592050
1448744882
1448755634
1457181107
1471869073
1438302336
1441525952
1412022336
1412031504
1411935521
1411935783
1416112678
1420303910
1420299822
1421366814
3573081422
3589924173
1432092108
1465638852
1465571284
1465579476
1465578452
1465569780
1398325749
1400684775
1396692215
1463743686
1467929798
1467340022
1465177463
1465702271
1467772703
1467969085
1467969085
1602051965
1576818559
1576817023
1557983615
1553789295
2113790319
1979425055
2012972303
1987810327
1983493173
1983495213
4130978861
3862674557
3860512093
3843743581
3831481964
3831481980
4099895828
4095676948
4095283764
4101517860
4109907236
4105712869
4122483922
3887682690
3868906626
3873100950
4149904790
4145784470
4145655447
3073961677
3040407261
3073928799
3073975839
3006084655
3001286703
2997616746
2997686522
3064943851
2528009407
2545573023
3615128719
3577703822
3560842646
3559792886
3559289078
3563484278
2103958806
2112225030
2145708551
2128914997
2129967924
2129959956
2121634836
2117570612
2132258852
1830137892
3959918820
3959870116
3968332452
3968202388
3968204439
3968138902
3981212326
4144774822
4129230822
4130743414
4134937630
4272235550
2124753934
2108500046
1555966031
1560157255
1557536197
1557620165
1414882261
1431368407
1460724439
118547159
118616786
89314258
1439880514
1439876370
1374915878
1374719014
1374989334
1408670982
1459002374
1456968710
1448449087
1448918063
3596397869
3598696237
4135505524
4131290836
4147521204
3610587813
3610710965
4116074903
4124561879
4237680854
4239762518
3971333174
3971268406
3975462446
3967069758
4231325198
4229330510
4231923295
4097574767
4100720101
4239140068
4239336532
4239335492
4121894980
3618533700
1451127108
1451152837
1383515591
1383584950
1383384230
1383908518
1400755390
1367262350
1367277006
1348923086
1348861534
1361378926
1361376814
1365632830
1374081311
1407664479
1407520895
1407529455
1407459823
1407525359
1407590879
1375076815
1375028607
1373920623
1348790639
1348790655
1348992863
1349377887
1350402894
1367180102
1367249158
1434362134
1434427703
1434236199
1467790631
3615470887
3623812887
3623804423
3623798278
3622455046
3589014887
3580634471
3614188783
3615429853
1467954388
1384068244
3539948692
3539422404
3556199636
3254221908
3228986628
3227938560
3227993648
3236254241
3233616419
3317437026
3350991586
3334223842
3472633314
3464431714
3476949010
3477026818
3443353602
1279094019
1281352132
1423438228
1440072100
391432100
373616544
1443147696
1443348400
1443340211
1443336614
1377218934
1395044630
1399227670
1374539030
1357707542
1353480499
1357658419
1357791025
1349394289
1082001393
1147020689
1163273601
1205294465
1205294211
1196680690
1162999138
1160836898
1160828450
1194378802
1182000898
1458758914
1452469590
1452793207
1452662244
1452600804
1465705964
1461498364
1461555708
1461686780
1998496092
1965011293
1969063231
1969065279
1969196671
1971228287
1971252955
2000563913
4147986057
4147920536
2000436648
1995183336
1990983912
1453654060
1453719565
1453727751
1202151430
1206706470
1207760166
1174248738
1147067730
1147068226
1147064258
1147061954
1144309494
1146390502
3562841574
3588203990
3617432790
3617371639
3600586597
3621557861
3615265341
3577516573
3576550941
3564098861
3564043375
4127124591
3623572701
3615174861
3592106189
3592098269
3591984109
3598218607
3606637931
4290308411
4290488587
3216672783
2683997455
2684073231
2641990429
2675556925
2635813437
2635674157
2641961581
2641961837
2633572845
2628260333
2628269525
2628287941
2633629125
2633760197
2489032645
2484838215
2485100375
3575624983
4148081942
3057556758
3061746966
3060698390
4143944982
3866988854
3994661206
2920870775
2937644007
2939840495
2906275821
2892697581
2896760685
2896770333
2896765709
2896700175
3187155727
3187223854
4261222766
3185314022
3185318134
3697097926
3697087686
3698983110
3707388359
3701137879
3717785573
3717785585
3751340017
3730434032
3745117681
3711824369
3711922515
3560853843
3560326934
1433847319
1475866199
1458957909
1452605140
1452603332
1456796660
1456796644
1400751084
1400717660
1396469885
1366061101
3513730093
3496897551
3496900878
3564010318
3589241694
3588882398
3623671646
3602698590
3602674046
3602669806
3539755119
3548194287
1367281141
1367289301
1350516100
1350449028
1367303060
1366680292
1366684384
1364558816
1364493105
1347715877
1343522615
1347874582
1364618070
1473673590
1473665398
3620097254
3611708918
3746030926
3754419470
3755471118
3751252254
3751653678
3718095150
3717837117
3705243452
3696871020
3692617452
3560497064
3560558524
3577435548
3577377948
4118503564
4126724492
4059873709
4060009389
4085179325
4091541213
4091475549
4093636157
4085050937
4079812155
4079773211
4046274059
4046391070
3496936494
1357186094
1354040358
1354174486
1372925958
1364598790
1398169606
1381393667
1390335507
1386206801
1402836721
3550263009
3583812324
3590103716
3573318564
3581780405
3581915317
3577738469
3577707749
3575540981
3575523541
3558746965
3573430980
3569289921
1421616835
3569115858
3585401570
3623211874
3610755954
3526542082
3526615810
3526420259
3530616099
3539065143
3539033366
3522461462
4059396062
4101456878
4101816746
4099720362
4124685566
4158235678
4160269343
4067996957
4063876877
4063979085
4063978204
4063900652
4065984941
4074390701
4089070845
4089181437
4055739724
4059933964
4051543820
4032595484
4028404264
4028486185
4045394475
4049564266
4049343082
2958825322
2958820718
2967280766
2432642254
3502189775
3500096711
3504288903
3504289159
3554619781
1390285189
1390281141
1381958069
1377109429
1108694455
1110795703
1395779063
1399891295
1399893775
1399893783
1399893813
1397856053
1366656308
1417052180
1425985537
1424650247
1424625666
1424690530
1442396642
1431911394
1465453218
1473779346
1459364487
1459380933
1458889669
1444197372
1460965757
1459664189
1427236895
1410463870
1414912366
1356220766
1358842190
1350454606
1432318414
1440703326
1440604991
1402860335
1402794797
1402794861
3248281581
3244154621
3273641629
3609186205
3607580557
3607584141
3621219807
1474293247
1610573182
1577013598
1567970078
1568002366
1602015534
1585233966
1526522927
1517874222
1513679902
1513800718
1530582094
1501221326
1559925406
1553568446
3700987581
3700997804
3700993700
3698904740
3560820436
3577702084
3610126020
1462118340
1467364836
1475691749
1471501537
1437955537
1442277313
1442243265
1165419201
1198895859
1467265506
1450479970
1383568498
1400355890
1396161842
1396153618
1366265091
1903097095
1902900231
1902899223
1902694437
3513307429
3514429733
3514319669
1356337941
1355286325
1355353397
1356471638
3520740806
3588107718
3623769542
1459570118
1459442118
1459483086
1474158926
1474093183
1474094447
1432153449
3579637608
4116692984
4150104024
4133258968
4135355080
4143551192
4143625208
4133135352
3059474920
3038377964
3021700844
2488958669
2497343055
2495182462
2495099502
2494042990
2515009902
2515076214
2515141718
2515147798
2641040406
2641044743
2641061127
2675663621
2667274692
3736823252
3736829116
3734588589
3747367085
3709356205
3692780719
1547589119
1547658206
1546936926
1566892671
1609884415
1593178079
1582366149
1581308373
1577109621
1581439351
1582497047
1609725718
1559646742
1558409734
3705926214
3697529542
3698377446
3704669158
3586187750
3582054903
1417934069
3566593268
3570789876
3560234324
3560295764
3560293716
1429656948
3577144669
3614893389
3607033165
3539982109
3539979805
3556625949
3556630077
3623706173
3623417645
3622364461
3622434109
3598307391
3598307455
3613114463
3621503070
3587817854
3583627630
3589989758
3581570366
3611126078
3611117886
2522733341
2522741532
2522742296
3067983384
3062669944
3079512824
4154438636
3583874045
3613168127
3592209638
3591638182
3591769254
3593872558
4130742430
4143849614
1606300046
1555961743
1555895950
1555578622
3702054510
3702062634
3706252842
3714641706
3731402554
3732645390
3738874382
3755725342
