627964279
627964279
627964279
627964279
627964279
627964279
627964279
627964279
627964279
627964279
627964279
627964279
627964279
627964279
627964279
627964279
627964279
627964279
627964279
627964279
627964279
627964279
627964279
627964279
627964279
627964279
627964279
627964279
627964279
627964279
627964279
627964279
627964279
627964279
627964279
627964279
627964279
627964279
627964279
627964279
627964279
627964279
627964279
627964279
627964279
627964279
627964279
627964279
627964279
627964279
627964279
627964279
627964279
627964279
627964279
627964279
627964279
627964279
627964279
627964279
627964279
627964279
627964279
627964279
627964279
627964279
627964279
627964279
627964279
627964279
627964279
627964279
627964279
627964279
627964279
627964279
627964279
627964279
627964279
627964279
627964279
627964279
627964279
627964279
627964279
627964279
627964279
627964279
627964279
627964279
627964279
627964279
627964279
627964279
627964279
627964279
627964279
627964279
627964279
627964279
627947895
896384375
627946935
627945909
627945917
661500349
627945917
661500349
660979641
644201401
640007099
1713748475
1714862415
1714862143
1714596911
3878855726
3878846478
1731379214
1731379262
1731446126
1733418990
1742069742
3889684455
3881226199
1733805519
1731589197
1702161789
3849645423
3858201454
3858123614
3858177886
3847566718
3848025454
3848016254
3856611166
3973981710
3969809983
3969469996
3986218604
4019760900
4023954692
3994590468
4010314004
4010518804
1829414964
1830463540
1813682197
1813695493
1816052791
1832894503
1832730726
1802322150
728564198
728568294
736958454
1777145790
1760376766
1760509598
1756839566
1754414798
1754476238
1753296591
2021664479
2021680839
2021712455
2025906759
1480716871
1476547422
1476596575
1476539741
1480732125
1506154972
1539770812
1539574716
1532234636
1531195276
188768644
188772741
188826071
180503010
172106210
172106098
188903762
188895506
163758386
147969315
143897873
1217568512
1221824000
139501072
134262320
1208020528
1208086128
1208219617
1489367203
1485107362
1485164706
1502072994
1522708626
1577223554
1578274178
1578291139
1578358643
1578166051
1582359331
1599136547
2102653267
2104661313
2094173505
2090043872
1955633632
4124093408
3843141312
3876819648
3878847168
3862135537
3878146787
3865375334
3873764134
3869558062
3873954830
3873958926
3865437210
3866910762
1731989563
1681719307
1612580123
1614678827
1618872939
1690241707
1688997518
1688470414
1689522575
1958031759
2006327687
1469473159
1451680663
1451542439
1451544551
1451547623
1456990717
1582819837
1316351453
1316322628
1316291844
1333067796
1333014580
1299456032
1156669472
1156735073
1156772289
1156760449
1154647681
1439924867
1473287091
1448125347
1443931555
1444001266
1446240018
1445199398
1449470502
1432628774
1415851558
1415583526
1416697138
1423118354
1418793027
1434669507
1472389570
1448272258
101880195
101875843
108167347
1449378195
1466422209
1432868545
1416089109
1415903783
1415621415
1424009511
1956685879
1960877111
4108367127
4285833495
4264866323
4264985171
4264985331
3996566241
3995517665
3995464673
4016371045
4024757285
3987008559
3975275531
3966886923
3960496139
1812996379
1813459755
1815479851
1819739753
1827997433
1823741641
1822693321
1823757769
1874195913
1857480073
1859577225
1851254169
1846928824
1846932664
1868026040
1834373304
2102882473
2110857455
2112958574
2113086830
2112973166
2146527790
2129914406
2121457158
1861387014
1794212103
1810989317
1808904245
1800511521
1779475489
1779477793
3927177505
3927104817
3926056817
3946960737
3913316321
3972093873
3963836307
3963674291
3972038307
3972037538
3972037554
3972083586
3972148674
4015134146
4268884290
4268884226
2120421634
2128683314
1609573410
1571826722
1553016914
1553082563
1553086659
1557334403
1548832147
1574043571
1607718803
1593034627
1592902529
1592914385
1592844769
1592828257
1592828705
1592828709
1609611045
1584511765
1580316933
1597159685
1597175813
1496471557
1500650497
1483867411
1483932019
1490223971
1221800675
1217472227
142681809
142618241
163590017
163589521
155401617
138558849
139615616
156426112
156487568
191991792
175161056
242265905
242269473
250658083
267429922
267429922
259110946
259192850
242415874
240310723
240274881
240305617
240239088
240243104
240378768
267580353
234013633
216254291
1289865059
1281421091
1281419555
1289873715
1286658337
1286667553
1286647073
3450905905
3486750017
3469903169
3461514705
3461520593
3461594609
3459513761
3459511985
3459675777
3476168323
3480358546
3488683682
3450890210
3719356515
3723554851
3714093075
3697319939
3697321011
3697454387
3698505987
2624752386
2624752387
2641595187
2641661729
3212101168
3195355668
3193786932
2665243172
2665226789
2660774437
3197640486
3203956086
3195595122
3057383538
3074067666
3040511170
3023734210
3022706118
3039483590
2485837510
3039518434
3077078754
3086509538
3065536742
3065565349
3065630900
3082457268
3078337728
3040525760
3024006080
3024022208
3024026320
3039251427
3076787682
3060014562
3194238178
3194303858
3194433874
2682659586
2644914706
2628219666
2628081411
2628572417
2628582677
2632757044
2625420901
2642271973
2675824293
2541549485
2507962285
2502690749
2486110093
2490777484
2490773436
2490707885
2489585069
3034861021
3052198927
3052186638
3085741070
3203181630
3194336566
3207050806
2938536454
2904994311
2838667783
2836509223
2836436263
2840628263
2849032230
2916145206
2907826454
2840784694
2840778278
2840774198
2840774231
2849236295
2874172501
2876527861
2872329457
2855683303
2926990567
2933285350
2945787366
2944673206
2944673206
3175359878
3158783366
3155572614
3159766662
3168147142
3163948743
3165998613
3165969168
3048512272
3086334720
3077942784
3056971264
3056973424
3055015520
3055014880
3054883040
3059044576
3059040481
2994144369
2977314129
2432057041
2427853523
2427914995
2426675043
2430866785
2422476897
2490175505
2431541505
2427380481
2444162561
2444074609
2447940451
2473113955
2468911458
3039333730
3039727426
2972624450
2972624386
2738863638
2738667298
2738666274
2740756258
2740838258
2740967234
2740777815
2740773735
2719802213
2719864677
2719926133
2724155175
2740735271
2740456759
2740459807
2706975007
2707040639
2707040621
3789228541
3785297373
3785170317
3789307277
3788259215
3788251039
3771670431
3771022751
3770957237
3766779060
3766777044
3771069892
3771065156
3770933828
3771901492
3771967013
3784425255
2710670118
2748561702
2789452071
2789391367
3053628421
3053626437
3070424260
2970797556
2953987556
2958167971
2968657890
2968526818
2968535010
3018859890
3001102658
3001446466
3001446466
3001471059
3018249681
2984705472
2960580544
2956447360
2956451520
2956328656
2977263072
3010755809
3019123939
3002350818
3002414322
3556119762
3522564178
3505787218
3505459474
2431661842
2431706930
2431692323
2432023088
2448861696
2465638912
2465630912
2465697472
2457175712
2453001889
2452943523
2452910499
2457104547
2465494241
2460251232
2477088032
2431088400
2422632960
2422624768
2422592016
2430919201
2963580198
2963586086
2984544294
2971961446
2972092502
2972092614
2704710982
2738272070
2738288134
2738352678
2704597542
2708759334
2717144870
2717205814
2700954934
2717699383
2742877495
2738879831
2722037191
2724134343
2724065207
2723964839
3814487975
3813414807
3779334135
3846442469
3830779173
3839040805
3855756311
1837313031
1837181975
1870670871
1875119111
801899527
793248783
793314367
801846319
797582399
797650184
780676872
2055760392
2055797256
1590200904
1590200920
1590202056
1602795208
2072748936
4220170681
4220163498
4220159146
4224224426
4211640490
4211640510
4178229390
4161449422
4161465806
4182437703
4292400949
4275631907
4266156322
3729617202
3729617234
3620107762
3586547698
2497072770
2430470786
2432634755
2424070033
2440844688
2440881584
2440882160
2447370064
2478223104
2478291220
2461317157
3001333799
2992938023
2988868678
3005650374
2972095430
2972156838
2686834598
2687293350
2708332518
2707816167
2716199541
2707745364
2707745284
2707814932
2691169844
2691169812
2691038740
2691000117
2690930469
2691450663
2699840807
2700893479
2696772966
2696764774
2695695858
2699829202
2959880146
2955685362
2960080370
2968403442
2964282514
2981067906
2997877890
3003055234
2994714754
2994452674
2721822962
2722019363
2722019347
2722019585
3795758341
3795821573
1715463221
1713234983
1712702503
1712800806
1733708838
1666600055
1668762837
561991125
561995221
561864597
1627209623
1627209367
1627209366
1623015094
1623015094
1624522422
1624587958
1624587926
1624587910
1888566919
1938894469
1922117316
1385244224
1385178640
1389635089
1391802113
1140283137
1081525507
1349426947
1349435138
1349426946
1349422851
3496972115
3496975825
4084054256
2994052192
3056966752
3056923744
3056951584
3057066784
3086361121
3048551971
3048476454
3048476454
2545158438
2545178678
2528966750
2533161055
2533162319
2524773725
2524970844
2524897116
2524894748
2524804636
2524722988
2523731756
2540639533
2549028207
2515475839
2246909406
2230131678
2230131678
2230131678
2230131678
2230271454
2231203294
2164057558
2164040914
2161943699
2161939601
2153546897
2151252112
2151256208
2235232704
2250928064
2250910208
2250906113
2386106899
2390243618
2388146470
2396534054
2409115918
2342134026
2342134058
2342003498
2312650602
2304264698
2304309642
2304307082
2365189518
2361107870
2247864555
2246807789
2246803676
3228270796
3496711372
3493506260
2419828916
2419833012
2417662100
2416613780
2467257285
2517503558
2517501446
2664051206
2660901414
2594710054
2594709798
2611487782
2309491726
3379039245
3408447564
3408636364
3408636364
3408636364
1261023180
1245292493
1262068447
1534833374
1509601966
1507505135
3638273517
3637093884
3637229020
3628774860
3625620876
3642393992
3675899288
3661362585
4200226203
4208647338
4292529322
3185167594
3185368282
3160208842
3170825930
3170801370
3187651307
3187466987
3210535675
3210007295
3207971310
3178742895
3044531239
4118140967
4117821463
4151372801
4268928001
4266849297
4262642737
3188899843
3189130243
3189114114
2587231842
2583498338
2562465378
2561420902
2561423974
2561153398
2296912198
2288531782
2288664134
2297052759
2292911639
2293763591
2297970263
2297980629
2298013621
2310579093
2310575029
2309522340
2364113836
2351531940
2619968404
2620099460
2503654340
2503649732
3610945748
3594184916
2520388807
2520645830
2537423302
2550006754
2646021858
3182714402
3182746150
4290050823
4273252613
3673466884
3659900932
3659955220
3676701812
4180018404
4164031972
4161941220
4173545076
4169411079
4169427462
4169969158
2560599590
2560274982
2566423334
2558034758
2566435271
2564400263
3093015717
3155949733
3155871909
3174714805
3208255381
3195679365
3204125327
3065538190
3070095326
3070081902
3076307246
2774313278
2776410895
2776409613
2776404489
2772206104
2805977660
2789135212
2789167332
2788950180
2805203105
2759201953
2765499571
3835047091
3835112850
4103286210
4107414979
4116063683
4149683651
4151784263
4132898357
4141286949
4153695783
4154228271
4154256175
4158449983
4133334079
4133466199
4133077191
3595092167
1393033431
1342898663
1409954663
1414144549
1415194149
1423523365
282606373
14166325
14235909
14368197
14241157
30969221
64522165
49906325
41652880
36344464
53138064
19641072
20488544
58238048
314092640
314218561
313166914
313164994
317427922
304849010
287989810
271200562
271258402
271135266
275260962
280772130
280772146
280968706
12466690
62720770
44845891
48614387
48617841
41286965
41215284
307618100
307618100
843358501
839168813
571245357
571245421
588022765
554537965
554669996
537892268
542096556
1615837356
1611511964
1628420492
1628355468
3809394324
3796809399
4073649846
4073121510
2999313895
3016025315
3049583843
3049714883
3025071299
3025069507
3026085571
3026089538
3026064978
3028031074
2423797090
2440576482
2482706642
2465872258
2466134402
2463971714
3533446582
3533509046
3267104934
3266842798
3266842799
3262665181
3257454924
3274220300
3240862476
3224019740
3492455740
3576413484
3580476716
3588795709
3588794125
3588863749
3564811044
4097479460
4097491237
4097754389
4095632725
4095634677
4116131069
1985426637
1985352909
1985348045
1985282893
1918108217
1934963241
1909798457
1895118393
1895052825
1894527513
1886130713
1886126617
1886126617
1358694201
1354696553
301862395
334372234
1399741578
1366219918
1366144158
1374467262
1374466238
1409130654
1920905614
1916187534
1916187270
4063732454
4063535726
4067731246
3807685930
3807684650
3807684650
3799365658
3795303435
2721494025
2793328697
2818555961
2759802969
2755527112
3021869816
3021343464
3027634792
3030714920
3164871208
2628004377
2644780555
2644779786
2644844554
2644795434
2644832302
2628026478
2632746230
2641200326
2637018311
2637018565
2637083036
2671174556
3742819212
3741738380
3745996220
3754192045
3720637613
3712248989
3695705545
4232485576
3184954060
3218508412
3201613372
3201607180
3193287180
3195523597
3191337533
3208061487
3174904686
3162309102
3170828526
3166637310
3166443758
2631678062
2631673870
2623285262
3424593934
3424332046
3360304910
3385472782
3414884894
3414688574
3414704942
3397952878
3419975023
3680026093
2604177900
2604379612
4214926540
4198212812
4195980492
4194861212
4195132572
4195214524
4262340013
4266538671
4291430062
4254680750
4105731742
4107857862
4099533638
4095732487
4095650055
4095646007
4097301799
4097164663
4111814981
4116136263
4158079335
3872747879
3868483943
3872678199
3864355079
4149572359
4082979613
4049552189
4043196025
4039073529
4043078651
4043070363
4118563739
4118633882
3623843226
3623841934
3590279310
3581866190
3564036150
3563512102
3563561014
3571819539
4108824593
4100435984
4114067536
4147564736
4128424384
4128429012
4132656868
4132648548
4143005220
4151328292
4126173733
4108349221
3568356647
2494940166
2495004678
2509668354
2539098211
2518020321
2518147553
2518082496
2518054592
2524339952
3070172901
3065847526
3069984742
3069980646
4141622766
4082898334
4049548686
3495829902
1348080014
1415188894
1414205631
3561558207
3562558686
3570980874
3501762826
3500714266
3517557514
3551174218
3534389962
2460648394
2527822825
2531893740
2523439596
3077154092
3073084732
3073284396
3073292605
3077552447
3211783966
3207558942
3207270974
3173712422
3107586598
3111782182
3115910950
3114798934
3148377542
3132681671
3132665301
3128464612
3124266228
3191379152
3174741232
3162174960
3162165232
3162164976
3162143329
3023666019
3023585106
3040755650
3074307522
3057529282
3070099858
3082027170
3046379683
3029660853
3029642644
4106529172
4093942148
4110719428
3875911940
3860249860
3862336525
3862343709
3862405165
3862405157
3862405157
2805387748
2805450668
2742372012
2708819628
2708758204
2708758268
2692038364
2767535837
2766417631
2766417662
2783198974
2816741310
2808415678
2808287390
2816553182
2812368094
2778909790
3852634126
3987974158
4021331974
4291864839
4279433063
4279390821
4279632613
4248699629
4252959469
3991742317
3987499293
4255934493
4294764607
4294240287
2117462022
2134369286
2100482118
2081604038
4233282529
3969024672
3968042720
2894106336
2948640448
2920328768
2920476224
2920478224
2800829984
3069449761
3086223137
3044279589
3028226357
3169726775
3165532215
3165392950
2628533270
2629580870
2629597382
2641918167
2369276055
2352629893
2350796676
2350802560
2287347392
3369345744
3369345761
3452986339
3486770146
3460416482
3460350930
3460363602
3460343154
3460410738
2386738227
2655246357
2655246357
2399402293
2365751061
2370182663
2379613702
2308376070
2308716070
2308716070
3386379814
3386379566
3640347678
3631848478
3681074271
3660096716
3660096652
1512613004
2050532493
2048501143
2047469494
2047502262
2097823398
1549417126
1553599478
1555695957
1421347092
1471965188
1457318916
1448915988
1444446260
3591929908
3592066820
3608854020
3560618500
2486929988
2489961205
2490096383
2499370735
2499289071
2495100399
2495099247
2545623911
2528650103
2531795283
2502438994
2217221170
2217416738
2217359378
2352625730
2365200706
2358905794
2409182914
2392416898
2394468994
2394461091
2326307233
2322116004
2334703524
2334702292
2334834420
2319101556
2386208276
3732579584
3732646928
3730422816
2654723104
2654657552
2671434752
2671397889
2638089217
2638094145
2625507025
2629504737
2629377761
2629334753
2360899297
2360895205
2365088485
2373481191
2402833398
2390429934
2256216302
2263363818
2254962938
2452311242
3543853129
3510544712
4028541256
4028541256
4028606280
3758924488
3758928585
3758392057
1611432619
1611548331
1611013803
3758504875
3772131755
3784583339
3853790363
3851756683
4153929865
3079909513
3066142925
3057688927
3053756991
4127512126
4145366574
2975733358
2428385262
2428122542
2426997934
2426932390
2499284118
2491116686
2507861447
2507845381
2516364804
2548868612
2548871700
2532291132
2532282940
2532086324
2548930084
2540625517
2536458991
2537360054
2537367950
2503878798
2502831246
3035497614
3031302286
3031351502
3031212143
3031212332
3047465244
3085214988
3072636700
3073750828
3073808164
3071723044
3071690284
3877056493
4148641774
4149610430
4157999006
4158522766
4158592390
4124931462
4041071814
4036877398
4038977622
4038962262
4060064837
4093613124
4067410004
4063085028
4063162852
4080980324
4085171060
4051519285
4059856759
4057231206
4059430190
4126596398
4127120406
4110402630
4110283079
4101824789
4101890853
4102018596
4101887540
4114480661
4148162101
4131323409
4129259329
4129107393
4131222673
4135407777
4143792289
4156506289
4122362307
4105589443
4105622262
4109760102
2759125606
2771708518
2769611519
2803165901
2803362764
2807416780
2941600604
2918535740
2901750317
3170312743
3170312998
3170184486
3170662434
3169339490
3035351106
3052068035
3077238209
3195725632
3194734416
3194601824
3068711200
3068719393
3065635107
3082478434
3053151074
3050861538
3042464742
3025669542
2488801718
2489006214
2491099270
2487105670
2491291798
2490832086
2516005062
2545377350
2528370759
2528354309
2532348180
2521859364
2517666084
2517670692
2518072100
2518084116
2522278412
2657058332
2652706332
2589528893
2598048062
2593783870
2593849382
2610430054
2564306150
2566597846
2298101190
3370782599
3370716823
3363319719
3361484261
3356240101
3356239975
3359909910
3359910150
3368364806
3368434182
3360045590
3418627702
3401846774
3397670294
3397579926
2324157606
2340721829
2374272164
2354351508
2354416016
2352318864
2369165712
2234957200
2268245457
2271388993
2539824401
2523116832
2539756832
2540015408
2540078596
3609653764
3609653780
3577070132
3576971556
4111752237
4099201069
4099274815
4099402013
4099320589
4116102733
4149642957
4145316495
4128555711
4066165423
4066132399
4076667119
4076743791
4076742703
1937713197
1904163901
1904096269
1887313933
1887330637
819904973
815694733
1888256943
1904512431
1640270255
1661241758
1913043918
1913039694
4127633182
4128761150
4130758974
4135469359
4139647021
4139647020
4139582764
4139525436
4160496924
3623626524
3581886237
3565031189
1417547287
1417628439
1415543043
1432222977
1444737073
1444737249
1444728981
3592044677
3323593095
3294234502
3300530870
3299416750
3299351278
3567812138
2494097194
2494080778
2544411914
2527896889
3068960105
3056372584
3057421288
3057553100
3055461964
3055477276
3054383660
3054449196
3188532004
3176801572
3164224804
3099200564
2562394388
2562210071
2292721974
2292721958
2288519462
2334656550
2318076006
2319178838
2323246278
2331550918
2344133774
2344329614
2344268685
2348450460
2305393304
2334689208
2334754216
2334829736
2604312808
2604312808
2608523464
2608523464
2671439304
2671429577
2671429259
2675594907
2675599002
2684057306
2683913966
2683856878
2649252847
2649575933
2632307165
2624963021
3694384333
3694384221
3440639053
3440635141
1326673173
1330869557
1607685428
1574421812
1465238804
1465367572
1448524816
1448516608
1446939648
1446937792
1447002240
1446891664
1430204852
1412379296
1416565409
1424818913
1420624418
1420571170
1420567334
1152131382
1147937798
1160653830
103696398
103778639
103648223
107846591
115654591
111458239
1185190845
1323602429
1315353085
1311154663
1311154663
3476464087
3442930642
3430340578
3707754466
3703437154
3703367527
3724305783
3749471493
3748357125
3745465397
3711714341
3715941421
3705466157
3705530173
3704399421
3700209173
2626467413
2626008663
2647119478
2638499366
2667842342
2651135782
2384342806
2656974086
2663252054
2662924469
2661814436
2410160292
2343068852
2347289748
3392772260
3393108133
3393125607
3409368086
3359040514
3626165506
3626165506
1491203874
1488246306
1486159410
1552211473
1552931536
1569651664
1465801088
1461258640
1377306800
1377381808
303702416
303702400
302911873
306512791
306500518
314868654
331647338
281315642
282499338
1425451274
1420209162
1436983306
1470607369
1609859096
1582600488
1594155304
1560799016
4228316716
4161194556
4162243085
4166437389
2021575439
2028719886
2045498654
2053755150
2053755150
2049560894
2050617646
2054742055
2052645925
2061001765
1792766981
2035971141
2017068229
2016019911
2016087782
2028668646
2024355558
2024284910
2024285934
2024285918
2045275854
2070441422
2070674895
2070674911
2037052925
2037043677
2037027277
4167799244
2020193741
2020327421
4167811053
4185570268
4185562060
4219125708
4217085436
4216976876
4216911229
4217065823
4212785534
4214882686
4181341694
4185552358
3975859686
3971728806
3971580343
3971527044
3182993804
3212353932
4265202140
4131017196
4147787564
4147002924
4159638061
4121692975
1974208783
1437411598
1424964622
1416561670
1412780038
1412952327
1415033603
1413714689
398624513
507684801
503573953
503409041
503396787
503463331
508703651
468845474
418579442
413209462
414200630
414203711
412150575
416327981
1498454844
2068159244
2060359176
2055901704
2073723400
4221207164
4223173356
4226327213
4217945518
4213889198
4282013870
4281993390
4281994446
4118414542
1954161871
1954218831
1887123359
1895513758
821762974
838408606
871893406
861669790
844897694
845091230
853422783
849748653
849634029
849670777
316973625
325353769
862294331
828871963
828872971
828807435
862370059
862366987
908502281
1982759945
1999421449
1999454425
2000572649
1971217897
1962894825
1962760155
1979537371
1979537371
1979536346
1979708378
1433297738
1412330251
1412387609
1412390716
1416486700
1420619308
1420815996
1437521612
1387119244
1391281037
1383007422
1378563246
1378430126
1378429102
1932475838
862926734
862724750
871113375
837559231
837050861
837079151
837058607
837067807
870822975
870822943
862368782
858174474
824615946
824638490
807851306
812007978
819331818
832443354
832512266
832319753
282856728
274475816
274541112
274606600
341760520
352230924
351569676
385122317
384073743
371621895
372670471
909549621
372679729
372696113
372696099
372638755
393674786
897397218
830284434
821895862
280561319
279644839
279661207
279673477
279539333
280555141
284747653
5830053
274228645
274474405
273426337
273417169
282006225
283013715
283112019
301983315
317714178
309234950
309234774
1383044182
1382846590
1986834478
1986835498
1986835754
1970189611
1953408827
1961797147
1954448923
1954531103
4097818975
4097667581
4095698157
4099826925
4099831293
4124983773
4125032925
2010977245
1996256733
1996256733
1996324349
4135550461
4152360445
4118279551
4101371727
4109734735
1962250843
1979028059
4151685883
4130727934
4129286142
4129256942
1981746670
2002718078
2002599198
2013213983
2013213503
1996436281
1455235896
1454715160
1471500568
1471463736
1437898104
1419021272
1423281113
1417124827
1412865434
1412870538
1948774810
1948774650
1965420794
2003170810
2003234298
2004281722
1450633482
1450506506
1449450778
3597418554
3605860410
3605925946
3601740074
3602801450
2545836654
2495542014
2495071885
2499119756
2499123868
2490677932
2490674860
2490689260
3027559164
4101337944
4097057640
4113834344
4113899881
4113957099
4118152427
1979600122
1979566282
1979496650
1970059466
1701612747
1731101771
1731113289
1714065753
1718268201
3865747752
3865747752
3882541864
3878412601
3844830061
3845067117
3849257327
3850175998
1711085054
1744649438
1744665822
1743748558
1743709646
1743712719
1743766351
1743638815
1743638843
1878848811
1870456106
1866261802
1832772890
1832863578
1815036798
1827623662
1823298158
1824355182
1824273407
1694245839
1954293453
1971203789
2004749020
1987971836
1929186748
1929123288
1929122248
1927565641
845463897
853917993
1928716585
1928651817
1928655963
1398625483
1365202122
1348343194
1348343738
1423840926
1425946334
1438529118
1472149311
1185773359
1185735229
1139597837
1093445133
1345226317
1345226717
1345291693
1350340845
1358745837
1375522937
1937661961
1933467913
1900012841
1899818281
1903999273
1901902121
3789527305
3823078728
3821897416
4090331864
4081947389
4048417469
4044321471
4044305390
4045287910
4099809510
4110299238
4110364678
1956589574
1956459535
1960602639
1977412639
2004671805
1983831309
1988026319
1451116171
1583941279
1584084638
1600861886
1576613806
3438814638
3438813678
3438878846
3451596830
3485102350
3467292942
3467157775
3467158317
3736649516
3596389356
3323759276
3322710712
3322919560
3591270024
3592299144
1377710984
1390018732
3535417516
3534307565
3517509663
3500711950
1357423626
1344912394
1345034250
1881839642
4029324330
4029332795
4100835081
4117550681
4114605689
4114540139
4118701691
4118759006
4117579614
4109201790
4109201790
4109332606
3166646366
3187504255
2648472677
3218926948
3219123572
3219111764
3185542740
3185414740
3185422933
3181228790
3218928366
3195859694
3057386222
3057394430
3055883626
3056010346
3068462187
3081045017
3048551432
3031772168
4105595976
4101437657
4095195369
4094987771
4095067531
4097233802
4114019211
1970721755
2104906219
3715572079
3715441967
3715444014
3715447102
3723697430
3721600278
3755160854
3750834966
3734008598
3732959831
3464618709
3481395877
3447780004
3426797220
3556822948
3573796340
3573742020
3607226828
3590385117
3594644951
3594713031
3594703814
3619865030
3620848102
3581986279
3581988327
3586194935
3745770583
3745704983
3746817079
3746796599
4252218677
4252153109
4233272581
3960642881
3959535953
3959467729
3959537393
3976304355
2902562530
2801841826
2801923746
2786186914
2788181986
2792375782
2799717622
2812505334
2812504278
2711972055
2711709844
2715941364
2716000244
2707607236
2707605188
2707547860
2707482468
2703288100
2703292196
2707674941
2707683133
2707682621
2707545405
2707638559
2707642654
2707515422
2715908414
2716012030
2749504926
2750551454
2750616990
3822257599
3822269845
3822265476
3788578964
3771805872
3774034161
3769786449
3768705283
3768624386
3772819714
3789666578
3823278354
3806497026
3798370822
3794177542
3861288454
2787558006
2805285862
2805232102
2809409774
2817790190
2813792511
3082162255
3082162509
3082228029
4160037677
4126418733
4108590365
3563396365
3564525647
3572918607
3589467599
4124227037
4157702653
4157637116
4149248380
4149260604
4245726524
4245860124
4229082684
4229091108
3155347236
3159441703
3168096550
3168096294
3165966374
3166041442
3187140050
3212242370
3073900418
3057012610
3057012358
3056950950
3069470631
3062904229
3062903285
3067093108
3058721876
3054560277
3071726613
3025597703
3036083719
3032405574
3166537462
3170678502
3162308327
3158114277
3158113749
3158146516
3156178420
3178714468
3187016228
3048608276
3048436245
3048236597
3052433189
3052468581
3083917413
3067202805
3063125205
3067269575
3058889543
3077685783
3073425958
3040147302
3023398246
3023453694
3027647742
3044482294
3052733598
3048670351
3050779853
4116147404
4116016332
4111989980
4082556412
3824598525
3803620853
3803554263
3807686879
3795095679
3811873151
2771899941
2755063333
2755034661
2759269925
2767199780
2783983140
3081777717
3064992021
3065184277
3065053237
3081842725
3029558293
3029527557
3029576709
3029450069
3033644927
3025241695
3038217934
3038217934
3040327422
3040208622
2771707630
2771710702
2775958526
2775962974
2809525262
2809429022
2792647806
2792844414
2792780895
3069591775
3069591775
3203858909
3204264445
3212584317
3212649789
3179097389
3221186863
3221187903
3204150542
3204174158
3220947278
3212542430
3179000782
3158025167
3158024927
3160139501
3160145644
3176783852
3210534381
3059535085
3059537151
2791306495
2791240959
3061760127
3078541663
3043946847
3043915597
3039786829
3039131645
3026466797
3026458093
3034842621
3034908125
3031897551
3031840207
4105643463
4109706710
4118033910
4118558638
4118624174
4118755262
4116660158
4116658062
4125046734
4124342238
4126462847
4126470975
1978724637
2003890493
4132483117
4132499500
4132499756
4132696364
4275499324
4275495225
4267111705
4259237129
2631846155
2631846667
2631899931
2623323963
2622808889
3159679257
3168063961
3163865577
3163997097
3168167853
3159850927
3025476542
3038058926
3071625662
3054980238
3060946318
3060950415
3069436319
3060917237
3077763669
3077816837
4151333413
4293927469
4292878893
4255200057
4255256857
4242669883
4235396139
2087717931
1546652715
1546656779
1546677259
1550904331
1558224139
1571851531
1605403995
3736110425
3736580569
3601249241
3602289657
2532741545
2549518761
2507579817
2625020123
2625016047
2620772653
2620715821
2624971309
2633131525
2633131527
2633184823
2632980006
2624587366
2605711846
2588999902
2597724366
3667271886
3671405790
3663469663
3676122201
3642648905
1478159944
1478225480
2081990216
2102956872
2144895817
2144965401
2124063545
2124063613
4275742189
4280008175
4279815663
4245540271
4228828606
4228794302
4232467390
4241896415
4258755549
4258620285
4287915884
4292110716
4275362300
4266981885
4283951517
4283870607
4283859854
4284466078
4024287678
4006998510
4000637038
4000607278
3996396598
1847864342
1864836119
1814179959
1819410799
1827816255
3904095039
3901813535
3901793039
3901794061
3905990173
3897727517
3897727517
2818759199
3087191615
3103999606
3091415670
3091415798
3099788246
3100051415
3100063189
3166987733
3175376340
3210081524
3218588916
3202270404
3204371653
3204371911
3204436439
3195892199
2658955750
3206308326
3210504174
3210704878
3221192695
3216997846
3221224902
3221224902
2675950934
2675687766
2641088838
2641032022
2649486134
2649323301
2649259813
2649259364
2658694500
2667180148
2667245692
2663043156
2667302996
2641949012
2620974900
2621107764
2621111829
2621066759
2625206022
3699205398
3716052054
3716039762
3755918534
3219113174
3198022903
3198004709
3067981812
3195903700
3191443012
3208351308
2939924045
4013686527
4013708782
4017889454
4001116334
4001169598
4001239194
4018020571
3990758249
4238291499
4238088746
4238092810
4242303498
4242319882
4259097034
4254633162
4122509514
4122575241
3047850632
3052053176
3039470248
3173638828
3173545900
3173524908
3177723053
3178960125
2633643101
2625249301
2625184789
3707315460
3706404612
3567974933
3567966773
3584793555
3605634499
3597243778
3593175171
3594436739
3594440849
3592253921
3592184672
3613336352
3588104708
3583915525
3617537813
3621542183
3606890790
3598506102
3598100942
3598106062
3598091214
3581248454
3564409814
3562382327
3495340005
3497523044
2977759076
3011313444
3011335460
3011466548
2977845524
4034859269
4034729239
4034667814
4034668326
4032648998
4057974630
4090349558
4073494470
4073504646
2991374214
2991365527
3054476791
3054417142
3071209590
3042893910
3026116630
3036569878
3036569919
3036511551
3036182829
3027786029
3044628861
3044768093
3086704605
3086731167
3065627295
3063477182
3084444590
3075006886
2533937591
2500514807
2501801815
2505996053
2508093205
2515481877
2515346709
2515280149
2516394261
2516521237
2499691869
2499757405
2499661661
3573406557
3573390207
3573325119
4126979391
4252872974
4282224718
4281962590
4265332958
4265275582
4265243822
4269503918
4269306798
4294468526
4260897758
4258871119
4259003679
4259129645
4259064621
4183566852
4217318916
4216979972
4216996436
4225455076
4225360356
3147428325
3147404501
3113856199
3117984838
3109596262
3092819302
3168335590
3168715494
3181298407
3185394343
3185328821
3176939957
3208401124
3212694756
3212770396
3204377869
3204377869
3196058895
3212703006
3174912286
4248699166
4231921930
4231921930
4236185946
4244387114
4254869546
4254873658
4254980122
3705448730
3707545866
3699159822
3698885454
3707273934
3573187325
3623531180
3598377636
3057282740
3057339328
4062923232
4066987492
4083963236
4051465548
4034913551
4049075478
4082498854
4077190951
4060399415
4064641793
4064777025
4089877312
4089901888
4048970176
4032701841
1880951987
1901856934
1935423654
1649219750
1649227958
1657546142
1652826558
1670390686
816894798
815825678
1889575194
1893770526
1952491838
1948297535
1948367645
1965210125
4146248205
4284911181
4286369437
4261271455
3187537375
3170759166
3187274094
3153797478
3135906646
4209648598
4209709782
4209578982
4209521135
4209508845
4226295000
4192789704
4259882184
4251495496
4247301192
2099817544
2101061081
2100996091
1970991691
4118725195
4152214138
4160643818
4152321386
4152128603
1971061787
1904020571
1904155739
1887319129
1887315289
1895724893
1979532125
1979577305
2013131739
4160598863
4135425887
4141717374
4141725486
4141659694
4141397550
4151890558
4152083166
4114502622
4118700526
4252918958
4261399791
4261398783
4261279991
3992824853
3992955909
3992887301
3967791125
3963465781
3963416613
3961282853
3961398117
3961403367
3982364391
3992783591
4256963326
4256964350
4256964302
4290721486
4290405966
3724138063
3757635423
3747128621
3747128365
3747128380
3747263573
3745174597
3745169477
4282041335
4286313191
4277854950
3204117222
3220947670
3220783446
4160246903
4151862527
4118293757
4118359261
4034870685
1904098748
1912472508
1946092476
1935413720
1935438168
1931309336
1897722136
1880937752
1880935209
1885260585
1893653051
1889458699
1908080139
1404696139
1387852507
1392046811
1392104414
1383780846
1381748975
1381626095
1918762223
1917828319
1935587551
1902029901
1971240013
1952961549
1948610589
1949643039
1949577518
3564577326
3567657514
3568174698
3568045738
3568057018
3569101466
3585892234
3619196298
3601368201
3601510536
3597312140
3526008972
3542787324
3542787564
3509563372
1362096116
1366283973
1367340759
1400895223
1400887295
1920980335
4075680879
4075675703
4075679765
4092588301
3522155020
3496986172
3496836669
3559750173
2486041149
2490235439
2495142191
3032007743
3080241167
3600339015
3602444503
3732529383
4265305318
4265245798
4198124646
2050639958
2067414022
2032022534
2032078854
941363214
941433150
944120366
953102958
948712174
948708014
948709050
948530843
948469497
969432025
994625992
2047600713
1510997001
978317337
978309145
1062174751
1028096799
1011332655
2093854255
2085399087
1833806399
1732703503
1728499981
1666629900
1665942056
1632391720
1611158056
1611138664
1611139816
1615346600
1619536040
1620584601
1907964043
1907899530
938279050
913178778
908996858
1047404650
1048453162
1046355978
1054629902
1044706351
977572909
977572907
977638427
977703963
977708347
977708091
440775931
440712411
436534491
453967050
403602634
403595214
416206558
412012270
1485692670
1485612798
1485611759
1489806055
1498198759
4212110007
4211971765
4215584693
4211916181
4211998101
4279171223
4283325631
4249750718
3713928606
3722315166
3707705278
3703386798
3703317438
3703317438
3707511295
3699122687
3699122557
3699208573
3698816317
1551334685
1551204125
1551236877
1568013581
1599468815
1599312142
3755180310
3755114774
3721561366
3695376182
3426870838
3359761958
3359847986
3359782658
3368222979
3368288289
3385065504
3385139232
3418759424
1254506752
1254541060
1514639172
1514520052
2047125988
2047126500
1782886124
1778691820
1778689660
1778758232
1778749752
1778683944
1778688041
1778774121
3926311147
3931554026
3939911326
3923658382
3898564230
3897387670
2823056054
2831968998
2828827366
2828816150
2895926534
2946328326
2933839381
2933839396
2933913124
2927164988
2939738716
2905136892
2905133032
2888353768
2892612600
2909622744
2892984792
2892849657
2825672169
2834056555
2834128250
2834251098
2834246986
2834246730
2834242650
2834242586
2834185242
2830773274
2830771230
2830705694
3904446487
4172873732
4177199108
4185527348
4216988724
2052734208
2051677440
2052011264
978068752
977544240
977544244
977544308
985671012
1002446181
968899957
952118653
960527741
960626013
994311517
994285021
1002541567
968987047
952218038
952219026
407221394
403029154
402963618
403029490
1477377474
1527660354
1246641922
1254756098
1250559794
1250492705
1519124768
1250689332
1254887748
151315268
134521556
134588132
134590116
134524596
402962100
402970549
407360917
407295365
432461253
440847687
440847638
440894774
440702246
1514447150
2059706686
2059776286
2060223802
3939282282
3930893674
3930894186
3939415658
2882179816
2907341560
2886369992
2752086728
2886251240
2886263528
2887317224
2889404392
2892974568
2909755864
2918021593
2951510361
2934824779
2926434123
2926572379
2792223611
2808935274
2758595450
2758669690
2758637050
2767027454
2767026430
2767018238
2901350614
2897091670
2918069334
2952667158
2883461394
2861179410
2861265459
2861060656
2861060628
2857923076
2853724876
2870486668
2870688700
2837264828
2836211896
3914147992
3922536633
3951826073
3951886473
4220452937
4221448201
4288553272
2113807660
1551711533
1547533605
1547531637
2082272727
2081223622
2135728974
2060230942
2060365878
2056171558
2124317735
2147454231
1836879365
1748797957
1748864533
1748932151
3893797415
3897991526
3905200486
3905213302
3913676486
3909447366
1761963766
1761942502
1761937895
1774652647
1803945175
1803686087
1786982534
2055278742
2055549062
1522802822
1586242710
1317809318
1317633190
1317592230
1318622342
1337499847
1298829381
1164619781
1147842820
1147843332
1080727044
1361808940
1361595116
1395137180
1379474056
1377307304
316156329
855336107
855490698
854360202
854372474
845455418
925671486
892316718
875472958
1009707031
1009678597
1009661445
942543380
947257892
953614880
948179489
2021663267
2021663590
2021715190
1489098886
1522702470
1522702470
1590069638
1590086534
1590675078
1457259182
1450967726
1449669422
3597213994
3605733422
3265994799
3249152061
3232395276
3232482572
3237529556
3222834852
3221786276
3289951972
1142597360
1148888768
1340781120
1324009219
1316668690
1316674850
3457936674
3457936658
3659394322
3659312914
3659310418
3663561175
3670966773
2592842708
2592711620
3146495684
3146292964
3108543204
3105405669
2906294885
2906298966
2906299734
2910553110
2944254006
2940092470
2939027462
2939027462
2938642670
2905088430
2909416362
2913602217
2914585256
2948090552
2931358344
2868438664
3124290248
3123307080
4196950584
4201129261
4201130022
3681028130
1500383266
1483605010
1483091970
418783490
143926034
142877250
143075202
147250562
147229058
138774930
147111346
143439282
143435170
143435169
1233954720
1268695008
1585364708
1579912932
3727204084
4264345333
3996952303
4017923823
4017927915
4011701801
4011103033
3994325257
3996627001
3995525162
3861299242
2804302894
2804286510
2804812846
2951613742
2947156696
2948283080
3183098568
3183094348
2558209548
2558075420
2565353772
2561159209
2561151018
3634888746
3634892906
3370647658
1210582234
1211841866
1211772234
136195403
135146760
403580168
403645704
407643913
424500745
458214987
441442171
441365882
441426266
458068426
432832666
139235498
1212981419
1212982440
1238347180
3419323788
3398342092
3398354908
3398353748
3398300276
3465536108
3482243695
3348940526
3587492846
3574893038
3524561134
3524577518
1376144398
1376149518
1376149518
1388720175
1908814063
1883505069
1884049325
1879886509
1900858045
869063327
848158351
311351181
1452209551
1448011087
1444700478
1428955438
1546461998
1550460474
1554669118
1555749406
1555626527
1557720029
1549331357
526098316
508465548
516854172
1590071484
1581748396
1577095396
1593881637
1410579766
1412611606
3564287502
3589457422
3619143950
3753173022
3734823982
3734826025
2677832808
2673560424
2658814584
3749333596
3446365708
3429447172
3295154688
3292008960
3292029233
3296387169
3571097713
3566895175
3619327047
1591314439
1583122487
1578932278
2050865214
2050882590
2066509850
2066481210
2049708330
2050888299
2052993771
2056131307
999110301
2039230093
1485582239
1489825214
1489955974
1489952134
1212597634
1279705986
1279648642
1279652817
1556599760
1573835632
1574881568
3758065952
3741166384
3740572240
3606351600
4134568592
4266689173
3187724983
3191919270
2655019686
2663605222
2663529830
2655393846
2656835638
2658670638
2667079726
2663042079
2663044173
2663048644
3755533252
3558405808
3558463392
3558757809
3558741425
1410666995
1349984754
1349919170
1081476546
1081544146
1157040594
1173626226
50079090
50094354
44028167
43941892
115052556
1180213308
1176022056
1410902312
1411033896
1952102952
4103769608
3566765576
3566764873
3583803770
3615277162
3594399850
3594395755
2654868587
3741195561
3737004841
3736353304
3735296521
3400276746
3396097290
3391877418
1227415914
1479049690
1480229770
1480241806
1492823950
1488629381
2044444292
2048440016
2047652576
2047140448
2047304228
2047292196
2068058405
2017535270
2026249238
2026249302
952503510
948307126
948176046
948761998
965520782
445623694
449747342
1523554782
1515034878
1515044078
1515971838
1583010046
1591431422
1604022702
1553658797
2090517228
4105814780
4109950492
4097624604
4114389260
1998370840
1997929529
1980223531
1996996906
1963442715
4232503816
4240892520
4237086440
4237085432
4241291740
4232833484
4249515468
4199174988
4200481356
4202578459
4202553898
4202488362
4200397610
3150223402
3116738650
3116804298
4182227146
4178887050
4212392330
4212916634
4217246123
4225638827
4225638571
4191626671
4174852239
4191629455
3654611151
3654582351
3654328335
3713051663
3721443613
3721640223
3721566495
4258438111
4151480271
4151750031
4134700446
4134765991
4134581415
4130382055
4130578549
3861028885
3861098773
3860968740
3877895476
3844275457
3848462081
3848490801
3848490529
3848345123
3982563026
4016519122
4016388002
4024436131
3986689187
3986775171
3970067843
3971149697
4243713729
4235325121
4233166423
3966821991
2909857574
2951800102
2813449510
2813576247
2817750087
2776069189
3038205125
3021430229
3021352437
3025544677
4099347957
4107605463
4254402007
4256503254
4294194518
4294256462
4294387486
3741259070
3741270334
3755824446
3757925407
3724141581
3707305289
3698911689
3698981865
3694779049
3711819433
3743405785
4267627481
4276081501
4273836413
4156354876
3623674156
3581734253
3581897709
3510508461
3510504367
3548253071
3548319118
1389962638
1389966574
1389973614
1392234551
3530085397
3525874708
3525881108
3542847284
4029318708
4042166996
4106146436
4103520908
4107752093
4107543214
4233388462
4233122986
4111549674
1966459930
1965415434
1966074890
1970187274
1953139978
1953144587
1969991437
1428942605
1462490397
1446696253
1450885164
3602563109
3602792695
3602859478
3741214162
3749603202
3699265458
3698935474
3697874674
3706680018
3706024659
3705955059
2086724323
4113687219
4145133459
1983945891
2118166695
2126571685
2126575797
2118351047
2130869342
2132163902
4248175902
4285399838
2112828214
1571623734
1554780966
1555837734
1555824901
1285300484
1222391076
1213812004
1276827940
1281005860
1199475012
1190037892
1122470276
1122340245
1382323383
1378128039
1378201766
1396105638
1362551206
1362518434
3496437219
3496232289
3521916192
3521457968
3555147536
3555014160
3601675824
3601670769
3601806067
3618394851
3618390950
3590111654
3696534766
3692407902
3694520334
1547036686
1564338446
1564405006
1567259918
1567245327
1567163445
1567106276
1567105508
1567105444
367735700
368718724
366621572
291377029
291310517
320109477
840198573
846686605
846644621
853918109
853840381
870613881
837059371
811918123
812449582
812645166
820968750
820968750
812571678
837731342
871279631
854244367
850301965
855420973
844939308
839663676
839786504
839786520
923677480
902174248
881199657
344406603
478620362
478505674
210037450
1557958090
1609335178
1592701338
1592439226
1593483946
3740967599
3732578973
3594166924
4129982156
4130243292
4131161068
3799838952
3808223464
2729730217
2717257899
2692095931
2687896219
3761638043
3760589531
3760470747
3764661849
3773048089
3769372762
4037832954
4038029546
1890513134
1895747838
1899937990
1430180038
1429102918
1433281299
1550783283
476910131
477042231
409804343
418200119
417676087
434453269
451230469
443891469
441742093
440718109
440725807
432316718
415540070
415540070
407167590
403044070
403078862
151395022
172366286
176560334
177081550
176817354
176685258
176689403
177733736
178782312
199835944
137033064
137013208
137012936
136943240
136873656
141068217
149455257
145331097
145339032
1286321848
1307225784
1315613352
1579855785
1580918253
1580916941
1579048975
507396106
377372682
86900762
3087403
2824491
7015145
283724456
279501480
313054872
313049737
308839307
304918954
321819018
271487434
271493066
1349365614
1894558575
1894034984
1894037032
1885640232
1950123548
1967040060
1965729340
1697310229
1730900773
1986605092
2129145892
2145914925
2112499983
2087330575
2087591454
1023151658
1018957098
1018960938
431764538
465380362
178922506
183133194
170445930
170429930
174638570
183091674
195707338
195711306
162148680
145367304
149563192
137045800
137047832
137060105
136896378
136890346
141083114
149455338
145265082
145347002
145486330
145420793
162194936
1240133112
1261087224
1261087192
1227533705
1210693003
1281917338
1290305962
1286111658
1286312382
1290465759
1282073559
1282073463
1298817333
1332441365
1323848989
1323914525
1315593503
1311431966
1311497534
1311298926
1332253162
1307087354
1302888954
1286115771
1303099304
1307226024
1298836412
1596631452
1579923852
1579783564
1579913628
1580110300
2116465020
2116481336
2117460264
1999954728
1968465449
1951492651
1959230058
1959230186
1960270586
1893517722
4053585035
4089236617
4093625481
4076783497
4084122265
4084130477
4050543343
4050473502
4050391598
4050399790
4058775854
4054602798
4054445086
3551263822
3556505679
3613326543
3609123023
3609118861
3614895549
3757499821
3757532637
1601655117
1601241869
1500590908
1483748908
2020632108
2020632109
2020730415
2020718391
4166030647
4164980695
4164980615
4215320455
4198870919
3997343111
4005728390
4005728422
4005740710
3864117742
3866116398
3860934970
3877778714
3844218170
3831696699
3965786426
3965794570
3974441226
3974454538
4192997146
4192733002
4226286538
4226286554
4188680682
3635028330
3635028329
3634962808
3634963912
3639160264
1214856152
1210583880
1227362120
1245255432
171583240
173678856
517693752
509322280
504997224
523806137
1010341257
875073417
929599145
644386473
652842665
577352121
1919529145
1915400424
1915412584
1982472232
1965957181
1949180189
1953378847
1957626494
1957496558
884739770
1956125578
1351121294
1346947470
269207950
340786591
1415374271
1432216061
1467478397
1450627333
1450361605
1467138837
1432479285
1432596021
1425193525
3572734503
3583282727
3587477047
3621033759
3596064607
3730215295
4267110911
4149736959
4149704127
4124407215
4124399535
4124316591
4118021039
4113826731
4147450875
1999975755
1999971339
2004298762
1969695770
1969493050
1969488922
1978090778
1979074074
1972819482
2107104843
2106982091
1438969343
1431629295
1431618749
1431748749
1414971791
1413927327
1439032231
1440015269
1440015781
1473703383
1465318599
1467407431
1467859990
1467806774
1433264182
1441788214
1441748790
3589232166
3589216055
3588953879
3590001991
3589998039
3589871605
3589878709
3589890740
3589894844
3581530812
3581727484
3613192956
3613173613
3615336249
3598694171
3598163739
3598048538
3598056506
3598187626
3598111978
3598075131
3593945243
3608629385
3558240713
1414947833
1425429049
1425371709
3568595517
3568625469
3572819245
3572819245
3579176765
3612792667
3595977307
3596571227
1449079387
1448948347
1448883067
1467490683
1467494523
1467552827
1467683899
1467702347
1474031051
1474035147
1476124105
1475973001
1442351001
1442415289
1442435769
1442575033
1476129467
1467732971
1450824170
1451057514
3598540906
1463776282
1467938058
1165946122
1166011659
1149238299
1156307995
1424606265
3505100153
3505108477
3506157565
3506157277
3497628381
3512455901
3512464087
3510325974
3510309622
3514316262
3497538662
3503823906
1358502930
1090141187
1090135043
1081811969
1148941585
1165645105
1165645105
1207588113
1172002049
1172004672
1171873616
1157234545
1157365617
1157355475
1174001138
1171903970
1205466594
1197069810
1180294642
1180433746
1199271250
1173974290
1173978418
1157135667
1157201713
1157199152
1146869008
1146869008
1142673744
1142673872
1159434704
1180407185
1182504883
1182515155
1182506963
1182375378
1182381554
1190781410
1190715874
3279479270
3547915750
3512270310
3512335862
3512720742
3521044326
3521038086
3522675462
3504861958
3496309511
3227858773
3223666661
2150973413
2440518373
2482199540
2482077636
2461136644
2192691716
2192609844
2190516772
2261836320
2270192161
2500870689
2484355361
2488746017
3705013299
3705560067
3696130305
3557784321
3557784400
1426484672
1460084932
1447240132
381878724
381879237
381748847
373304878
390130726
281142310
281317430
277118982
294421510
332170358
302877927
302685399
302699650
302657667
303702995
318382823
297476718
278409835
277353033
8920600
13376041
1124866345
1108088873
1109141579
1111256139
1114423371
49185738
15643338
11449035
1085190861
1086239213
1084207597
1082959077
1103931621
1129089253
1124894957
1191741517
101365837
106609677
108966925
237924365
103690269
104804407
104805223
1461543649
1423958689
1419770496
3500001920
3502017152
3232336528
3232407248
3500848832
3501843009
2482528867
2457608802
2457608290
2549887206
4158395630
4149173454
4144429262
4144404623
4043811215
4043549661
1883421436
1883418333
4093814477
4093829829
4093665799
4093649446
4093649442
4106367010
4035051554
2424638482
2424571907
2424637443
2160462083
2198214963
2181441587
2185634819
2194022403
2189910019
2189721699
2189721829
2206499301
2441381541
2441382564
2437192364
3003423421
2987301565
2987309967
2986798478
4060505486
4127662238
4127536366
4095026286
4107740198
3835044915
4105598227
4105687553
4103442945
4108096003
3608986179
3591291586
3591030402
3596242850
2532002210
2548574626
2515020195
2515103107
2515166597
2548757892
3623604673
3588805969
3563648289
3563627552
4100498464
3027150129
3077477649
3060700419
3060696323
3061220610
3195372578
3195315234
2926881826
2924981286
2941705270
2908210214
2891306278
2891445558
2891962207
2891929565
3961265852
3978047140
3993251492
3997646500
4006026916
4136570804
4136437188
3062633536
3063903488
3069890816
2506810112
3026903552
3026956804
3035333140
3031156332
3030961900
3036184237
3044569005
3071812779
4129038507
4129173642
4133355658
4158522586
4120447018
4105906474
3573181194
3572132362
3563810314
3563606538
3563864650
3589129193
3619615660
3583992748
3565430444
3569630900
3561236148
3557172901
3288478183
3293712630
3293590582
3293588534
3292544018
3292742914
3343114503
3336036613
3331776773
3330733324
3330445068
2260961900
2411956973
2369825533
2348869375
2353062510
2621481838
2630283374
2558972014
2630767854
2618116598
2617891318
2634735542
3742001046
3754844549
3737936260
3737966468
3729540852
3742203620
3607981605
3607979829
3613221173
3621646389
3617439765
3616392213
3616393237
3620309076
3611986164
3611995633
3578438097
3578635219
3570185171
3570172407
2504376807
2500287971
2634426851
2667981299
2667985751
2681342790
3751218950
3683910918
3683931414
3667190062
3671367726
3662127158
4194664567
4194607341
4215578860
4182549692
4245595532
4228816268
4228829068
4245575356
3977144045
3982456425
4024387115
3871163963
3871098651
3875339547
3866934299
3864640537
3864591561
3863530649
3871982777
4158375083
4124729515
4101644461
4096663685
4096725381
4096132007
4100339363
4109506274
4239595202
4256247298
3719327234
3757075970
3723849266
3723849250
3723982386
3701428787
3701228051
3717756705
3755495265
3730398691
3726306771
3726308546
3726176434
3729318067
3737706625
3603616896
3620392084
3587103156
2640239252
2642398932
2675798612
3756811069
3756794159
2683052075
2642150443
2625178923
3698985259
3699054875
3696836363
3646432011
3654820619
3684262666
3684266778
3688494891
3675905899
3676032491
3726300617
1582031049
1607131592
1556796872
3696152280
3691957868
3691899501
3691834991
3696015343
3754459646
4270358990
4270690718
4270641598
3737437614
3725051054
3657850094
3657852142
3674694782
4182138894
4173750543
3636917005
3632657180
3632591420
3700225596
3704422012
2647449308
2647514108
2639158253
2639150079
2505969119
2501510621
2505655549
2505662717
2513985660
2509824276
2509824276
2509873940
2509936405
2514388533
2505938471
2505867815
2539422247
2539495999
2531107422
3059525470
3055351262
3055406318
3055471854
3074317502
3074315454
3074315422
3044963791
3053384399
4110407375
3036018431
3052791805
3044388189
3044523101
2809511004
2790571132
3864849468
3864919341
3873431343
3875423534
3866957102
1715220526
1714167870
1714167854
1982738542
1990853606
2007633538
1957568130
1420770946
1420375682
1424578242
1420554979
1421599459
1421566673
1442538177
1467695808
1466517077
1466519413
3589871911
3589814319
3570935854
3235391598
3235457146
3243978062
3285914063
3336242015
3334422910
3332231470
3332239718
3347882342
3318522342
3301745638
2228131734
2647562119
2647625109
2639104500
2668398964
2668600116
2651761428
2652565300
2652530452
2656772437
2663981559
2663986343
2676563110
2644184230
2627407286
2627407510
2626356950
2228753990
2220369430
2220369718
2235051302
2239245366
2247830550
2275046406
2206921990
2190050629
2189987804
2194182076
