2720445797
2720457765
2724516901
2716259349
2695289925
2695294917
2695359167
2699319983
2686732974
2687258286
2737653694
2737788414
2725142991
2733597007
2729402633
2746181403
2985131547
2985064990
2968288062
2959939886
2959542334
2422671390
2506427406
2514824222
2514887710
2514886670
3182878982
3182924583
3165946661
3166470949
3170402852
3157819908
3174602308
3124489796
3124423276
3124390637
3124386287
2854897918
2934590606
3198861454
3182088334
3166368142
3168461702
3160073111
3155748263
3162008743
3178785957
3220718757
3220850053
3220858821
3178129093
3178198725
3027005173
3027004901
3035397357
3035450605
3036630239
3036112327
3036112343
3052794871
3051746279
3043293031
3043292471
3043351863
3076906007
3060186391
3060184325
3060699413
3061158676
3061117716
3056919324
3073893676
3044474156
3161868588
3169192317
3169192911
3169271694
3043243918
4113830846
4118020522
4109697194
4105576618
4105576590
4105579725
3568654348
3589601597
1446816573
1446817551
1446945550
1451148046
3512582526
3503866222
3571118381
3566927660
3573201436
3581454860
3597183500
3597183500
2523569932
3068757117
3064497391
3069740270
3057362414
3040520142
3040780870
3040797254
3174945526
2910639590
2918505958
2901757159
2900876535
2900876757
2901931863
2901796375
2893342231
2893344567
2904358694
2908544294
2910645286
2919195698
2852013075
3162375235
3162375495
3162377559
3179159413
3184996213
3214372357
3214376705
3199596353
3200046448
3070018660
3078407268
3072120052
3038705092
3038707652
3076447956
3076413141
3076289269
3209458405
3209458533
3177013621
3160355127
3160347933
3160357181
3170728237
3170851645
3187661325
3187670607
3179083343
3178792910
3212350958
3220808878
3220944046
3204355254
3196047798
3057439142
3057402870
3057521622
3057529318
3057526247
3069525477
3182763249
3165085136
3165552064
3165581120
3166694976
2629689200
2499607840
3042765856
3076322337
3072316481
3072254017
3076448503
3082744806
3049211622
2516324066
2484342498
2484341330
2486647042
2486577170
2490771474
2443581698
2208701698
2191921410
2191856386
2192835346
2192839010
2209673698
2176122343
2180286951
2213841391
2188675295
2188679247
2186664015
2186705935
2186685471
2169908543
2153134895
2163612199
2164136487
2158836247
2162956807
2162957063
2179751687
2179775831
2179773943
2171377143
2171377079
2238553525
2272247221
2272247189
2255468949
2251274645
2251274389
2250685653
2384919797
2384915837
2389077821
2406362685
2356034069
2288859671
2289637895
2289711895
2298161462
2297969958
2295887223
2312680775
2342036805
2325261684
2329460580
2597883748
2589494548
2589828116
2589892660
2652811301
2669658149
2671641711
2638088303
2638092654
2633907054
2629708406
2629778118
2646366918
2679953030
2675757702
2658972310
2390209446
2658578851
2658530723
2654270595
2520014019
2534821063
2501011671
2488674647
2631285063
2629176135
2629110359
2633244278
2364806694
2413040446
2413633854
2413568318
2371096895
2371158905
2354449016
2354457304
2353281736
2311338568
2344889160
2340889864
2407932168
2408976649
2279145771
2272805226
2239286762
2220476842
2354764698
2363142026
2363205258
2381883034
2415428522
2389213674
2255323498
2250748218
2250744094
2520162573
2520162637
2501289420
2484528636
2484493740
2486586796
2419462044
2423658380
2448830344
2547265435
2538876346
2522102010
2522103034
2547463274
2543259674
2511609867
2243178761
2360619321
2360620841
2364881449
2364881449
2364829243
2354864651
2371674634
3319579402
3353198970
3335504235
3335381099
3326993449
3322805291
2249050139
2199898122
2166278410
3223247562
3235826330
3516892810
3516760714
3550253707
3549729193
2459218089
2456858792
2452796585
2452798637
3525487773
3525504205
4063355999
4063421487
4083349295
4091971119
4092036639
4075078159
3010241039
3006050831
2973206063
2961083951
2969475647
3035556359
3035556358
3161434630
3161242406
2905398566
2939011358
2838380814
2837860639
2833731951
2830398445
2832469932
2823043468
3087280524
3087280540
3099995564
3163948460
3164471724
3183281092
2679697861
2683871559
2675483702
2671354914
2637935650
2621086982
2621107462
2621106438
2625300791
2650687781
2684307765
2667384149
2667386711
2600277591
2599753302
2658408054
2658408422
2549954470
2512201126
3569168822
3300667543
3304333445
1161040028
1158942872
1141137416
67411976
68462856
68266253
3258654
1081313566
1089964302
3237906702
3269363150
3334373838
2259595599
2259595525
2260643876
2260574240
2260508704
2281500708
2239546661
2235319909
2235450989
2222857839
2222939775
2245884623
2514480078
2548017630
2531040254
2531036127
2522383759
2457440399
2453266575
2453233919
2469081325
2418675951
2418685015
2419732239
2432314895
2426093071
2426158623
2426175007
2476531211
2458684937
2462879577
2462881768
2454492664
2471269304
2467075000
2500694696
2500842157
2483974846
2483978126
3561908662
2496555174
2497509542
2647968966
2641818822
3749093831
3749155269
3749024741
3749024741
4283820001
3075991027
3075986930
3075855590
3077887206
3069472998
3086311670
4160173535
4118231005
4150746749
4146548285
4146453053
3882150429
3873745181
3873811485
3869738045
1740079133
1735753741
1729490957
3843547165
3843448941
3843953901
3843951021
3992914601
3988589241
3887938204
3888066188
4156384908
3082347148
3052991116
3044586156
3027804844
3028002436
3026167493
3034560213
3036518245
3036462887
3043811111
3009732391
2993151510
2993092118
2992789270
2992641302
2988446758
2988442662
2976252982
2430992407
2426802181
2494968069
2495035157
2492743221
2512657237
2261010885
2257373319
3335298199
3603543207
3591221431
3743322503
3691950983
3691946631
3692013127
3695683127
3692427046
3694427942
3710991662
2641500446
2641496350
2631010590
2630946110
2625643822
2625905518
2625905646
2626438062
2508768159
2542305677
2546500996
2546577300
2539240852
2539257236
2468085236
2436529636
2436525285
2419729639
2423923959
2421913047
2447066519
2480653717
2480658325
2463741844
2455281604
2455280988
2539240732
2539499325
2508187437
2507073071
2490295846
2491413286
2491207990
2488648790
2488648919
2487731415
2504449109
2539060293
2673278277
2656501335
2673311319
2538896983
2537830143
2680435438
2646897638
2512679399
2491760869
2497528021
2497572933
2489181509
2489056596
2484788564
2501574101
3608931781
3592027605
3592281429
1443880309
1448041527
1449024533
1457394708
1449070644
1450979364
1446780980
1195122704
1144919297
1144917506
1157500498
1152192242
1085239938
1085272706
1085121154
3282928258
3282929587
3249381297
3245119908
3241974180
3510155748
3508137340
3508200269
3512726333
3512595263
3511677823
4048417278
4048344574
4048330238
4048526591
4048469503
4056923615
4048549855
4048540255
2975847007
3005084287
3004981871
3009225326
3009353710
3017737710
3017612782
3013164542
2447064526
2447062350
2430285070
2430284063
3506114845
3233354037
3237492004
3229101092
3225172016
3223263280
3239974960
3243146512
3285119233
3281965825
3281428993
1186366019
1203733235
1206765283
1164791521
1093409120
1077696544
1092384800
17623072
51375104
35570688
39231489
41320515
37195987
37736691
53416178
19340515
6757091
11344610
12327522
11812578
62207682
45425346
45568707
45597651
44405745
23434721
2398688
2406496
3450960
3643409
87463953
104244227
104235010
108511314
104321106
103248114
86446307
73866721
82119395
82053730
78912034
78919186
83190274
98034178
127370050
129466706
95913425
95914480
78956896
70572128
87353376
120977456
104264704
104259585
107364418
107991122
107966962
107991538
99571698
1152195298
1085037282
1084512994
1085570786
1083568882
1083564738
1138222018
1138213827
1138738129
1106759152
1098172896
20764768
53798944
34924576
35059712
37151744
37122049
37175315
103764082
107942130
32444899
15015905
14949088
14948960
14948960
1089944081
1089961473
1104635392
3264701184
3266822481
3267348337
2193608689
2191314912
2191286240
2190274401
2194470757
2186278748
2186277885
2186277373
2169500119
3226399175
3226394050
3225868738
3225909714
3221584226
3221518690
3221518690
3271982402
1108796738
1108796226
1119273794
1119339090
1118815858
3267219043
3267153507
3267161955
2187128291
2183132583
2199384471
3243692421
3235287941
3231159173
3231039412
3235232672
3222387616
2148645280
2148580832
3224412528
3224478017
3253904131
3282215426
3282469382
3286748726
2170932006
2167195942
2167199782
2171136046
2171137038
2213109774
2205696286
2203599166
2203664686
2203808046
2212176166
2212049191
2212041013
2212057397
2211149076
2202629396
2169003280
2168998160
2169231632
2169437488
2169417008
2177802528
2211361601
2212405953
2195620483
2197783186
2204993458
2200542626
2166922402
2436420770
2434299302
3491308935
3512411551
3520806829
3587911613
3587911068
3579655580
3311211925
3243575253
3226863173
3235317253
1087389473
1102063905
1102064929
1135763713
1118986497
1118978305
49430785
53952803
53789731
51660835
51664931
50599987
50612291
54939011
54948738
30827394
28820098
31839890
31841938
1105566354
1088920242
1101241011
1101043683
1102099427
1102095203
1135846179
1135780611
1131839747
1093042451
1093061683
1093617713
19875889
53241904
53241872
36530176
37637248
41304192
41369728
41373840
58143152
23491504
15102704
1085756960
1085359648
1085330977
1085334051
1102111283
1136063042
1140213442
1131808466
1094127350
20909542
1838118
1842214
1845271
1845303
23034935
56030210
47628546
49725762
49791426
41398738
1140241394
1106687859
1083676449
1082429281
1082435425
1082434273
1099358913
1132913281
1138119315
1096221362
1094010850
1093995554
18091047
51656727
33826839
33843237
34008261
35058821
35045509
41402501
41406869
24630193
15193761
10869408
11852513
11860577
11857507
11854435
28762642
66507522
58114834
20431666
18138402
1886246
1886247
1894439
56420373
39778311
39777351
41865351
37666951
37638295
37647283
25047713
16195233
11868833
9706209
9452129
9463331
9462563
28467475
57860354
20103938
20103938
1557779
1362211
313635
301089
50833457
33990723
35037379
39239875
41402770
41341842
41350067
1098307313
1090477793
1086152417
1086095072
1085564896
1083990769
1086284481
1102975683
1107165906
1097810802
1076184102
19156006
20215846
53766166
37021718
34990135
35042311
35045574
35045518
37208478
1115083710
1089926822
1088944807
1085627047
1085561573
1085570789
1085563621
1085563621
1102537445
1136030693
1098236771
1093976355
1075104803
1361955
18151475
18114563
35022849
35024065
35020931
41304450
41370002
1122456466
1139167922
1088935666
1084611122
3232029218
3232037411
3232034337
3232031265
3249922673
3283514065
3287761637
3241493477
1077166309
1075072037
1075075109
1075079239
18114759
35059847
35055750
35054726
37142918
41403286
49713814
31896243
1088926243
1088744995
1088743969
1088711201
1084549664
1084548384
1134993665
1386655745
1392410625
1381924919
1376616551
1376551151
1376556266
1376565483
1913424123
1913559259
1997450171
4119767707
4119766731
4254982858
4254921418
3168326618
3157914474
3158041450
3023757930
3027915354
3044766410
3044570843
3044601833
3044867241
3044859049
3051343001
4108252297
4108312777
4234010827
4099895547
4099805547
4101969263
4101973359
4101465469
4109792540
4126563596
3052850444
3086469388
3061180948
3061182004
3061309972
3067605524
3063366229
3067364078
3067876014
3067871406
2522612910
2524911802
2659072154
3732809934
3749587150
3747490894
3487379726
1335636255
1335636316
1201500636
1173909928
1163421096
1159350664
85649804
354085784
387710392
370782648
389583320
1999147273
1965602073
1697296169
1680587561
3848899113
3848899099
3890843194
4016670254
4214997550
4211745342
4179243302
4162531430
4177068258
4171956450
4171890867
4171903127
4172883343
3638045069
3645417869
3658328461
3658328462
3662457230
3662461914
3662460442
3662451226
2657079866
2656981547
2675847721
2633630508
2632581164
2628322516
2628258964
2628263092
2628529317
3702842543
3707019695
3746603950
3725624206
3724576142
4278232526
2097196047
2097196061
2081682717
4229068061
4250284329
4252895017
4261283625
2650738041
2650290635
2681744330
2677550026
2677548698
2659738298
2660811450
2677572602
2526577147
2526577641
2530771560
2520298024
3594101272
3594166792
3594183432
4131022104
2000575529
1949173867
1953368283
1953368266
1961184394
1962237066
1970558411
1414813147
1410626395
1412919834
1417601582
1421603374
1555677750
1555616530
1553584434
1574494306
3730350306
3726307570
1578816963
1580877441
1597638272
2101020352
2101084900
2088510060
2086417256
2094281000
1037316376
1037304856
1036256313
495197483
1556360458
1288988938
1288755466
1280346394
1288800474
1150459098
1150461130
1082306762
1082556574
1100394685
1138204836
1110929572
1110328480
1378763920
1379849344
839573664
839704736
571269537
558137780
1631814620
1883488092
1900128828
4047739452
4110658060
4099140108
3029527084
3029530153
3029533227
3163882026
3168535274
2642151082
2637958314
2638159018
2640260250
2681203850
2660215946
3733890186
3738083467
3725373695
3725426747
3742277643
3709755403
3558747466
3558746586
3699259882
3707571114
3720022954
3753578378
3736606603
3468182473
3462955833
3462964008
3479807272
3446383928
3429556541
3426406687
3426369855
3428435247
3428379951
2287593773
2572810557
2639895324
2684002052
2679804436
2679804436
2644017684
2642973300
2621998823
2617887398
2634680998
2601126822
2584361142
2589600902
3136974982
3132747974
3136856142
3145244702
3120145211
3099239961
3099302424
3103300152
3090717224
3107519272
3106408744
3156870952
3156870121
3169452714
3031040682
3030975403
2494042541
2494045372
2498238620
2239314060
2407147660
2270882956
2260379533
3334112206
2259190654
2263389038
2280169838
2271782254
2540287086
2506863870
2506728654
2502485453
3576260060
3509268476
3492427692
3492415164
1349125784
1349129880
1365850041
1365777849
1365777835
1374436858
1106013194
1089273098
1088722190
1088796430
1084601110
1085272883
1102047009
1101979937
3283005729
3288240385
3271459073
3258876225
3275653571
3275654598
3239808438
1359515046
1342741422
1342766014
1363763083
1397370251
1397370265
1406805432
3554620840
3252490668
3243520988
3226940164
1087845892
1085554468
1085287713
1102062881
1135763457
1118990593
1117143299
1112948995
53985554
53855522
51698723
18151459
17098787
17090899
54971779
54980995
64398210
32932738
33002386
31840146
1080549011
1088936691
1088936545
3232037729
3232821088
3249578272
3281035553
3264381697
1116898113
1123205891
1126564150
1126632742
1126438950
35928102
35989527
37103623
41289805
39256461
49611661
49664917
66581141
15119029
1088918177
1084595745
1084525089
1084526435
1085581283
1085580259
3233194899
3283518338
1136116370
1131794338
1127504355
1093933091
1092892707
19212291
19213315
19277059
23474947
31851267
27722434
28660371
28701331
1105573523
1101503187
1102547505
1100253985
3246694177
3280249123
3263602963
3264655619
3266478915
3329672178
1193738726
1194659302
1158945063
1158948911
118827037
118827021
39127053
39199821
41353543
41370582
49730518
133624470
83276530
1151778675
1151699811
1153206755
1153209827
1153213409
1152885713
1203143633
1186447763
1207386547
1161108583
1161041957
1144272933
70527269
87435525
125184773
117311044
116327303
116245382
116323222
49214354
57078674
15128242
15030946
10799843
11852065
11855137
11854112
28565760
62050560
58114304
20349233
20434209
1329185
280609
17102881
50841601
38194497
39248323
49725891
48746899
40366514
40300978
1097323954
1088805730
1084590626
1084525091
1085584931
1083482723
1083482995
1134006739
1132888529
1128777137
1090866401
1090783329
1074010401
272673
404817
17180097
30802817
64369025
64373123
66569107
66573203
28800915
28793491
32971633
32770337
24394016
1127492896
1127687424
1115042048
3270906112
3266709249
3283488275
2207714866
2206993954
2173456162
2207041318
2207023470
2207232494
2211295662
2212270527
2170327965
2205521557
2203564692
3273112464
3271997904
3271993392
3255281713
3255228433
3256231937
3256232963
3258332163
3279815954
3287222066
3249477170
2158827058
2158827059
2157714979
2156403299
2156403299
2156457571
2177406967
2211288567
2211418595
2203031011
2203957667
2203949489
2182977745
2182985921
2182084801
2182019137
2183019585
2199792707
2172527875
2227048194
2226064946
2226915874
2157713954
2157719074
2157719078
2161962790
2178713382
2180810102
2172420567
2171441623
2204995985
2206055856
2189277328
3258824848
3258824912
3258955984
3258972272
3258906625
3258873859
3258854658
3279881474
3287090450
3249345842
2158835250
2158829170
2158829154
2158762594
2159828578
2159867618
2161947363
2203948005
2204086769
2204089792
3277699264
3273496784
3256850672
3256858720
3323983904
3323919360
3323917313
3325976643
3355312450
3299543026
3299417842
2225676002
2226659042
2243436258
2243438306
2237145830
2237358995
3294290563
3227182977
3227168640
1079548816
1074301408
1091340528
1125025856
33994752
33990656
33995792
35042321
1108779282
1115083090
1190642034
1206370802
1206768050
3320666034
3299695282
3299416802
3299416802
3299352290
3300402914
3300402039
3304792389
3321524548
3321394192
1207752736
1197266976
1176303648
1176303664
1175845936
1175901187
1175900162
1178525698
108937298
99565810
1152206066
1151948774
1286152038
1286086510
1156067178
3296227178
3308814186
3329882106
1189738203
1206507225
1202306776
1202437848
1202434012
1198243284
1193917508
1194908672
1194974256
1178487808
1110336512
1110324483
1122960690
3287226162
3282909042
3249354322
2158837362
2158829170
2158758499
2159812193
2159568613
2159567588
2180829652
2172424660
2155845024
3254696352
3244210609
3273501041
3256154161
3256145971
3256276995
3256243203
3258344450
3279290370
3233743314
2158954226
2158825186
2159807202
2157714146
2157193954
2161388131
2169790327
2169820535
2169876823
2177343829
2177343825
2210774225
3285489904
3260319984
3258222832
3325397104
3325483024
3325483009
3325438979
3325436931
3345416466
3320250674
3299677042
3299684978
2225682035
2226724451
2226657891
2224568929
2223532769
2227760865
2253039045
2261418433
2261483921
2261618097
2253162721
2248972513
2249042017
2249058355
2249091091
2249600003
2249602051
2268463362
2226520850
2225538674
2360673890
2360614626
2360622819
2358521575
2362727143
2354351103
2371198431
2371198431
2370289119
2403837397
2403706325
3477187793
3477191889
3477313745
1325643857
1308862577
1308809297
1308772417
1308756035
1310068035
1261831634
1266095058
1223103186
1218777683
1219826289
1217663585
1216361061
1283466861
1287678699
1275124715
1291946474
1325636058
1321384398
1317182543
1317113935
1321238543
1308672039
1308639270
1308758054
1308762114
1292243202
1283850818
1284966002
1283786467
1149251299
3300928225
3292556005
3305176053
1191292877
1195484621
1195488735
1195606525
1195611125
1195608021
1195609553
117541073
117541104
117803120
1174771761
1174862849
1174809667
1174807746
1195770242
1205207986
1167524530
1301623478
1301624503
1300577975
1300519663
1300556335
1304750637
1296349485
1280740621
1280741647
1280741645
1276543237
1292337445
1325710688
235202656
100984864
100952096
101137408
101061632
117572928
71435073
76678739
77006435
209979107
209990370
209986278
214201070
205833146
218598842
218602426
218606490
218344330
218344334
264482190
243504334
243367943
243367956
1317114912
1308664864
1309843504
1310113792
1328988416
1328956736
225906643
217521074
213195442
213195442
210837154
1284515490
1287660198
1296130695
1329779335
222544599
222344741
230730273
226536224
264284464
264288272
117610496
100830224
100828160
100828161
102137857
240550083
1584890258
1597477778
1568126610
1550294706
1549896354
2087832226
2085674722
1967187430
2009097318
2009079863
2000891909
1430660101
1413885204
1422277408
348523056
348588800
398727424
306478288
33975488
1107711169
1108754817
1112949651
1140277938
1102517938
1086133938
1086135970
1083973282
1151086498
1150037922
1166828966
1204638118
1171083767
1170534741
1145365780
1145367824
72673296
68282416
84125744
117672240
100828416
100827392
101888257
106332227
108429522
121095634
86466034
73882611
6642273
16079457
16007011
1106519395
1140269378
1115045954
1115046082
1140277458
32986610
1084710898
1084578419
1085626913
1100249635
3251923491
3272929043
3273585923
3273568259
3277750275
3317596243
3317666001
3300888817
2176157089
2442431905
2471795617
2450833377
2449979377
2449908673
3523650501
4060537797
4078960085
4078823909
3814583141
3822975853
3822898157
3822897629
3814543759
3776868495
3762159758
1614221486
1613046190
1617245614
1621428902
1622612630
1620122246
1620064903
1888497351
1891642655
1908552767
1976791095
1976856631
905240855
930149663
928093455
927043407
922980319
922980253
922924989
927114685
2000872927
2000944606
1459673438
1459648830
3708086574
3712412718
3699830806
3699785990
3567141126
3567207247
3569166061
3585895084
3610561196
3593783988
4130835100
4130782668
3862013260
3872432444
3868238140
3868229948
3796931868
3792745788
3793196068
3793132580
3793157157
3795209511
3815640438
3824094678
1643060694
1634672086
1617706486
1617243638
1625493462
547556054
548609558
546512398
612384270
612380174
629206538
645970762
667192282
794594235
761105339
756521885
739680141
739424143
739420159
625125359
658745327
918611839
1983967063
1983966997
1984036141
2009333036
1975712108
1958926717
1958922581
1958922565
1958922567
1975635414
1967179190
2000736678
1996612006
1979949478
1715642798
1715712447
1723973023
1723902431
1715579231
2114189662
2114091278
2130848014
2131901710
2132151598
2111178030
2090141487
1015355199
1015297869
948183884
411050957
415261661
406905319
406888870
423667110
423670966
465605886
465810942
465810814
1002878239
2043065612
2034684940
2032065564
2015229996
2015353132
2031507772
2031504156
2068282957
2076649167
2076517006
1497633438
1497367214
1505834670
1505982118
1602417590
1602457990
1585746374
1586802967
3755254037
3757548820
3588668676
3580280084
3577125172
3577071916
3577071932
3711336276
3698742868
3572908660
3568779895
3568653174
3719614822
3723818022
4245748774
4245740582
4245781554
4229098498
2085807363
2094155521
2109801264
2067796257
2046829857
1514218807
1522677031
2055411494
2055223095
2071996183
1497392967
1476589383
1476577221
1476648917
2030108023
960554871
994109269
994243397
2042811205
2043106108
2026140460
2026135852
2017977660
2017910077
2026294655
2026233727
2042675166
2067834830
2047055246
2046984591
2047054013
2046932156
2114188460
2118319516
2143747532
4240887516
4240821876
4240766572
4240728639
4258624062
4224742190
4199563558
4199547942
4194311206
4215352630
4190251270
3632426247
3632421892
1484866580
1488999444
1497387025
1531113555
1514594547
1522979042
1522913698
1531246002
1493560711
1476853639
1476840071
1481034391
2042920695
2076469223
2051302261
2051436885
2047230236
2047197484
2051338540
2042945832
2026284296
2026019080
2026014984
2017564984
4164991272
4160793192
4244692696
4265722568
4274242232
4135834280
3062034857
2994958510
4073992366
4061400238
3510372526
3493727134
3497929358
1895179918
1888756366
1892950942
1364521390
1395949674
1394639114
1394647305
1399106824
1407494168
1407694904
1936111641
1932433419
1999539466
2003730714
2013167930
2144792602
2102718490
2098511898
2081865754
2080793690
2080565594
2080570090
1842731755
1838467753
1838468761
1872028296
1842668424
1834251144
1947337400
1947337389
1947346607
1951547046
1959804838
1911562662
1907368342
1938890950
1938956486
1939043671
1945140581
1944070244
1918904436
845297924
845553420
854984220
848561788
851183341
867969006
296691118
300836270
289333678
320700838
302809558
302809358
310149391
309108757
304981045
305111093
305045525
288264197
271499535
1349437199
1357827614
1957644846
1958595182
1962723822
1954347198
1970646174
1999941775
1997598863
1997586575
1979895977
2130862569
2135057000
1841373736
1837116968
1820404248
2090019592
2094074633
2110855739
2110013051
2135692027
2135704283
2135770059
2135782361
2102211576
1439442600
1439510188
1435381404
1439055500
1371868828
331614127
331355566
314586302
306344086
302182582
305430646
304382006
304390166
304390199
304391221
321370129
270972929
1344714753
1416018177
1424919825
1961787681
1971310881
1983766560
1983766548
2000605196
2101265468
2105526313
1844824107
1840633898
1876293930
1859447066
1846862282
1846833546
1863664523
1832272553
1819673256
1828062888
2092056205
2091985549
2089889469
2094016189
2094015167
4107281055
2009084667
2004947817
2005996905
1909471529
1909532953
1943021835
1406156043
1941983514
1925239066
1918337290
1918271818
1914011914
1913949994
1917094442
1917094443
1913043481
1913040457
4061569609
4111791065
4095066601
4099293421
4107686103
1956012278
1955946726
1955881190
1968235751
2097401029
2130889932
2130897100
1862461660
1867770364
1875963820
1874908841
1841324714
1824547578
1824617194
1816204266
1677788138
1678970842
1951541835
4233308748
4124130012
4153490140
4157685324
4136751628
4135682572
3061879356
3079705132
3079713324
2811278887
2809375526
2788657446
2788526374
2923399206
2923334678
3995005958
3994969094
3994952806
3996923042
1799163042
1753090482
1760430722
1757289091
1757313665
731737793
983328017
989356033
976838657
992550929
959000608
942289248
686425824
683282160
683625173
681531973
698181895
735864839
995916854
688676902
671883374
676082155
944452329
969545384
998969016
982006408
1053321868
1054371485
1054668479
2128466587
1995866763
1979089291
1953674441
1953672264
3564353560
4101085228
4096829484
4098927916
4115707692
4124087084
3885216301
3868635943
3868627238
2933359670
2924839986
3994533938
3994992690
3994965090
4011799782
3980342758
1816008566
1753155414
1778190166
1771840791
1804870935
1803838774
730326302
700894478
692504654
721869006
721616078
956456142
957564126
688916463
693375663
735322857
731194089
730145448
998717084
998710924
2026187404
1489316764
1556294076
1556299164
1556087772
1556104156
3699434108
3699417644
3717243428
4153452389
4153453926
3067197926
3054603110
3054996006
2786495030
2786499078
3860244998
3860115254
3996972070
3996939302
3929931830
3946708998
3894804550
1751520455
1760894183
1756696035
1755253587
2023692867
2022452929
2022452944
2022450896
2039244736
2072962496
2077152640
2051984512
2068236416
2076625029
2076560567
2042941862
2017780142
1749312426
1745122026
1745187498
1745354427
1749416601
1774578313
1841625737
1875178905
1867575704
1850864072
1716699609
1733443897
1741894953
1632713001
544291113
544356635
812784394
819076874
563151450
596689914
599819194
583041434
574652570
574654699
570460393
1660983529
1661118937
1662167497
1729291723
1729356251
1729118699
1729183977
1735528685
1743921263
1739792759
1739661685
1710306789
1710296532
1685133701
1683041159
1691581087
1691507375
1708383919
1708183231
1741735630
1727063566
1727047487
644922671
643865901
639732767
639806478
639822878
639892526
645061678
628245566
611467334
611451078
879952322
1014174711
1014043367
1011880679
1020276461
1016081133
1049701085
1049811663
1049856975
1049663822
516989966
974168110
974172202
974303274
993173566
993452062
993415222
959906855
941560935
940447079
940442439
944046789
952377941
948249196
948269612
948199980
965010956
968943368
994168072
994167912
994113769
1002825897
1002863771
1002884250
1002947770
994361770
960779195
960852635
2017878731
2026272345
2027257400
1490314796
2021418796
2038232872
2071954232
2073989944
4204700460
4203520301
4203521086
2057088046
2048702574
4196239598
4196305126
4196305142
1779363286
1780408646
1780380614
1780446150
1853805302
1836466806
1828081238
1823952455
1827957319
1825861239
1825859431
1817522533
1834221693
1834242125
1842176088
1841782904
1825009720
1816466441
2084897866
2084906330
2085037434
2101688186
2110064250
2139555338
2140538442
2140612170
2140415578
1569994458
3704882843
3704950457
3705024184
3704759992
3436193432
3429892744
3425714840
2366865896
2362613800
2626920488
3702563896
3701515272
3567428649
3567682607
3563488302
3744826406
3725950998
3726037202
4262871266
2115371170
2117472658
2121675650
2130056066
2109150917
2092252868
2024811100
2022713964
4174408252
4165003788
4164987400
4190156344
4185952808
3951075880
3934298649
1787011866
1782747434
1778486314
3993290858
3993258090
3993372906
3993385161
3993386184
3980853704
3965125576
4244505304
4240310952
4240380604
3703383742
2629054126
2629054118
2364546726
2368753590
2400439750
2650973198
2664606735
2660412429
3734022172
4272990236
4277180477
4264594471
4264922150
4281762850
2099687426
1814487042
1814487042
1680765218
1701790563
1711212272
1711214272
1962883712
4108135040
4032572068
4041030372
4036823796
4036824772
4036256453
4036289270
4036272738
4048851810
4044652770
1929815170
1996924034
1711602818
1711328434
1711426722
1711410338
1845636498
1867656834
802236118
766520935
766520887
1821404687
1821437454
1821437471
3968906799
3973101101
3988894252
3988951560
2906895880
2906717784
3846200952
3841989356
4148173484
4148365487
4158064814
4143254718
4139123902
4160106654
2144739534
2136088646
2135122182
2101395734
2101397270
1024497431
1024632133
2080548293
2101454004
2034283940
2034546100
2110173076
2143743892
2143747732
2144820212
2136284140
2136292861
2138246621
2138180815
2138184798
1039348798
972043310
972039470
955265342
955265290
946876686
944792862
944828190
944945935
943889165
952208157
960536372
994088532
994219716
994218564
994285172
960624228
960527972
960506469
960510247
1002510398
734206062
1002593518
1002688766
1002680478
994160774
994095494
989901206
2063643063
2063700391
2097395125
2101526516
2109915092
4257413956
4257413444
4114795781
4115776885
4115948903
4116019071
4124529630
4123329502
3586398206
3569628526
3569624423
1951743015
1951865879
1960270855
3570924551
3587304471
3612468343
3596005575
4061573575
4061561733
4064641701
4073490085
4090287781
4056217253
4056410021
4047922599
4077348279
4078378390
4078243286
4077979126
4084275190
4092801910
4054933846
4038193430
4038194434
3501436162
3501435906
3505502259
3497039907
2440547347
2440481795
2507035923
2540590371
2549045027
2532169507
2527985207
2527985207
3198983735
3215244839
2682564133
2682564133
2675768887
2671595063
2604467958
2604598966
2604545958
2608673958
3153865894
3147570423
3114097879
2577333445
2581523652
2572594500
2572529220
3109404268
3210067948
3208953837
3208941039
3204816894
3171342046
3171349214
3171316478
3171230442
3171758715
3176085368
3176996152
3185051768
2650277976
2645240025
2645178569
2646490315
2646560970
2678046938
2678051322
2646446574
2650584045
2621219556
2621222596
2621292228
2619203204
3693078404
3709756820
3613287892
3621651541
3623226391
1475807543
1475615038
1467230526
1467229502
2004299838
1920339998
1914126346
1933885466
1942786346
1372358443
1351388712
1372498460
1397664332
1443867340
1444785804
1444843404
1449035164
3604906388
3588153493
3570851973
3570852231
3564529047
3564586983
4234444647
4251249447
4293192503
4293191991
1860499767
1860287799
1860407351
1852018742
1848746006
1848680470
1846603790
1863344223
1813146861
1817316076
1827801836
3971418876
3971305084
3971247628
3988055820
4256457997
2142522398
2138319926
2134125606
1563827302
1547044166
1547044802
1559365330
1553008354
1570009827
1568989843
1602527873
3750208129
3615921025
3620112259
3621684609
3615475185
3577540961
3577504549
3580633893
3564053309
3572447037
3572309821
3572062527
3581499775
3577346511
3577272719
3615280527
3623732639
3619607197
3753833117
3720278685
3724505837
2642174949
2641682791
2641749095
2650207351
2683827543
2681529671
2673125189
2673190485
2673342069
2639714149
2650260837
2650129909
2683663863
2675832063
2675832062
2671760638
3208631542
4286485630
4269718622
4278173022
4278037774
4269581599
4265452831
4265604383
4265006359
4248192295
4097197091
4101440819
4109832498
4105654642
4105654642
4106212850
3049182658
3086964162
2524795842
3732738802
3732738786
3757843175
3753651949
4256971500
4244388860
4176746748
2020874468
2019703900
2020761612
2016460812
990949388
973381660
973447213
974041149
1041161517
1040788204
1061694120
1029184169
1012603563
484056731
484053902
345899406
347079054
347079166
347133310
78884215
129150325
112371029
116564421
374505925
374374903
1447077351
1447079271
1455468326
1992474406
1977005350
1951830326
1954459927
1949999383
1950005029
4112096229
4128803744
4132014480
4132092800
4132110208
4150158976
4246610629
3158188790
3162318374
3165924902
3165929254
3181649190
3215744054
2662124550
2666105862
2658769927
2654512133
2587403284
2587472916
2604311828
3174737156
4248495380
4230661236
4234857700
4234925237
3992581301
3992514741
4015579325
4011385021
3977892025
3826938361
3831386936
3832940088
3774156345
3772787259
4041222682
1911564810
2004171082
1450511578
1458897050
1459421386
1472135246
1438519582
1153266215
1152700965
1148499457
3291916035
3442914563
3442917122
3474368002
3412046546
3420426994
3688813299
3684385511
3673687781
3472366060
3463981292
3463981164
3464181876
1316632660
1299846208
1283326273
1277150017
1277141715
1277076035
1283367491
1291750979
1202620931
3601697328
3601644064
2532097824
2524769568
2520542560
2520526240
2503875984
2487096960
3572369028
3567714982
3567522726
3567268262
3567269030
3563117606
3575692310
3575884806
1428335622
1428335874
1432786690
1433833218
1433832899
3713959313
3747591600
3613381024
3596022240
3598115824
3598087156
3597088116
1457855829
1474631765
1436891159
1441077286
1433668646
1429488934
1446990598
1446961670
1451090438
1467998726
1161716038
1144933830
1144932566
1148668070
3568650406
3569114534
3569149862
3619480254
3602694829
2532962956
2524701388
2520433356
2536170092
2506712936
2515037544
2498259048
2498291816
2490161353
2507070667
2642341002
3714045146
3713388762
3713527930
3749175355
4269258045
4269126956
4269777956
2122297380
2139074576
1820307456
1815982080
1816040448
3961427968
3961423904
3960322528
3976575712
3993493136
3993486980
2924987028
2933244580
2931081893
2931607214
2931621614
2952589054
2893966926
2889803342
2889868878
2892883582
2766980911
2783757615
2779569471
2783771999
2775182815
2771051998
2772101118
2772091358
2709147854
2709508250
2709308650
2717664378
2717734010
2709410890
3846055242
3846120266
3850110714
3858564842
2763853739
2762809259
2762809019
3031252619
3047958153
3085705865
4135396233
3598529467
3598525375
3615433150
3615367582
3581813918
3590259966
3589211262
3589094430
3589106699
3618432265
3622610232
3613963048
3597185832
2540409624
2549781256
3585770248
3568882472
3573053229
3698859629
3693813487
3693747903
4230619054
4235072942
4285415886
2121187662
1580122382
1580041486
1580786750
1584983086
1584983086
1533557806
3681098798
3647540526
3640266270
3371830790
3382328838
3382314502
3417899538
3484955442
3468177766
3472368102
3472372143
3478910396
1205530508
1171893132
1161336716
1161331016
1361674504
288071944
289054984
823828744
822786408
822905833
827100073
827169163
827300234
826719626
1934553226
2002710682
1465803178
1476321706
3623870955
3602768383
3623739903
3619480063
3585976317
3586045951
3586110207
3572888111
3563385391
3575960111
3575935775
3613734687
2540060479
2540047151
3614378813
3615296285
3581755209
3589219657
3702416843
3702473163
3702117546
3702056106
3724340458
3711755502
3745371390
3744383054
3748560910
4285308975
2138873900
4285834540
4017532188
3933650692
3933387268
3933444884
3926965044
3994074388
3993097268
3993047076
3993374949
3993907623
1859781543
1840906886
1823096454
1824205454
1824026255
1821960159
1692197211
1691132171
1690612489
3829498376
3825442328
3825248809
3959466537
3976313641
3993090283
3994076410
3864346762
4001239178
4001247674
4007014826
3937805738
3920963754
3920902378
4176754718
4176689166
4174523662
3637715726
3633320510
3633345086
3632587294
3649353502
3649348950
3682907637
3683497444
3654256548
3646850732
3642394284
3675967148
3676032668
3741974156
3741953420
3742084268
4274760876
3200877725
3066664333
2529869449
2521472681
2454376105
2455502509
2465951160
2465936568
2465010872
2481783992
3555661049
3530437883
3597546810
3597614906
1449745982
1445559838
1445539342
1177104142
1181426958
1164579854
1147798534
1148847382
1157300530
1153003826
3299469106
3299391025
3299458864
3232283200
3228080832
3223947904
3274353280
3258642048
3262838416
3537621665
3533230499
4076646563
4068254883
4080841958
4080835782
4078218446
4061176910
1913881678
4128429150
4145182054
4149356518
4258408165
4237502052
4237497948
3700891148
3700754948
3702790916
3707005204
3698355504
3425756465
3694391601
3709063475
3707879907
3712144275
3712131971
3712128899
1564642691
1599524226
3732262834
3728011170
3728535526
4264392550
4268500270
4268500014
2137793582
2095852650
2091792606
2091531741
2091530140
2092577428
1962480276
1415054236
1417429980
1429000492
1462559036
1445766428
1445831964
1445967132
1449637128
1475712264
1471513913
3583348011
3516370218
3516828938
3521035722
3512635274
3510554522
3544118938
3543737274
4080804779
2990285225
3061658088
3078509868
3086669100
3082409756
3046684172
3046680084
3046736445
3080427030
2679696934
2675473254
2586315238
2586380470
2670344342
2670341254
2640979078
2645173398
2646086822
2629362836
2629346436
2633542788
2620165504
2620362032
3157166384
3157174544
2888804608
2888673552
2909706785
2859391523
2859355682
2856191506
2854040146
2853708530
2853708450
3950518438
3904372903
3903409316
3970681012
3970689156
3975784580
2134485124
2115676357
2115693765
2115646663
2115638471
2115898853
4292742884
3988749028
3969763876
2895952396
2895948300
2916920844
2908003900
2941560380
2941560340
2836772391
2820068966
2822129382
2821588454
2888764854
2888566966
2909354198
2951358678
2930387158
2930387158
2931304518
3197660431
3197742860
3214650892
3214444060
3180900892
3168375324
3158950420
3154723340
3159884398
3155965678
3158051310
3156936894
3156875422
3211405454
4273662094
4273710222
4273582223
4272665480
4276855480
2921898664
2922948264
2939989612
2904407596
2887706157
2893443630
2758935062
3023385142
3022459430
2959999270
2494303270
2494040102
2494040182
2678986950
2393536578
2393548866
2393543747
3472396529
3464016353
3728257441
3593113987
3593114499
3576341379
3559613330
3559482786
4100482470
4104660143
4104660140
4104666620
4104666440
4050202440
3509206856
3492487000
1344867832
1344806393
1367150075
1373576667
1407073755
1390362059
1390230987
1392473423
1124071247
1123930911
1123849006
1383904046
1383905070
3598619958
3590231302
3573193986
3571096579
3571162129
2625217584
2621025568
2625285408
3162154784
3174813472
3140021792
3123276320
3127540241
3135916593
3198765600
3148353120
3102213808
3089770113
3089770115
2557034146
2565355682
2628262050
2678589602
2666216658
2640979138
2682921158
2410340486
2275975575
2544411044
2544407972
2540209556
2502462884
2485882284
2486091708
3022958540
3022957132
4113493581
4146782047
4146724223
4129879151
4134072365
3874009133
3874067501
3874198588
3874069820
3865952045
3878530855
3845125398
3828281606
3827716358
3828220182
3832349094
3837264294
3854063013
3854065060
2813951364
3889753476
3877170316
4145671308
4147832044
3879396717
3812451647
3816580927
3825034815
3825161791
3888072287
4160622303
4124917455
4250681039
4250742479
4234086774
2018969655
2027363382
2029065271
2027958295
418390021
418455556
433574148
432312588
465874380
465869748
461679540
1501866917
1489353398
1489419910
1476834182
3707945862
3741499814
3724698022
3729155238
3737523634
2526938562
2528710083
2528653109
2527603509
2280155965
2263440189
2255080767
2533086527
2545533231
2512109885
2243592989
2226755117
2230906605
2355645165
2217216613
2218330741
2218401367
2163875125
2176658469
2176584741
2176584725
2176587781
2164079621
2161974289
2178882867
2178751763
2178764051
2202881331
2202918195
2202393939
2202335603
2169305459
2169297267
2152520177
2152192465
2152135123
2152102291
2152102291
2168945075
2202433938
2202433922
2185652674
2193975762
2193914723
2193905955
3259267377
3272042769
3272961296
3271843120
1124420880
1090866432
1090903297
1090902353
383473
383441
391633
21363137
29752785
1103609297
1095155155
1095151059
1095219667
1103419859
1099209202
1099209202
1099282802
1367783794
1368309074
1942921539
1934532819
1917620467
1913422003
1913422005
3792539837
3792566457
3809376425
3809377192
3890109096
3888077464
2813688456
2813616840
2780062408
3044303448
3038011944
3025625901
3029742381
3046573413
3049010551
2981896662
2986090966
2424243702
2423917670
3497658430
3497723918
3497732110
3497863183
3240049679
3277724686
3259958286
3268150286
3263956286
3263962414
3263962926
3264159534
3264102190
2190356254
2189899014
2189890822
2194103558
2194070791
2202443009
2203486529
2203486657
2270599616
2279053776
2236725984
2219949728
2215753392
2215883408
2215817860
2216080004
2484598452
2489121700
2499340452
2495150253
2510833837
2532006047
2523557006
2523553934
2523553926
2523426982
2519203942
2540176422
2489985030
2221549570
2221549570
2221484034
2246576402
2277128450
2260352259
2260338177
2258110001
2258378337
2257850081
2262061041
2249378257
2249382353
2248333777
2231564739
2232609091
2354243907
2358434115
2375154019
2408638947
2411768291
2399182305
2365689313
2348989904
2353180096
2361568580
2357431044
2357238308
2361436708
2353048100
2353052196
2348845604
2354302500
2220097125
2236931941
2549370213
2540981623
2272615799
2271706487
2271706487
2239233399
2239233399
2239233367
2247622103
2222456791
2222325719
2155215830
2171993078
2239101942
2272616438
2272744918
2255910358
2262201542
2262197463
2262138071
2278841589
2236897365
2237102421
2354477893
2354474589
2371253887
2379576191
2379539295
2379538815
2379539839
2379537919
2371211263
2406829023
2407353343
2254248959
2254388093
2254384479
2271159567
2246010143
2229170463
2229203295
2229203295
2245890431
2245296623
2278852077
2270481917
2266356093
2233456989
2233367423
2371779391
2371776319
2380162911
2380129103
2413617503
2413618543
2396822893
2262665597
2253768797
2249574493
2249586813
2249096285
2249090127
2232313167
2219729503
2228115031
2229159511
2224932567
2223822567
2228017127
2244793831
2269959669
2236480981
2219834877
2219735551
2353953791
2363390975
2380233695
2380070751
2413618527
2396317055
2396288383
2388084095
2388086143
2390560127
2388466999
2388475191
2388601879
2371824663
2363370583
2363391303
2358957383
2359019351
2363279335
2365362151
2373750759
2373754359
2373319159
2369256439
2369149943
2401140726
2405334526
2388557278
2396939615
2396382559
2396317055
2396323197
2396375389
2390083932
2251606076
2250098748
2250143764
2233363716
2216568068
2153654021
2157839877
2157905489
2157776483
2157731427
2160877411
2177650530
2202323826
2202393426
2177366866
2177891158
2177760086
2177694583
2177694583
2202393591
2202393591
2202401655
2202368887
2168813943
2168946039
2178317687
2161606007
2161474935
2228615511
2228541783
2230704983
2239093591
2239101943
2239093239
2272647671
2272786935
2272655863
2272655863
2272655701
2239232341
2239232373
2239233397
2239102837
2239102837
2272770933
2255993717
2255862647
2255862135
2255878615
2255870199
2255870197
2251815157
2251717845
2239135189
2222358485
2230738645
2230804181
2230607573
2230615797
2222260199
2220163047
2236938599
2245327223
2281568631
2281568599
2239625559
2239625559
2273180023
2273180023
2273312117
2273279349
2273279349
2272656757
2239061365
2239061365
2239225173
2239233911
2239233399
2239233399
2239102327
2239094135
2239094135
2222325111
2222456183
2239233366
2239233366
2239200598
2239225174
2272787798
2205679063
2482494935
2482355639
2482290111
2457124287
2994061215
2994060959
2992092863
2987897534
2987913910
2987880822
2989895710
4079362062
4029095951
4029031487
1889937454
1353067294
1420171790
1420167758
1152699086
3300691598
3321662702
3327964398
3462373502
3739131991
1593745493
1593221141
1593225253
1580584997
1580486693
3709153383
3692437622
3692439382
1549219414
1557608022
1284978262
1284969030
1287066183
1152651844
1152647748
1152665212
1156898540
1148518124
3291806717
3308763598
3342253262
3326057678
1178571902
1178570846
1191088222
1589547102
1589555325
1589551212
3736907884
3728535788
3725902060
3709211901
3692441039
3558222798
3562416862
3566672510
3298105950
3231001159
3230934597
3281257029
3267183220
3267150436
3332166245
3336344165
3326914661
3322716263
3339629655
3306093638
3289307206
3289274438
3422968790
2370207446
2412150494
2323932894
2323932926
2323967855
2323967343
2395397485
2395360573
2261140796
2254259500
2253145188
2248962164
2249056468
2265899476
2215568325
2215543493
3294528199
3297740486
3431768054
3431791974
3435952230
2353797222
2349733998
2349742430
2349743950
2286825038
2311923294
2341234526
2324490079
2324473181
2324673900
3398343980
2396884012
2388429932
3323757676
3323757796
3323912404
3609125252
1411278469
1344157317
1344147077
1358892741
815598293
815561324
1892445548
1884056877
1884087613
1896665371
554603290
554349434
558478330
1632147450
1640533946
1640548794
1640626683
1632598491
1632511307
558768395
827207963
810496811
810492713
818357049
818221849
281285977
277093752
277093464
8719432
8784968
13005896
13001800
22442057
90108249
100651385
100635515
134060027
133011450
116236250
116235770
116234746
107847034
107852922
103673914
104591417
1178234937
1178234920
1178230908
3313131869
3304833661
3300508407
3299464950
3300513526
2226773750
2359099366
2358045926
2362206438
2353797222
2366183494
2353936646
2353938183
2362322437
2363436605
2362207789
2311907197
2345461117
2324473340
2391778796
2395966956
2396818925
2254212589
2251853037
2249823469
2248844541
2265638029
2215306637
2215309261
2362101455
2358169295
2359152223
2359098671
2412014639
2403605551
2399409195
2367042843
2354460443
2361792091
2362398331
2358015595
2408375931
2391582553
2391648121
2395905896
2387513192
2249559420
2250083452
2249165948
2249110604
2265883980
2215569357
2219766477
2362327773
2627683069
2627553007
2627493871
2627501551
2648471663
2378979455
2370402335
2350545167
2354736911
2354736719
2354800255
2363025263
2361976831
2412307963
2395602427
2395721211
2261503485
2253213181
2248953213
2248938861
2249134457
2249072729
2215519561
2219730253
2223927117
2223950671
2224343935
2223299439
2227502447
2235845999
2269463839
2235962655
2237545791
2354986287
2363440431
2363243838
2363254110
2379015518
2412570111
2395842047
2395835903
2262600159
2254211549
2250037717
2250234197
2250176855
2249092423
2215537923
2152607490
2160992002
2160725762
2160791314
2160598306
2160868642
2160868706
2211191154
2194430274
2194463186
2194459634
2211224530
2211429330
2211424850
2203041362
2269765235
2269697779
2270746355
2270787573
2273017333
2281388277
2280339703
2280200439
2272073975
2273253590
2239641670
2237558086
2177820486
2177820246
2211242743
2194458327
2194458101
2187120037
2187122917
2182969581
2199796223
2149464543
2152606542
2152606478
2160933646
2161909566
2161917742
2178690351
2211741501
2203406101
2185546580
3327445844
3323255252
3323058516
3323182453
3322131957
3322130933
3343102389
3443761589
3435373460
3435243412
3435249300
2617490068
2617424516
2617424516
2617679540
2617691828
2639718293
2682185621
2682254741
2682123701
2675832308
2675308021
2674259445
2640834903
2641879383
2641749367
2641717094
2641852278
2641763670
3723959638
3757382135
3757324535
3690215671
3690282231
3690804695
1610037111
1610036087
1576481335
1576104471
1567683383
1567666471
1576313173
366259396
382830740
373397940
906475940
1980152228
1980144036
1980138676
1917223156
1916186636
1898357004
1881580044
1885726268
4041562671
4041701998
4037491438
3030661546
2499026346
2488598922
2488680906
2515984650
2511725114
2544154411
2544147755
2544149547
2527376427
2540078105
2502853661
2486076637
2420033501
2954807005
2954782461
2956273341
4051445405
4084999870
4085196430
4085136782
4068347062
2466055398
2464952406
2464948238
3538428174
3555205406
3521786174
3505000510
3500884015
3299561519
2225761337
3299506265
3254319321
3241736409
3275348443
3308969419
3309230026
3296719694
3573510974
3706602798
3707716910
3699176750
3564954934
3746882871
3730277141
3726017093
3726017477
4261844976
4291076000
4219776992
4219776864
4215651600
4194734080
4262383616
4263395328
4265213985
4281992483
4294516706
4290317218
4290251682
4290251186
4283971970
4279774594
1460560259
1464759169
1473659585
1473708625
1473585717
1465131837
1431576893
1410623785
1414887721
3569867049
3565456169
3565456344
3616313032
3599532680
2531164808
2665386633
2665394859
2682184362
2682053294
2648469166
2673627046
2656831462
2652635430
2659057926
2658545669
3731103748
3609468972
3693493260
3694549004
3696674828
3704014924
3699752412
3565463005
3582239199
3615785962
3527721962
3540796010
3507230266
1343168026
1343109406
1344219182
1348282406
1415388166
1415527427
1423798339
344768723
378503299
382636161
375304321
373207169
1450098609
1391377057
1386654369
1911007905
1952771729
1949361845
1949360877
1680926317
1731227181
1727089965
1655766061
1655761964
1991308296
4143010825
4134683658
4149364062
3561115182
3569511974
2491575862
2492490242
2494849302
2494849318
2428453670
2445197831
2277164612
3333966532
3337116404
3324525412
3257432100
3526196260
1378807852
1378803724
1915658252
1969656077
1961854286
1954389502
1950128558
1949604286
1947525054
1946484654
1950639790
1975780014
4119278502
4119273890
4119273842
3586531586
1430659335
1431576855
1398091565
1400257292
1123945036
1123945165
1122831263
1114378686
1131155694
3228319850
3232546874
3233722650
3233722171
3233720893
3299650332
3349981468
3329002588
3459024028
3458777244
3458822588
3728356268
3732546221
3757712045
3724292780
3724354249
3706659594
1281821978
1281628474
1281636654
1281632302
1281697846
1215698182
1223491846
1224491267
1224459073
1223345120
1266328528
1316915072
1249353600
1249222544
1249225088
3394353553
3389119927
3456166311
2386618727
2403396911
2673194815
2662766111
3198591549
3081609789
3081548341
3081536045
3085467949
3207108077
3072981247
3074062494
3074046094
3074041998
2973379758
2980971950
2964194191
2964263567
3031233423
3031229399
3028067703
2487004455
3023940407
3158239767
3158244869
4286465541
4269692741
4268164549
4269081045
4266983844
4265873829
4265877997
3737395677
3754370505
3582335433
3615885817
1453078955
1453074858
1385983418
1390166459
1381810585
3524559321
3525738760
1361486088
1344709896
1348972300
1357237020
1089462045
1081024319
3228309359
3228370927
3506374639
3300859310
3298565566
3315346830
1203512718
1191059966
1178534350
1177420614
1160651542
1144922647
75491127
75278625
343714083
343714083
1417456691
1417445443
1165918337
1178501504
1177481600
1177432976
1311650784
1445346916
1453734692
1454651695
1454663982
1471998282
1436396618
1465681114
1463583962
1461551322
1444786394
1444913403
1449058793
1449058796
1448997228
1444791148
1444856613
1444856341
1985909253
1994363405
2010945053
3854417452
3841960492
3833506316
3829369420
3829239512
3829175976
2754933416
2755457768
2755417064
2759610856
2765913448
2761812024
2778589469
2812147998
2812131646
2791030622
2786703198
2786956158
2786972518
2788808054
2721832310
2725961013
2810084656
2810150256
2776595797
2784910807
2784909782
2780780982
2780330406
2914539942
2914539942
2912509366
2912648598
2916842950
2916642247
2904059207
2906156375
