3826967144
3963609704
3966563625
3974949929
3974954025
3976002585
1826514955
1818126351
1818126366
741755950
741752878
741671006
739250254
756031951
793977773
1859323564
1858144940
1853955772
1853904524
1853904520
1853941384
4001492696
4001810953
4270770955
3198015546
3202148398
3061589039
3073122335
3022917645
2487095581
2499678764
2493384420
2963017380
2963045025
2961767091
2475211443
2462616243
2462616211
2454227590
2450034246
2450116118
2453366310
2989172006
2989171814
3014278390
2963949702
2963982470
3031091334
2498677126
3560758950
4096582246
4113359142
4130267198
4142882846
4155266141
4055387340
4034463944
4028237960
1947863448
1954164392
1961438953
1437085211
1420312090
1424506398
1147674135
7151121
7288369
8266289
8327728
6030080
6095104
6160640
22955329
58641857
40734129
40736689
107845521
116241281
116373377
385859473
385850295
383040486
1581558246
1577101358
1593877550
1543741454
3691106318
3628126246
3632374566
4186088166
3146167015
3129442961
2598143616
2585626240
2654711444
2652630932
3189501412
3210472548
3185435692
3986538540
3986522152
3856511032
3856512024
1682814985
1678555147
1678555178
604997674
621726762
656293946
790495242
1849622602
1848586362
1852776938
1852638894
1856835262
1856838334
1722620574
2007833246
2008891023
1469852303
1453076109
3336322716
1180243604
1176048180
1178079796
1110004020
1109999892
1126752261
1105896454
1089116166
1089112390
1089112454
1089178518
1358547614
1352189614
1356358316
1356341928
1884840616
4030521576
4029472808
4033643560
4033120264
3768625418
3768756746
3772947002
3773205034
3773140586
1625589354
1625589034
1701151785
1696773160
1831052344
1830920220
757325852
757264428
757261348
796052519
725732343
700566390
767679350
767680311
759263575
759193799
759242973
742597116
1816270248
1817643692
1685523132
3858565820
3854502644
4122943060
4120715844
3583517189
2509775367
2241341239
2230860071
2218330145
2151290896
2149197824
2170170368
2241470464
2274959616
2257064241
2391278562
2257109666
2261287586
2261292722
2194185894
2210962342
2203622310
2167970742
2469960598
2470091405
2453323404
4063929988
4061767300
4078499493
3004757670
2956805862
2961053282
2968397602
2968462642
2427270178
2443998258
2477317139
2527849472
2527771648
2523567360
2519369472
3056240132
4282037764
4279937620
4283145087
4266232166
4266248294
4128000102
4127992934
1981358134
1981423622
2134507526
1970929958
1962554114
1957376579
1957245649
1958310545
2090399409
2089335461
1955113636
1955105460
1955498684
2135927468
2114367373
4262913997
2115162573
1714573695
1714499631
1718628399
1727012911
1878008189
1827877197
1817342733
1951548173
1951745341
1960054061
1960589613
1956395325
1956210975
1958357263
2113545486
1576731102
1576550826
1576653226
1574556074
4232697258
4098416058
3569929098
3586837178
3582652138
2644174554
2362978825
2356675080
2352480824
2351444520
2364223528
2359959592
2225754152
2276048952
2393676808
2399115720
2390657691
2386397866
2385283754
2384779946
2384753307
2384929737
2385649992
3446808664
3427934312
3436257324
3430949935
1283472510
1283463246
1279273066
1293012074
1311950090
238207242
101900554
100704586
121676267
75539946
209759722
209763754
205766074
1292025818
1308790734
1308788302
1321567758
3733295647
3733303869
4271219244
4270957420
4002521580
2948702636
2923536556
3187719340
3187703020
2919308524
2802982124
2771523048
2758148584
2762277336
2762422169
3031383706
3031186106
2494311082
2515323643
2537327177
4147817736
4152009992
3888095241
3820859450
3804082222
3795628078
3795617006
3795831966
3795724438
1648241062
1648245670
1660816053
1655651972
1672423044
3785631300
4037288452
4037305092
4037337876
3500455684
3500455428
3500449285
3568619046
3569254178
3707664674
3698986274
3627683186
3627683266
3629786562
1482237378
1482368402
1499136418
1532719506
1574625667
526287237
526157284
521447908
1023715668
889235776
922790256
922860625
855871559
840093894
1913782406
1916141990
1391854502
1388184546
1404633954
1404830498
1371022118
1354244374
1086001421
1153061900
1153030156
1169856524
1336584268
1332382924
1244168332
171475129
456708523
454632363
421077737
403186281
941108777
964635257
1006529480
1001843656
984648585
986756491
985695131
440435643
1514271146
1531113962
1497522542
1497507118
1497443622
1480670518
1489449238
1503006998
1537102087
1536852236
1503297804
2035843368
2031655272
1746451304
1745594968
1762306632
1862969931
1846455882
1713341002
1648099914
1648165354
1648046314
1650139370
1654269098
1637495997
1891246220
1352278156
1352151948
4720260
843444
17603187
50633266
54827826
43489538
1117695235
1186898947
1206820931
3341717697
3308946561
3443233969
3307984097
3622565408
3618240032
2527649312
2527915520
2532107780
2520765957
2520696406
2501789430
2484995766
2484997766
2489151430
2499300566
2495138918
2495149165
2495128684
2511906140
2545657292
2549790156
2654926292
2671736244
3745256869
3711767973
3694536111
2086020543
2086081950
1960645790
1960785374
886979918
886930702
905501967
930671903
909680701
909680665
909873419
907711243
840598073
852135465
847809321
848070955
848070875
852270283
306549961
1392956621
1461113935
1465313135
1448535591
3604472359
4137001511
4141658887
4150038791
3579674885
3562983681
3562721847
3562672679
3698864687
3698861615
3698868062
3699054926
3698989534
3706673406
3702315166
4239169934
4255948170
4289693643
3198857981
3198858236
3194598204
3190338348
2921898788
2921980452
2938823269
2772067047
2763735718
2763522726
2780299942
2784501158
2805479559
2805606535
3074041989
3053074647
3049207895
3032165382
3030000902
2962907398
2962846486
2983817830
2983817830
2983809767
2974405629
2957563804
2957565340
2957560221
2970474943
3005086126
2988375450
2988369290
2994652106
2994717386
3001930459
3018646376
2985092456
2968317288
2968312184
2968508680
2968427784
2968426248
2960115481
2955703087
2955698990
3023008574
3027137326
3035518766
3032418086
3053192518
3052937670
2516066519
2515210420
2515145876
3580501124
3559525508
3559528644
3609886565
3605981031
3601441286
3601380166
3601371478
3601379558
3597185198
4129861807
4146835679
4096452041
4096413688
4096491048
4100537896
4109188649
4155323951
4138480446
4143722766
4133036046
4133154862
4099591215
4110129197
3032132052
3031083908
3165293188
3170473604
3160982149
3207152311
3073049318
4146922086
4151058726
4125892646
4104658983
4104663101
4244320269
2088381452
1545218060
1544185932
1548347837
1439234991
378337982
381994638
373506702
370295438
1446179486
1448255918
1439736295
1955637284
1955637280
1961928704
1885519104
1885504768
1936162832
1982234625
1982219331
2117479874
2133199778
2099714978
2103787170
1961105058
1957705362
1957700483
1957766019
831596417
332412817
315650705
307290768
303203025
302158197
840152101
846248997
853579813
853837879
828672015
807852047
874698831
875744455
873645287
1007935783
1020388129
1018274337
1018209057
1020305712
1007727872
1006692352
2080565296
2013452640
2026031392
2021837585
2039910147
1052020499
1056738339
1047374866
774802434
774277122
774294562
775385186
775172258
775164066
777261486
785846927
752238223
1023294087
1019157123
1017846403
2091453107
1487407779
1487412882
1488724610
1266426802
3392549314
3396747586
3400974594
3400828194
3400568098
3415256162
3364994146
3432488178
3481705648
3470169520
3470694272
3464398784
3610150736
3576671776
3576670752
3559893536
3576671072
3576098241
3614899331
3598107779
3597878419
3593557138
3610326178
3610256546
4117850082
4109596258
4104373815
4121024007
4120964611
3588288003
3580161843
3610574627
3744988451
3732306993
3730179089
3730768976
3730649168
3730256976
3721803536
3705026064
3700897296
3700758035
2626975282
2627497506
2631691810
2622238242
2655600242
2664060610
2659861442
3751465939
3717788132
3705459172
3696020860
3691366716
3741776188
1577478476
1577216077
1577198799
1581261022
985661663
969027803
969090555
415312171
415247149
415247149
465779500
448935180
440799500
437715212
505168188
507281709
510427631
946713022
409842110
409842622
409845694
418233022
1491974846
1491974846
1508490175
3690641861
3671768389
3671762212
3126370596
3193479988
3193546293
3193677557
3210393335
3210385062
3076179638
2776188582
2742556070
2742557862
2742557870
3816303807
3812240541
1664756892
1668230300
1676547228
1672348828
1672466908
1672262604
598508108
837583436
539795980
540845620
540380725
540445223
540445478
1626773542
1622059046
1638837255
1659805703
1647235077
1647230980
1646051556
1645004204
1649176492
1674250940
1636448924
1619672716
1888108165
1888102022
1892232838
1355299570
1356347938
1358444834
1358638114
1089078274
1089085442
1084940290
1084928002
1135251907
1122992513
1114408337
1177394609
1114504625
1115651505
1121920929
1121723297
1356604325
1356600301
1081948156
1081896788
1416423684
1416407300
1416599812
1441762052
1458477316
1458224391
1986695174
1445630006
3727327286
3727310886
4264099942
4265096678
4216860262
4175112742
4240051734
4240119310
4238946831
3703124748
1553487620
1557696496
1141410480
1409854128
3557534352
3691621008
3692669328
3692736419
3713707698
3598354114
2524890818
2523776706
3068917458
3064723426
3064521954
3064505507
3064505509
2783491212
2754215304
2754279816
2754247048
2754243496
2758437609
2762944043
3031238154
3031171594
2489853450
2506630698
2649236522
2645034026
2678636586
3215687759
2645270669
2645143688
2650311816
3577317544
3577448632
4147828876
2000300172
1982475404
1714037676
1718223532
1726481064
1739076200
1974215224
1957437960
1961127432
1357175304
1357249033
3571837467
3299142203
3300192090
3432793482
3483174026
3468578010
3337243758
3328898094
3328892982
3261833558
1378591175
1378529733
1378517380
1361739908
1881842820
1881783732
1881773412
1614320428
1614340652
1614570024
1613521465
1613514297
1617709609
1617709611
1626098027
1642907887
1705560158
1974131718
1975169026
1970970627
4147814401
4114194465
4147699808
4152025552
4125810304
4125805185
3048065713
3182291683
3182193378
3183242082
3053200738
3086754082
3866693654
3860463878
3877507406
1964773726
1968976939
1960651819
1956382841
1956391114
881617099
348433546
272997774
281448095
281446079
298223254
289842630
289857607
285630487
320218135
302384150
306644006
306971942
843862886
852280038
1926009534
1921815486
1938593722
1905040814
1888258959
1892596685
1884203844
1880010004
1880548388
1897390116
1915805732
1915772980
1913806916
1918026192
1925367456
1652608672
1652604576
3804342964
3812797380
3780545477
3759643333
3759516373
3759648471
3759668823
3826701911
3828735589
3827588645
2758028325
2761951269
2912950293
2946505749
2929867797
3865197573
3866242065
3872552419
3868423843
3868287671
4069532598
4073726390
4027855750
4030071430
1882587782
1882071646
1889871407
816064043
883172873
899949833
379728905
383912971
108070923
106170586
121911466
289700010
272951482
272950410
289714314
306557067
303992985
306094169
304521257
304537647
320922919
287345959
274763558
275811878
282166846
331514382
377665031
377725199
377593869
381788189
503426105
1040365593
1040365833
1007852361
743869385
620661193
620006539
607420554
540049578
540078250
538009770
538059690
537011882
549662379
562038447
1636856477
1637933645
1621157381
1621405445
1894549525
1894619155
1911535635
1945025538
1919874050
1915646018
1916731634
1916155378
1920352210
863374083
838146577
283392560
283393584
279196208
279196436
280294164
282887013
282891109
281838567
294491519
332307791
1380882511
1443801295
1460594943
1461479855
1461586879
1431701391
1372979855
1358365341
1358369757
284242429
284441973
276048341
276048341
7420371
32650707
32641091
30605315
26427703
32756007
32613159
1097967381
1077000980
1077000980
1079286052
3495725860
3511192084
3553267396
2462749316
2996478597
2998641318
2998444966
2465784738
2451051170
2451050162
2467962562
2486844946
2489984818
2628264998
2628269094
2494047278
2510826527
3316135948
3471329292
3459828804
1327219924
1293611408
1293607888
205185744
202991312
203124672
201996608
84552000
101320705
38672643
106904835
106787603
117306103
116249270
116241078
134058934
83726774
83866038
81769910
81640886
73382071
73382357
92126500
393002276
376220964
376219428
376419348
376353796
1462666240
1430175745
1461567697
354252209
337598113
349912737
347744993
364518081
364452355
384318738
375922722
375922722
385359910
316170358
316174478
281791882
4942474
4930186
4930202
13253278
14293694
16319094
12116758
10007314
9994530
278431011
278572288
815441920
853190720
1914346624
1916503184
1915323536
1916519568
4064150688
4064228768
4030670496
4037543524
4037543460
2963809845
2963809847
2426939926
2443717398
2209892630
2186857334
2181679958
2181810710
2198521350
2212140806
2442831158
2444799269
2511900452
2516094660
2503577284
2537133700
2536223380
2536432293
2502911397
3028231335
3026139315
4095617155
4094568579
4094045317
1410741380
1414930624
284565568
274866433
274743553
1344326947
1348512546
1348512546
1352903458
1386396418
1386659394
3534653122
3534586515
3534594720
2460852896
2464998304
2457659364
2537315684
2501733648
2491376912
2498585345
3031327490
2511209270
2515010342
2548565478
2675640486
2673485974
2675583126
3749406926
3745049806
3745046734
4286292047
4294672461
2140971068
2145166636
2136784148
2132664084
2132729364
2134530612
1966738036
1966739412
926492052
930951344
917962928
917979313
915914903
914473158
936411142
873499670
875735062
1008908310
1008896310
1030195518
1055235390
2129432639
2053947484
2050769116
2050556060
2033845164
2017078956
2029660908
2025396973
2025404966
2025601574
2025617202
2029840194
2019341651
2014685009
2013569729
2030285440
2114093696
2114093696
2114110081
2114143139
2113942946
1983917218
1988110498
2004884646
1972837510
2006398086
1473652110
1465272286
1456883662
1456950862
1475706646
1475673911
3589599013
3588547892
3563385108
3563438356
3698770196
3715560212
2382295572
3455996445
3451852575
3451657710
3489413294
3487312042
3738962090
3739093418
1450577802
1448297098
1443934923
1999676105
891462221
874685005
874553893
606121575
607169511
890280933
1996675937
1996639009
1985351459
1995839283
1991713042
1991516434
1471422514
1440092178
1440089154
1154877634
1087506626
15861894
15747478
1351658406
1368436398
1939243660
1670873740
1672774392
3798762024
3794572840
3794577960
2720836136
2721037880
2720941580
2720924204
2708349740
2779513132
2762802206
3031308414
3164936302
3181664510
2674673886
2654948550
2652792006
2656985166
2665095246
2664964462
2648183278
3696764346
3696897419
3705306505
3701136776
3703283128
4244414380
4236021164
4113860044
4113871948
3610616844
3610698764
3610697749
4248196407
3715503910
3707110950
3702982198
3702806038
2629101110
2644307766
2682109446
3210577478
2656937559
2655629015
2655649527
2672426743
3206119159
3206234085
4284155301
4152164517
4160557205
4160495797
4158415012
4125044869
4116063621
1413883333
1409750853
1409752369
1414798625
1154750755
1083451666
1085548802
1085635890
1089969186
1157534754
1442743362
1455063234
1454014915
1454080496
1458155872
3727204832
3727208416
3727387617
4264176627
4264172386
4285074274
3987224934
3988272486
2914542038
2780356743
3854229908
4105888132
4101665412
3023636100
2486898417
2486839842
2486774306
2494049058
2427196450
2427191302
2444754950
2444914694
2207961156
2191173044
2191036340
2189201284
2183759772
3526201788
3510481404
3493705068
4030512492
4030703980
4034832716
4051611597
4081038301
4064211917
4064166863
4064150303
4064215854
4084150574
4092341550
4054591787
1907304715
1907243275
1911426319
1374488350
1366110686
1366044862
288100526
288096430
321781950
309212303
854474127
850296717
850327229
866972333
837592057
812428617
808225129
808233065
556788200
556727752
590271432
586072652
581599804
1655226924
1923637805
1927816751
1915233830
1915369254
1986688038
1995070502
1994919158
1993890950
1456008327
1447668885
1473162420
1423875204
1425984644
1357825476
1357694948
1357702757
1357702695
3504729638
3504667170
3521444642
3538213170
3538409522
3597065234
3329643522
3325498370
3423994882
3424519171
3424525633
3439201905
3434021600
3366798048
3366777553
3400327873
3401351747
3401363939
3395069155
3390874663
3658263591
3675039805
3642664973
3625887757
1478395919
1568589870
1601101086
1601061126
1567363846
1575609126
3635143460
4172014112
4171820832
4167630624
3626559296
3643433920
3744080832
3748332167
3756983970
3618447010
2511088290
2629577378
2646354854
2407278470
2398905222
2415829895
2411364741
2544543188
2544744548
3085735972
3077351460
3207379516
2922362397
2922291773
2923405869
2923225645
2923229741
2923197996
2922125612
2934442028
2930313245
2930386974
2863279134
3135905806
3123323214
3123339390
3123298543
3144211685
3098200132
3098191940
3098191876
3098257413
3094997030
3090737190
3090999398
3145689190
3128887526
3204253926
3070168262
4124976326
4099548230
4099548999
1895513652
1895373348
1894267500
1894308604
1937283836
1914216332
1644729485
1644725391
1644725391
571063487
571144365
537533677
541732732
1624909372
553199164
552150589
553135661
553134633
551037929
549981067
562565007
864617359
847921801
852025993
846775273
862745387
858536747
829172011
829253675
871295017
867100731
872334667
852328843
910996362
923567018
927830954
927839146
902804458
1019720235
1019654699
2085010969
2017896968
2018290248
2014161369
2014222505
4178414765
4178559117
4212834447
4202357215
4210746349
4206551917
4206846820
4294928228
2682136388
2673739588
2639529836
2647939053
2647979503
3184852443
3217358298
4291607002
4274829690
4274825530
4266507546
4263478558
4263477519
4263153933
3994722332
3994787884
3994726444
3990519844
3975856140
3907768392
3962138696
3962125816
4230691497
4243143339
3165129386
2896693930
3098024586
3098033802
3098032010
3102462362
4226527466
3135877226
3136860207
3136856077
4201160717
4196970540
4197048428
4180296172
4163505853
4167699103
2028604062
2024475326
2091387566
2096901822
2096440206
4243767758
4260528205
4255355164
4260405052
4281383468
4279282220
4279343620
4245853708
4099068687
4109767006
4038983918
2967994534
2968007846
2967997606
2968063158
2959814023
4034488197
4084983492
4068124356
4068193797
3539568135
3539834391
3539777318
2524964646
2541675814
2508177718
2508022062
2499769662
2499769630
2499636510
2499550335
2516392175
2541698559
2533309855
2533295503
2533180381
2533192669
2524574557
2541287228
2507931164
2490034716
3027937820
3036266044
3036198444
3036205677
4109910751
3839513262
4101902510
4095475886
4095475947
4095483977
1948198921
1679697928
1679190792
1687603768
616401416
1975291467
1990767306
1990755274
2120909018
2116718762
2116743342
4281033150
4286275982
4261106623
4256912383
4261115871
3722018655
3713559327
2641914430
2675632686
2683981374
2662941198
3736617478
2596061703
2593964389
2598162660
2589828256
2601162880
3105527936
3088752512
3090845312
3162146433
3162079879
4235764471
4229489382
3961054050
3961020451
3831431207
3833463925
3774748884
1618884740
1665083524
1916676229
1916152199
1920337286
313787302
313537126
295990054
279242530
279244082
279226643
283556865
275158016
1345753088
1933475840
1916698624
1914601920
840926192
852460257
852284067
1673799654
1631858158
1610889466
1610947690
1631993194
1908811642
1938235979
1938035273
1921253960
1384399576
1388598248
1405449721
1397052889
1397186393
1095196507
1103519258
1166470938
1171779354
1156968270
1291290574
1283359694
1282315158
1300079525
1316790692
3460215220
3324416196
3592864832
1445448721
1445444641
1457892643
1941302566
1907746110
1890960398
1892992126
1884607726
1880478974
1879528606
1879377374
1610876911
1610893039
1623290607
1635902189
1636098653
1636078157
1636074060
1636152136
1636278649
1640490091
3775362155
3759086715
1611009402
1611013482
1615212138
1624712939
1620390619
1636045705
1904488841
1942229384
1363431848
1359303081
1346786045
1355175519
1351032351
1350589982
1082157630
1153559358
1171712262
1431735558
1431734022
1568052183
1609933301
2121576949
2122285189
2118025412
2116976852
2117058804
2117038180
2116887660
4146932844
4117573352
4106029800
1958546168
1958559435
4103696074
4103628362
4036556058
4042839082
4034458666
4030263338
1897521214
1896571261
1628136444
1665880764
1674560172
1674035893
1942308535
1933854614
4047783830
4030846902
4039305190
4039271266
4035076886
3502449159
3569427013
3569431108
3586331260
3611440893
3611500253
3351453533
3351330141
3314629917
3297786941
3301997855
3293640031
3295991119
3296130383
3294029263
3344348663
3327563238
3323434358
3256205638
3256209670
3260326198
3536101670
3531907430
2475004271
2475655663
2441970141
2441905597
2446112173
2420420525
2416246509
2970050287
2971029118
2971033206
2974967606
2975032631
4115746839
4149559301
4157952004
4157727044
4156810740
4156935652
3578056119
3573860790
3557149110
3557224422
3561416694
3569541830
4106478214
3583238789
3587437204
3587424932
3612426916
2534490804
2534872020
2536976724
3609534781
3580113965
3588297775
3584113722
3584257034
3584256010
3618765066
3618700570
3595623722
3591423290
2517745690
2450931722
2480300318
3549847870
3516358958
3570676015
3561750823
3557557111
3557754823
3561912263
3570266101
3569938279
3620265815
3595231047
3591020359
3591026119
3590960629
3590890917
4131972516
4148748732
4115329420
4115321516
4123706028
3587131045
3578025687
3578035926
3578027382
3578125414
3570854966
3570820102
3570557191
3569508613
3569513220
3577889588
3577938788
3607167341
3607180797
3611372765
3619765465
1472530937
1468287417
1438940089
1438969737
3619995529
3553990027
3537211898
3528831210
3524567162
3523522618
3523461178
3527590186
3553813802
3516065066
2446583087
2446709055
2445787423
2445787421
2479215933
3552892269
4047818093
4044148093
4044310861
4044249421
4044254717
4027477485
4031735741
4031739789
4048507788
4124001156
4123509684
3620041124
3619959204
3577745909
3711964663
3720556519
3703713382
3699519078
3699584726
3703652038
3703797638
3426841991
3309359511
3338727869
3338793373
1174598092
1195570508
1203949340
1154599716
1154611748
3304193589
3295739397
3295801861
3291734791
3312898359
3262562358
3262563346
3270919170
3266696194
3535070258
3532956962
2458165542
2462355814
2479129085
2471330253
3541009804
4077893020
4077778349
4144364719
4144493758
4110833086
4115027374
4115036094
4123469790
2546216525
2547265036
2547329564
2547854876
2547787324
2415735580
2382238477
2243825935
2243821855
2241610222
2224608750
2227738030
2219344318
2483913615
3574499215
3574578635
3575490939
3743393902
4278626366
4278627342
4144415822
4148609102
3611639933
3611566188
3619956076
2512863020
2513312316
2513320492
2509192740
2543662716
2543678157
2241852038
2243744694
2495382438
2499314598
2486731686
2487061918
3560872334
3577653710
3611224527
4147571149
4147572173
4147569997
4145213775
4157849951
4157718831
4291846447
3621023023
3603261759
2529655071
2664332605
2682206013
2682204957
2648642319
2648585035
3718124506
3566028202
3565997482
3570195626
3561790650
3557596554
3490678219
1343067465
1881007372
1881075004
1880550700
806776116
805719300
809895168
810352656
810291248
810291233
810287139
810484787
810423570
810426130
835652147
831344243
864928467
864862851
852267651
302814083
302354835
302429682
307149286
852473958
852342902
843884886
860793166
810476878
818606542
1356579294
1356460206
1347215534
1347215790
1900868527
4056794797
4052737725
4119834367
4102925055
4107115215
4115643087
4150176463
4150177615
3865033853
3866988669
3862728764
3879514172
3846086716
3776901164
3760117028
1612176676
1616248100
1616174380
1616170269
1631896845
1627734397
1627735023
1628373998
1632441274
1632449450
1741502378
3888979898
3888651162
3867745162
3867753098
3867884234
4137299658
4137297866
3617268683
3751371467
2681823963
2638820091
2639016683
2639013611
2647601129
2513321433
3569749449
3570732488
3522431432
3522632024
1366628648
1400126760
1393829160
1360273464
1360486424
1880547337
806789145
806138157
806125869
806127407
810322806
810408806
542047078
542047590
542025062
542025046
1624159702
1624151510
1624083911
1632405959
1628215493
1661835349
1645130773
1645146421
1645093156
1661870892
1611538988
1678717484
1682702892
1955073580
1955072812
1418205309
1418468429
1151153229
1335763021
1321087053
1253003595
179130747
1252840810
1265423723
1227683179
1227679067
1210901835
1210959179
1215283529
1307497817
1307563385
3450721657
3484259705
3467621753
3467621753
3467621753
3333272443
3333207035
3467424427
3467489963
3471684266
3324818090
3324809898
1110283706
1110350250
1378474410
304671114
309052554
314225035
314220683
853061739
846766123
842571819
1646834745
1646832665
1646828552
1646823432
1648004361
1612613129
3760113161
3760080507
3766366954
3840685806
3836486890
3853263979
3852997865
3858248921
3849987273
3850297800
1971253964
1744737020
1742508796
1834784344
3978095112
3977169419
4246666042
3143563306
3136645162
3135512602
3152293898
3152412683
3115712873
3097371308
3096191661
3095934637
3095936670
2576898718
2614647486
2608425662
2587655838
2587636302
2585621262
2602000650
3147292682
4189578265
4257208568
4260993224
3711535240
3710552200
3744112008
3744129945
4282115019
4261082074
4261048939
4110103081
4109905452
4110166588
4101978684
4034791992
1899955976
1897726728
1931419913
1931358331
1398173803
1406423146
1350833498
1355025679
1086605583
1078381319
1422310167
1419684151
1419685169
3703550225
3758068161
4269716417
4265509505
4264460929
4264473267
4265534370
4265338275
4265108899
4269551075
4277935461
4278140165
4273941781
4273808404
4143741956
4143733764
3075986436
3042376772
3025591252
3025636020
2969018004
2969018004
2965345940
2969358996
2984034981
2971427495
2971427750
2954691494
2961061282
2969445874
2968484978
2980871218
3014449202
2997676035
3002051584
3060720640
3056267520
4129997312
4281221636
4230885892
4231929383
4166519590
4166523182
4166522926
4170725422
4173014030
4172997958
2025366982
2025359255
2025363364
1754832288
1834524064
1846062224
1846191232
1713295488
1712717968
1714815137
1714880675
1717576867
1709190561
1688289205
1622285892
1622328836
1622197772
1620111900
1632690713
1645273625
1647404586
1647453738
3797355882
4073983146
4087154874
4120852634
4106107082
3703450698
3703520269
3701240892
3700973692
1553539324
1557799068
1431965853
1463419069
1463420327
1463426534
372837870
370683150
912007434
928833803
924823817
860787465
869177144
852331304
848070696
852265064
1917618393
1913429195
1912967306
1980141706
4112445582
4110344878
4106150574
4106221287
4103405285
4120671989
4150026756
3607962372
3609080068
3575591197
1545482541
2082352431
2086537534
2094733790
2090416542
932985226
920403338
374604170
372441482
371340187
400716459
1435689640
1418781608
1417736040
1422960920
1416669448
1362279176
3546455560
3555116552
3550921225
3550888458
2477131562
2448697198
2448696686
2490766670
3562410446
3587658187
3587503579
3616860027
3619733355
4131426154
4144008810
4278421306
4278359306
2097394958
1828758558
1761649710
1761731631
1761803567
1765963045
3913422133
3913417493
3947037461
4215280439
4215288815
4223677423
4219478970
4253033114
3716166538
3699442075
3699508395
3431013545
3435138185
3426760841
3292604552
1145121224
1146165576
1280396553
1332986123
267555083
241344570
241410090
237076538
1327726650
1293985070
1294248302
1294240238
1213643150
1239333326
1234103750
3415007590
3683508598
3666522454
3666514807
3667558756
3667427684
3730358372
3726143604
1578639484
1594568044
1544170028
1548364344
1423575608
1956187672
1425601032
1417191752
1463324744
1444447433
1443662059
374118570
374114474
1984862394
2119089290
2119098570
2052513998
2054615294
2054611070
2052218935
2068963639
961667361
961798433
945009461
970032437
2067828021
2051058725
1778428965
1778428964
1778555957
1782750325
3913469429
3896954293
3898068917
3897937847
3897941687
3897945783
3898568375
3974069911
3973928630
3975952038
3975947943
3967562423
3962839991
3962905014
3833008638
3841392990
3837072671
4122223903
4122223882
4126502154
1945598219
1941264715
1941704155
1939672539
1927087611
1390346729
1398604073
1400713529
1396515129
1363092765
272590111
6094135
6081846
5033302
13553027
80655745
132052353
251582337
259965824
1597817840
1602012000
1501356832
1507648032
1490871841
1490349601
1490349667
1480879842
1480861366
1497708454
1531400358
1522943142
1523008662
1523014854
1524100167
1515646023
1515650358
1513609014
1530254102
1498739478
1507129142
1486190374
1486323495
1486356260
3650608932
3654799156
3679817492
3657469204
3657479476
4194346788
4194345508
4198543908
4215321133
4223722095
4190499566
4186436526
4173713838
4165223654
4161015030
4161211590
3624282182
1476798535
1480734801
1480722497
1556221121
482479553
214042497
79890305
79771281
71313073
89207729
106116017
114521009
110227857
110219601
133203217
90225955
69265699
69266211
69295907
86132499
124961539
131252483
243433939
260280787
1333896689
1585491425
1589685217
1589684977
1581366851
1581487623
3729166854
3738620438
3740714542
2667564334
4269571375
4269553711
4269627417
4269628425
4277929288
4275831129
3755741547
3713864042
3697029610
3692372142
3699180974
3707509150
1554787214
1470892422
1471560613
1454783908
1450321076
1446060180
305210516
321922192
53486720
19948944
18928112
1126413108
1130541844
1122210588
1386447640
3550840632
3534068539
3534076714
3534076714
3538271018
3592784874
3592932762
3592814986
3744604554
3694272922
3694273003
3698405755
3697300766
3701796126
2628037902
3181686031
3182345999
3182337853
3182073389
3187180140
3178803964
3174822653
3174717167
3174696682
3173650154
3173591210
2917664938
4020766906
4020836490
4155124874
2007641225
2013144200
1434334876
291911340
287774380
824182452
807434132
807464852
824223184
828421587
862171475
1927516947
1927512631
1944551959
4091909910
4054096182
4054104103
4041586727
4033329191
2959538471
3043416838
3076935174
3060155990
3068646006
3061306166
3061175607
3061112081
2656333076
3730073876
3737479184
3737611312
3737533488
3730191409
3726053411
3711385635
3711353186
3698754514
3707143042
3696664450
3696474498
3692288898
3692288674
2622708386
2631150246
2626956967
3163825839
2643735293
2643735549
2645823981
2544914605
2549118116
2540758196
2536864917
2536995973
2536926597
2507304389
3581033831
3581218087
3307474215
3311680775
3320128771
3316066051
3317053235
3317118755
3316995683
3312830194
3308684994
3308684994
3309209538
3342762946
3346760530
1207481122
1475912487
1475928357
1610116396
1601726508
1601710120
1564088344
2100955144
1027213320
1027216664
1060766216
1073349128
1005060681
1005322793
720110123
711722607
803616743
803354599
803267399
804290895
770736635
768720379
767666682
759277914
759408986
755214682
755218778
620960090
620955994
755109162
794168616
732839720
732835624
732770072
732704524
732433676
728239436
694753661
703273343
703297919
703297919
971630975
434761173
166322645
166326741
149533169
149533169
145355249
145355249
145323379
149518695
141261287
137034215
237697479
237693319
241863047
241468823
509641143
371233199
908112303
890287023
876917221
876912932
604283172
604274988
738568476
738634012
755935245
730769423
715048974
719063246
775685262
775884942
640553354
639775406
648164015
648033005
664810092
615526920
747647496
1015048264
1015146568
1015278024
1015282379
881052298
918702730
910328522
637698314
637702154
777039914
777035818
784375851
767666491
759278298
654547706
637770458
570657482
1644578378
1644823051
1647972648
1651122216
1638604840
3836293160
1688890444
1689971012
1687857860
1686670036
1686670070
1703713750
1712102470
1713288198
1849602054
1848565794
774824034
774890594
795823334
753748190
753748447
770525655
770529751
761887095
661256503
661248309
661256503
795470101
761916693
761912660
627951092
627917244
627921852
627905208
1701130936
1684353720
1684092601
1692483259
1688287914
1688222378
1721772634
1721772042
2006984718
1436754950
346169350
341979139
203489281
207766305
207798803
149071362
150201858
141598227
139500083
185637427
184589873
184671857
184637041
453071473
423653473
427843683
427844835
428043474
159542594
155343810
151244483
151115475
151122931
155308529
432132337
465801457
444830193
444830545
448893523
436319827
436315730
973188854
2047192823
2047147959
2051332286
2051823806
2060286143
2061335743
2061316286
2061316250
2061447610
2128572862
2128601518
4287488239
4253852781
4253853740
4153190428
4137593676
4137589324
4141778636
4135420668
3057447595
3055313578
3074384554
3074245098
2771928174
2776155182
2784742430
2780473349
3082528772
3082546437
3220760069
3208177159
3206177335
3139057190
3109687078
3183085606
2646083622
2646083621
2646104892
2578999820
2608361036
2604189388
2574829036
2582234340
2578304228
2581924052
2573539524
2569353669
2602973669
2601926118
2614502838
2609307782
3112558726
4219774118
3657731238
3658255558
1510779910
1510859782
1510350854
453386278
404107302
473301014
1546519814
476974599
481233493
481283780
481074884
413963972
2041348804
2078577399
2053420774
1780790894
3929323118
3929450030
3927351838
3927417374
3927761454
3927765611
2870531691
2843266923
2885209451
2868499835
2868573003
2927289289
2787898329
2787660265
3861403113
3798482089
3798472873
3798534315
