2653386919
2654353639
2651990119
2650941445
2663525381
2390899717
2357335301
2358384133
2224490005
2224293413
2226392615
2226391599
2230061615
2246855031
2238536055
2238568823
2238576983
2238576981
2238576981
2238576981
2238708565
2238577493
2238577525
2238561141
2238561141
2238561143
2238561271
2238561271
2406333430
2406333174
2406334134
2338700982
2334490294
2334523318
2334653630
2334636214
3391551670
3391547526
3395610758
3400566918
3400973718
3417486807
3386025461
3360720244
3627460564
2551623620
2551627588
2555812676
2572458484
2572462564
2572527716
3105815652
3175009573
3175007525
3179169572
3187627812
3187439141
3116168805
3116160608
3117733860
3142901716
3138705733
3138775367
3122065207
3122062887
3142735382
3109160454
3109109254
4182780470
4166007078
4166256679
3922724911
1807747124
2076652549
2043027461
956706829
1027997740
1028928805
1014246661
749996294
627964279
627964279
627964279
627964279
627964279
627964279
627964279
627964279
627964279
627964279
627964279
627964279
627964279
627964279
627964279
627964279
627964279
627964279
627964279
627964279
627964279
627964279
627964279
627964279
627964279
627964279
627964279
627964279
627964279
627964279
627964279
627964279
627964279
627964279
627964279
627964279
627964279
627964279
627964279
627964279
627964279
627964279
627964279
627964279
627947895
627947895
627948021
627949045
644726263
644724215
644723959
644722871
640528567
908965046
908967094
908983478
892221606
875445154
1953376914
1957640834
1421814418
1421160146
1421112898
1435821570
1385490178
1385473811
1384425249
1388635680
1376016096
1376650992
1343096452
1343884672
1345993905
1358452963
1352169571
1351378979
1401747473
1116522497
1116490771
1113470978
3273533698
3246271746
3303935506
3304001058
2159805986
3233567266
3231499046
3230434117
3230434244
3230503908
3234838180
3222190756
2417932964
2417928868
3072240036
3055466884
3055466628
2992409733
3000796581
3059544751
3072139950
3021873838
3023970990
3028165286
3165393318
3165393058
2628527315
2628070469
3701746692
3445909508
3458529284
1311177476
1327950596
1295445760
1282570000
1288721184
1280340768
1276171056
1544720912
1561506304
1578537476
1582743044
1591184196
1587382516
3734800612
4271671468
3204233452
3191645400
3208552649
3206463705
3206468203
3177112110
3184943654
3181277734
3183231526
3170649390
3162012734
2625460238
2621339663
2621319437
2508077901
2507999821
2549878639
2549356399
2549363566
2532668286
2528007006
2528039758
2548756830
2548691454
2541288943
2539190765
2505628136
2505820584
3042638744
3044730780
3077284588
3077346028
3072168668
3070603981
4110803527
4110930454
4094034470
4094043942
4228328742
4228196390
4233439286
2027890774
2023626950
3636333766
3653125254
3669999750
3669786822
3671883862
3390886934
3389992230
3393989926
3419156270
2560500270
2560234026
2560098922
2560148202
2560133097
2564332440
2572725196
2572717004
2602272844
2602207316
2652552308
3189417076
3206128756
3206063460
3176830692
3185234597
3185197735
3185115879
3027763942
3023569654
3023635166
3022657502
3026856446
3035109502
4104706271
4122519759
4139427981
4143621261
4130263181
1378861189
1915158695
1915101607
1902520231
4038470629
4038527957
4055181892
4086588932
4160086532
4134916644
4133802532
4063556196
1916038884
1918119557
1917127318
1933970086
1883385254
4097993894
4114869430
4157647943
1993387013
1991552005
1723114513
1726001201
1726124051
1894154247
1961279510
1949171758
4231987242
4164750378
4164893162
4164889322
4176808618
4255582858
4255582858
3751835274
3752915594
2677060250
2677055914
2680201643
2671878571
2634393067
2617681385
2618213741
2623456044
2625295148
2625200956
2625118748
2620924700
2621322045
2487094573
3565047087
3564984383
3573340174
3573340238
3573386694
3707670471
3581845191
3611207319
3594510999
3527402375
3527299463
3539927219
4072083619
4076089511
4073988263
4082442661
4082574309
1406215741
1408509453
1408509709
1400137485
1366574351
1349930315
1350486490
1348393914
1356786586
1373424527
1402769373
1390183196
1459401500
1986372156
1982177836
1982112300
1983160876
1985212973
1984055082
3594914091
3590731817
3607504936
3611781180
3578259468
3024481356
3034050892
3030303436
2493416076
2493416111
2493297318
2493309606
2484885158
2535196326
2535282146
2638144610
3179211794
3183372290
2646534146
2644436995
2682120193
3726633009
3728362497
3728344129
2385117633
2397701105
2662036385
2662921889
3736917665
3724320499
3699347011
3699283713
3707740161
3724320800
3745292388
3074220260
3040664804
3021916596
3021924996
3168684677
4238297799
4240248390
3170645510
3211534870
2657886758
2657621030
2661817382
2527595622
2661829879
2650428549
2625269893
3699008453
3707364085
3707335653
3573117413
3564663151
3558606126
3558213902
1409698054
1413925142
1439033382
1589962774
508881926
505278670
505299087
507134085
507117757
489304493
476783276
485032600
485033544
481901113
481847851
1420356330
1437117098
1470671242
1458343050
1449427082
1987543194
1987482010
1995878827
1861656937
1860608300
1877254188
1868866612
3978617892
3894882340
3894542629
1747059239
1747063330
1756496418
2022769186
2021658114
1484794370
1484794370
3368347746
3368466531
3418790083
3461254339
3460989059
3470360707
2258338737
2258272928
2528805536
2528678624
2524484192
2534970976
2501426724
3020597780
3020663301
3041438309
3041438439
3074989799
3055207047
3057271430
3057259206
3056214470
2523472102
2527864038
2528918630
3065777262
2526938190
2522772687
2506024911
2489249485
2496573133
2496564941
2492239548
2496452332
2496456428
2489115625
2513822185
2513916399
2507493615
2507437166
2507949278
2508149966
2516477151
2516286639
2507896253
2507830669
2506777485
2490000013
3564860061
3560797853
3560725951
3560725743
3575938095
3575999519
3580128262
3588580614
3588681990
3588674310
3589194550
3589259558
3590185334
3755865558
3739080054
3600612710
1452567910
1456745767
1179991077
1175912497
1175846928
1192636432
1159147536
3551504
7746304
15627780
15650308
11504196
296585796
1403820573
1391245885
1928112941
1920773423
1920774443
1914482986
1914487086
1377583166
1411321894
1411264806
1413358882
1417554194
1421741010
1421675506
1421622162
1471948162
1189929346
1114620290
36356498
40555954
50001570
1140455139
1104701155
1087955809
1087959921
1146782017
1155175681
1157274881
1425705216
1467713856
1450817905
4135431409
4143822067
4143939811
3866988707
3860115619
3860111527
2803229103
2769691055
3832939501
3840213997
3835958137
3840160568
3840225816
4108791320
4104595992
1420114456
1453668889
1454127627
1186742026
1190948874
1178386506
1176273146
1176424666
69136586
73314506
348034811
280992361
1891613417
1889315497
1897703849
1931258025
1930734729
1628733579
1629896859
1613107627
1613116075
1621500649
1621500457
1621369385
1889807881
1889806857
1894066745
1894202219
3521530858
3530017738
3530855370
3526661066
3526656842
3526665066
3514606378
3502022954
2428414319
2428410223
2428148069
2515118453
3077148485
3056252613
3056247493
3060508641
3060573664
2787950048
2787482080
2787560720
2787301120
2787299840
2804072960
2770399779
2766202402
2762010146
2762275618
2762262562
2779039778
2792671282
2786580802
2920737219
2786520513
2786514145
2924758243
2952017122
2893034674
3961666754
3961658818
4234284882
4238346787
4289735201
4136643360
4136642832
3599771648
3591375936
3591785664
3593919616
3577670784
1425001856
1420136112
3701841568
3702898336
3704989408
4232095461
4248874599
4282429030
4278492710
4278705766
3976686438
3976669495
1745824023
1745692933
1762470149
1749891383
677322534
752751910
748618806
1016397830
882262214
882147462
901030054
904691878
627946678
636337334
627423415
627423413
1696970933
1731639444
1731639428
1731373188
1697867156
1680998816
1681064864
1680016289
1684079523
1692406691
1688216498
1738630082
1721951042
1722016258
1726004738
1725999670
1734388262
1700837934
1701034799
1709357853
1700957469
3811803165
1664204828
1628565532
1613967596
1613894828
1630931372
1642531245
1654983597
581385119
581384078
581378702
581378702
648360523
631251481
614475288
614477320
882912776
1017132552
1021325832
1021456904
971125256
1005666827
985711915
985709611
985704683
2059450507
2068035721
2101583753
2097645193
1949795001
1684505257
1701163705
1702359705
1702293865
1733484840
1733452072
3889394488
1742041609
1867851275
2102685386
2104777194
2021410986
2020100266
2020084890
2016089230
1479422414
1480471366
1484661287
1492525857
1492525328
1519793152
1251347456
1250233360
1250696465
1250764595
1250502194
1250436642
3397920294
3402163494
3746071662
3708322990
3708388494
3696992398
2094637197
2088345740
2021241244
2017047992
2098903016
2132467560
4279913256
4262079272
4262144827
4267261242
4275658522
4288235274
4288169674
4271433354
3734562730
3734540458
3734605994
3740975275
3615080589
3577341069
3559580804
3559583188
3563781876
3563773648
3572227792
3555718848
3538941633
3530409921
3530343857
3527206305
3526680995
2004246929
1953915781
1952891540
1953355500
1952755244
1701095980
1730194220
1713416488
1717607452
1868600333
1868743695
1835170879
1834101806
1765947622
2068986342
2068979686
2052196087
2060518133
2140156625
2073060037
2106647236
2106630725
2094048839
2094053958
2085730918
2094119270
2094118950
2084804646
4098067526
4114789574
4132680902
4132679862
4131823782
4131844263
4132389031
4127981823
4145878302
4246617886
4252641822
4243270206
4243143230
4238883646
4255735054
4255729103
4255695757
3724075660
3713639068
3709579924
3742282388
4279218933
3204757029
3209998117
2918492453
2914302245
2762381589
2762377989
4100902405
4114597393
4248638001
4013691425
3996988193
1848381729
1860960289
1856766001
1856639041
1990857153
2007644097
896220544
275314852
279509156
279472300
279652493
283915663
271319998
271319726
271319854
284119086
347004974
346990654
364816398
935237638
911902726
907642886
641237199
775454892
1849458860
1849594024
1866391721
1816027579
3963035566
3962903210
3966769834
3969915562
3969915626
2912953866
3181388298
3181388298
3215991306
3752862010
3719438383
3434483749
3435069493
3432513539
3369608199
3357092935
3357141494
3357129174
3457854854
3464146310
3467293127
3467346372
3332932084
3602428780
3531122216
3510217256
3510262280
1345986120
1345984200
1362756057
1362821291
293339306
333189258
327955594
311171498
42752939
42834923
47168335
316647247
318677775
384741646
384729102
376341510
506365030
523080930
472703138
472129698
1009131666
1010172582
1022571174
1018379942
2091990679
2091918981
2108712645
1590748709
1458610477
1457583148
1457832972
1457810444
375811117
1446406460
1429653981
1427557277
1884737167
1884737167
1893041806
1893499534
1910280895
4057772717
3822367404
3824457708
2707861356
2691083820
2691083820
2691669564
2687276556
2687300108
2687259183
2687447598
2708276014
2783707242
2779514106
2779581690
3048020218
3085834330
4151191562
4135462922
3596510223
1449091085
1447878669
1447878668
1984753708
1997509677
923699501
890145293
895392525
937330959
930974734
893161551
893186159
893132909
926810221
1061037541
1048448741
1052712561
1052718643
918499922
381497922
397947462
79241798
75178454
75170254
75042815
75045499
83696379
79461099
79489691
347909003
363629963
334266778
317489594
317493691
1920971194
1916711867
1916707759
3795756909
3795758621
3794767405
3794581036
3794592300
3811406396
3777565212
4046000436
4096262180
4100523108
4109044965
4104789237
4105055429
4105055429
3568184773
3584906695
3585897847
1476162871
1165776182
1144862002
1144988978
1149183282
1149186338
1149178226
1199378674
1182610611
1182678147
3328589185
3336965825
1202064929
1151720993
3300173345
3300172323
3300172323
3300172067
3354828835
3594420227
3593372737
1378792577
1378794625
1378777217
1915632019
859712162
809447078
817698486
1891439294
1623020190
1623052934
1908185046
1908190311
1912383591
1933346911
859756751
826154191
825105543
1882078887
1903050407
1907295911
1940652785
866910721
850157825
854384657
304933905
304351251
321264643
824581891
828782083
884343299
882180663
881591023
885531371
885552633
877186232
877186232
885622200
885626504
618245768
750366344
749312698
1823062698
1844164842
1865128042
1714134042
1713733642
1713475594
639865113
1713557545
1713516591
1847730222
1851981926
1860377814
1878137222
1838287750
1821579910
747059870
1015429774
1017061006
479991436
479994556
211560172
224145140
253521524
252997492
118845412
355592164
87225268
85119429
89313735
71549251
71356707
71348515
72392999
74491175
6405399
6527237
275155717
275679488
808364288
1999539008
2116585136
1848423072
1848423076
1848029872
1848029904
1848037985
1847677795
1865424930
3966771234
3964677154
1817262098
1825986610
1840666626
2125875202
1051592962
1047274818
522989890
405737810
942281058
954930018
950556258
950655603
1001040705
984197440
451448000
975736000
975805648
975936721
975894753
980056545
967383777
950606385
954804995
405285635
405285379
405416483
149621283
262737441
111742545
44637760
44578432
44775040
40530560
40629904
57258672
6854576
6854577
6862263
6923703
6925719
75020782
75020590
75295022
83314958
364779854
364517838
364517838
398081455
385360301
309862828
305856972
305660204
304669484
858301228
858301244
845980477
846037307
846561563
307593595
302876155
302877177
303020537
303020409
307145177
316582345
318696907
317505995
116179403
40796635
40284667
1382457835
1399234923
1348842351
1885706109
1885847405
1885845805
1617410077
1613203469
1613597725
1613550717
1613586783
1613632495
1630405351
1634665126
3785818790
3785818870
3785623286
3819190270
4154746318
4156419535
4160597455
3883711949
3883768797
3883900253
3892220989
3890720829
3882135609
3877953593
1730486555
1731666459
1731334699
1697781291
1693453930
1621105130
1621366971
1621432459
1906710667
1940345995
1403830667
1392280457
1400680889
1362928105
1345102125
1345234221
1886301484
4042164484
4038040836
4121859844
4159623684
4151300628
4264384053
4264375845
4281286246
4280563430
4284486566
2111844526
4289724590
4254269598
3750895759
3716309068
1300389900
1238559756
1561766156
1597356060
1593808936
2126424072
2125105162
1856734218
1861779498
1849196586
1832489082
742023290
607789226
607792554
607791786
553323179
566037163
1653870235
1654392457
1653359241
1921794953
1943851401
1910437289
1893640107
1895739311
4043091951
3766267886
3766271454
3783040478
3783105822
3815751199
3811225119
3811292735
3811095079
3811439157
3777917477
3777954081
3777757219
3764653283
1626151091
1622022323
1739462802
1722685890
1722699074
917357827
917282835
913088547
372039731
355262515
874916865
874915841
874908641
813107873
817176225
833975968
850883200
1923568256
1386595201
1382385537
1382454961
1944436325
1910811173
1894033967
1642376763
2011477307
1994702894
1986347054
1998852142
1948258366
1949372470
2083664958
2081569630
1020398326
949164695
999438982
446119559
448004807
452723269
526647572
472121388
477503532
349578280
1423251480
1568946520
512060121
243718794
109436554
113558218
122995550
6078766
4768038
13263138
13264162
72019442
1141550466
1159376258
1310368898
1311735938
1315274930
1319600626
1319547507
3736576609
3736380965
3740577317
3726421613
3726439785
3726524632
3743031496
3747221576
3713667336
3428521240
3428530984
3436911144
3434945080
1236802335
1270478606
1522053390
1525186590
1512603770
2049609930
2049621134
2133502094
1026271391
757640383
623501470
1698246830
1698366378
1698038442
1710633642
1639259819
1621367533
1671698957
1923361293
1923361037
309197117
309328957
846123055
1982763055
1982824495
1982759119
1965990031
1949204877
1949273789
1948768941
1948736189
4028972669
4041553453
4037288493
4037288235
4038336810
4038538362
4038925534
3504098559
3491580127
3575629967
3611228557
1447030157
1451192269
1585276893
1465725949
2004825085
2004296047
1970741551
1979003695
1979455278
905719662
905719151
903621983
878460239
877409359
894268447
927978559
910984255
843877407
843361311
843357213
838896669
838960221
369332445
386052293
1409460101
1413654239
1556278998
1552087766
3565341430
3565210343
3570692007
3579056631
3562340822
3558802390
3294565206
3302961974
3304931110
3300669734
1287399462
1287514130
1286191106
1554627584
1504687104
1517256768
1513062640
3660026032
3658920112
3657871792
4194755233
4194771619
4198770338
4186187431
4169410215
4236514221
4238082525
3701223881
1566314824
1545278728
1276786952
203045132
205211916
209254693
75278629
75281415
75280582
86999430
103711366
103711378
107922098
116282019
117314211
115094369
400303396
366750764
1434216504
377346072
373209096
376092680
376147144
372016312
506233001
506319033
490090907
471737003
474358442
482812650
478421562
344208954
344210218
345250090
349460490
72673354
74812874
70550475
7635595
6587035
291931033
308712440
308717032
308454892
845258988
842043609
842051785
842039547
839951594
840166634
907177450
907161578
926035946
896730106
883164154
346497882
346436362
346485519
346346303
1421137701
78966053
75295012
1346152549
1346283685
1396611205
1915653509
1919845765
1919321013
1927783079
1919394470
1717937126
1713431526
1713381742
1730158894
1730547758
1743130670
1739456811
1705849145
1974214920
1017653000
484977416
476789256
493541896
493525769
526948617
510176267
241991691
254443662
254447750
221163654
221180306
204403122
208040866
217396130
232010659
232007075
265760131
265444737
265506193
1322502097
1590793073
1590800945
1590796849
3738220069
3737169511
3737168503
3737254623
3720542911
3705036719
3705097647
3707585709
3706540477
3706483125
3699122597
3698614693
3560399061
3562459351
1414709463
1968295166
1968232574
1968220286
4115900926
4115831806
4149645278
4160062414
4160521038
4152148570
4146938474
4146995758
4113441582
4110292262
4105569318
3031829558
2629045255
2629072903
2631198983
3713330439
3726042439
3457573190
3462267206
3479045110
3437048807
3436716901
2362978148
2365074300
2356730188
2389367116
2389350732
3471740237
3467609423
3735848318
3740577838
3740573742
3730284590
3726028846
3692556342
3627380759
3627433015
3631626531
3631614755
3629976114
3378257410
3390776066
3407491586
3388604930
1220149795
1220026977
1220028132
1218996916
3370695300
3391789964
3391785356
3391785356
3391786381
3460072863
3457988015
3457982954
3721372138
3704004926
3700871999
3705049895
2631239461
2631240993
2622863393
2639640593
2652155201
2652825411
2652828355
2652783299
2658812641
2681799397
2631411300
3168284004
3168561236
3168663620
3168712772
3185487172
3202264389
3193222487
3189027711
2920710719
2920711743
2920711727
2924799533
2803163757
2751754969
2751808249
2751927211
2751923626
2757035182
2765886654
3032220862
3032416414
3032354958
3032359118
2495489103
2499617823
2491247893
3565124885
3577642245
3576585477
3580513541
3589004757
3723484659
3757032851
3748053378
3727085955
3728195971
3728064947
3732206055
4277462501
4273235301
4277431661
4285824351
3746852127
3713824015
3713880351
3705623359
3703468863
3703206719
3573176117
3573108533
3564686133
3698912085
3699027533
4286234189
4264199759
4264134223
4130112879
4130124846
4135366702
4135374895
4150087711
4116607007
4099302447
4107693607
4237707879
3184872039
2539413078
2535221062
2533974342
3612004678
3582673399
3565765605
3565712101
3570950836
3562627732
3560593036
3560588940
3558465421
4099733933
4099725741
4099726749
4108318093
4116637133
4149666253
4151833469
4135056237
4134008813
4133877743
4143216127
4143216126
3621074430
3587650046
3570872438
3565105190
3565097014
3572314422
3572314391
3706664711
3706665477
3756947989
3740195340
3740256780
3731721996
3731404061
3665338687
3661140095
3659038830
1511579758
1510498414
1242113150
1260270678
3378396502
3386773302
3382578738
3382510194
3382243922
3382223570
3431506883
3431637381
3435827588
3428550020
3294203060
3558377892
2484706212
2501553132
2537487356
3061829580
3061700572
3061626716
4135424873
4141208361
4141151035
3059016042
3054851434
3189077226
3189075178
3193384190
3210096014
3177065870
2631810446
2631800798
2627409902
2629580262
2629575014
2629595958
2361217799
2377504519
2377448773
2415193461
2398481637
2390183141
2402764005
2369733877
2357097949
3573475293
3573479293
3565131317
3560736277
3560740613
3560744708
3581718292
4127047452
4149840700
4128951133
3592048343
3592038102
3608810166
4149805990
3050845102
2499289582
2495095278
2511889631
2528700749
2528696588
2530838540
2522582044
2524636188
3615416349
3590250527
3590254895
3573469487
3562979695
3562819063
3557582999
3557582999
3557718423
3574483335
3612233607
3604903815
3600700038
3602727894
3349992294
2280448806
2246861350
2221696566
2490166838
2498624038
2516486950
2550040887
2529074197
2662962180
2667099204
2658972756
2654962916
2520698020
2520669348
3742840245
3742771125
3721552565
4120007357
4122165981
4126168653
3564398095
3564431167
3565020462
3572495406
3572454462
3563586590
3559406622
3693623614
3711584575
3749366559
3602566671
2528805453
2528817741
2662900428
2662900460
2667095788
3189286572
3172581357
3157972461
3158196301
3158192207
3158188127
3170710894
3170713454
3183156974
3183091446
2679836358
2650281926
2650301895
2642243783
2642374727
2641784855
2641810711
2639775031
2647977271
2647977767
2648041271
2677462871
2681702359
2682094997
2682047669
2673671333
2669468837
2636106901
2636043671
4248758231
4152287862
4152324662
4134302502
4134301990
4142687543
4135347477
4152190228
4112348476
4095694460
4099856124
2967394012
2963115677
2979827423
3017575390
3000797566
3017316398
3011423294
3078530110
3078545470
3074322494
3074236543
3057594591
3057005039
4134942383
4271179439
4254140143
4237301455
4237567567
3704907597
3703960845
3695705140
3696687412
3693050132
3709828932
3749703236
3730757316
3738878661
3734750167
3738943998
3738816878
3730355310
3749227630
2675502206
2640047110
2639983686
2640008278
2640204278
2642301927
2642297575
2514440935
2514343671
2514351831
2510153429
2514288373
2514288372
2507730676
2503501780
2503620548
2487097308
2508081133
2507031919
2548745534
3081489694
3064503582
3064509470
3069748286
3195577406
3191448638
3206452607
3172898143
2887699773
2891894061
3160362047
4233896983
4233895958
4229771318
4229640482
4233761634
4237951714
4238021347
4239987409
4239922821
3703074436
3732598404
3732594564
3728443780
3728312460
3728252140
3728256492
4269321576
4277774137
4277924665
4277924155
4278186299
3204444463
2675921711
2650755951
2648667887
2648669951
2648538846
2639536094
3696511958
3696581574
3562503622
3562503666
3562362083
3562401971
3574984833
3608604865
3591819457
3598106945
3606570289
3606341921
3606341921
3606341927
3623106935
3590261718
3573419670
3569227422
3567191742
3302752934
3319543462
3327927910
3330025239
3330155779
1181552945
1181491233
1177350177
1143582769
1143649536
1416281536
1416268672
1425705856
1425783184
1434036656
1451011488
1914496420
4061455781
4061426597
4044830375
4030084847
4041676334
4037293606
4037289526
4121179670
3584849670
3622698246
3622554646
3605776439
3605710869
3605724165
3731614725
3728309493
3728676084
3726513300
3441296837
2350780357
3294047861
3298111015
3298115111
3298047527
2226403095
2226394910
2226438447
2230620527
2218033647
2216527007
2215492743
2215419015
2215218309
3293285765
3289030101
3305815541
3340431301
2266654405
2270832277
2413442741
2409240247
2411337399
2382307062
2247953238
2239499038
2273065278
2281209134
2264429870
2259251518
2276061198
2246635550
3295187047
3292038311
3558456487
3558582421
3561597125
3578501317
3592342853
1444872005
1444838981
1444304549
1981146791
1985259173
4152657316
3883959468
3884023964
4156723596
4127368652
3188827956
3190859557
3206571302
3173264678
3177585958
3035499814
3165260070
3182037478
3183036822
3216571525
3757892740
3745374336
3744919680
3711357312
3711362032
3577177828
3581175397
4126434853
3618927141
3616871692
3621587980
3556706316
3288217612
2214471692
2205034540
2179930413
2175602222
2158952970
2158952970
2158826042
2158768686
2159817518
2164012334
2180799798
2170411270
2187188486
2187172103
2187172119
2186123319
2186131511
2186131511
3259996167
3256850437
3256793109
3256784965
3256784965
1109301317
1108269125
1108334661
1124989301
1126103509
1138686405
1136581061
1136515573
1132255719
1127807463
1126939127
1097529735
1105983879
32110743
23656631
19527847
1093402023
1093334453
1097577365
1089049237
1357492917
1357492916
1349100212
1349101276
3496851164
3496859357
3496990461
3496964717
3496813355
3496223019
1348740395
1885682971
1885813003
1886730505
1358178585
1356081497
1372853705
1375470475
1409041291
1373422266
1356645034
1355592362
1355605674
1355586282
1355786938
1364110234
1394518410
1451140491
1451147400
1391247752
1407500792
1399321448
1361568552
3509053228
3513251628
3555653436
3552571709
3552432414
3535585790
3556524522
3541845226
3541896362
1393952906
1398159818
1138109774
1133980958
1102329111
1105474839
6567187
2569491
3028754
4129330
8258098
14561794
10360322
12453635
29298499
66931697
58514401
54389601
58714449
67098881
67098897
62773553
66976035
22853922
18721074
1030418
887122
5020130
13409762
26000866
59751634
59686083
47103169
34585808
51149920
51132512
17709152
17701216
13507184
9255536
9189984
8927857
8990275
9313858
13571650
1095622258
1113448434
1121770994
1119739379
1117625843
3264003489
3264001441
3264001441
3264001443
3268195747
3276584355
2202844579
2165161395
2232334727
3306072455
3306072455
3306072471
3306073495
3310349703
3713001367
3712870327
3578652327
3612210917
3613258469
3613254196
3615351316
3594384148
3594318356
3594384148
3594478388
3592385340
3596419884
1607205160
1573128057
1556487946
1557543690
1551239962
1282672938
1216095274
148381754
144187402
144187402
144179227
146473000
150547496
154757160
170584328
170580232
237685000
237554952
371753273
376209768
913080680
913084904
913093608
913093544
930068136
837794472
300923561
300793497
301842059
301770635
285058442
285054394
285121770
83794990
1148103734
1143925782
1160635394
1177415682
3459166466
3463369474
3471491602
2326512178
2326512242
2343155315
2292756003
2292756321
2566433633
2558044513
2572724705
3134896609
3137247392
3137244304
3194850432
3207384192
3207351424
3173661824
3106549664
4180553379
4193128098
4188867314
4188809938
3656133378
3638896898
3634702338
3634637826
1488266497
1486192496
1502924516
1573154532
1573154532
1564765924
486897124
335967397
872879277
805575823
805578895
822491279
856079757
860262333
600278556
596936204
582258444
585410572
577021996
572893228
574064701
572427271
571097158
1628045766
1951011814
1956520934
4237571558
4241762678
4232325382
3695458566
3703900742
1569074759
3733857991
3733856965
3666805380
3416000160
3409721760
3374082208
3374065808
1292249217
1329996929
247603587
243405699
239206883
234881507
1325408355
1276125234
1276256514
1280471298
1288848130
1150306098
1150316322
1150574370
1152797122
1203652994
1184778628
1186810292
1182536100
1177838004
104325516
104264072
104112488
104115496
119843112
82098988
82025012
77765140
1152556545
1156743683
1146257986
3289547394
3289555602
3293766306
2228281698
2239778850
2274443298
2259681314
3332386851
3265732659
3269853201
3269804112
3261386852
3525611628
3526132776
4063206408
4079986696
1663936520
1668135176
1635760665
1698672186
1698456122
1966867002
1967063594
2000618090
1982599786
1453861998
1453856806
1453856770
1588189250
1588239426
514502850
506110147
1059758209
1026199696
875266192
606830768
606769312
607101088
606986656
539239076
539244196
543440549
551828207
1638148711
1638148711
1638148935
1638281029
1638798149
1912488645
1912459988
1904015036
4051500796
4034785020
4043213436
4039088684
4054832685
4088156733
4075561487
4067172878
1915564334
1915621418
1936589866
1944980522
1929255946
314451978
314518538
316417291
316154123
38322505
21856715
5149130
5150090
274644874
274574250
274246570
1358478762
1402506682
1404801419
1375375753
1442492813
1434382829
3611222509
3611190629
3615376757
3613357543
3621746167
3621770695
3588216135
3588085079
3562861943
3562841463
3565006199
3565139255
4118779703
4127175991
4158502199
4158436661
4133336085
3055473685
3074348049
3208574257
3175012129
3187557921
3183362675
3183301203
3183243987
3187434467
3170657255
3178984886
3044695446
3044745110
3078299550
3078438286
4152114574
4143719870
4160501166
4160501182
3590141406
3581879758
3581882702
3622777102
3521982750
1374434615
1357657127
1357724773
1357855860
1358304628
1081561428
1081561412
1092538628
1109315844
1109327108
1110739252
1190443302
1186785574
1186777382
1320930582
1257947398
1249542406
1249546582
1517985987
440049856
439989440
439917808
993635552
960211168
675260656
673028288
672499941
671460775
671392935
1816437927
1816589471
1813433487
1679215247
3829353135
3765177005
3765177004
3773569708
3790356124
3781963404
1668034188
1676414140
1655458990
1655033070
1655161918
581337118
585543694
572841998
589358094
555939887
539392047
539363887
552995565
546115237
546243221
613356165
613167821
634135245
668735083
651968362
651963338
654207946
784230794
1051617466
1051474090
1051462798
532415623
499003477
484319520
478044464
473817872
339710464
1953400337
1961794049
1973852930
1974962434
1999996930
1982171138
2116914258
2117062066
3996732834
4009235619
4002944163
4005041315
4294652034
4234819458
3697950402
1491745330
1487481378
1487415858
1604872755
1588128528
1592371456
1584049216
3727328384
3727394224
3744183712
3693718945
3626543523
3089693171
3089725926
3156753766
3169333030
3165136487
3181975287
3182960343
2646092485
2639801285
2350389653
2350520785
2350528849
2365205761
2361004802
2376598022
2376622662
2410214246
2410451950
2397865454
2389682574
2386553807
2386455497
2386438985
2268998472
2233347400
2233336136
2229166152
2225061928
2224853032
2224861500
2224852781
2224597551
2233043494
2251918118
3325790502
3325746182
3325718534
3325718598
1446690886
1545257411
1545265857
1545334465
1548466881
1544129489
3695741089
3746073761
3729310897
3737833605
3737809287
3734643383
3667534567
3684180711
3654820590
3629656031
1549410265
1551506392
1547307912
1949911944
1966729608
909752712
909673608
907858072
370974889
371175593
910078761
1986966059
1995346474
1928106554
1944879642
1944960555
4050565672
4029323800
4029336264
4029303432
4030336648
4033348264
1890063273
1890320554
1907097834
1907109930
1911304234
1886184490
1886169098
1886234634
1911465995
1945024520
1915390984
1999144136
1999144376
4096382968
4096415468
3022656108
3035308588
3030917668
3081318932
3198759701
2661884211
2661838947
2662920419
3199768035
3166408690
3169626822
3089427191
3089418853
2552286756
3173070372
3190960660
3190956612
3195150532
2935121063
2931084454
4003776678
4021062838
4261385350
2081853638
2081861634
2082365442
2084381698
2084317986
2083326499
2091780707
1571691187
1605241475
1588463234
1319895682
1336672899
1304376227
1285366179
1285301475
1285301475
1281122497
1278648512
221688000
238191041
236096897
234915984
235186336
507832481
508831905
508831909
240463292
251536092
1341788732
1340736044
1307050540
1168646716
1151910412
1151968056
1152099114
1304013098
3449395498
3479144938
3323890090
3325987210
3342765454
1127915918
1132237199
1130152420
1126117732
1111367968
1111369008
1379806481
1378807057
1408159057
1940889537
1907335104
1907212160
1978500480
1998425520
1997331872
1997290913
1695288995
1678654118
1692282534
1689661110
1688671926
1688469670
1689260198
1959813327
923852813
923918344
923988232
389174024
355612169
1362247450
1146231594
1150617898
1150568762
1285355802
1287432970
1286123018
1319678474
1319862859
3400171949
3664412845
3661275301
2587537569
3661340835
3627787682
3625608854
3625594438
1549348358
1560029734
1287596833
1303841056
1336150048
1324615696
1314655232
236392448
235278336
101068800
101064961
117863169
123093827
91046866
82403314
82672626
82656242
217005042
216873938
208431570
82600338
82637234
95207826
128881042
48665011
40276387
36147377
52924561
24622225
66364656
44344356
48537636
35972140
35916856
36441096
36571400
53348904
65931817
61670953
28099084
296518156
296518348
284066700
1349432964
1349429924
1080998576
1093503617
1127078546
1110195938
1110192738
1110188834
1378623522
1458315298
1454235682
917413890
934196225
934188224
498044032
1545964720
1545977264
1545715120
1545731760
1545812640
1546861280
1576024673
1605380643
1605380626
1605380354
1185097730
1185290242
1323698178
242092034
237643970
237648002
258673795
124456083
91167921
82259377
14751665
14753457
14769841
14802609
14741473
56666915
39889187
39893027
35764275
35911699
40032515
57068803
57560321
65949441
32393985
99568465
124615505
124615505
124771091
124772179
124640627
99464563
99466611
99465555
99457490
225286642
225040754
258570354
258701331
241907763
241904931
241904947
241777969
266947921
266946929
258595185
225040753
225048945
225048945
90831345
90830321
90829297
23720433
23720433
6943217
7205873
7175921
7289589
15678069
15678079
15694399
284998203
821865259
551331115
542933035
558661739
558731370
558870634
554676330
554546282
554556522
554638442
1628057706
1628058474
1636446826
1636446826
1636381274
1904751177
1904748232
1367878344
1363684296
1092184520
1092184520
1125738952
1125731787
1125762378
1124829050
1397458538
3553343082
4085884538
4085822074
4085813850
4085875322
3817452521
2747900904
2735317480
2736494056
3776632296
3776634344
3776601576
3776601576
3780779496
3788183000
3787993544
3779600843
3779613130
3813364218
3821695978
3804987130
3804855946
3800644234
2794011291
3062446777
3213458121
3179834824
3179898200
3167433752
3167428952
4242235800
4242203544
3972699832
3981151912
3842558888
3876358588
3859589276
3993873500
3998196796
4015448076
3979825164
3845545992
2774934056
2779656746
2779383466
3082292906
3015183018
3019381690
2482515098
2482711690
2440703178
3513395210
3513399322
3513391162
1391139082
1122705355
1119487880
1123615624
1113068440
1107841448
1107870120
1091076332
1343915022
1349172230
1886038022
1885911094
4033390886
4033390887
4041780516
3018560820
3076161796
3071951940
3072001252
3208129764
3207208421
3219786215
3215592439
3215662743
3215539847
2678613895
2684151175
2635892167
2367589831
2366565702
2668522262
2606525222
2598121254
2662872870
2662994726
2679768054
2365063814
2356675222
2356884118
2356821903
2356882319
2222664077
2222598604
2238318924
2188249356
2188182796
2196513100
3265552876
3265552812
3265614253
2204385511
2149859559
3224716595
3223772419
3223776003
3227937537
1084648256
1101429696
3265689024
3265675648
3269738993
3257156071
3257168166
3240519462
3223743286
3236326198
3232196886
3232594182
2179729414
2213282838
2188902454
2195329342
2191139622
2191204902
2191008294
2191008294
2191020583
2212020975
2178466749
2228847549
2220463016
2222559672
3296309752
3291215320
3425696088
3426744600
3426679048
1277098824
1277094728
1225715661
265216973
261088140
226997140
210219940
1275376037
1292153255
3741747634
3724716162
3724781698
3733035187
3733044368
3733172612
3603092164
2530624228
2524381924
3069973220
3068921572
3081504229
3081000038
3052146718
3576504334
3576636426
3560910090
3560844042
3495835947
3252554027
2174224699
2174228746
2207784202
2207794442
3281830218
3281961338
3280974186
3251417450
3243021674
3238892891
3490690381
3490625357
4027492173
3759121869
3759121869
3758927051
3775695051
3809315034
3793672298
2987800682
2987796846
2719362670
2748737134
2744644206
2709828350
2743382735
2743382989
2727122428
2718729716
2786886100
2787103060
2789110124
2805871400
2805871400
3845526312
3891728920
3887281688
3851431432
3834669640
3833646027
3967855050
3967854794
3972114586
3988896954
4015494298
3860168842
3862397066
3862347947
3860263083
3860226283
3859947757
3881181549
3856017269
3835047445
3851889157
3851889153
4153879057
4153743955
4091285314
3554477378
1365116354
1348338882
1348337874
1348145378
1355297250
1082663394
1082663346
1099588994
1103822211
1104862081
1104911235
1104788369
1138601441
1390190817
1381802209
1377599680
1379771477
1379904613
1377758049
1398725219
1369329235
1352204866
1356338002
1075327330
1077420386
3225038690
1090136626
1084885506
1152059906
1168710402
1185477889
1185468672
1323864096
1311281184
1311354912
1312485680
1312482048
1310387984
1314634323
1339726546
1335597750
1570286502
3751325606
3688408975
3747131789
3742929405
3726160364
3726221804
3726550124
3730756629
4133405701
4135482389
4150228277
4150096167
2002596135
2002596159
1968517407
1951863055
1549209867
1549219611
1556421177
1556421177
1553275453
1557428861
1574235853
1574762445
1608286607
1606386063
1606062479
1576706439
3587875223
3579553207
3579442595
3579637158
1365044646
1935502838
1935482326
1935482358
1937581430
1937662263
1937658157
1669283884
1668808728
1933062152
857223448
823803432
273287720
277547625
277416618
277351054
9176974
76812430
79036558
83021966
132288718
108180743
103983361
103852064
103852064
506505313
506504391
506638471
439500935
456278967
422712035
418525731
951067171
951067175
2025071143
2025070637
1486245933
1482670120
1476952072
2013832200
940157192
941206281
1750710539
1777973307
1786415115
1849332747
3997073483
3862347977
3862053097
3876725161
1741038505
1707421359
1703164590
1707350702
3888908990
4158457758
3888664974
3888685454
1741201550
1741193422
1741652814
1700701771
1969139212
1948184108
2084333092
2084315692
2084319804
2083270972
1953435688
1957626920
883559465
883558409
883582985
363503049
1441304203
1474856603
1449689786
1449689514
1583911082
2120786090
2122047675
2130604489
1996388088
1996121832
4143673001
4135120553
4135118729
4150833547
4117332362
4101669002
4101677498
4110067178
4118521646
4117620526
3073144383
3073193535
3039761967
2507020079
2498630975
2494500189
2495417597
3569095869
3569098924
3573293228
3564904892
3562415005
3570873231
1423202202
1414851498
1410636266
1410701802
1429715034
2004269070
2011599886
1991214862
1995407901
1986372141
1999086124
1999024732
2000081628
1997983460
1980025189
1992615973
1725229093
1659693077
1676667909
1667945476
1634385924
1634385924
1702543364
1683571156
1678521068
1678521064
1678246635
1682444010
1690974890
1686776234
1838688426
1840790666
2142786698
1038672010
494522825
473682777
1546318617
1416298282
1416297258
1442757418
1475775242
1589021194
1587318346
3738993275
3738997096
3606745208
3598356716
3597328556
3576357028
3564855460
3564839061
3562743191
3571132070
3504158382
3495698158
3497265710
1348733454
1348741638
1357146630
1369828663
1471082813
1454305308
1459453964
1583120396
1577943164
1594610812
1561066861
1544219501
1548479087
1556736751
1556741822
1548531342
4232877710
4232876990
4233081782
4241397655
4241397717
4258179028
4158563588
4150187268
4152313124
4150805541
3009942823
2976462118
4050260774
4051305270
4057662286
4056421326
4056424907
4048294395
4056698331
4056730075
4052720602
3499015098
3565464474
3570711434
3558131594
3560199050
3694596574
3711316461
3757994468
3736752484
4273664080
4272611584
4276789504
3739985664
3731402529
4285050145
4247300451
4230543463
4230675943
4114251239
4118431733
4124722869
4124799665
4120711873
3587971009
3707581713
3699194912
3698161696
3715061809
3714997249
3748559873
3732848643
3741303090
3751654242
3751588834
3716981474
4241270514
3159206642
3156130515
3172907717
2807990980
2805763828
2788992676
2786915004
2788487853
2788454831
2788439214
2787378414
2787443966
2791706846
3890618462
3852869919
3853459727
4239208719
4240187662
4244385054
4244449566
4236212510
3699267854
3707656462
3707652430
3707522503
3705488855
3697103317
3697086933
3697029537
3697091553
3705562081
3705033713
3700900817
3721786321
1607852865
3478512465
3461838611
3463790386
3463789362
3463789426
3463789558
1314331062
1318394294
1318850710
1318850702
1318961292
1589412028
1592558052
2116846884
2116861728
2116529680
1982311936
1982243328
1982243329
1998778886
1965167110
1881278294
1885474158
1621362798
1621362735
1622423597
1622550604
815147208
819339656
290927496
289670024
21234600
21234600
12845992
12961692
13098820
16169732
10857220
279227172
279030551
329431366
316838982
371359814
371359750
371228710
371236902
908124198
908125222
1981971494
1986141990
1973817190
1957561990
1957626502
346890894
482161339
481637048
481567400
1557425768
2087774760
2083555896
2083559961
2099293706
2132849162
2120253962
2133885450
2098578042
2014786091
2018911017
2029397288
2029914152
2028931112
2028537880
1483413512
1500126280
459888073
444121483
444105147
444170683
450470315
450601387
1541120171
1540072682
1506407914
1499002219
1499034939
1566471483
1566446875
1566443289
492767001
475992861
206901820
366309948
366474044
366850824
1968997640
1935445465
1917749913
1917758089
1980608155
1712096938
3859055291
3859059355
3860247227
3860243947
2809637931
2813635627
2763322425
2763514393
2767610379
3829277195
3829211691
3963359787
3963356011
3966503162
1827473626
1823414491
1840126155
782907595
782906571
782901451
1051517131
1055699371
527217067
1030525355
1030599083
1030591419
963482585
998151129
1535027163
2069800955
2036248571
2036264923
2019546587
2019411403
2019541467
2019545339
2036133995
2069688443
2069843994
2069787707
2069849131
2036163947
2035905899
2035897691
2036025289
2035898313
432635865
432631261
416116181
416100837
407638241
402928097
402989553
407057217
415371781
433193479
194120199
246491702
250690102
250969086
243071406
242793919
242778253
509116552
504930472
370712748
370778284
389981020
1441723908
1420217876
1419857463
1419867702
1436612134
1441068334
1467261998
1381811310
1376306374
1380467846
323486854
319425671
285880231
286928551
270155415
291116679
299504327
295256837
295485709
299680025
276102425
272083769
270903851
821336618
821856810
832342778
832340618
631079050
631156970
551526506
549773421
537134316
537210020
554052516
587607716
570832549
583156359
578929550
578846734
583041082
601129001
567780664
542551608
1612099112
1612172824
1611468360
1611466376
1611466664
1623987624
1619272875
546641050
814890138
814884058
282272842
273802250
269526026
856793098
844275722
919773199
919765007
910196783
1979753517
1711316329
1711704779
2114374219
4278635115
4283854447
4294386158
4273217790
4277412046
3751030926
3717468326
1552164258
1552158626
1556416451
1288045251
1281229377
1148645953
1164420865
1181069057
1176865025
1579649281
1581026081
1585228581
1585229604
1987872052
1987805221
2117767205
2117787685
4265500759
4265500743
4148052310
4160095854
4122287854
4120132270
3570674334
3570674314
3571388298
3571320219
3569222077
3569291676
3703387084
1286419208
1286349624
3438028072
3425447208
3425511736
3442358536
3442366728
3476934088
1316800440
1320997880
1320977097
1287553867
1287562030
3434914606
3430719782
3426522918
3695089166
1597945422
1581168335
1581158351
2116980110
1986960574
1986639022
1986569390
1718150314
1719198107
1719297675
1983522459
1916413608
4068030120
4066918120
4066913320
4075299880
3538498584
3500806152
3500806152
3500806920
3232387593
3232356202
3282869742
3266092206
3257699494
3257765042
3224278226
3224278018
3224302594
1076782338
1349264706
1349268962
1097733026
1123947395
1123943041
1388253844
1388061436
335294188
275540968
271378920
271428552
271493768
271485576
288326281
304579211
1919386619
1923514671
1923392302
1403298342
1373955590
1428651522
3576053254
3580247862
3723375654
3702395942
3703442534
3634169087
3382453468
3382453580
1230783752
1226686728
1211793416
1211802904
1211868509
1213769215
1490593247
1486460317
1486527884
1557831052
3713699004
4265248252
4264460620
4130242828
4130226956
1982661148
1982149160
1717838376
1709974057
1689204265
1689204491
1823284491
1823214617
2092698697
2109525192
1069337992
1055690632
1055690393
1047500473
2121249466
2121183674
2121179322
2139005098
1837015274
3967722602
3967198475
3963004681
2099684877
2116456989
2116534845
4263842605
4263842093
4264374317
4202627117
4206756909
2059340829
2076064840
2042506313
1488858569
1488930249
1493025755
1490932443
1482552025
3630031609
3629969129
3637275305
3637275323
3637258938
3637325466
3653768858
3688366490
3688366250
3688431850
3650687018
3650629674
1555570714
1287135241
1287152648
1282984216
1144556344
1159433016
1191876920
1443540296
1443537352
1443598730
1460371850
1460240810
3507000238
3494414254
3498624653
3230293708
2173319772
2174364204
2277124908
2280140588
2280224029
2275963087
2277302414
2243723438
2245821614
2236927150
2232732862
2266352782
2266415054
2536941087
2540086815
2540545557
2506924820
2498535732
2491265060
2491187252
2489103380
3034229829
3051010247
3209337318
3205074854
3188297698
4262197190
4263241031
4263207751
4282065781
4282065765
4265222756
4269408892
4273603164
4290316092
4290250040
4256721928
4244170760
3707299897
3701472347
3718176202
1573766026
1573143226
1430532778
1426399914
1409757866
1413887674
1413889978
1423378874
1423194559
1423191503
1423729927
1157395205
1157612288
1156498208
1156556576
1416408864
1412083504
1412078848
1433309121
1592690562
1592625042
1584187298
1583878050
1579748770
1579752610
1583883490
1592272098
1605050582
1604985287
1604916165
1336416212
233369588
233352660
493467924
489396484
522885376
522885120
506108928
506115073
1445629955
1983549442
2132459538
2098872546
2098856422
2085488358
2089754350
1955404382
1955347038
1972124175
1473784351
1448618287
1448614973
1459094796
1459290396
1587151165
1608147423
1565188486
1548460422
1548259766
1548256182
3704128190
3700196014
3700269743
3700205228
3696029676
3692854124
3694991724
3559786860
3572372956
3568710092
1437991373
1440039389
1427632463
1461113103
1461167375
1461037323
1427482910
1440061758
1439992127
1373474079
1434436879
1434411279
1459441725
1457459245
3331989541
3334086695
3472498963
3472556371
3480814306
1278808738
1283069570
1280996999
1289308039
1284002743
1285055469
1285055469
1308304349
1294541657
1160257385
1160259883
86518059
73931083
1172986314
1202376138
1202422219
1189908939
1459388825
3596399016
3621561320
3616318184
3616323180
4153390700
2530125372
2522785340
2518345517
2654618919
2537491494
2502831142
3559785510
3563979890
3571843138
4106105090
4106188034
1419638034
1440525363
1460972611
3591810115
3593915587
3594405010
3611231650
3581739682
3585939110
3569096422
3569120998
2495145670
2495129282
2499327859
2516096865
3078133601
3074013044
3057303044
3057303300
2788924164
2788932372
2788879220
2721770468
2736461732
2736325540
2751005604
2730045884
2746839471
2746765486
2712162478
2699881578
2691549482
2687429386
2687494666
2737695242
2737729034
2741924367
2746106671
3014460207
3048026990
3031380806
3035444694
2487039478
2487162102
2487096518
2491364550
3586073734
3618513046
3333304454
3333292422
3337356678
3321685382
3304893879
3305090549
3305025365
3320811277
3320612373
3354166053
3614221093
3609781029
1445590309
3594110245
3594243105
3598384161
3597329441
4134187009
4129992705
4129985347
4146758387
4109075107
3837297333
3835266741
3841572525
2758322861
2754145001
2804443947
2788048155
3861779466
3861184602
3798216826
3823374442
3836609787
3836611801
3837402572
3837357660
3841519132
3832063500
3878199821
3865617933
3875182399
4007562535
4007103526
4014322742
3977568294
2887065894
2820092718
2820018798
3906867950
3901686438
3901555366
4170711943
4170720141
3638046156
3629721820
3713956076
3749632220
3732339084
1585379724
1583349644
1581576860
1573188269
1556370341
1548121063
1545479011
1547633971
1412179218
1415865618
1416061970
1425985538
1476313090
402636803
400274707
391753009
1467607329
1467607841
1467607859
1467709746
1450925394
1450918354
1448821202
1448690098
1455997410
1451872738
1451995489
1469756788
1469623796
1475914196
1463331292
1983756508
1983830156
1981205901
1981171102
1985151902
3539022782
3555730414
3555730414
3522241390
3522367790
3518447918
2443563294
2443489550
2476781839
2476782380
2476783404
2472578860
2535820088
2535889416
2502355465
3039177227
3173920538
4247654250
4260302202
4104652282
4104655359
1957441981
1956913564
1423974796
1416650908
1410384056
1409387677
1426106575
1459661070
1448327438
1987229966
1994568974
1990689054
1471119407
3618279461
3615133735
3592090662
3591984226
3592031650
1444556706
1450837666
1455030931
1386885760
1386947456
1407721600
1344808128
1076436016
1080760609
3236506146
3232508466
3233622530
3233562114
3233559314
3235393890
3252187490
3248083810
3247031155
3247998768
3315108144
3354962176
3341395984
3324688448
3324689600
3324687552
3341455808
3346694529
3579412897
3587744161
3587745249
3579356640
3612992884
3596347220
3596347140
3592091396
3592049428
3592094516
3596550972
3606975037
3602784795
3602855738
1456738090
1448364330
1578457370
1578530826
1579047946
1579107338
1581105226
1585299658
1600835802
1567290554
3697982890
3698046650
3702100634
3567882906
3567882907
3568956091
3568890541
3564693165
2486759084
3023629732
3023764660
3027958917
3044758727
3044791367
3581670422
2507924790
2540430646
2548788502
2683006774
2683035431
2678841125
2678703909
2666054164
2666058500
2657710852
2524541748
2520330599
2252019054
2251954302
2251950110
2251950094
2234128398
2229942542
2225829134
2225721614
2225635611
2225897833
2276229224
2259464424
2255262956
2519506156
2519514348
3610164396
3560897464
3560860313
3560843999
3573361358
2497452622
2497452574
2229087790
2225022510
2241409582
2274898454
2392335110
2394431798
2260267047
2260238565
2280161460
2246607252
2271842708
2271844252
2267651516
2251013548
2250947756
2519383228
2519379149
2519395657
2519363339
2540648986
2541690394
2239569690
2222789434
2499612986
2629644570
2629791770
2629816619
2360133097
2359593449
2351221737
2351221721
2369211339
2369141194
2402690506
2388009434
2392203694
2392727998
2409509310
2409107878
2415396262
2407057831
2401864023
2401939207
2406196999
2414453253
2376839709
2376839716
2376644132
2364048996
2355662820
2351533492
2636813492
2671420564
2654658772
2520408148
2520392708
2520394765
2251958543
2251954462
2251954958
2272922126
2231306762
2226982410
2226979610
2226913626
2226917866
2226917871
3300708837
3304374688
2221202864
2217843088
2217933248
2215836096
2215835968
2266134785
2249338113
2396202243
2392002835
2257785394
2257719842
2259949090
2192836130
2179780130
2154602486
2154804726
2238689718
2238489015
2272039297
2272040320
2272105856
2267911568
2252322196
2252256468
2386211908
2386224133
2386193423
2386177310
2386245950
2402888510
2369335066
2356885002
2226849290
2226733658
2226766426
2226690042
2226692078
2230882287
2235073967
2268627349
2268770693
2166022533
3493486980
3497948324
3498039460
3506231460
2430392484
2438772916
3004999813
3054347653
3055465413
3055452679
3057566247
3068973607
3064750631
3064734247
2544706087
2683056423
2649489443
2625372195
2625310805
3696914501
4233815109
4233800780
4250577100
4279933388
4282026444
4282354125
4282240509
4147443199
4147380570
4113826170
2507616746
2543198954
2543198954
2543264494
2543145662
2543114239
2549909983
2541521247
2541652253
2537459469
3057626381
3074008332
3057357068
3057291580
4131057956
4147781924
4113175349
4113171205
4096340255
4100465967
4108855662
4105771502
3569039822
1436232079
1469672333
1184419725
1188595101
1113113004
1108930988
1111044541
1178218901
1177170357
124659623
99495847
82652050
83181442
82843522
1148277714
1146220914
1154519330
1154519330
1150329122
1150329122
1200727346
3331505427
3331504387
3606485251
3598092547
2536409875
2502724387
2487000355
2491196709
2499649556
2508181524
2537500724
2520723552
2520384865
2524579363
2545550882
2511012386
2494050850
2494063218
2494080962
2494086531
2489880449
2503576192
2537265792
2654642048
2654648192
2654660032
3728367873
3728347191
3731436582
2657627174
2657627182
2666277166
2650741006
2648578830
2363366926
2357986830
2358518334
2291409706
2308256046
2308724079
2310802797
2314733932
3374844268
3358395196
3358465564
3357943564
3358991132
3356762428
3355719039
3355733326
3372280270
3405839310
3414244182
3381099318
2307324726
2307306806
2340860263
2391257317
2392621476
2667349428
2523762068
2519702420
3056573364
3073292724
3024010644
2755569092
2755584453
2753439062
2755470638
2755406126
3053205806
3064793390
3064924494
3200200142
3183419854
2646434254
2629693855
2562507261
2561460204
2557004332
2552789532
3626641948
3643419164
1496198972
2066620460
2066685997
2079731743
2077700302
1506041994
1506075034
432318394
423926714
1531427482
1523497626
1519303626
1519304011
3684338697
3753479177
4255750201
4251695403
4247489851
4247487755
4012605706
4012544026
4013592634
3980038187
3979976745
2904417325
2887768108
2891860076
2900248812
2899249660
2765033165
2907640525
2941199055
2924356302
2866684638
3130865390
3132889966
4205578350
4205578287
4222355481
3638966280
1478893576
1479958600
1477878728
1476699064
1476699052
3628379053
3645160127
3687160542
2609232446
2592520766
2659647262
2391176990
2526953774
2529116206
2478621734
2445051174
2428341623
2449317319
2986128839
3010237847
