3760125895
3760121831
3763324902
3771518886
2781662630
2815221143
3066879367
4132431237
4132364725
4133380517
3059704309
3084349941
3052828663
4124465143
4107620214
4098915654
4098899398
4098911686
4098977238
4124534246
4120302055
4153786725
4153721109
4158411533
4150031117
4112262957
3575459631
3562941231
3562944830
3707636086
3705474390
3701232966
3567056135
3583815941
3621564725
1465753620
3591806976
3593900288
3593896256
3593897328
3610758629
3579182565
4115984229
4124895077
4124963701
4158509381
4150055237
4145860959
4145903087
4150160870
4091444134
4091415190
4087220870
4090826374
4090758838
1934898111
1934631855
1901076909
1632706797
1632727101
1633738783
1642128415
1633740063
1629534014
1629782590
1881637502
1884717695
1892058879
4039544797
3767974733
3772164365
3774327101
3790973741
2792861197
2792797711
3866531343
3862418990
3862198054
3862701863
3879482663
1698567463
1698563367
1702822949
565972005
633080869
666698805
665587908
665612420
766279820
1013821884
1013822141
1013823165
2087041727
2082847422
2087041726
1550171134
3756456302
3740726318
3740688398
3732287502
3730255886
3738530942
3754257639
3704093861
3704019124
3704014980
3695611264
3691415488
3642078016
3742491408
3742589713
3749077555
3723887138
3720151586
3701240418
3701269474
3721192930
3679227123
3657996353
3725110337
3726287937
3726287169
1581171139
1597915587
1412366774
1416561062
3568113063
3569106351
3703319983
3703320511
3707514831
1558998861
1416101645
1432866573
1466289437
1382415637
1382544669
1919373629
1919402477
1919398895
1920443311
1919394271
572821883
572817707
539328811
539410185
543600393
1617411609
1680207369
1681194505
607438345
611631931
762593595
795607419
774635611
774639691
774778939
780017963
783689003
782705961
799290633
1068762379
531895627
531919179
1303705051
1303680507
1287099899
1287042555
3432424955
3449206267
3484915131
2411172091
2394394859
2394403051
2411180267
2411196907
2314592747
2289394539
2289525355
2289439595
2306216827
2306291545
2306156921
2366925305
2366962169
2366946249
2366937993
2371128715
2406777291
2413134043
2396426458
2396430714
2395382575
2395382319
2387059239
2672072229
2634335781
2622277157
2622477925
2630803285
2630803397
2621833045
2622291303
2639068647
2672688615
2664359383
2665391559
3202192855
3210511871
3177022957
3177027053
3172848125
3172856157
3172982877
3206438941
3206443135
3209651322
3209653370
3176098046
4249774558
4249775502
4249318798
4249311118
4282860431
4282861455
4282845071
4257562047
3720818615
3720818614
3720755094
3720827270
2630177238
2648568166
2648559974
2650662771
2650777105
2684333569
2658770449
2658698801
2654521185
2671301987
2671506930
2638148818
3162404054
3162395862
3162457302
3179238646
3187503607
3220791797
3086578517
3086598997
3078214197
3212373549
3212372525
3212438335
3212761887
3212757263
3212825935
3212702031
2642211279
3179139549
3170779621
3170779621
3170711013
3028037093
3562876917
3564847093
3581884357
3581810565
3615445381
3598537109
3604857317
3604796901
3621582309
3621580797
3590123389
2515922783
2490750751
2507527519
2508051839
2508191607
2508191591
2550126455
2550056823
2541680391
2523591943
2657875207
3731476791
3731445047
3732632695
3732831319
3716037847
3699318263
3699187190
3697092566
3697091414
3707577207
3707531559
3707556143
3722244415
3718029629
3718098749
3755846429
3747461917
3743333133
3743320909
3743338445
3709616605
3709600191
3692966311
3696628133
3705012709
3702985189
3702796772
3706988020
3723701700
3748805572
1601403844
1316092885
1322318686
1322319630
3486578446
3478147902
3461361966
3486588974
3482787886
3482722414
3483259070
3483058366
3482895549
3489188285
3464006077
2385095677
2385226046
2385161486
2385158158
2406129678
2683023391
2645274925
2645139308
2650311660
2675493308
2537085372
2537282748
2503924908
2487116988
2422106004
2426291861
2426394277
2425677477
2482299557
2989802173
2988753567
2989261311
2989335661
3010309167
2985208847
4042169358
4033783822
4033800454
3023043383
3022978855
3027139879
3043837223
3221178150
3218765382
3214602822
3181040326
3183068918
3187197670
3174626790
3174622438
3174687990
3208574198
2774463734
2782311926
2778114007
2778183365
2782367428
2904006212
2903875156
2940001636
2940001380
2940007525
2944160997
2952680703
3992350863
3992347021
3989993141
3981530789
4015011493
4015007741
4015009151
4015009087
4025494559
4025693470
4288820510
4255257406
4255253310
4256499710
4254340510
4292640143
4291619977
4282967180
4249396380
4116296088
4118512632
4100686392
4100686392
4100498969
4100501017
4046437915
4046380603
4046374459
3878077977
2810005081
3078424313
3078358779
3044869818
3042776986
3026135002
3036423678
2633774446
2628522030
2628522030
2628722751
2645450764
2679037964
2665935948
2657537484
2659092956
2659158460
2656348589
2656349614
2673182142
3212279966
3207823583
3207758047
4281569533
4279296109
4279297133
4283524463
4149427582
4149362431
4149362429
4115798781
4057402108
2968854428
2964682140
2964648348
2964648924
2964628188
2968822365
2960953902
2956756526
2687274542
2687343406
2687481902
2708405358
2750346590
2741917646
2788053711
2788123339
2787927785
2808901097
2817285225
3081522281
3048016905
3048156233
2985241673
3513459964
3513400556
3546953132
3530429884
3538817428
3534688661
3534746055
3534729670
3551498566
3505234182
3563889974
3559759158
3559758134
1949014838
2083151647
2099978013
2133394748
2133407020
2137596972
4259910700
4255849784
4255903512
4255706652
4289244876
4293437068
4277703308
4271477407
4271567550
4271562926
2533110950
2524185830
2519991398
2536899654
2541106182
3589678854
3566609926
3569167894
3300736518
2226945542
2365389574
2365193030
2373507391
2407057709
2272906556
2281350980
2277155524
2243470036
2499318500
2499314336
2499319712
2491067809
2506811553
2469124321
2452293905
2452232448
2452500224
2519606016
2527920416
2527338532
2511618094
2509522046
2441923770
2169293242
2165066154
2164869562
2164939163
2164926860
2228891020
2493195148
2226664092
2226651892
2221408804
2154320174
3228061742
3253325870
3253400618
3521812538
3614083130
3614083658
3594173130
3591940810
3594040906
3594027531
3593187849
3610174233
3576619309
3576587565
3565047084
3572915492
3589758324
3589756357
3587600833
3587633537
3588145297
3705655731
3697267123
3699372467
3581928435
3581932274
3590182519
3623671399
3614240743
4151077367
4146948255
4147543183
4151723151
4151656607
4159991999
4126208511
4117820269
4117881389
4100187701
4116971287
4125228295
4159044630
4159036470
4142912558
4142551070
4143583502
4143579406
4135059818
4151841643
3040356203
3160940139
3170515547
4240141003
3566758603
3565739915
3565735817
3561539464
3557447580
3575276956
2639946172
2673762724
2667373476
2666853348
2666836789
2666898710
2666833206
2666839334
2532609318
2540085014
3744399110
3710803535
3710863197
4247519597
4235993389
4242366521
4238237787
4244634843
4118665723
4114405819
4152150969
4152150937
2011025289
2010989961
2004821389
1967007165
1948657069
1411786149
1952855525
4108726773
4104376661
4104229125
4120941316
4120945172
4125139508
4150375988
4146175516
3055651357
3056961839
3057510506
3057608938
3195669738
3219784938
3186230746
3186239050
3186325018
3177799194
3211320603
3211324425
3144281097
3127440649
3144176153
3119010345
3099226859
3099222702
3099194286
3103311014
3157839014
3157839030
3157912710
3157976454
4252657351
4286194247
4265219599
3190427151
3060276527
3068717101
3081300009
3082336296
3216555017
3216545545
3197669961
3193475817
3188298475
3188441582
3189391598
3122266350
3124375790
3144290431
3102356559
3102355213
3098177032
4176071192
3102251576
2851646040
2860035801
2857936633
2853740969
2852893099
3943354815
3961143695
3961128845
3961391037
3967748013
3975428013
2897225197
2897241469
2914117403
2947603979
2949705230
3041978958
3021008638
3021012974
3025196270
3031679206
3031875830
3031883895
3029787667
3050824723
3044535553
3611196673
3594402560
3594402065
3597536544
3598519392
3606905952
3607048273
3741282369
3740168259
3756978387
3722958018
3701820610
3706019027
3706010099
3706989477
3706728101
3706793700
3704819405
3704686285
3700434655
3704678127
3695224174
3741360238
4278292686
4261646670
4261458766
4261455391
4265719359
4249009691
4244831769
3205945897
3193260585
3204205352
3204275497
3197719837
3201880909
3218658263
2488881878
2484761282
2484745922
2484737666
2486898610
2491096242
2499484866
2512063682
2527659250
2527981794
2528092371
2528092225
2528936272
2528941664
2531044964
2539436644
2501687908
2636102244
3175021412
3174493556
3174493300
3187070068
3216426324
3214267092
3218399861
3193201255
3189068518
3191800550
3056337318
3077313702
3052143782
4105110678
4105059462
3573427334
3573427399
3564989781
3581729060
3623676220
2549389580
2533199372
2550042124
2541654540
2541666820
2541519404
3084424045
3063455982
3063461038
3063462062
3070016446
3074198206
3023866591
3024019021
3023462988
3023446604
3035898220
2763272423
2711897318
2746502306
2998683810
2994653394
4062103622
4064209990
4064207942
4080952326
4113982470
4097180711
4101443045
4107550436
4103351012
4102822652
4102819508
4119662229
4123865799
3586924886
3722207286
3722301494
3705529366
3713920006
3713853446
3743180822
3478993174
3478010646
3469613686
3599634102
3599304375
3616068260
3616055980
2543363004
3615007132
3610804636
3594289596
1982701948
1982849304
1982818056
1999515416
1965456171
1894140202
1889978666
1889978378
3568617482
3572825166
3558130894
3558129774
3712368750
3751174510
3734397742
3667272254
3736994334
3735635582
3689467887
3644364971
4181239977
4181305497
4231570569
4164461448
3912803000
4219118248
4217299688
4263371320
4245974540
3692309044
3704830240
3700825123
3702916130
3702931570
2633941202
2625552514
2642314371
3741224323
3735980993
3735915025
3735853601
3731668769
3190596899
3190595618
3190722594
3190734962
3207512210
3179167874
4236136578
4233614738
3964993446
3973380774
2899376870
2916149831
2916150799
2949703197
2907825724
2907820573
2886943263
2886926879
2886731310
2886745646
2907713390
2916097246
2912095438
2912290015
3214296287
3214299357
3197530317
3201818829
3209027791
2672161023
3175609838
3183996399
3185044975
3184909823
3042299389
3042297309
3075863884
3042440524
3042309452
3042309405
3042305327
3075860271
4150223663
4116599615
4116661023
4116529463
4099699047
4107039847
4107033847
4123872727
3050229189
2513362373
2546920901
2538038597
2504357205
2504356149
2512507175
2508443943
2541875558
2677040486
2664457575
2656099685
2658388341
2524367701
2523323141
2519137797
3593990677
3593982773
3591893783
3591823687
3591824327
3575010255
4233519071
4233579519
4243933691
4239776233
4237617389
4241779965
4241514633
4107293085
3695268797
3695407789
3695321775
3695321775
3695392470
3696319446
3713038710
3746625894
3732142343
3732340039
3732394311
3732783943
3732722407
3755860711
3755827943
3722208166
3722207654
4258579687
4260873463
4260809927
4252228815
4252019791
2133894175
2134094095
2134020895
1865585211
1865650987
1869665081
1869665561
4017223737
3981830185
3977734187
4248251739
4248246218
4251779802
4260037370
4255797994
4256855018
4256817514
4256751935
4260947741
4260992541
4252742172
4248560157
4248498701
4248519197
4248306285
4246209519
4250408431
3185050863
3180944606
3214503119
3214666959
2677796174
2681920846
2681921358
2673536590
2673534847
2673430893
2673361005
2681749612
2677788924
2644177108
2627465428
2627270053
2625174439
2620971686
2621176486
2621176498
2638151554
3208574850
3191271810
4269199555
4269261025
4268810465
4268811365
4285588791
4285621558
4281564470
4247983398
4252177726
4252045598
4260704542
4254544158
3718190431
3718077772
3722304860
3722312028
2675554588
2675678476
2675676172
3749416988
3221066045
3221074735
3179258415
3162415663
3156186679
2887618167
2887556719
2903293487
2942148125
2925239821
2925239821
2927205949
2922941997
2922944047
3996694315
3996709178
4013477946
4013473834
1865170986
1831814190
1869499503
803608687
736499831
719730775
719731911
719797446
719797702
719797718
719789014
719526551
715332247
716651223
716651223
982985415
981805767
444870215
440676103
436481031
235285527
235814150
105778694
131993094
12258902
12127830
11079238
11026118
12140247
14253715
13204113
13138849
13134241
13166753
97187968
97180800
122327169
84643921
85700627
69775399
203989287
208186662
212442918
1286123302
1286123510
1286325959
1169867663
1174029727
1161366957
1092099501
1077553549
4073868
4067209
8246969
1358799771
1374458858
1408021354
1382842682
309109050
317564202
1122875690
1189968174
1181628718
1198406454
3475908918
3475899702
3430351126
1290092550
1286062082
1285980162
1286447152
1286381600
1283215392
1279018016
3426305312
1278889504
1278900771
1283123714
1337649666
1320716802
1186500050
1186563281
1186762976
1182576800
3594293408
3594424464
3609129392
1410294692
1410098916
1413752548
1418012397
1418082045
1435907789
1469384525
1450971519
1444753787
1444770075
1461514507
1434252553
1434361113
3590232856
3724516152
3724319544
2684131640
2675742488
2658943753
2658992859
2675905194
2682139306
2677940906
2677826478
2677301678
2677327006
2681504902
2640157895
2619255877
2621352196
2621352708
2621353780
2503919412
2503917876
2638135572
3175006532
2636050756
2636083012
2635541060
2634508820
3175574308
3183860004
3185429812
3183330580
3183198471
3183116806
3183125010
4258832930
4246251298
4245214498
4245277794
3976909922
4014661858
3940475011
3940479104
1784075392
1779942784
1779758816
1783390948
1875665516
1875710749
761212939
622670859
1679362075
607791163
611986299
620628699
549194442
549195466
815530698
815018714
831267578
311194174
311284350
1452192630
1447993842
1447600546
1464377762
1439203746
1435010978
1435148210
3582640023
3586829185
3704269696
3699026880
3710622545
3711540529
2637747509
2675504487
3730405223
3730528247
3730446071
3730446231
3730511285
3737661861
3755487461
3755553013
3724104189
3724277245
3707762005
3707551047
3699158359
3697059327
4229870975
3160315229
3177090333
3177155852
3206532876
3208572509
3212766845
3212801791
3212776191
3218932399
3218867119
3218866669
3220976877
3221044476
2650631196
2650762509
2646041869
2679468317
2683654969
2683573035
2539914025
2549416745
2247570233
2245474073
2245336347
2244217979
2269907179
2271038619
2271206538
2264913290
2264389514
2264257178
2255868666
3329610490
3346486010
3342168442
3309117674
3313311978
3294568667
1414934665
1414930568
1431713176
1431574457
1460930457
387191259
386953563
389050651
355594506
342029579
342013195
342007577
341942137
341884793
341882841
1432392411
1432388315
1467073275
1467183739
3612500587
3318883691
3313642603
3313642601
2239970377
2239829193
2239813081
2239857513
2244186921
2495846185
2629941049
2647764797
3213995324
3197351228
3193410860
3189080364
3189096740
3054780900
3054896036
3071681453
2692617134
2696873406
3770484158
3770488222
3770421658
3774640586
3826643274
3826623754
3826560522
3826559515
3843328523
1729600026
1713363546
1713001210
1847202522
1849164683
1849163963
1802121449
1776970857
1772808297
1773070427
1772530698
1811185674
1848672266
1846575114
1845665898
1845665898
1849861486
1858264686
1870842598
1824901862
1816451783
1683910085
1700402308
1669005492
1677201588
1652236420
1648239764
1933457316
1912544935
1889340078
4036759214
3500944926
3500944910
3500731918
3232277774
2158531902
2225706807
2494207796
2510984756
2682820148
2674429668
2670304996
2653929076
3208554292
3208570421
3174983214
3174772270
3178893086
3162122526
3178761518
3178761278
3178771470
4260963338
4256833546
4256830539
4254618057
3720925656
3720913288
3720975240
3721106328
3578502808
3574586040
3574463208
3574430440
3507448824
3511118328
4085707144
4086743433
4086727050
4086796718
4074025198
4061429862
3792745494
3794837510
3794903054
3792805901
3809665800
3776340536
3828753960
3828824617
3832879659
3841722922
3886827834
4004304970
4005362698
4009603082
4001345611
3997085897
4013859800
3963544236
3963551404
2892975788
2901244589
2901176237
2766939567
2779521214
2813157774
2813157878
3081597287
3052154661
3026987780
3028036356
3023841796
3023907348
3187555876
3183346197
3183084359
2679644630
2662867174
2662859942
2596019350
2589736070
2602379662
3373673358
3372624846
3372624846
3372297502
3376426302
3411031070
3415420942
2341613578
2340451611
2306921784
2374274360
2358222200
2363067640
2355726808
2355870200
2381032443
2382097130
2415520362
2256096810
2249805418
2199637946
2203747722
2178588810
2245697676
2230878604
2230878860
2217247388
2502529692
2670440984
2670372393
2670389035
2670456106
3177966638
4260027439
4243256348
4234859532
3693659596
3694916996
4229605300
4233801380
4242194068
3167665860
3177094724
3193867780
3191768836
3056386836
3056345380
3056345444
3208516068
3170506212
3166385572
3166438565
3165389989
3165406453
2678640838
2658902470
2658837446
2654642838
3727270566
3727214502
3727410582
4282056070
4248497294
4252691678
4261280094
4261178143
4252859919
3714799117
3748352519
3748221495
3748147495
3756531751
3723178022
3707376694
2633634838
3432739863
3449453575
3449453829
3482965329
3472414561
3472393697
3756625377
3748367571
3748305987
3744110595
3728448515
3728315699
4265521457
4265534225
4265530177
4131307841
3879682529
3827909024
3832024740
3840478900
3836418700
3837467276
3841464972
3828890268
3828887212
4286327980
4293657772
4020503788
3852730620
4121124876
4121354252
4290175247
3737036350
3753883430
3749481826
3711487074
3694709874
3694750786
3693767747
3693768003
3723116497
3735687107
3735686850
3735621506
3736616866
1459366306
1450977698
1463557542
3694986630
3699271559
1560273796
1555411668
2112140052
2145694516
2137301308
2120528188
2120519997
2116391225
2133250363
2133251370
2133252394
2134296874
2098706891
1830267337
1813490121
1817623752
1817608392
1826062536
1691779324
1702273277
3879133436
3879059684
3861930980
3861933796
2805141228
2815512284
2777710172
2779833981
2779800158
2813354718
2816766686
3072591854
3072609774
3056031982
3056019679
2800117965
2795957453
2812734927
3081156062
3081016958
3043268222
3039098710
3022452550
3022415174
3022398822
3026531687
3035039078
3036022082
3048609090
3048674386
3585416246
3585375286
3585403143
4160022855
3614805335
4148018677
4246582773
4246712567
4246728951
4246336598
2098754678
2134584422
2134580262
2122004582
1861950582
1861835991
1870158277
1878785732
2130374260
2125107764
1990754868
1991807508
1996022540
1983438861
1983661103
1967012910
4097185830
4101900614
4110289862
3569290894
3567062670
3566757518
3583567502
3617193663
3617316517
2543427236
2681771940
2639831468
3159925180
3172639228
3177100268
3210655716
3219062501
3204316903
3195829991
3191617510
3207856487
3174433031
4231401733
4230098997
4242551844
4238355508
3702533124
3700501511
3717459206
3750139142
3733427574
2663679862
2387382230
3457003222
3725455007
3725422237
3595251645
3611961261
3587839933
4110025119
3588829631
1432887722
1429742058
1411932938
1412178698
338504458
338115354
342280510
346474543
1420740653
1420592141
1470922956
1324253324
1315606668
1584308661
1585358245
3607013285
3606946725
3623723941
3579622325
3574916069
3558662893
3692913263
3697161790
3707636270
3573287470
2650548526
2683070750
3203124238
3203134478
3198910478
3199959071
3214512428
3214451244
3209224748
3205023356
3054175980
3070887596
4081714600
4057597097
4040757418
4040695978
4032311482
4034647290
4028284106
4028148170
4032342986
4056713819
3817835115
3800473179
3801527835
2731975263
2790695743
3055002415
3054822183
3054838582
3054904070
4131262754
4135518498
4138534242
4289266930
4256767154
4256790662
4240074886
4242172038
4233841797
3692658100
4231869860
4231275428
4252246692
4252328612
4290212580
4287951580
4120175116
4107593245
4101498173
4101422367
4100380958
4117678430
4113959390
4113840606
4111736286
1427506558
1433805870
1572282430
1605705734
1606230274
1606361346
1335718162
1335685923
1339617763
1331275169
1327143297
1293601153
1295698817
1295731589
1300089781
1568462821
1558505325
2086969645
2087039277
2103682349
2138287381
2054274055
2052111382
2047917078
2048128006
2048266246
4195750198
4183168998
4238214822
4238280357
4239660716
3163821756
2627007116
2630132364
2621743756
3712262908
3573916268
3575030380
3562452847
2499183742
3035542654
3035556974
3027224958
2485836750
2485836366
2485840462
3039489541
3072914949
3077099828
3202928932
3198914852
3198849316
3198849332
3202982164
3194529076
3127438629
3127504167
3127594791
3144289830
3207202430
3207271126
3173651358
3177910686
3186102430
3181905086
3047692446
3047696526
4125649039
4118374543
3563781533
3563737549
1349140943
1361662223
1361867071
1361932591
1898970415
1936714047
1946024781
1912536012
1912503180
1375604621
1366624141
292815279
292819374
829821422
828776810
300364042
300163098
300179483
300216601
821341496
821332248
819825416
815766281
546806539
619814170
1731440922
1714589962
1847755082
1848803806
1846710702
1845535151
3997216167
3997235391
3997366463
3997366719
3997367278
4022488622
4023784982
3992131334
3982500102
3982500118
4229967911
3966899493
3973186912
3968032752
3968134864
2894379728
2894379584
2894375424
3193743872
3057576464
3057527312
3056471584
2989229600
2993430560
2980839456
2964131892
2964197494
2494189814
2494272662
2494335134
2491189406
2218563838
2218563966
2235496973
2252237316
2252235268
2260599300
2260599348
2260341287
2260214114
2260213858
2260208866
2260273298
2264602754
2254051522
2249883075
2252006595
2407194837
2382012599
2230886798
2226685326
2497220542
2505620398
2501426094
2501426094
2503719818
2536156747
2502616587
2502645259
2502632986
3043653422
3047914542
2980629551
2980889645
2980893964
3036472908
2487080652
2485077692
2484997796
2485075621
2503223206
2515808422
2545156262
2545156286
2511671518
2499172559
2515970124
2683742540
2658511628
2658974220
2654766604
2520678732
2523832573
2523836654
2519516398
2485800366
2620017551
2620021455
2624220685
2628331052
2628264488
2628265768
2678613277
2667078719
2658729199
2654489838
2587378862
3644474766
3631888334
3640274638
1492789814
1484660534
1480525094
1480130854
1496908054
1578848270
1042018382
1044952206
1040754859
1040754859
1058576555
756713625
1710919048
1706727112
1672119816
3819472440
3823670824
3811092073
3811178107
3812311770
3776905882
3776840366
3783209390
3769372846
2695364798
2712547533
3014598860
3013944520
2548327496
2535744776
2536830760
2234926632
2222331656
2493916936
2493998360
2225370408
2225916971
2226048058
2242824202
2382334154
2373749178
2403179962
2401105338
2401235454
2388586830
2396713230
2398867766
2398740773
2390286692
2390352352
2407195520
2684010884
2639970692
2639892916
2488897725
2484712621
3027893487
3027893739
3027107561
3027037913
4033668809
4030517961
4030485129
4030468505
4030682607
4034813167
4092480750
4075707614
4075513294
4075544911
4067151951
4075405439
4138266735
4121452909
3567941501
3572135519
3563720206
2485718814
2535997230
2519215406
2523407662
2662015294
3735761870
3752403919
3718788047
2628270077
2364024301
2351500399
2351569967
2351569982
2238332190
2246782734
3349751630
3349702606
3350783950
3315123695
3319301549
3294279068
3294273932
3290019788
3289941980
3491268348
3508377340
3510562556
1396637420
1396604652
1363042045
1362964365
1362372495
1366304155
1366365423
1374863471
1945272351
1944290319
1944095759
1944103198
1927461134
1928501262
4067592206
4061563927
4062086231
4061823173
2971333012
2986001060
2965033636
2964964004
2963853957
2959632071
2955505207
2972408614
4046276646
4083947574
3815516182
3798809606
3811456006
4113436935
4113449559
4118725287
4127052439
3852240519
3885801143
3873218487
3873216959
2799476205
2799605101
2818488125
2776539677
2775557661
2771250991
2771180847
2775370799
2808892462
2926316590
2927493198
3997044814
4001244382
4269741294
4278062574
4223274910
4189795918
3636146702
3636146766
1555571406
1287135883
1287138952
1287142040
1157122744
1144576952
1142479288
1192806808
35441800
37544072
37675160
36102328
40296873
61268973
27443943
278955750
278959718
1348515383
1344577333
1344577300
1344584980
1365753092
1407630596
1927724292
4092050709
4083531558
4083596838
3546742502
3547778982
3545515415
3524535685
3526714508
3526780092
4067882220
4071015524
4071001348
4071070981
4087653654
4083463462
4079260966
4045706534
4045845302
4029085446
4029044486
4033218502
4034139623
4034143719
4101252583
4101320663
4109770438
4103552646
1419057814
1419057798
4120173446
4153712070
4136928502
4139024423
4004814885
4025982996
3983843364
3895764004
1748263988
1748771892
1748906023
1748907366
2029389798
4189458086
4289793718
3733990102
3732941382
3468700166
3456116998
3326343183
3347247436
3347247748
3264664204
3265184428
3264791208
3268953000
3255363496
3255495592
3238722473
3225353131
1076820874
1080486346
1088744778
1080344874
1076150570
1143329066
1411834154
1424909118
1152213790
1153197886
1157422910
1300154670
1310632254
3458115662
3726547022
3738994894
3734807754
3600584841
3600646536
3604775848
2522845868
2491319020
2490291948
2486054516
2485992244
2485918500
2485984036
2490309412
2494380837
2494310150
2645304070
2678612230
2394476838
2392359014
2392622246
2396818622
2388172175
2386279300
2318031748
3392015244
3408797068
3643157676
3626378476
3626116332
1483875533
1559422415
1557178207
1557180399
1564781567
4257725389
4257652701
4257652348
3185555052
3187254892
3178861116
3174807084
3208355373
3191589413
3193522726
3195555110
3203931174
3202946150
3219853526
3111007382
3102088374
3102084261
4242934161
4241763200
4232850368
2103193348
2136747780
2128359221
1073491239
1040004390
888738094
878247981
874053692
889720840
856183048
856211720
869043800
865966808
398301851
297769626
284146570
276741002
272021898
272084362
1349558426
1105248410
1101119899
1101189561
1101177769
3248661228
3252855332
3521293860
3521432100
3554986548
1407502852
1407592964
1382427142
1382425910
1378300966
322176038
322176038
857607174
824126470
823970822
828147142
830243206
359510454
359510454
359510454
1466807735
1475198391
1474935735
3622419383
3622419382
3622484934
2548743110
2540367862
2507689958
2507737070
2516129774
2516391934
2650617846
2650613718
2650547478
2650551606
2632717350
3450680359
3450676277
3450626068
3454849092
3698098628
3694952844
3694428572
3692408220
3708266636
3708004444
3741559069
3724777749
3591560967
4130501125
4159848965
4155654757
4088611821
4055107053
4057214383
4082378895
4078381263
4078317007
4048958927
1901461855
1909916477
1901335337
1901335353
1901335321
1901343515
1901408059
827603754
835979898
819251850
819252107
836078475
838178187
603238795
586461339
586658043
576106795
1649845035
1662444075
1930781230
1897210414
1897275945
1901470504
1976893752
4119592984
3582722120
1436292104
1436292104
1151218952
1285432600
1285432121
1285301034
1289491754
1279002106
1277955258
1328355514
1311701130
1311685770
1311417481
1323860376
245928872
1336447912
1302901417
1286189802
1287234282
1276751402
1276889642
1276021274
1293334798
3742805006
3740771358
3735453710
4277043215
4268392783
3190465095
3194663525
3211371237
3187188461
2893607659
2889364459
2889359851
2889351403
2893676665
3833206041
3841602825
3841666825
1693986569
1685860105
1702626569
1711015195
669779291
669779290
636309850
879711578
879752538
879621370
887944426
883749114
883806298
816566346
833278154
845836490
308946058
310000058
1381718698
1388932778
1388898219
1388896681
1925767304
1925750984
1927053432
1927196968
1922999848
4087265832
4041128488
3764304409
3829312025
3040782859
3174866442
3208427018
3207382538
3190604330
3190715178
3211665770
3215864026
3183112394
3182977194
3166228651
3166191785
3170386072
3162071752
3174720232
3177849384
3043566120
3039306296
2977443609
2973239353
4030269497
4030404729
1882925273
1882944649
1618854025
1617723529
1893503387
1892528555
1909371627
1926140522
1917760014
4061062670
3592316426
3594331914
3728485418
3689687082
3685353514
3685365770
3685365770
3686272314
3401082154
2323177514
2323177578
3396919546
3401097354
3401117834
3400032427
3395892651
3408534955
3358198185
3425307033
3437890445
3437890445
3438816137
1282961385
1291364328
1304012248
1336910232
1336713452
1571594476
1563263020
3710615596
1563067196
1965728264
2099945992
2099967496
761994776
691743289
2033855033
2036206395
2036205834
2035812426
2044204234
2046312586
2042151050
2075754650
2075693482
2073600747
2072552041
2072617512
2072639016
2076933672
3674938153
3675982122
3675981850
3745466378
3745237002
3731475530
1453965562
1386983642
1386983642
1386983672
1118482664
1119477928
1110991016
3241803948
3225043100
1075464077
1342887646
1346955006
1351132926
1351128778
1351255753
1351255752
1372237512
1394125544
3524848296
1377401528
1983388329
1983385003
1986528426
2125344954
2125340826
1454252250
1472016410
1425805370
1416376362
1148003642
1147612698
82700858
1421668089
1436329656
1468830360
1468306312
1405391768
1392804776
319260392
839813673
840886811
574024203
573565707
590277899
594473243
594067723
594035147
595083755
590897963
595424043
559876907
570366459
553597883
548350395
548284811
820390283
820248715
283377803
283394203
14766314
14774378
14802990
14937382
14866710
31915271
48686341
48685316
40816908
36618508
36618504
52952888
7662380
13675053
277917231
276858458
1417843274
1417851466
1422045770
1447211531
1444068875
1446157834
1445449274
1445742126
1445737066
1966871402
1962676330
1958477930
1958481962
1975455801
1992188936
1996418056
1983835400
1982770952
1982633560
1982629624
1932296936
590124729
560854715
560856827
628064235
1701789162
1978545386
1978540154
2113806410
2113810506
2103324890
2144100522
2139645098
2139671978
1032379291
495578504
411624584
407397532
404234412
406388964
405680628
473309856
471213728
533869233
511705729
377549443
381727617
381792641
390312404
391228724
276019492
812825404
811776797
811784973
857921291
857920009
841450009
840205032
575439528
600612776
596425640
596941752
603294616
1660065673
1987240907
1983013131
1982996523
2133008427
2137202731
2137209897
2146449417
1070606603
1032923914
1015417370
479071898
495518347
524817291
436748697
436740520
436740520
449389496
412751641
145366814
145365822
216677166
208145206
203987414
472688006
472686982
504664469
507936916
507949204
369336756
369335908
1446218276
1378085412
1382115884
1382156845
1390545775
3538034030
3538026622
3533918302
3533754398
3533737998
1369481230
1357094942
1348645146
1344439835
1344720443
1411829307
1949126171
1950092827
1971070491
2004628282
1971069210
1971064858
1979514939
1962885179
1689252921
1690086681
1828503369
1836878409
3984362184
3979119320
4016871160
4016943848
4000166520
4012241496
4012372569
4013298217
4013306667
2937463083
2941590827
4023720059
4019525755
3887865163
3854306635
1743521098
1735267290
1735266810
1735340538
1735135482
1877815530
1877946618
1844327642
1760437339
678765915
745805147
745805273
754192857
754807257
754803161
754803097
746418617
761098745
761065835
769451306
1037886522
1071506458
1071641610
939442442
939409738
938361306
934233530
934245803
871201979
871333305
862977433
862973336
1903145368
1903669688
1886892472
1886888376
1902355304
1935712809
1935712809
1918935595
1914761771
1646515754
1646679611
1663455003
1730546699
1970146331
2112621577
2112619529
2112619849
2104231371
2087522778
1550651610
1550782714
1559179514
1554919674
1554935898
1572855898
1572725114
1606198633
1602069864
1581102456
1581220312
1445954504
1982722696
1999499928
2004701945
897450731
1971221483
1971217899
1971119211
1970068571
2011991113
2012060745
1995423705
1995421401
1986900699
4151153307
4247622298
4230927018
4097729450
4097728938
4101906606
4109766910
3036050655
4105659485
4109854029
4126633804
3589762892
3623321420
3623165309
3623097837
3623093423
3623092415
3547799711
3547795647
3612823998
3545589150
3545621966
3554141454
3553994046
3522542906
3522010394
3522006299
3513550651
3546846761
3546927661
3514659644
1365062428
1344082236
1343685933
1343698989
1343695101
1884694669
836118927
850790799
313984399
318522255
383566783
911512495
911258218
913351466
1466016558
1474536750
1474536766
3756502326
3722964246
3451382038
2644425014
2644416868
2643114932
2509937556
2512030596
2981858948
2984871556
2977530532
2973598373
2973562534
2973007526
2971941606
3039046438
3039111190
3047500806
3165070342
3165069318
3165069332
3164939268
3705937156
3694922180
3743353268
3725211812
3725207732
3725535380
3729599621
3326878855
3335352478
1186910366
1118758142
1118170230
1117837366
1118259223
1135479860
1106133284
3228451372
3224289836
3223814712
1076138504
1411424792
1411492376
1411422745
1952492042
1961929226
1951509002
1947377162
1947648714
1881031578
1880625594
1880650154
1884836010
1889060010
4035566766
4103731342
1956571334
1956572230
1958671622
2008961334
1995322175
2121146893
2116494088
2116367144
2117338408
2119452712
2126837816
1069852680
931440712
935635147
927239306
857179274
1932951738
1932964282
1932960186
1933484986
1669259710
1650319550
1650221222
1675387117
1675445228
1641957100
1644066556
1635608268
3778834061
3778865871
3809773695
3813967919
3784738863
3786844189
3785795597
3791039756
3791098684
3780461116
3842245496
1694958312
1695429288
1696211625
1685788393
1706756649
1739262491
665324299
665348875
665364747
669615115
627671051
606830859
607814091
557744523
555656379
587525291
587466926
1644431786
1665544106
1640380074
1619923626
1620972186
1620845258
1891377482
1974231054
1974256686
1974257727
2109601820
2092952604
2097042716
2086551836
1008620376
1008620424
1025441208
1057806508
1041033373
1041033615
1041230270
911127230
920556278
934183190
1890484230
1894035463
1885642768
1881637652
1885769268
4033268260
4058434276
4092873396
4074003109
4074008239
4143190510
4143382810
4142268682
4133892378
3597083946
3613863214
1416047934
1417022750
1560153351
1289684295
1289500099
1289544147
1289519586
1341567218
1593221315
1515627715
1515630017
1516154561
1515110081
1514972897
1514988261
3746358117
3746124077
3747156013
4250480683
4124785707
1977235513
1960450329
1960446409
1960446411
2113609099
2105020555
1024983227
1057489322
1057505770
2135679851
2143924777
2139730488
2140910104
2144904712
4183338504
4166560280
4166556184
4166752796
3155859996
3155869212
3155871484
3025851308
3084435884
3063464100
3063562375
2998550670
3002732990
2989239726
4079757678
4079757610
4046333962
4050005002
1906729994
1638387722
1638256650
1643414571
1673831467
1673837609
1665436729
1627757593
1627829257
1627829259
1628348459
1628295211
1628192809
1628176729
1632441049
1632244409
1623852716
1623789229
1619532453
1905015479
4086048949
4069272724
4070384836
3537265668
1391911940
1387701764
1404476928
1353702916
1357864455
1349271142
3492575142
3492565414
4030480550
4045258926
4065116302
4073518542
4069305654
4136482854
3600742454
3734923270
3740936198
3728354567
2570716951
2551842583
3629791223
3638105527
3635942823
3635965093
3635997860
3635980468
3705186484
1545308340
1947974064
1947122160
1946599280
1677911552
1677944336
604189217
654443042
641877554
1715694850
1715562562
1724217558
1724434662
646498478
646482090
646564250
646511755
643359881
1044082840
1983516840
1966739624
1948140008
1959936344
1955742473
1955685898
1957702410
1552952090
1569728794
1607608346
1532369210
1541279002
1509431050
1486427658
1488588345
1488510504
1488502488
2029557384
2015929224
1747555240
1746899624
1745326764
1745330916
3892814388
3909333525
3976385125
4009907941
3993386981
3998550245
3868985517
3868985501
4137553036
4137557196
4153812044
4120192329
1976905369
1364532923
1901533883
1901398714
1932790426
1916030362
1916585150
