119946246
86383895
73870135
73755191
82108215
83133302
83132759
81822021
1298301252
1332904724
1332908580
1322426912
1322508832
1335058960
1339097680
1171587687
1163146214
1431593198
1463051502
1446497534
1451150542
376343758
376345802
376218698
372007034
120328250
271057211
271192875
284833515
12199659
12068527
12068751
61355919
49006478
40535950
40798174
23957814
8171830
8167783
16752871
33530101
50245828
41336964
104218780
104207612
104211756
87502637
73674285
73672237
82060863
10757658
10748686
10815310
28198286
32425358
65979806
65851830
65839526
65921974
61793239
61793109
67031324
41795900
37545260
37741928
37678424
37670344
41731528
40683001
65327467
14971178
15012154
15087418
6710074
6709818
2384410
19186267
41272267
40797067
40797595
40803769
32292265
283944937
275559417
271364681
271495689
288289545
305066267
310272298
310256682
308231278
56363246
30149102
14424558
14448030
10264975
16552911
15565636
24019204
1367249156
1400812336
1384030752
4064125488
4064252416
4064182784
3815671344
3891171875
3891048994
3849102182
3878478182
3861660014
3861774846
3794670814
3811450010
3782023342
1626093758
1621965022
1622097358
1622107598
1626170319
1626141127
1617936711
1634631989
1676579109
1651422517
1651369217
1647174977
1714275697
1714405861
1718567911
1717916583
1734615967
1735730079
1744254959
1723284975
1723672043
1723606491
1878794570
2105283402
2088503114
2088711530
1019096554
1019162026
1018985611
1035783307
1052542349
980386189
975602076
708219756
1798546212
1764794916
1748017700
1748017700
1746051877
1829946133
1795359007
1778581807
1778521199
1799495151
1842744831
1823870302
1689062735
1688491359
1688515931
1688512335
1688516431
1701289679
1713807055
1713804799
1714926055
1714725029
1714725287
1714876839
1714819495
3878032293
3844551597
3849600429
1744058797
1723152537
1722952073
1722957193
1722880393
1991259083
2008052507
1961911083
1947558447
1949721134
1949704734
1413353998
343540494
368772362
381373499
1455148155
2008791131
1978247183
1961405455
1953010751
1684832299
1701613691
1714327647
1714327775
1982747135
1982730735
1982740463
1966030831
1961704431
1957182447
1957183463
1957181383
1957192646
1957487559
1961857861
1979617541
2013173040
1988015904
1983751536
1715316160
1715306897
1714913447
1714847910
1714872742
1735877038
1668765614
1635061742
1635007978
1675898218
1642340442
1625567243
1617170443
543494409
544670013
548800301
817839661
817704509
817638989
331118287
314360527
308790159
371638783
388485477
288682277
276079909
819373349
815179045
815244565
905216005
641499141
640516165
640581749
640585957
640610789
774779879
775762926
741947374
746132910
754466222
1018707366
1018773430
1019160199
482288327
482157125
498926081
96420353
98546481
98410785
358392081
358462721
355960129
930514257
913736183
645369975
640988279
639677535
639739006
640853102
640873583
641024363
640954731
657731931
607392123
607589227
551950315
548806379
548740763
548679566
565470606
867529102
846610574
842416351
825708663
808808741
813031973
817357349
817291813
884450055
934641991
913670342
908575878
1042797758
1042806254
1046837102
1071916590
900997678
900555326
1974329881
2007819016
1990513928
1986366792
2116520408
1848543656
1865391528
1865201065
757903546
623431818
623394954
657080489
1714057640
1719281576
1719545512
1727868604
1723687580
649880280
649347849
632574218
610541578
606412842
606479402
606485802
619054890
614926090
631523275
649349001
912639369
1046908827
1047961259
788313771
767337194
750560106
749515066
753770522
762290235
792633387
775873579
775875643
773217339
777406842
802508794
768886778
752636926
752645086
744289230
752866127
752522047
765114149
798666020
786017284
1847176192
1847447552
1847574640
1864323296
1863787424
4011135652
4015457956
4275505844
3197573815
3197446902
2660510438
2660511350
2394165766
2260468246
2260480814
2277253414
2281465142
2281466967
2239515845
2239515076
2151598532
2151599557
2166275527
2232204790
2231670262
2269422406
2273682255
2240657247
2240581487
2240252781
2236009453
2367126381
2366921711
2400652783
2403743197
2412126671
2407866831
2374246911
2378515951
2371308927
2366982463
2366916918
2399435030
2387045646
2391174414
2391237918
2391557486
2395751790
2279556607
2239712743
2239454695
2239389173
2231008708
2163830228
2155376116
2155662836
2151669204
2168389573
2233380693
2232194407
2265748854
2269947206
2274206030
2240783711
2240651135
2240777213
2244922365
2367650797
2369522671
2401046511
2404259807
2412650959
2408522207
2374771199
2375827967
2371702141
2369571199
2367473967
2401028415
2320460047
2328783118
2324655902
2391564078
2395752238
2413365054
2279278390
2237355383
2247775735
2247851253
2247650548
2222488820
2222476756
2218778052
2218721221
2216603591
2232270839
2232190822
2269946710
2274206543
2240783117
2240649084
2358087532
2362362732
2350799724
2350193644
2299857389
2332442077
2336629199
2340889038
2340692446
2340708846
2307159534
2302987630
2365901614
2399488798
2382784782
2328258830
2324065550
2324553006
2324481326
2396881262
2396881407
2390589949
2390724860
2323550364
2323488924
2319230140
2386353340
2352762300
2350796700
2350808716
2363385484
3432933023
3700750270
2228542894
2215939502
2501152158
3608649102
3610684814
3598102478
3607080959
2465052141
2456404205
2452340829
2452291615
2519409974
2536187430
2422877734
2431270438
2427393590
2427196950
2158760750
2158755886
2243445807
2275983367
2280161479
2238218639
2217448381
2217390765
2217391785
2222635673
2222631625
2490936025
2486745817
2671288009
2653590217
3194663881
3203113416
3198734504
3194549416
3190320296
2519219369
2519348393
2519347385
2531922137
3752461145
3703191161
3703121436
3703074316
2625170972
2620962652
2618931036
3558585797
3578430919
3586819543
3586831858
3561732082
3557343074
3558391330
2486943250
3040526082
3057300738
3061486610
4143956050
4141727826
4133253619
4116456417
4099875488
4097709728
4101967584
4100722660
3035367908
3047450820
2527586373
2531715143
3740704006
3732377366
3732203302
3738494758
3739050286
3734982694
3734765607
3740794917
1584930833
1595420688
1561989168
1545237089
1549465201
1421790915
1421773507
1421707906
1156352130
1198360770
3324894418
3324779618
3325901858
2264805154
2260608546
2277454370
2243691046
2224820774
2224829045
2241622780
2241647612
2247923116
2239534572
2218561532
2218762236
2350820812
3692997069
3691948493
3708795101
4157581533
4140739789
4140736716
4132094412
4127900492
3609084460
3743299108
3745261093
1998333735
1985750374
1994138094
1451950270
1451754638
1401425038
1082740103
1087032198
1078651714
1079699970
3229216258
3237539330
3233347106
3249062498
3283731170
2197471874
2191164290
2206766562
2173221987
2156460065
3235441696
3229115440
3291111424
3307868224
2234126401
2267943361
2268990789
2273200903
2271201798
2279385638
2274142758
2274143790
2257420814
2392752714
2396947051
2388427369
2652676840
2669541112
2635983560
3156012024
3155998952
3156117672
3162413464
3187590793
2549924491
2522628747
2518622894
2518557358
2463965614
2461794470
2461795494
2461861014
2477728966
2163090630
2154714309
3228201156
3228508236
3228311596
3224109352
3245752616
3279314200
3278301977
3257199129
3258231323
3325340361
3596003017
3621225097
3566043784
3567157976
2495005240
2499207721
2485447979
2485447727
2486496302
2507602974
2547405838
2542236750
2273830911
2257503975
2261698215
2261731255
2254198166
2254267542
2256497878
2256414934
2268469318
2268465158
2234977542
2239043366
2226602534
2226639423
2226446973
2226430700
2230626028
2222755500
2218577596
2235486108
2268523948
2266492076
3591660709
3608425621
3239523463
3221628359
3234230034
2157074994
2159151634
2163476994
2229565970
2271569666
2263249666
2259042563
2393325843
2394181923
2394191203
2415152487
2366982519
2366921006
2399426878
2382851342
2395368718
2391239950
2407824686
2408336686
2380025134
2246036798
2271073326
2271057006
2271188222
2271061149
2273093020
2239535036
2357042844
2357108364
2357116556
2351791772
2351701676
2351767212
2620275116
2498636972
2493918380
2493981852
3589551244
3578802316
1459675532
1443096460
1443032988
1442962844
1442901452
1443998844
1985131836
1987220744
2012645128
1974765336
4105485865
4105543211
4109803066
4114005530
3205932554
3189040730
3189008238
3193402734
3084260398
3046507566
2495482886
2495425542
2499618822
2498509062
2231311126
2248023830
2281578006
2394895894
2394698534
2411467047
2411516197
2275967285
2280162141
2238218972
2271773404
2271843244
2523575724
2523577772
2523577772
2523634620
2520497804
2520444556
2537222020
3074092436
3074096356
3045063780
3036510231
3036571654
3036572934
2499683846
2491363894
2491232806
2650616358
2629645094
2629570854
2226913382
2226913511
2225607813
2229812356
2217232836
2217662916
2218703300
2235476420
2269030724
2251200772
2251202309
2251208477
2519704125
2524754477
2532872749
2526581292
2526605868
2543378988
2547540524
2505577260
2507670828
2506825084
2515172472
2515204216
2515245144
2515048520
2515114312
2541402953
2541404107
2541731546
2537412346
2537313002
2537296874
2536182250
2674536938
2682921194
2678665450
2678592634
2678602826
2414356554
2405972042
2407020619
2272934219
2281340873
2247812745
2243671688
2243474056
2247661192
2247661208
2272036796
2272042940
2267389876
2267463028
2267479072
2267440160
3341180960
3342213168
3342213377
3342217473
1196819267
1096681347
1088294274
1088227714
1090324882
3237812658
3237821362
3237817266
3254529698
2213815858
2189238786
2197619202
2192310802
2192319266
2192318754
2209112101
2175550500
2162967588
2155662836
2151468436
2149515221
2165223415
2165161447
2198117846
2202510662
2206639366
2273813783
2240585583
2240647021
2244397693
2237135485
2366917231
2400538479
2403735007
2412126671
2378637663
2374246783
2378499455
2362854751
2371176831
2366921006
2399426878
2387028238
2395352334
2412670222
2408348974
2412529006
2245870974
2245870974
2237187431
2239354357
2239358404
2222517700
2222521812
2221723108
2222968308
2218713044
2216619973
2265949655
2248971767
2253173191
2261754183
2257559895
2274146287
2240581613
2228145149
2350308349
2366954479
2367020989
2400645529
2403787145
2412241353
2407851263
2378489069
2371352813
2367154303
2367015038
2367048734
2400605454
2396399374
2392205070
2392077878
2392065574
2280918567
2280918567
2245789295
2245854973
2247956404
2247894452
2247898548
2247380372
2222247316
2218196373
2232872407
2231627255
2231410038
2264964439
2277745991
2273486599
2273556311
2273415029
2278788069
2370951525
2368854375
2368817511
2366790999
2370987335
2379374919
2362566007
2362541431
2379582837
2371193207
2400491831
2382665791
2382739486
2387012622
2386979854
2387029054
2387018798
2371224622
2362836782
2228618774
2226521671
2226392772
2226417348
2230644436
2239025140
2239008244
2232851924
2232856021
2231805303
2231669991
2265220343
2252711365
2257036757
2257043124
2525990564
2546895540
2538510996
2669657781
2638143125
2638149519
2638144975
2640176382
2648466670
2646899950
2647096439
2639493175
2639363111
2639285303
2639351815
2639405063
2681348101
2660380949
2660385380
2660453988
2662353636
2398112484
2385791700
2400509636
2216097476
2216059460
2219987524
2228372053
2360600103
2628841254
2633018726
2630916454
2647698886
2655233478
2655228662
2655093494
2651046615
2650890949
2533631733
3036954597
4098300327
4107675831
4103481494
4124466326
4157916294
4065624198
4061438086
4128547031
3860112375
3860111919
1729463854
1628818990
3783249454
3841883438
3854443583
4121563165
2112487437
2104045596
2087264568
2087399688
2096774408
1559902489
1555699977
1555810763
1572637131
1606191323
1588895131
2129953163
2130149771
4275483035
4275478955
4267090351
4262961583
4246135735
4229853879
4229829285
4231992045
4235989549
4104925485
4104925229
4121702463
4154793999
4154941451
3614798858
3574946842
3692375098
3692439822
3695581454
3696642830
3570814750
1436403318
1469891414
1455276357
1186906180
1190056016
1311760608
3459215585
3460182241
3443402210
3426627234
3439270546
3703508610
3703375554
3703396038
3718050551
3751584485
3739002860
3737955820
3729565948
1577969916
1578104956
1309625396
1309541396
1175322644
1175327029
1175397169
1163797009
1155404353
1153304257
1153322625
1152208513
1155911313
1157093009
1156966065
1154802337
1200940449
1184165095
1186261078
3338000390
3325380662
3325303846
3325371430
3325435926
3312845334
2360738358
2360803878
2360615462
2226417206
2360667667
2226950001
2231144432
2246938592
2280628192
2255335392
2254810592
2254814224
2254806016
3325346832
3325326368
3323404320
3340116000
3289800992
1410782752
1419169392
1421789888
1421839041
1152224130
1198295170
3324893394
3325836530
3325834466
3326027234
2264803042
2260608610
2160002578
2159806022
2159818310
2159814231
2159832932
2164030820
2162974180
2154586100
2151579588
2151612100
2149510743
2148335462
2165086054
2202314054
2206703942
2207229263
2240651135
2240646013
2244398077
2237062013
2366995311
2400477167
2399557085
2412126669
2374459871
2374263295
2374288879
2362953085
2367129911
2366933287
2399459639
2387078919
2395369222
2391238414
2407806766
2412512558
2245985646
2239628654
2180846702
2180519143
2180611285
2180541892
2180541892
2155662804
2155728372
2151587796
2149498837
2165222903
2198115831
2181346759
2194122055
2206639943
2173015935
2240122477
2227587709
2220235373
2366978927
2400455023
2404847087
2412126671
2407997903
2374246863
2374259199
2362953079
2354432375
2366949671
2400508215
2382817543
2395401487
2391207183
2391076670
2412531566
2245791599
2237599599
2239307631
2272859631
2281379053
2281251988
2247632004
2247916932
2222771604
2218188164
2216099204
2232872373
2231672295
2264972791
2269359431
2273486151
2273553751
2273415029
2239990773
2379463669
2370960229
2368785253
2400440293
2404575061
2386748741
2395070807
2395066743
2386740727
2382548467
2399264242
2365913586
2298931650
2303127363
2311515907
2374358547
2374784563
2380035633
2354984467
2354972435
2357069683
2231176675
2231113955
2231138531
2231138467
2218555570
2269003138
2249605058
2249610946
2249638418
2252636962
2256839970
2256839971
2525275447
2542058805
2542177780
2546372564
2534772660
2534723493
2501138341
2484482533
2484479331
2487624994
2496081202
2495887618
2497456386
2245934338
2262713602
2262713603
2258518273
2258432257
2245845345
2228807008
2220412256
2218494432
2155514848
2422119408
2464062336
2529081984
2533277312
2532151936
2519503520
3056382625
3056378595
2804720614
2804726886
2792135718
2800679954
2800677890
2788844550
2788827334
2803508630
3877256614
3850045862
3854240166
3854174614
4156168582
4156108166
3585615238
3589825990
3615072534
3589841718
3568875319
2495121172
3165163264
3165171248
3160976928
3106450976
3107622688
3107639137
3095005154
3095005154
3107784690
3107915650
4215154050
4202636438
4208733366
4203489414
3666618511
3750570125
3717097612
3448691084
3721039244
3754460348
3751317740
4137197804
4137197677
4158235950
4118713894
4114515494
3778971174
3778971142
3812020738
3811996994
3793171681
2721324256
2749630688
2779121908
2762881348
3031309828
3031303684
3031183876
3047957031
3081512486
2544641382
2548567270
2548565218
2541356162
2541359234
3613008002
3613024387
3612927201
3613386212
3613318612
2516486404
2499774980
2499643908
2490206724
3027086868
3043864117
3212682550
3204288806
3195847014
3195847142
3040625638
3022914198
3156873862
3026854598
3035112423
3031971301
3048745189
3052939477
3023775813
2487118021
2487122117
2487143621
3036660165
3032449751
3049226982
3049239142
3048514150
3086263842
3056897570
3056963074
3057053442
3057052674
2788615218
3862217762
3891119138
3853436018
3853440066
3853440835
3836106305
4101256928
4097058528
4097058528
4097062624
4101244641
4109635041
4105505219
4122360259
4153829699
3617058115
3621039443
4148471283
4148536819
4156982609
4156983121
4156982801
4157048339
4283819539
4279526947
4279510819
3979616611
3979608291
3911450787
3966173351
3970302101
2092306565
2090214533
2089101447
1552181391
1556408494
1564797102
1564798094
1430713807
1439089487
1435943805
1436009069
1440015973
1431629428
1431633476
1460981316
1444236884
1981171285
1980946295
2115166503
1846780198
1850843174
1859170342
3868238870
1723903238
1715518982
1711389271
1728273127
1728187045
1694632615
1694894501
1690700965
1687487717
1689714901
1689727045
1687166981
881860877
885059853
339780445
339781595
339783627
1430497995
1430436489
1472371417
1451670265
1451658073
1989119241
1994359817
1983877145
1983815725
1983815725
2000592957
1949749341
2083918287
2083985367
2081622758
2085690086
2094033902
4236274671
4253085519
4286830093
4286682637
4202747413
4206949925
4265633319
4261684774
4265944806
4266538726
4291428774
4292477094
4122542246
4122493109
4108902532
1954062540
1949868044
1950066444
1950002956
1411033884
1344178463
1347324246
3511585238
4048457174
4082017606
4066287878
4143952135
4139753495
4139753783
4139704611
4135514419
4129047411
4145288167
4111803111
4111926245
3839296493
3835102173
1687555976
1972841352
1976839049
1997810619
1461004715
1448417450
1475609770
1437859918
1421082638
78917638
78045474
83272482
1152821026
1153349378
1153337090
1152287491
3316351347
3353903523
3328745891
3471418801
3471488385
3735785360
3735653280
3740842912
3728534432
3743214052
3743214596
3709789205
4246626359
4231458866
4231389474
4231176946
4233279170
4232220290
2101409410
2113988227
4261589635
4261581523
4265771619
4140877091
3870354467
4159761443
4126337043
4101175299
4096936195
4096921347
4111736627
1964257123
1964254497
2006193185
1989476384
1989541888
1469464576
1473766208
1410851392
1412883137
1412874945
1411894929
1948633505
1961138337
1956952225
1738844341
1722068103
1719132295
1983365583
1983332734
2117144622
2100310062
2083528750
4228983854
4241631530
4237450090
4237544142
4273060559
4273254093
4273242636
4273242636
4277502252
4269056108
3191136492
3191103660
3207999917
3174434735
3161853614
3161919142
3169853094
3169871558
4243646406
3857834822
3857753350
3891373431
3891379303
3883112679
3883060439
3845315783
3845313991
3845222903
3845136871
3845136743
3849416999
3853631783
3852715325
3852664077
3852658957
3991009549
3965770045
3979401517
3912457519
3912433935
3912237327
3911267103
3911328559
3924177701
3903128357
1756631828
1756636932
2022975236
2042898181
1497658887
1506244102
1506178630
1502009302
1485166054
1485098150
1485102246
1489303702
1506027655
1262954885
1258700165
1241645492
1241645536
1595101472
1565745425
1557263105
1557184275
1557179234
1565567954
1599257538
2115144642
4262627139
4266754865
4277174817
4006650400
4006651428
2941298212
2903635476
2903667200
2903642992
2905604321
2901410021
2896183527
3971043583
3985829069
4018333901
4022462661
3988908100
4232312932
4228052068
4229316656
4095082501
4097704197
4100867683
4121581154
4138421970
4138424002
4138321474
4138254914
4142453590
4134068518
4130922862
4130928622
4131118842
4148092618
4148087498
4114533067
4118661835
4152151867
4151104555
4134334511
4151107631
4117717023
4100874261
4109258773
4243473713
4239083347
4110104275
4110235283
3564975762
3581746834
3581755058
3623688610
3619428514
3585940627
3585962115
3569348995
3573408577
3572883989
3564429861
3564954145
3564921633
3697025829
3713999653
3713999661
3722393373
3722315021
3755871497
3755949400
3755816281
3755749593
1604088315
1589141979
1589211610
1593529338
1585141738
1580848618
1597625722
1597613386
2101126411
2104268041
4117601561
3891248440
3891183160
3875520056
3866998328
2789053016
3057513049
3208606459
3174970090
3174708202
3044671978
3052997866
3080395002
3063621790
3063491742
3063439503
2677596303
3696812429
3692745101
3692737924
3558534628
3564890468
1954036084
1950099717
1966550279
1999779095
1985085750
1993408822
2004906294
2004934974
1975574591
1958802732
1892014380
1355664172
1372572284
1397344972
1380572044
1380545924
1389040005
1390035351
1390047671
3537559971
3497714083
3493459923
1346039362
1350227522
1358677826
1423494498
1440246882
1465395298
1427642594
1410930930
1410997714
1423595459
1553646145
1572389456
1589174832
1593352992
1584965408
3728326448
3726286657
3730479938
3755641798
3724185078
4244159718
4240225510
3166535790
3164504079
3168641037
4229210397
4229232437
3155545637
3155589671
3038652966
3050774246
4153741239
4137485717
4070376833
4091479424
3554551168
3512607104
1365115264
1367282097
1365512615
1373905390
1373970718
15023386
14956862
14952766
14953278
15511310
82748175
82555149
216563977
1307215117
1592429007
1592437647
1584049815
1579718294
1579713214
1579991726
2133606831
2105422251
4250805421
4233899245
2110007516
2143632460
2143761677
2144817935
1603785486
1590989594
1581290298
1581290298
1577105210
1581296954
1581559082
2110175609
4240881996
4232481612
4234055500
4229924444
3963590516
3963466085
3850211687
3864363126
3859124294
3859145026
3859243490
3859178467
2802205411
2773944033
2782203617
2761232373
2763488581
2780195909
2981592129
4093072705
4078204375
4078233575
2736060391
3843416039
3855978343
3851915029
3851853575
3990349575
3960791811
1813259042
1746145574
1746206758
1748894822
1752636646
1773604071
1807092887
1790063751
1788028295
981478791
985673606
994061742
419442606
406927086
482505327
1556279863
1553125911
1553170951
1557181207
1573954871
1572906327
1606466901
1606589893
1581419717
2131152080
2132200561
2098713697
2081674721
2085869537
2094258163
2094130819
2102421123
3724567187
3724702419
3728867954
3734110754
3736077090
2661297442
2678073394
3437373442
3437631490
3437627586
3435072646
3434939797
3451135908
3484689316
3471848096
1309688800
1326510864
1276175104
1276174640
1276158240
1282583824
1290975489
1289914626
1290176770
1332184514
1311539634
1312588210
1312592310
1579018150
1577447334
1594124782
1564748270
1573135743
1603604829
1603748120
1586970920
1586590504
1590747944
1514202924
1530982173
1530981661
1493200159
1560501311
1543691639
2080540022
2097316310
2135069638
1875026886
1858118342
1874896598
1862382166
1828827954
1828762407
1677751079
3825406311
3825338213
4097970149
4106357733
4120316853
4153817477
4137040261
3600103813
3602140551
3604280726
3604276214
3604456294
3604455718
3602878758
4142706726
3068960807
3060572213
3039731717
3022951428
3022685252
3022703820
3022736364
3022600876
2754100908
2754428588
2767140508
3837605564
4038856445
4038868959
4103874911
4120127550
4122245174
4151639046
3610555398
3541475782
1394008710
1359049350
1342177954
1346568866
1346503330
1354904994
1354771618
1351625874
1351624835
301197505
291678401
321296449
304516353
309236993
309309697
325615891
321425459
1395171361
1428856865
1428873248
1462427936
1466594608
3605679888
3601467920
3601402384
3601349168
3601346341
3601344309
3349741885
2243510589
2243641725
2231322109
2222808541
2222774781
2222848493
2229136893
2495456733
2512167383
2512187894
2516373990
3581727206
3560796646
3560911334
3560846710
3560846662
3558219526
3562479366
3721733902
3721684750
3721684750
3720664846
3452229598
1300551162
1300622779
1300720029
1304902044
1292175796
1276448228
1276330272
1276309776
473080577
477344001
1559273779
1572053010
1538434050
1523745794
1580371138
1580550322
1579617442
1580079010
1592402594
1589191331
2125996708
2109223608
1555571336
1547185864
203958600
204007752
472426952
522824072
510559624
518947209
1055818121
1056932248
1056743848
1048356328
1048356332
2118040956
2118046989
2099663647
2082865982
2082615854
2086810158
2095186734
2090860862
2091909390
1557143822
473965835
474096907
222444809
257040137
248925977
116903195
385129739
385649739
385713290
385778826
394166410
355893662
1411748542
1411691199
1411814141
1412879981
4097107492
4101287716
4125402148
4142305284
4138647564
4138631181
4138632543
4142763502
3069751278
3076057070
2769875935
3038368207
3038466381
4114288920
4114293032
4097515817
4101713193
4110035243
4038986043
4038003018
1890322890
1907101130
1945896330
1383399818
1379283387
1379295659
1381491117
1933889949
1975812589
1422164461
1422174063
1422175550
1439083782
1598483718
1594250502
1594245398
3708178726
3696747382
3705071446
4236689231
4236558301
4253331453
4291079645
4274369869
4132405325
4129275997
1983856869
2000631015
4047381991
4048958951
4057334231
1637286279
1939145095
1943299479
1942253493
1933586357
1933577877
1929381557
1933705893
1942098917
1938956773
1940922749
1944068445
1910563149
1885385037
1886552909
4031941900
4031940892
4040198956
2968562217
3013650985
2996940297
2997006859
3001188874
3002237230
3002384494
2992906414
3039036590
3022981278
4096657566
4096138142
4113964702
2113285766
2106863494
2139366854
2139366862
1602495823
1539646735
1540241166
1498289678
1499086382
1507337766
1488462630
1488478502
1217978717
1217970380
1213825436
1209785756
1208932828
1208908748
1237740364
1267088140
1250037004
1251082574
1257242730
1261437162
137363690
134308350
134439886
402745230
402713310
406907598
415497103
415432591
415422351
425116047
190300559
175456703
175468973
444031471
444031355
442987835
459560251
459601211
434435387
434222395
434615578
434607882
469206858
511149915
1048024953
2121639288
2121639292
2121774460
2121700348
2121700348
1985409981
1985401775
1985368494
4141301998
4133306606
4133307630
4150260942
4152288335
4127126799
4110411551
4110282303
4106087990
3170752054
2491270718
2490910270
2503496254
2503684670
3053146990
3048821742
3046724079
2509853933
2543344893
2547547340
2518183004
2518381692
3592036700
3525190476
3554554572
4053665481
4036824811
1889278699
1885088746
1880914362
1880913290
1897718154
1931268234
1918746810
1927250089
2001051821
1967451388
3578124572
3561409300
3570851332
3705070084
3720241684
3724354076
3690795548
3417973517
3417976127
3652835374
3652765742
3656943662
3644426442
1497013450
1528475790
1595572366
2132443295
2100859116
2100879596
2082005356
4228540008
4249513512
4257892904
4291447384
4287331016
3197894345
2661076106
2679948458
2678898858
2674180266
2636501178
3711332746
3711329226
3696681823
3705005863
3705466151
3697077539
3699375363
3695105026
3716055042
3749625938
3732848834
3732553922
3728425138
3728426402
3715858402
4260986594
4244126434
4185665478
4219219910
2050762198
1518212550
1522402183
1521877653
1521943268
1538269925
1500521061
1477452319
1477530379
1493214490
2076224810
2055321658
2122758153
1586935880
1591121992
1581026376
1597803624
2134738152
2101272824
4281754605
4281758446
4126540526
4120249070
4120774278
3588042374
3571198854
3567058342
3032278438
3049042087
3049034172
3082592732
3061621524
3056371220
3056373268
2989333268
3006196004
2972608548
2955815972
2959737121
2959737603
2968125955
4037678610
4037562146
4054342946
4071160866
4067988483
4061827077
4061827076
4061836356
4063934532
4047423701
4029598631
4033862318
4042114798
4058563326
4093170398
3002655358
2996364143
2795036973
2811876396
3036345612
3027920204
3022677964
3022731004
3022587628
4096328428
4101505788
4109906765
4105707791
4105777466
4105904170
3568903482
3587714058
3621283850
3596404810
3596454090
1449102730
3607074698
3602686602
3602166459
3618931387
3623326123
3614879915
3608600751
2501304735
2501043663
3578980301
3589465821
3623089789
3622884973
3614495613
3614503261
4151435357
4151571583
4118213743
4101428462
4101428478
4100421070
4101469662
4118116318
4118116350
3590133758
3589085182
3521918974
2447652350
2447865311
2443597789
3550955485
3554952125
3554997149
3546604445
3542475223
3509052630
3513251062
3496473846
3504854262
3521502438
3521961191
3547133141
3547129029
3526226269
3526349181
3526279997
3547223869
3547297565
3513610045
3504631351
3504696887
3504766519
3505378935
3572319959
3580131031
3613714390
3597657559
3605984727
3605972439
3606036823
3614298167
3580671015
3580671015
3580732469
4125996061
4117738781
4113560861
4113560860
4113494876
4117682012
4117677884
4159557164
4159495724
3085758012
3060557372
3077338653
3077329693
2506969471
2508132591
2491355375
2488664311
2497073366
2492952918
2511730038
2545280358
2528437622
2532111478
2519516374
2519551190
2536396247
2540594887
2540594903
2549044957
2548946655
2540492767
3614242167
3747914791
3748045879
3748574215
3715011589
3714954293
3710690341
4230864929
4230934577
4230927377
4236166481
4236166481
4252978675
4261240306
4292636150
3218892726
3202181046
3221079798
3221079799
3187463927
3187474149
3187474165
3187015252
3187146324
2675406549
2675275477
2671080437
2671580151
2675905511
2683777511
2645894630
2645900598
2510625046
2514819334
2246383878
2171353366
2204904950
2179937718
2175676854
2175685015
2175652236
2179760540
2171371964
2435614060
2435624252
2435623228
3509365004
3509431564
3513687311
3589195039
3590194478
3590206766
3565098286
3296670998
3296670998
3296670995
3296663299
3296417537
3296440913
3313083120
3615139456
3615143552
3605694080
3597383345
3597513379
3597513635
3610043878
4151076326
4117507302
4117571790
4108724686
4125588927
4160164765
4151645069
4134884301
1987408349
1987436911
1987372079
1986316346
1986324490
2000156682
2000051211
1966494795
1903576009
1911947993
1907753720
1941385960
1941185128
1945379624
1400119593
1362496521
271980555
271976731
271845690
276064538
284481803
1358217545
1442087369
1431601625
1170702825
1166402347
1166304042
1149720358
1300688674
1335274274
1255582498
1243392290
1510775058
1510778883
2051845120
2047519808
1779085504
1780121792
1814798480
1814795184
1815069356
1815020200
1816073960
3962841704
3974375976
3970185515
3970177082
3886291018
3869643850
3869589706
4273258890
4267484090
3725370282
3725386670
2668380606
2638957750
2648317094
2627347622
2629444854
2629443783
3438870607
3304661263
3296320789
3563715381
3563698996
3572087588
3169434420
3219765780
4201166340
4197028356
4197089860
4197106368
4197077680
4197069473
3932696994
2880188582
2880181414
2948363446
3214830726
3180259462
3184388294
3167660358
3168714502
3187590710
3187525175
3044898335
3078559263
3078557661
3076328893
4158397605
4124842149
3588037812
3570873492
1423388800
1415001040
1146565169
1148654099
1148473858
1147463170
1147448850
1206291202
1185320194
3333328194
3333328323
3333391811
3471672817
2666309601
2657920613
2641225317
2621269557
3699193397
3430880821
3430881047
3447659793
1333607729
1316830513
1312633905
1316959249
1325084723
1325028355
3472546818
3446310978
3425409491
3429497331
2359909233
2360038929
2360300081
2360201761
2376917539
2376918626
2376900198
2381089382
2389477990
2385021542
2318121838
2319104894
2317023582
2316990798
2316970318
2302355790
2289777102
2288654847
2297044397
2297109940
2292718980
2296928644
2296953220
2574039188
2607069364
3139483796
3139541460
3138566980
3138563588
4215451136
4215385616
4194368032
4261427744
4262533664
4279634720
4114483488
1358825504
1354370113
1354370241
1354381504
12205248
8068288
24860096
23712176
57406385
65795025
67100625
66968019
55900659
323283043
331737123
331806737
851959057
851763761
843375137
570745377
570708513
587482661
588009253
558647653
600660325
600603989
600659399
558748039
542101910
542028182
550416790
550354102
1624029362
1624029363
1686739121
1690998976
1951052864
4111114240
4279918852
4265222964
4264175140
4268367397
4272491239
4273475303
4271380406
4288160142
3751288974
3717783710
3716923647
3586773071
3586781193
1430876425
1360739704
1394293992
1394489785
1394478473
1393952137
307696027
1389625739
1391771914
1457832218
1457831226
1457826090
1457826090
1588374842
1604961610
1554760586
1555710618
1553597099
1559900843
1559831275
1551377385
1551379965
1547446509
1547450581
471152837
402992325
419586501
457371973
457359621
457359637
457227556
956607776
956612128
960992820
960926212
960995852
2063901212
2063897192
2067832488
2076228524
2038549422
1552112318
1547918014
3691059894
3556970422
3556924566
3565614230
3583430854
3534671874
3534745603
3534479361
1382674449
1378377760
1378427168
1445536036
1463358244
1415266852
1423561284
1415102148
1947765444
1947765700
1946847556
4095388485
4258966023
4275744262
3193673222
3124331270
3124347158
3124310054
3128504358
3136823334
3132686631
3132768119
3132964470
3149683414
3094662087
3088550277
3087464581
3087526277
3091525508
3095457444
3095590564
3095807908
3116631477
3107734687
3173827759
3173946605
3178142829
3169758477
3170741772
3170676236
3162287628
3158244924
3158197868
3158052332
3074165997
3195341039
4277537022
4273346654
3602262046
1457994766
1449603078
1176904454
1176908358
69612226
73798274
74252930
82641538
78583442
78593714
78589683
78589649
216803137
216804608
233594112
267229456
242071856
242002737
518630193
518631187
2125038355
2124972071
2130227239
2117640231
2117640231
2134433827
1027158067
1010446371
1010448162
1023020578
901582370
899497587
396111441
396174912
395994688
368755264
1148814064
1413063392
1410901732
1410903783
3575167982
4145580462
3059452094
3067779278
3199900878
3199775102
3199791723
3216630379
3170624105
3170394857
3169346284
3169333996
3160932836
3039297749
3039368325
3039456453
3040798925
3078547535
3080112334
3080096142
3080104590
3046551182
3038007958
3155432110
4229182126
4229178286
4261356015
4290708517
4004054020
4272500736
2129207296
2120818692
2133352548
2138628268
1031331996
1025024136
1024241800
1024438408
1024376777
877050441
878107195
880134698
1953286714
1969801482
1466557450
1600827402
1567260938
1558872894
1555669550
1555605030
3703090723
3703155233
3715874593
3726345585
3726279040
3725230208
3725250689
3730489473
1601847425
1567310065
1567174881
1558782305
1558783777
1424832021
1424825861
1416444613
1429027468
1433222076
3622579133
3601598861
1454640525
1454666173
1452597421
3602178173
3601842463
3601842479
3605586223
3613975334
3559642918
3559561010
3698034434
3699156739
3697075733
3692953205
3558701808
3563027088
3587603376
3583400368
3583445424
3616801939
3621060758
3598139574
3597660390
3593265190
3610043430
3559712787
3559713025
3564038656
3568238080
3501094400
3500933712
3236696752
3287033777
3262002593
3530443939
3538865299
3538848918
4075658438
4134316094
1986833198
1713941050
1697163802
1680776714
1814467338
1814220815
3961765935
3894427687
3895464994
3897700146
3906088450
3905099266
4290851394
4269814338
4270076354
4270129298
3733914803
2526887075
2547525799
2488862901
2216298885
2153396677
2152610629
2161974789
2173981229
2207609405
2210259517
2210194221
2193416495
2193391663
2197324015
2186908926
2186998942
2199837855
2166279373
3223223501
3223219407
3223218639
3223203278
3223138270
1078200062
1103365886
1116018302
1116018238
1116026686
3330669878
3336023335
3327634469
3730154544
3595870208
3620057600
3586556416
3557720768
3557458624
4094329488
4094411440
4094187168
4094174369
4106759333
4103613605
4102691991
4102962311
4102961282
4107208834
3587128706
3621662082
3596494210
3598664594
3597620146
3597104086
3731120982
3731121974
3739543334
3757371170
1559295794
1559353090
3698513667
3698513735
1551292373
1551261639
1566013911
1599559890
1582660854
1584665702
1585197094
1517121590
1609228599
1571480375
2091636261
2092486196
2096687860
2088266644
1564376964
2136874372
2132149396
2115387556
2115027428
1728095028
1733403156
670147133
670086719
661698335
640726303
640785678
907140110
1979862238
1980124335
2009467052
1973292204
4103998596
4103494852
4109821252
3572949812
3573539364
4122796821
2006769943
1989730358
1993961574
1433927783
1412957294
1413168494
1413090862
1413418526
274468366
273950222
298857998
328356382
328397326
395563526
126976839
130125911
121753719
83915879
83964007
84025431
84030839
214046454
210900726
228005510
227925638
232038038
534034102
513652406
1587520182
1520153046
1519943775
1526240301
4198016045
4198018093
4198032429
4198162733
4202320423
4210688549
4221108853
4237828853
2090410996
1557803476
1549403356
1545539020
1545415116
488516556
522070664
377440904
385665720
921996968
1995745192
1987084728
1995538936
2129887323
2125705274
2127667246
4266713134
4279246894
3692175406
3692441646
3705013550
3703442222
3703114303
3703073356
3703106244
3749230276
3728245444
3728376524
1463714508
1463718620
1462697612
1467902605
3615431582
3614718126
1400121518
1383402750
1383333902
1383333898
1392250906
1388060974
1402888748
1369367076
1352531488
1343019840
1074645440
3222129088
3222014432
3222015987
3234731586
3247317570
2173592114
2173497890
2441654882
2441646950
2441642991
2441721757
2487987852
2500438668
2535041676
2518416028
2518317980
3594141180
3594396781
3594326063
3527221374
1379803342
1400775814
1350446214
1358843270
1358417303
1358284197
1358218917
1425400516
1417052740
1416921700
3564414500
4107576868
4108095028
4125083925
3084900391
3059672167
3193856246
3732812230
3732541894
3732484558
3621528046
3588041962
3567065322
3566995690
3571202266
3571247307
3588007369
1469887432
1457292104
1457292088
1444716840
1444847660
1446944812
1446949932
3611215932
3577640988
3695065356
3695057164
3694792668
3707245213
3703046813
4239114943
3183133358
3216605871
3214451375
3201868527
3193479551
3189284874
3189497866
3189714987
3172861227
2619215658
3699247659
3707111995
3702983181
3702786319
3434358790
3434357766
1286877250
1291178050
1282834626
1198948546
1181127106
1190040018
1189708947
1189708977
1315806384
1311750305
1311762593
3727091875
3711363571
3694390883
2631132723
2492638739
2492584465
2492518944
2491442912
2504009380
2537563813
2521040045
2463432877
2459762863
2478702751
2449342606
2150509710
2150443470
3224316166
3224250374
3224266758
3228494854
3286691854
3265720590
1118736652
1118733068
1118667560
1139577640
1362920232
3558640936
4095650104
4094601496
3826161976
3855452504
3884223176
3863256712
3860181640
3862409865
3879130010
3878572970
3845075370
2770936234
2775266222
2783578542
2779396574
3081250830
3082315790
3063474446
3063653646
3063907086
3063906573
3063910444
3199504428
3212104740
3156479044
3089567556
3091074644
3090824805
3103403558
3149414246
2595757414
2595757142
2327327942
2325226694
2325226958
2329487358
2346336238
2379877374
2378828238
2362272206
2362240222
2363270654
2363261405
2365096584
2364052120
2355671720
2372436904
2385022376
2385221800
2653595832
2654660761
2654661883
2671436009
2642076137
3169497848
3169497672
3161039432
3156774472
3156773688
3156781417
3173640681
3207260587
3207207819
3072984715
3073245835
3043885753
3052282537
3031180205
3047956911
3047956654
4155253926
4088149222
3547137110
3542961422
1395484942
1395484942
858614047
858601515
842992766
840893646
1393447114
1359896778
1347379402
1355140602
1082444666
1082411582
3230947871
3247924943
3281150669
3281413005
3281479085
2173978029
2153008557
2153118205
2215831821
2217929743
2238966799
2170682383
3253071135
3282300719
3283285743
3350349487
3268527791
3255879597
3255879085
1108468893
1108534477
1376969797
1393746949
301188127
284279854
283202622
275866750
271607278
1091774446
1094846206
1136856670
3284322831
3285379599
3352537871
3352407309
2274465053
2274464029
2274472473
2274730520
2241114857
2247410345
2151417515
2151484075
3225303466
3225299114
3292473498
3306956874
3330096139
3330274317
3338579980
1185914892
1185915196
1320132660
3736908836
3734275108
3734930455
2601427142
2668535974
2635969958
3156123302
3156139686
3154800278
3033099926
3028840126
3029886639
3029878701
3086501373
3006057565
2737634396
2737760317
2708383773
2713631055
2713619021
2711588588
2707209964
2702503644
2702505932
2702668652
2702582316
2704421421
2742161958
3824236070
3803462950
3802925094
3802925110
3820488726
4055436358
4036629574
1356472386
1347035458
1078530402
1078481250
1078523170
1078785298
1087157507
1083081985
1137619712
1137635840
1197404672
1182679616
1194198768
1160582885
1143807669
1081883047
1089759399
1085597863
1085590671
1102480527
1131839687
1110810711
1110745399
1379377447
1383507235
1383437347
1448907811
1985978419
1981722707
1981710529
923713665
923681921
907943329
1046354851
919944102
919941046
919871894
911483326
911483326
903095034
882258539
1958086185
1421085192
1421109772
1415866893
1144519181
1148608015
1157056270
1203503406
1185681710
1185882414
3337495814
3338536198
3330147654
3344762326
3309580790
3301191974
3297005862
3297014566
3430998838
3430982421
3430983468
3427835756
3423964140
3442903684
3459689092
3459689092
3460284292
3460085717
3460084222
3457982766
2388567342
2657002542
2665063462
2660869158
3197808694
3199893782
3200156471
3200025317
3211559652
3140273828
3139980964
3140095652
3140099748
3110743524
3115068644
3115072628
3099339860
3103009860
3088475204
2551608644
2550284629
2562744661
3632292183
3632292311
3632357879
3703797223
3695644006
2621836150
2617658182
2403756294
2386913542
2386946054
2248664070
2254356550
2531180999
2529088469
2545865365
2445136548
2445072036
2424097700
2419870628
2436717973
2468230543
3541967246
3541966990
3556663406
3551359038
3517736222
1357671695
1357671687
1357905669
3505315077
3295563031
3308145958
3308127574
3342730694
3476956614
3489596246
3485274982
3484954982
3484951014
3483918821
3483952108
3353924572
3346580444
1194969052
1194908156
1125677548
320612780
320678332
287193484
287184268
290849165
299237774
282378662
282108326
275821030
275813222
284275510
1352777526
1352907061
3517102388
3517102388
3512904468
3072502276
3072507396
3072505348
3069350420
3065483821
3065287215
3069477423
3061106221
3056892471
3191630390
3191630646
3191696166
3174985078
3161343430
3165520262
3165012358
3165049286
3165442213
3165451748
3186421220
3207395396
3190749252
3123632180
3123603493
3128830007
4198448134
4198441990
4215219206
2038310150
2029926166
2025719334
2025325158
2023547622
2026678262
1749854150
1749855622
1808050567
1803860868
3955604468
3943144420
3943079908
3943079908
3926319076
3926285796
1845905765
1851656291
1725828210
1723794642
1723674834
1660821698
1635655814
1618870406
540934550
544020134
552410798
548222699
548221561
548156936
817636872
834416137
853338634
844938234
844929194
839682186
839683210
571445386
589205642
546996635
549356200
1890509481
1890379429
1881942757
1881943671
1881940534
808325670
811991854
816185645
815924524
832571724
832583884
325069004
320878732
321005964
322055564
288502668
291652493
295879679
832602991
832873263
837067055
870626367
862238751
1663547421
1646704668
1646704908
3810966284
3810961932
3777418764
3778413116
3761635884
3765895725
3765768750
3766227562
3774611690
3774612650
3768322218
1636571274
1636788362
1888352394
1888326859
1892651208
1885254088
1881056136
1879745192
1883942568
1892584104
1942915721
1926143627
1918805706
4064125514
4063015482
4079792426
3777803562
3783109931
3791252271
3789151773
3789178381
4082762253
4078572047
1931096902
1396642022
1476138210
1469318370
1451494642
1451654338
1451676866
1455863106
1586407169
1586407168
1591649536
1518247168
4214066192
4180253744
4231642400
4232029984
4229948000
4234015328
2765968037
2765649575
2757258918
2757261990
2759346598
2767735990
2768110726
3841851526
3831378382
3833410366
3827574574
4234947882
4243335210
4255721514
4255713402
4256958666
4187776202
2043994314
2043994443
2039980601
2090312296
2089853544
2085663464
1813094056
1812044472
4009794472
3993016488
3930101992
1786939401
1792180235
1780662538
3928429082
3912114730
4167705386
4171898922
4171957295
4172811373
4170717400
4187498632
2044210056
2043293320
2018131625
1482561194
1477908462
1494549742
1526746222
1526791182
1510009870
1510189070
1514387470
1250073950
1266875726
1501757389
1501748980
1485018852
3644891108
3641738596
3675360548
3657538836
3657477895
3657476870
3661814534
3670169862
3670153254
2596673574
2614040614
2613644326
2577073206
2293895622
2292847494
2292712071
3366470276
3370689188
3437798060
3429414572
3429416636
3425221308
3425286844
3426400956
3443437196
1329524676
1329523973
1295961111
1283445795
1551885347
1551823890
1551815938
1282397954
1282340370
1299119874
1315833602
1311311170
3458729170
3462987938
3468374178
3466142114
3466076579
3482871184
3449349504
3447227520
3443164292
3443236308
3443239764
3426658820
3443427844
3476998663
3414125062
3489410582
3468435750
3468169262
3753377838
3719839982
3703160998
3707297925
3706233220
3429416324
3425212804
3425237396
3425332164
3426363972
3443145221
3487174167
3482912278
3483120134
2409390934
2375836134
2375868839
2354885031
2350875045
2350810501
3709844869
3743395204
3743328708
3730745540
3730750676
3596600421
3594338365
3594326079
3611037758
1463619886
1432231726
1440102958
1167473198
1335175694
1335110406
1339501830
1339491590
1306460470
3453944098
3449495842
3449430322
3449426178
3417964802
3417900306
3388480803
3387457507
3370680289
3362387632
1215026832
1215009424
1282126736
1281995664
1294578064
1294701968
1328257424
1311422864
1311418832
1311420368
1512810432
1514116036
1534969652
1497108268
1480334124
1480338219
1484728682
1484664302
3640533462
3637838214
3653550470
3385631110
3419187170
3398217250
3398368850
3399415490
3468609155
2393493408
2393402784
2389236128
2385037476
3727330452
3727332548
3727339524
3727274005
3727204399
3743981614
3693802506
3694024974
3698199310
3706587855
3703507693
3703319277
3703320301
3702792780
3719565388
3717464172
3717513325
3717505133
3646202071
3675567591
4212432358
4211392470
4211388102
2047258310
2131148486
2131164870
2132679671
4246609390
4252896494
4260105390
4260115630
4256051358
1572221342
1605633022
1603547863
1586766661
1335112980
1341619508
1195317284
87885876
70191428
70150597
70187973
82757255
79152787
78956450
81061794
81061346
72875122
74832994
24435938
41342146
48681410
44467139
45515713
1119126497
1123328997
1379180837
1463067661
1462221837
1428482351
1373952299
1353534251
1353583387
1441402379
1474954761
1610228233
1610228233
1610285883
458762026
454569450
454568362
186138010
189285770
193511819
1267454344
1233887640
1237885352
3628641772
3624446252
4191861044
4189760260
4206538500
4272666389
4272591142
4268392486
4197040166
4196925478
4196994150
4264442086
4280953078
2095721358
2091517582
2091516558
1555763854
1555587725
3703105180
3703090924
3698895212
3745101864
2654648328
2520422408
2524634120
2533049688
2549810153
2432369323
3506057903
3503948462
3503949502
3499636654
3503828390
3235392679
3273417877
1109188740
1111482820
1110348556
1127141900
23974412
279793183
279386922
284047658
271526186
288176490
54467018
58589578
64618890
60506523
328851881
332964200
324575528
324575528
324581160
326864664
293243657
289053465
320846619
320834315
1931447051
1935642395
1935574331
1935581498
2002690106
2002759738
2002636922
4116447338
3574333546
3557691242
3558746666
2497587758
2493397550
2224560654
2224565770
2224558346
2241331258
2241400874
2277191722
2281186606
2280135999
2246625599
2238482815
2238552567
2238553589
2238561717
2238561684
2238562196
2221784724
2221522612
2355739316
2372517556
2372648692
2372581108
2372576996
2372575853
2372657774
2368272174
2620968302
2621151342
2642061534
2642061518
2675615950
2681908621
2665129612
3193610892
3206136572
3174613724
3174782700
3173662444
3177916909
3152554095
3136825422
3136826574
2600019150
2600088670
3671720062
3734655070
3734691935
3734806621
2656870524
2651626524
2668415052
2349758540
2349754956
2353932876
2626555519
2626618110
2493252254
2224566958
2241335726
2180514982
3229107382
3225117831
3493553284
1346006148
1346005132
272263316
289134772
305789076
842652804
840942732
842973580
846103292
313500268
313304620
313304636
313323013
309130806
304928294
305123618
321818658
1366197282
1357808642
1357808642
1345228547
1345161731
1345169939
3492784691
3492739619
3496955427
3500738083
3517518339
3517526787
3517514019
3517452323
3303549987
3307743267
1193936899
1177159747
1177159747
107662659
115989825
115971409
116112753
116112753
107523153
120102001
1412013297
1412146337
1412150689
1416344480
3572208288
4104884896
4104884912
4109090432
4096371393
2771232995
2808920162
2808916194
2808932454
3882839510
3879629510
3862827598
3862889006
1718358317
1852571684
1852575792
1852384272
2129274896
2007640065
1957317377
1957349888
1554618944
3568020288
3572215232
2498490816
2498446192
2494235232
2427000416
2427197024
2428253920
2427991777
2163742690
2163744242
2180717010
2214214098
2196318674
2187868626
2184731074
2201640322
2172319618
2159699586
2159638147
2163802017
2172190179
2235084258
2268634466
2203751762
2203754818
2178593347
2509878979
2514005701
2505616116
2534976228
2654517988
2654652917
3190475845
3060425749
3060478069
4134088951
4129826039
4129959349
4150931125
4110288565
4106044053
4103922573
4099727821
3558662221
3557597215
4098665775
4107119151
4102982191
4104030767
4107897375
3967335181
3979918349
3845886988
3879637044
2804842740
2804335508
2804335252
2804400804
2805289637
2775869093
2775854765
2766417583
2762219486
2762736926
2762740790
2766939190
2766939158
2766760982
2896881718
2896865319
2947201076
2930411796
2935523652
2922948036
2920915332
2786779572
2787000740
2769700517
2685800103
2689731255
2698185367
2700360342
2696161942
2711890822
2745436614
2729380870
3001949190
3018796038
2980850726
2980867110
3031231527
3031301172
3215776772
3203189060
2654751172
2652785108
3726515301
3725468705
3724877861
4261748789
2118524933
1581654092
1522952141
1506077405
1489300110
1489414798
3636894350
3637414862
3637350398
4174153582
4174161710
3918308653
3952059692
3956190244
3947203620
3943990292
3926233108
2869288964
2869256212
2869308709
2835757613
2891319916
2898070124
3166243436
3031964268
3048750612
2527602436
2527600900
2527650115
2389238130
2385039586
2402926818
2216314066
2350536834
2350545027
2618976640
3705334144
3703503488
3720215168
3751080576
2660561649
2659230694
2659246310
2663440614
2655009890
2651068434
2382829586
2399550738
2621861378
2626088450
2627649026
2627509826
2627505890
2627503521
2648475044
2635896228
2568805820
2553547676
3090484156
3090553325
3090561389
3101042991
2560043309
2559847693
2559844612
2291409732
2362766148
2370077172
2403697076
2395450756
2391255444
2663885796
2538048228
2501349092
2484504309
3021902405
3021910599
2957754974
2957624174
2957637422
2958688110
3004791514
2988075914
2990172554
2725968026
2730002602
2730003627
2729219480
2733474504
2989457928
2988868104
2720444972
2720916012
2720851236
2733399076
2729199653
2729331959
2746092674
2968401026
2955818370
2956858770
2956400034
2968993123
2963552289
3030652976
3047434240
2544117760
2548312321
2540969219
2471824850
2195655842
2194613410
2191467682
2191393938
3264611714
3268679042
3277120898
3239357891
3241585921
3274089473
3530531840
3530330148
4066948132
4062813188
4079651076
2687142404
2688191028
2755304172
2758400751
2766690026
2758550506
2754356202
2772243114
2772308654
2767860414
2763527094
2762474742
2762495191
3030969557
3031230532
3027154948
3039729668
2503927812
2520706052
3055428613
3056997143
3061203494
3063300646
3197387302
3197396534
3197398550
2665246039
2656914645
2535394453
3575253124
3558476164
3558742916
3562938277
4107607975
4107564975
4124369791
4157907215
4149518607
4149716239
4149648663
4090988855
4086597927
4086140903
4090152871
4081718191
2970231727
3038385087
3021608446
4101651758
4110358839
4037830919
4037863685
4104973573
3573069572
3573121796
3588145684
3621667396
3596493444
3596500613
3596290982
3596093862
3596097710
3603445934
3603446938
4090261706
1938612234
1369219083
1354604553
1895800888
1883222056
4028399660
4028466476
4027551068
4044262140
3822029564
3805252316
2723056204
2991521356
3058624093
3059639851
3067503147
3084333610
3084195370
3084138286
2547263278
2546220350
2542550030
2542550046
2274180158
2275359806
2375949366
2359168054
2365459478
2231307270
2231115014
2365340999
2365337427
2365333191
2230062807
2230061815
2272009191
2255321591
2255386839
2255419607
2255486167
2255271127
2272048565
2272113077
2255336380
2255329212
2255329212
2255462332
2255470492
2251273660
2251210140
2251206028
3342249100
3308693708
3308709900
3342261293
1194679343
1461018687
1444749343
1444815135
392090487
366921557
364547909
352029445
343513348
473536773
473540709
1546235110
1546577142
1496188038
1478951042
1478819986
1483027362
2024088290
2025136870
2025140822
2025071172
1488216644
1488249548
1477747420
3356790760
3355876328
3355949928
3355831132
3355831052
3427204876
3436630796
3432956676
3435053589
2359984935
2359862119
2649269734
2653455782
2653588614
2653587590
3731523718
3731749030
2519525542
3056166054
3056230798
4147790478
4118397630
4105757359
2763580076
2763581180
2759387868
3022584381
3022572077
3039349551
3060337198
3194895886
3194888718
2666406414
2678591790
2679636014
3182952687
3166175385
3166192776
3724135576
3749428360
3728321672
2117643400
2050538648
2048633992
974843016
773777609
759060715
741738606
1828588910
2091779662
2091803343
2091737807
2143085278
1587344110
3734823534
1586291247
1586328366
3734974762
3751702571
3707655209
3565078568
3560884488
2484766984
2484845320
2486741836
3581456076
3615261325
3086844559
3085337246
3186000558
3177620134
3160531878
3161482598
3174049830
3205507126
3122079750
3122014214
3128831038
3132764206
3149611054
3149644111
3149452748
3149443020
3153635964
3124271724
4196043372
4196320852
4195246656
4195181248
4195181024
3125801184
3218066656
3185494224
3168729280
3166628032
3166632768
2629750343
2628568630
2498516838
3022808430
3022796010
3039104234
3052866730
3214279822
3214291342
3213173135
2646876301
2617516223
2618556591
2620835181
2620848677
4242975284
4238649860
