3156670455
3156633063
3156607079
3160805479
3170250835
4105576775
4119994695
3616678727
1456816069
1389631980
1389631916
1389640108
1381296572
1377150092
1394061773
1360494925
270500109
274567469
291283237
324854053
1394471221
1377718645
1394495971
1360942563
1356791713
1891552977
4039089857
3501039105
3521943040
3547116304
3526140212
4063028260
4063093796
4085150821
4051570917
4043244005
4043112951
4043113431
3573364726
3506251750
3506253798
3506257750
3514580742
3548132614
1400716550
1400847622
1409234198
1409234206
1121793342
1180509558
1197303254
1179440582
1179420662
1187809254
1452049383
3599340385
3599414128
3733627504
3747260112
3711608512
3694825152
3694823104
4230730464
3156865760
3161224033
3160686946
3186967906
3203558742
3201559302
3201562886
3201817862
3201664022
3203703846
2935791662
2935850047
2935741487
2927361069
2923030573
2939911485
2906265357
3963486797
3963224781
3966698223
3974894255
3970708398
3970710958
4238621102
4238612878
4256459214
3740585294
3740726558
3732300046
3730251790
3730264158
3754255607
3703962789
3704084660
3704014980
3695611268
3691415488
3642200896
3742491408
3742491409
3749077555
3757462050
3719758370
3701240418
3701269346
3721192930
3712785635
3657996481
3725109313
3726289985
3726286913
1578815937
1581138371
1429143958
1416561062
3572307367
3569098159
3569106351
3703319471
3703320463
1560031181
1416589069
1416089357
1466420509
1382415637
1382540565
1382510869
1919402349
1919390703
1920443311
845669375
841281851
841269547
807781691
812580619
1885793035
1885862427
1885695499
1885634059
1895581515
1891386361
1890320809
816578729
820777176
272568344
272511257
272508217
16655657
12395817
10232075
10227983
10289423
14614799
73273631
89806174
89814358
100365654
100365654
83449718
82400630
82400630
78344562
78344562
78344562
95113586
95113586
95146338
99209569
99471728
91083120
86897008
87029104
87031120
120585553
120584529
91225553
91092433
99481041
99480016
99480048
91222512
91222512
87028208
87028144
221229456
221229457
254653329
258847635
258847635
266711985
262518705
245741552
245741040
249930224
241295856
237101300
237101300
242348501
242340311
250737655
242349054
242345982
238090078
238147422
238130459
255177019
259367227
259305787
536121659
536188187
1056421659
1048033115
980916091
980784507
980784251
712871993
1782419496
1782558760
1782575144
3946738984
3946724968
4285405928
4273867496
4271836872
4270596812
4270596940
4270596204
4287377516
4254617703
3583656038
3583701062
3620659526
3591160702
3524020863
3524004605
1376651912
1376660104
1389243272
1384921224
1367608456
1083638921
1089863865
1080168872
1076048552
1080259244
1084285583
3231752902
3248530022
3248530214
3286282278
3240198190
3223426110
2149947402
2233973002
2238642442
2238642954
2246994462
2382248478
2382040846
2365063958
2230862134
2230009874
2229981266
2162876659
2162868368
2179716496
3270037168
3261646512
3257418416
3525907088
1379611540
1377378540
1376280616
1896375336
1615386648
541694217
551262987
547002378
546945034
559724554
591167498
574455898
574541914
572453866
571400938
575595242
596427758
1653392582
1657574598
1649202630
1657468614
1653270246
4069160615
4035649205
4031453825
4027263617
3557436033
3558553760
3566737568
3719842976
3735798848
3735736320
3739934720
3727335424
3727335728
3731547680
3689610785
3655945762
3647474214
1529359142
1513630006
1511532854
1510484790
1510483462
436937222
441067271
450512135
469323079
431540421
419010693
416918677
417178773
945267861
941011093
939754684
939624876
939584236
2017487404
2025859628
981478189
986983719
1054224662
1591609142
1523123810
1523068642
1523264066
449542914
198925314
259716098
259716098
226153538
81429953
345736864
479825568
1553513376
1549314464
1545119952
1545185360
1595586576
2115680272
2115689473
2120140051
2128494946
2113237986
2027165670
2027227062
4173684622
4240736158
3963908014
3963677358
3988843182
3988897470
3854614159
3854628492
3846238856
3875590840
3808482024
3809481256
2988455464
3009427752
3018065964
2980382783
4088272958
4155398158
3618569230
3602824206
3600188478
3599007854
2525081837
2520887492
2516623556
2533613780
2483216612
2483429796
2483435173
3024494245
3034516197
2963213045
2425948757
2442681861
2476240389
3537465157
3537558981
3529202583
3524860838
3523812262
3524202422
3524199862
3528396982
3553566902
3504169206
3504992262
3500724231
3500711940
3232271660
2426968876
2426968620
2431162924
2422790700
2436618796
2436556333
2472165935
3553235546
3280680526
3251122166
1074276834
1074268386
1074399330
1074400274
1074397186
1095634946
1120560130
1121610755
1190803457
3337177105
3332983921
3333119969
3249239779
3232261794
3232261794
3232287398
3232271014
3228076711
3223886503
3240673173
3275273100
3541737932
1376428508
1376297164
1913159756
306757660
323571736
298520856
281686299
281682234
1347036459
1346964283
273221915
273430793
273426761
21760392
38145416
47580043
45503130
311808698
310682282
310420394
306226090
302023086
318800286
286426446
824622342
1881581574
1961207846
1961859367
1961802277
1969928757
1982511620
2116800004
2117850628
1044115492
908644384
1714995296
1719156896
1725612164
635367556
618583180
609192605
608549517
1678113437
1683352297
1693772329
1692427817
1642078809
1675625307
1667241979
1668298670
3822268334
3822201510
3816954518
3784449734
1911692870
1885675014
1885615622
1885610774
1894514982
1894580270
4037738538
4037738538
3500691499
3501744393
1354261768
1354255112
1081702668
1081764156
1077569580
3229251628
3229251612
3271214348
3271475468
1123992332
3271525124
3537666420
3536630245
3536626159
3553473966
3511532462
4048404150
4082087574
4077892242
1930424978
1930171350
1896617206
1881028646
1344153638
3497404422
3504740358
1437018374
1470443030
1320956438
1318847038
1184629294
1200112303
1166578604
1151047044
1144752516
1143577012
1143520420
1411951780
1413063852
1429906636
1463462924
3527059724
4064193045
4076309029
4071934501
4070328933
4070311919
2459632047
2480545967
3547996398
3510247550
3493466126
3497721870
1354240794
1354248747
1354249768
1354258984
1345911368
1345895048
1075362440
1359514248
1380551560
1384874890
1384825226
1390080410
1381654698
3531219178
3278512510
3278381326
3253215518
3253303102
3232327454
3232365850
3232363834
3249066299
3249062201
1106821464
1163444680
1142637976
3292167096
3291048873
3290983082
3291081370
3312122570
3354066890
3333342026
3332735774
3332743983
2259133229
2259067196
2263855396
2280423460
2548858917
2548871205
2540545316
2502819109
3559742741
3560904717
3560839437
3560839485
3294497087
3294509838
3353230870
3336532502
3336082182
3603465030
3599270374
3733487791
3733624253
3754601869
3712658829
3641355661
3642404029
3625712815
3625680110
3625523694
3629714798
3168501038
4244337983
4240175373
4288278860
4275696076
3604542396
3596117412
3591908772
1377515940
1377450172
1377516716
1377449388
1406800815
1352270494
1354564302
1353541130
1089007118
1080617502
1093200414
1198025526
1189624118
1323965718
1323961606
1257906198
1266364678
1232737542
142234886
140205398
140049654
142145726
209255598
204010670
476606638
480797098
245920169
112943528
96100792
5928908
1075730956
1077336588
1081518604
284404248
334532152
1391755784
1383563785
1377206794
1377220138
1377611370
3541879530
3507473050
3561381786
3565613466
3566653594
2492977342
2494951598
2511642798
2545197295
2524230143
2523830109
2519636680
2519632456
2536430152
2502883848
2486102552
3022913304
3035424057
3035426939
3031224443
3048133098
3052303854
2508029422
2507946494
2537372534
2536447526
2506559029
2271548948
2191860500
2191794468
2191798308
3265527824
3249274880
3236807680
3228404771
1076725858
1143900322
1143905410
338605186
355381378
372158594
372027541
908374180
1982330044
1983871208
1986996968
1672293032
1638673064
1638410889
1671966346
1936462474
1915486906
1378746794
1399718058
1369833642
1369776350
296166598
329641158
329554294
312772903
313296948
317561876
305114116
36611076
1110351876
1378791708
1378779708
1919320620
1927646764
1905560108
1887734297
1887865291
4039555146
4099319882
4097178718
4097078398
4147389486
4130807918
4067828711
4076274341
4076798612
4071232132
3552187012
3501920900
3499717252
3498599045
3498631815
3498633134
3504140206
3571215278
3571321758
3562474430
3579120126
3746838990
3725864207
3457492237
3459723581
3476238655
1215378239
1223766847
1219695391
1217398558
1216663342
1216653806
1233624495
1225166255
1225164205
1225229708
1225108876
1527032268
1594207436
1598465148
3754070068
3716317525
3716321615
3582104526
2508441582
2512706414
2537876334
2517031727
2517027613
2522274573
2522181388
3595858700
3604304668
3595965244
3595973423
3591779183
3594453422
1362953662
1349913998
1424361862
1424427398
350493074
343161234
341077170
1423761638
1419550758
1472176181
1453760516
1458021376
1445039104
1445181488
1446488352
1591011620
2122366756
2139194668
2109904188
1812369692
3959849228
3825697548
3826037308
1691124331
1691124330
1816983274
3977013738
3926682106
3926731243
3926796777
2866678632
2931688136
2897674888
2897560200
2897732233
3163939502
3162825390
3162825902
3183766702
3208931502
3205843054
3211675662
3085846542
3069078797
3605820189
3605820189
2523754781
2658095423
2658845551
2541406207
3565080207
3562986125
3563047628
3571239900
3561810276
1415343396
1549542436
1600009269
1579032599
1581129750
507383826
373178370
377143570
384484210
1454080899
1470665089
1357418884
271105156
271087764
1345026493
1349155501
1353325223
1890130662
1890088550
4037600006
4034502914
4044980274
4044922930
1896390678
1896448022
1942668358
2005563855
1451899333
3737795573
3730324197
3730320109
3728223981
3732611791
3732615887
3749315278
3657040862
3640271854
3638038890
3633851754
3633850666
3632802090
3633851178
3634166568
3640430360
3698624264
3694433544
4229203400
4228165016
4245139368
4144410280
4127647401
4127597210
2986738314
2987131822
2987921903
3001577516
3014194476
2980635404
2980618764
2443747852
2447943212
2540280365
2267662630
2235369698
2218592354
2352289842
2350259202
2354458690
3432407106
3448135874
3416154546
3399175298
1249462402
1245403266
1245411714
1262447570
1497229938
1479861859
1498784290
1523950130
3670049062
3670057022
3661669386
3657885802
3662047466
3696114667
3704257193
4237971097
4240098953
4239966857
4244153064
2088280424
2088284200
2081992744
1947767816
1678280712
1678362636
1679444092
1679435245
1685725933
2096825053
1035543183
1073361550
1568290446
1559968398
1421359534
1421359270
1421351086
1572359310
1320865934
1319796943
1315606597
1315610996
1332453728
1298768737
3429410657
3429412835
3479814115
3740975091
3740960194
3732846018
3732635731
3732508769
3731468320
3748377700
3714757716
3580599764
3576225268
4147703780
4152092389
4160419581
4160411263
4159424063
4159227455
4150816575
4150814013
4150882365
4146810905
1948991497
1680601353
1680600377
1684794153
1685638121
1691912601
1742526605
1716901005
1712803983
1980903567
1997680854
1947345254
1951605282
1959863842
1955669618
1955935938
1955870338
1419529858
1436207746
1452972739
1452968768
1455196448
1451011104
1446813732
1446813748
1983877140
1983811620
1882103844
1894166721
1890501762
1890175154
4041857186
4033378466
4029184166
2972708774
2993612423
3002004164
2998694468
3013370380
2983993884
4099678761
4099220009
4099215915
4107535162
4107535674
4107603002
4124519450
4109700106
4109632523
1425277963
1576813643
1567408587
1567478747
1609560794
1592685274
1593799642
1610428922
1601974506
1602035946
1602171130
494801099
536744009
536817753
536686904
526197545
526132025
526131513
391905561
354156827
356335899
356505371
355440475
359632603
359501465
124559289
1206689721
1202492857
1202557881
3349648313
3350639547
2274800555
2273747946
2273747306
2261229866
2261230654
2261165086
2262217790
2253885822
2253885950
2253885951
3592388861
3609166045
3560883404
3692982476
3692978380
3692716252
3696915304
3705361961
3705163305
3705174587
3721980442
2681989978
2681862618
2663962074
2663969242
2663969754
2659971835
2665149161
2681926376
2684143208
2642202488
2621308184
2621422600
3695115276
3695113293
3693073485
3693042783
3709754878
3709763070
3747508190
3730796502
3739047894
3738555358
3734361086
3734361086
3733312894
3737187446
3724604470
3692160022
3692228614
3698511886
2633156415
2629256749
2629066349
2633264741
2564582007
2572970583
2606594903
2613931479
2576313847
2577284565
2677677972
2683899828
2407010196
2407010192
3476626832
3476569504
3443010976
3426692528
3426631041
3430834113
3430829571
3446431282
1273784866
3404525090
3400331042
3471476002
3421148194
3379269666
3631972358
3629822150
3638210693
3638263956
3705181348
3705189540
2625223844
2621086116
2621082596
2487143132
2487156300
2491377156
2490312197
2490316294
2506884646
2674669094
2657883438
2666267694
2662006798
2661994510
2661983310
2661856431
2667089068
2658700428
3593051276
3610944652
3575309444
4045039012
1897557925
1935294119
1926827942
1993872822
1987585238
2004557830
1412046854
1412043782
1416105230
1424494126
1420565039
1421630061
3701268204
3701262044
3718022860
3688670924
2338301308
2606478716
2616900925
2684009789
2650455343
2641071406
2640891246
2640901630
2624157150
2625271262
2650429406
2683985918
2684047318
2667126102
2390244630
2390244631
2389258548
2389389620
2389406012
2389398300
2406028060
2356748060
2297969436
2298161933
2293905790
2291730858
3436711082
3438806186
3447194794
3476571322
3464156298
3464160397
1310254220
1310245004
1309458628
253682756
220130308
204925188
213297664
1555205680
1437763168
1473282784
3741364928
3707807556
3707939332
3707939348
3696491044
2630883876
2492476132
2492954276
2509653925
2526300069
2532623781
2524235173
2520024949
2519905796
3056772612
3040062981
3022170631
2757933574
3034748966
3034875942
3026241574
3206596710
3189918930
4197594178
4195492930
4195493666
4208141923
4204017377
4222957201
4189992579
3706338946
3706392194
3437768610
3433833634
3701744806
3702792358
3719618654
3719602186
3723799563
3489114120
3341269016
3341588504
2250803480
2452196184
2452276952
2464866905
2460672619
2477519722
2443755882
2431369322
2431566859
2423245837
2487081996
2484960588
2619092796
3691783724
3696035369
4241163817
4236973883
4242091802
3654888730
3680069946
2585525114
2585500634
2585302986
2585322442
2585322443
2613830651
2575983593
2626316265
2626314217
2491960297
2497235885
2488830397
2505808317
2547695516
3084496524
3059265164
2518199948
2518199965
2654727903
2653634350
2653697062
3190031398
3219600438
3114679318
3097635846
4171377670
3634375957
3639610644
3627289860
3356904716
1208381199
1208232782
1225010014
3406621022
3390023774
3670980734
3666787453
4203320408
3129520600
3129586120
3146363288
3113779624
3090710696
3156772264
3156987305
3158203311
3174988462
2917035694
2946377359
2929472207
3200000715
3203932747
3195553051
3194882347
3211667499
3211212907
3206953162
3212196042
3218357386
4291036298
4257489338
3720749482
3703972265
3703976360
3562156540
3562144140
3564258188
3562268564
3570448020
3583026829
3616581310
2526197742
2261949742
2251525166
2251802654
2200901647
2200774925
2171284252
2162826028
2158628652
2158626604
2225602876
2243445085
2174255327
2212004271
2195227566
2186838958
2189005754
2256254874
2252062618
2252061626
2269092762
2503654286
2486872462
3023743438
3036326366
3032062302
3052965150
4135364367
4131381767
4131287573
4131262999
4131259187
4147905827
1971061795
1962890275
1958667267
1958650881
1956283584
1960412288
2002291888
4129000592
4128951680
4129224609
4133303971
3067881190
3084660326
3181128238
2627672638
2627537726
2633771286
2361141510
2360943622
2293895430
2293957062
2293809585
2309534640
2347283328
2322106240
2385223552
2385165200
2402986896
2402986992
2369449444
2637884900
2640045429
3749442901
3757618501
3621298517
3604521335
3604592103
3596338414
3595289854
2521482494
2539322622
2539322879
2505766367
2505758671
2489010127
2490975581
2490914173
2499372413
2498455421
2498461693
2632931325
2624395231
2642163551
2642245407
2650764574
2650764606
2684188462
2684187950
2683925790
2658784526
2658783262
2589577279
2589516159
2614747513
2581194233
2583429080
2558255064
2625199032
2625133500
2625199036
2642149308
2648438716
2682246036
2682246101
2413286357
2415391607
2407002995
2271729523
2238150099
2238148083
2238660065
2247038436
2246903284
2281510349
2263643405
2263672109
2532107561
2532089131
2532089658
2523707146
2523899659
2670629835
2637087627
2621358490
2625557659
2625566907
2650663147
2675501163
2671307067
2671359261
3743985933
4247294733
4234777375
4243235695
4243236838
4244295158
4294887862
4135570934
3594276086
2518963446
2519019894
2535859511
2489718557
2495022621
2494897693
2629074461
2629070621
2629592863
2644501855
2682144223
2681947383
2648200423
2639820263
2639816167
2623223799
2623223775
2673374975
3596122095
3604608999
3604600279
3596219847
3596149966
3591939294
3575181663
3558797583
1411314447
1952334349
1960063529
1960583721
1415385657
1414465337
1410009401
1409894441
2086258809
2094762184
4239960520
4238905224
4259874520
4268327512
2653651480
2653585977
3190477359
3194675758
3203150438
3198956006
2645295270
2628518054
2628522162
2632455315
2624091283
2620224647
2621373573
2638146693
2659117189
2665408645
2661206405
2665270661
2522676645
2522637741
2539483567
2541744303
2508149182
3045028350
3564991462
4100748262
4100776831
4100846175
4117747533
4117744077
3882850781
3882850653
3866016095
3866605870
3866398510
3878986510
3845439750
4097196070
4231405602
4097187874
4109832290
4106096803
4106092688
4055761280
1941835392
1388120704
1383926400
1381829248
1394375412
1395945012
1394927389
1399096586
1390712090
1407681854
1407683894
1366789430
3514205494
3587605782
3587613959
3617030405
3600253780
3604922948
3596022276
3725984316
3727954476
3744736556
3744738345
1609836587
1469524027
1452681306
1452743882
1456784522
1467252875
1161200523
1345761947
1346282425
1348248489
1356636649
1356632297
1356632297
4116611183
4116632943
4116637038
4116704606
4116545486
3611626446
3611626462
3612154862
3612295150
3620550634
3620479482
3617349978
3617120635
4153991545
4288194024
4292460524
3729571580
3725364940
2668402380
3205294028
4246659580
4246102508
4250272109
4243915069
4243927355
4243924282
3723832634
3724486938
3724486938
3715979546
3713661210
3747198234
3755512074
3738730763
3600318728
3600523560
3604669736
3596250408
3615099196
3510242812
3493466044
3493513149
3491481533
4031285181
4031546813
4031546783
4056715167
4056784566
4056858278
4082034342
4083050166
4080870038
4080869862
4085125223
4085122149
4059509781
1373907972
1373923332
1390704645
1383454997
1383582007
1381420341
3529413941
3529486615
3529282311
3529483030
3495859782
2967379527
2428145655
2428084198
2963927015
2969069285
2956468900
2956468901
3024037541
3023978405
3028109733
3036469413
3053246709
3086858565
3070207749
4135363077
4133270069
4150129189
4099748647
3563009318
3565042722
3707639842
3707702306
3707568178
3707568146
3589148674
1450057733
1315832068
1315832596
1584361004
1592748652
3740105448
1592580841
1605163435
1605159323
1575798154
1567363978
1563169674
421794746
422982570
1496457646
1534206190
1274481694
1274285070
196357134
196422926
196601614
195879690
196928314
1270404394
1268276521
1267329384
1229650328
1226476936
1226477448
3409676169
3422061483
3417875371
3401094827
3405354539
3479868965
3488257540
3350114816
3349586432
3353383456
3307503904
2234483040
2502853780
2502855044
2502859140
3581843845
4116494757
4124880300
4123830253
3838678557
3831281471
3831280943
3829244974
3829243950
3828080686
3829125150
3879338206
3860464062
3860464559
3860529855
3998820026
4007145402
4005047226
4273548026
4256905946
4239089226
4104708618
3567821322
3567813147
4121465385
4121465641
4125668649
3173557288
3174736904
4231717896
4229586952
4229636152
4229636136
4095356968
4099539048
3839493096
3835364088
3835253499
3852007002
4019758682
4002981386
4267490826
3189554698
3189550618
3189763610
3206469146
3208529466
3179218554
3179020890
3027768026
3035107770
3035238586
2963935385
2427073672
3517594760
3534690492
3534698668
3534694812
1391275404
1109669020
1176768685
1176772779
1411788890
1415995406
1147592718
1147462678
1147183142
1281404966
1281404966
1289859110
1218551862
1219601462
1216514340
1216781156
3633232868
3628698544
3642263952
3661270400
1513784704
1513791872
1513726368
1580852192
2120933728
2137706768
2137702417
2138624115
2004377831
1998071030
1998071286
2001344494
1976173294
1973289722
1906246218
1891370506
1354522186
1358756827
1350347690
1348250026
1360310155
3541337739
3524690633
3527320137
3555631656
2477695784
2444206380
2980881708
3031215420
3052190476
3177880092
3208285757
3191574079
2855896638
2855916094
2855924270
2855887214
2856067182
2859208814
2877030638
3917218014
3906867398
2027824582
2026778307
2043426513
1606955729
1598566928
1590194228
1471934500
1471843332
1370392580
279873604
271485268
271551444
1882037141
1881969333
1613280167
3764957669
3770327524
3768295908
3813205952
3792203328
3792318016
1645876977
1647974114
1659373218
1659372706
1722293410
1722288306
1722423506
783972546
800778242
750430211
752396336
742176816
741710864
741577748
672371748
671151204
675342316
1757466301
1774254734
1774221982
1807776414
1807841982
3938548462
3938549486
3934483758
3129426958
3213180942
4236517446
4240778438
4232524999
3692496029
3562157484
3570546092
3566607804
3617001356
3621113740
3610546124
3543961548
4047277944
4047351608
1887354395
4051076635
4118775355
4148028989
4131250749
3072291613
3072266540
3042644268
2514170156
2493186364
2493199695
2509977550
3619362270
3354990062
3354924270
3346548222
3308905934
3710642126
3698239311
3698238285
3698234637
1562805519
1563399183
1563415566
1563221038
1597786155
2071734571
2080255289
2078156664
4207892184
4207792860
4207776348
4207186493
4207194671
4206928687
4198670631
4198731879
4215308509
3208687837
3175275692
3175241900
3175242668
3158448812
3183872685
3084258959
3086747278
2524784590
2533164142
2533102638
2549881903
2677488671
2643881231
2643846927
2380097053
2363322943
2363322943
2379838319
2379773422
2379767214
2379893182
2373605774
2373512070
2637753270
2635644326
2522583382
3598422021
4143685636
4134252548
4130050052
4130063364
1965710396
1948941612
1949974316
1683633960
1616450857
1624768825
1625031433
1620992793
1621026329
1622994441
1694288459
1698466507
1698662858
1732163994
3883839386
3873088154
3818631835
3822621339
3814232731
3778594475
3761786539
3761912811
3762170155
3849268523
3849200703
3857592383
3857649727
3837722677
1687470151
1686425797
1954842049
1958776448
1950457744
3561138592
3561417120
3561385136
3561362577
3569750419
3569750514
3569750514
3588096466
3353280706
3355380818
1191135350
1458559094
1450096967
3597580613
3727662852
3727462668
4263809308
4263817260
4280655913
4281770025
4248231977
4252328233
4233967401
4166917673
3101560425
3101362937
3113945851
2576878283
2581348235
2614898058
2614964378
2615095482
3688329723
3688296923
3650548057
3650401081
3755255593
2673131321
3742735161
3726088569
3591870697
3591887003
3595850891
3545563275
1909850522
1347826090
1347825963
1885221163
1887252779
1887204651
1887235353
1667082521
1650297625
1649184537
1648920409
1661502041
1661502153
1628107465
1695212265
1678468841
1682459561
1690909625
1691105689
1686387083
1708408203
1842483594
1876033706
1874993322
801120430
801123774
1036002766
1027613511
1028862807
1030959383
896757791
934461499
397639706
915449866
919644170
919845130
919779594
911390986
2004008714
1970307595
1953530393
1949401721
4094862057
4095124201
4094994409
4094988268
3076313053
3059664861
3193893853
3202277719
3202244903
3204215079
3216785455
3187421230
3170706462
2633968670
2631874586
2631866618
2648639642
2647592074
2647458970
2672644539
2672652729
2672062872
3745838472
3745836488
3746031992
3747572008
3747568941
3749666095
3749528382
3749528382
3749696318
2682245663
2648023583
2646976277
2630197045
2621807924
2622790960
2618596720
2621758800
2648067408
2648055233
2680565203
2682199522
2656902626
2656902502
2606571366
2605457190
3653771014
3368556294
3364366150
3364378103
3364386212
3386650020
3407633812
1243368852
1242483092
1242458548
1514957300
1523379540
1540138324
1507766556
1495183676
1545241388
1545110076
1545118236
1544331800
1544141336
1544223512
1548392732
1415219484
1423869972
3567164420
3569202181
4110188549
4152131703
4131303606
4131034502
4129981826
1986693042
1714411170
3861721762
3862180514
3828622230
3827573166
1684021613
1688210469
1822435328
2090870784
1017145344
1017145601
1022553347
435614738
443973666
2054586386
2050916418
2050460867
2050984067
2048892321
2047714979
4207731362
4169953958
4169945806
4170778318
4177070686
4243069742
4238878766
3215476965
4272441556
3739870340
3727253636
3593138308
1445626804
1982510752
4142577376
4138391139
4138255986
4075602914
4046250466
4029035910
1882064774
1949173638
1953301422
1957437871
1957437929
2091671593
1840053256
1835837448
1831643144
757901321
757639195
770354187
803909643
1030324234
1010352330
1010454698
758784430
1832529574
1710934694
1739246242
1722714803
1655082624
1654895236
1663148676
3777201108
3760432484
3760237604
3760254244
2690672420
2699129388
2695234172
2712011469
2716086970
2716608170
2716601002
2750154922
2733394074
3807205514
3807279306
3807276106
1726440459
1717903369
1730621501
1697001501
1696993285
1814171699
1826820131
1822429219
1822646275
2091053059
2022891971
2021696129
1505810097
1514348183
1514282695
1515327303
1592856359
3735029551
3735315775
3719619337
3717505805
3720655164
3720652092
4257719612
4257654076
3209606204
3193865276
2921237773
2923335439
2920713758
2920648238
2870265450
2836682474
2836674218
2836670122
2870747818
2858160554
2866348218
3937992889
3937927353
3921350808
3904508104
4172947465
1492853771
1491810618
1223506218
1291598122
1291598090
1291589898
1284836618
1284818186
1287438798
1286504591
1290449284
1173008788
1340780948
1324261808
1315808692
1243929008
170347440
170269332
237124532
238043045
254813167
422585194
456462810
456393194
427042794
460615658
467005310
530446142
530567966
498782494
347795742
346675581
279464444
283650556
276314556
322525596
303710668
303710476
305844488
305709369
309125418
325892394
292391226
301828538
836078010
869632410
848724362
848724105
848724424
915517736
938516776
924904744
891505464
354621960
354556425
1428299274
1416761882
1422918170
1421869834
1421885722
277079082
276932650
8431659
58767432
311596232
1376948424
1379041480
1379369464
1377272552
1393401387
1343015466
1347279422
1347348998
1343907334
1146774086
1157128418
3299365026
3349725346
3601580210
3601498241
3601511552
3597313472
3593189328
3609831124
3576407700
4096370348
1949869740
1947773676
1679330152
1679591465
1698605097
1852221481
1860609069
786862095
706920463
706920462
706928686
706945126
708117926
710215590
710874806
719262386
1771639474
2025390834
2025533954
1487479298
1487413762
1554522627
1286152740
1152151156
3249293956
3269839492
3257305988
3257310108
1378335628
1378133900
1916052153
1915785898
1647485610
1647420074
1647354602
1663078974
1663075098
1629720890
1629859115
3789924392
3785865256
3785799736
3785799704
2703685640
2703581256
2687464072
2687386280
2717794984
2712998569
2712414887
2712413847
2750165574
3010212358
2972463630
2959942414
2968264730
2963808298
2963871786
2963867770
2980776122
4083894426
4062890122
4063939466
1914365579
1914294921
1646019211
1665008362
556598058
539762730
543957038
564928522
564998154
548220939
552284187
543832329
544885259
550128331
545999514
612925066
885547659
895165065
1030357896
527106936
510141224
518529320
451552280
447360008
447609864
446991418
1537248282
1503890650
2070130106
2065803162
4214325898
3679552138
3653350137
3686900328
3678659112
3674350120
2601656872
2652242728
2658536744
2660702248
2661091368
3734259785
3755232587
3612727242
3575091802
4099256922
4026901114
3758596986
3758531962
3759573114
3759638634
3764160619
3780935929
3810309065
3809276617
3809350315
3809088170
3813545642
3817740714
2743613610
2996320426
4072160410
4072353930
3554566283
3554599369
1373487912
1356837160
1356705064
1367189800
1429846072
3608787993
3608933387
3608855563
3743040523
3709494313
3644466473
3648661341
3384415949
3383362253
1235751615
1235759790
1235756014
1298670570
1328034282
1328218590
1311310159
238575885
238608652
102277192
102342856
118140104
67799497
81693578
77499018
77249162
77114010
1423486634
1440264874
1440256954
1440330683
3722093483
3722092969
3722092969
3713770409
3713640361
3747197689
4284199515
4158362395
4153966875
4160259115
4151878699
4113148971
4113230873
4096457737
1697275401
1698303561
1702498025
1702431465
1677213355
1660430266
1654141114
1654132954
1654128650
1922629642
1943785531
1910173992
1884987944
1880805916
1880740364
1896382748
1359511657
1363689706
1347161194
1347160090
1078794506
1086995246
1082796590
1083846190
1084764750
1101542093
1101578892
1131053964
1126871708
1110111932
1110113976
1111153592
102550440
105179560
46459305
327472523
394625419
398955003
358064491
914268474
914269498
1988078634
1996335146
2122098730
2117905454
2115874870
1813942274
1813938498
1679721458
1828358114
1823063008
3970820576
3886937280
3865862336
3861651520
3861848416
3861717612
1613046376
1621561897
1621560891
1621953067
1621891627
1622949691
1889023243
1910051915
1934259275
868799995
826865658
860479226
390848218
386628298
1464416970
1464344282
1338578938
1338970218
1338994730
1166930042
3314479354
3314462894
3314327727
3314065828
3314530944
2274265728
2270137984
2265663184
2199585360
2168062480
2171220323
2175279206
2158763238
2158758118
2159298742
2153040023
2148698308
2148702468
2167582212
2205328908
3265372676
3265372708
3269702183
2452653670
2450820774
2987167654
4060908718
4073561278
4070554782
3804081294
3799297166
1647614095
1647675535
1714849967
3862333679
3844254063
3831688990
3840078606
1679905294
1680871950
1680871982
1685136942
1689463334
1706166821
1740048869
1737836676
1725745284
1712900228
1712866436
1981284487
1983513222
1999250102
1965695522
1961567778
1420308002
1420307250
1420307458
3299507203
3299531776
3316296768
3353906624
3325593296
3324744384
3324686848
3257577984
3546989056
3521888788
3496501807
4033668394
4033670186
3765209130
1617201194
1612089354
1627822154
554084426
587631642
587629626
587632682
654749738
654745706
654745706
654766314
654754282
660063211
660062955
668458745
668465913
1708517977
1708517897
1708517899
1708453643
1700062490
1729425674
1729482778
1729581178
622280810
612302954
612303979
612308333
620696948
620720468
616526676
549417844
582906324
582906309
587075781
578687119
574427583
578565035
586950315
1643920041
1622940409
1622940361
1620851273
1620863561
1893527241
1889120987
1889121018
1905890042
1926861566
1920652238
1983541711
1982468431
2116687230
2117019946
4251527466
2095655722
2024348522
2092437498
2092434058
1570251402
1603805833
530215608
530113192
528016296
490251624
490318888
490448936
490449944
356183496
354315913
337530507
282003115
1350828715
1082131386
1082135002
1152594202
1151471898
1151477051
1151479083
1289891130
1281516810
1281475594
1281671178
1332527130
1324274122
1185855434
1185855129
1181005496
1176811432
1177932200
1175835064
1174724840
1111810408
1120264536
1111937880
1111934568
1120193128
1133300586
1099749866
1083177434
1163918554
1161773402
3308966218
3476722122
3474629082
3478823338
3482886571
3466102185
3466102188
2663032252
2663031228
2663031716
2658903012
2654577253
2671481455
2621096686
2619221706
2556308170
2631871434
2631408106
2623015082
2633501930
2632450267
2632519753
2632474697
3706249225
3698961448
3694766380
3743132477
3730750303
3734945614
3734934222
3734930126
3739009642
3745305130
3711746602
4162837818
3894065178
3898189882
3902314555
3902375945
3969551432
4015685832
3994730568
4263120968
4263190984
4265223656
4269419496
4155128488
3853060776
3852994200
4156039816
2006459016
1468539529
1473012345
1464652331
352637483
336902699
1008052747
741451787
741451787
678529034
682985482
703431754
707494090
707428490
707440778
707440827
1781178539
1782244013
1778016940
1761149612
1759052508
1750939204
4164692484
4168362791
4172560422
3701737510
3718711302
3752213574
3735429254
3333292422
3334340994
3332964514
3332960417
3337134244
3593249196
4130116552
4130252296
1714399752
1714203432
1718397224
1718393128
1646626089
3861889305
3861774601
3861512569
3995730154
4025354474
3836611050
3836610970
4105059210
4239075978
3702335114
3702268602
1572082346
1588871850
1244971819
1244979515
1312088075
506817545
507324440
503126056
486164569
1557809544
1548413832
1275641480
1280884360
1566086809
1610121977
1470730873
1454089193
1471783403
1471774955
1472121002
1467885739
1429612969
1412840361
1949440729
1949442585
606233096
610292232
610321161
891347241
874570027
875650347
805509611
272767914
281156270
8588222
8457102
8588678
8528322
9576450
11673602
11558946
10805282
28746771
116825281
108956865
107646080
107646080
107711632
1315673296
1315546161
1315480609
1328342049
1563223077
1545890853
1545887021
1559723629
2105896684
2105888428
1955415708
1959622284
1947852440
1880640169
809007785
859318938
841493450
841563290
845886634
854261946
854458570
855048394
821510170
820429066
816228106
816228875
816097848
547662376
615295544
611097112
623414792
657031880
640266888
1714991528
1719177384
1660454056
3805908136
3797780616
3793209800
3811769192
3778162285
3772919407
4053939918
4053934982
4053803174
4055105702
4121952482
4125114578
4095992898
4095976711
1948428039
1948428039
1948432135
4101156118
4260869430
4260797735
4294303039
4269046559
