279314462
279381006
15547150
15608334
15612430
15604230
1086278150
1084017190
1102880037
1118605604
1118609668
1114551108
1110082240
1110082176
1379582640
1394307747
1355293346
1351104418
1889287334
1889282278
1893496950
1881094150
1343580167
286747653
286713093
269914881
810977025
819365635
819240737
819768609
828148001
860785857
839829633
839797889
839793793
839791011
574956451
583279271
600056429
566514216
567591480
567344952
550545720
542161240
542214616
1615956360
1624492936
1623377803
1623344058
1623352298
1682121002
1678778670
1697653014
573644822
577904646
586305558
580043046
645955886
645955898
645955849
629187848
608218376
1677895993
1677900058
1610778890
1612089610
1612613674
1644071018
3820920042
3874402760
3866079688
3861877192
3861820392
3811501036
3812549548
3816813484
3824965551
3824436910
3807729342
3797253822
3797232318
3799263998
3799333758
3806681407
3802466333
3802398733
3823902733
3791396877
3774754829
1620967487
3768451115
3768522602
4036770538
4038867706
4039064314
4055845514
4072462986
4072470154
3533501067
1390203273
1381830841
1377702313
1393963944
3577095848
4096930408
4101124616
1953522184
1951457800
1414570552
1548791336
2094050089
2106689835
2039908442
2039908554
2077680858
2065162746
2065101274
2030465358
2030461261
2017878300
1489383724
1489314084
1489251636
1480862484
1497709397
1254431255
176970550
512556326
1586360354
1322221618
1313767426
1293844482
1142849538
1142865987
1142899154
1142834098
1149110194
3298758310
3315341990
3347851942
2257332886
2257349534
2257349550
2254204910
2266776526
2273198926
2248024894
2243830326
2226594342
2226401894
2228491239
2237399527
2266775917
2249904589
3323636937
3323635912
3608717528
3608717544
3608717560
2501425352
2501809608
2434695624
2420539912
2420539944
2428940844
2428953124
2429019680
2429938208
2429864480
2966735648
3019164017
2994654657
2994625987
2994632067
2992469426
2992383398
2992383462
2992454902
2975796342
2959034422
2959071254
2958682135
2966990101
2983765767
3009126982
2992276166
2723054470
2718877606
2789526950
2789530790
2797919462
2814835934
2806408270
2806390799
3842449679
3843240287
3829538669
3837938413
1707231993
1707170507
1698720587
1728113935
1711399951
1715913758
1716962334
1717355582
1713138750
1980263447
4144645127
4098507767
4102714039
4236927671
4236993183
4253570751
4270377647
3599297007
3603490927
3591231543
3592312903
3592322119
3593917637
3577136577
3497428720
4043214512
4039085760
4038954560
2965214720
3032323600
2784798240
2776409632
2805786400
2906399777
2887516389
2886992046
2889221310
2902343070
2898148250
2895985338
2761178090
2776914778
3083135241
3083136264
3083182344
2513957692
2497167917
2497135158
2430010918
2429950434
2430548130
2447120546
2178483362
2245656706
2245668994
2245665153
2245665728
3313120064
3312140048
3312007456
3311937829
3311954022
3345541350
1178466462
1447014542
1444909454
1176470414
1180533726
105685999
105178471
105147493
1192655953
1192647744
1192641744
1096728816
1365098992
3505751936
3501637248
3501636224
3500575360
3500575376
2431093408
2423033572
2431428324
2968298084
2976686637
2976698927
2972500526
2976696086
2976701702
2985093142
2716657702
2976729126
3043969062
3026077911
3021892997
2953717377
2953197185
2957776529
4039905190
4056681894
4069330086
4070448310
4076741762
4085194946
1935941714
1898209318
1885655102
1885651211
1910546697
862168073
572700680
1664256009
1664518153
1628735801
1629269275
1629287691
1628751179
1661355481
1715881961
1724274409
3867604713
3867584104
3867451929
3884229129
3850679065
3854872873
3846481129
3876039917
2802236557
2936466565
2936431764
2936415652
2902856420
2768635493
2777024037
2778465831
2780569134
2780572974
2778475854
3051108814
3037469134
3557767558
3557697938
3557697938
3502648530
3498509505
1350960193
1355165904
3494344144
3544643008
3523665345
1380355521
1381403075
1389727219
1389673827
3531911011
3536119587
3519346483
3494377331
3490641891
3490633187
3494835602
3494837634
2429484227
2429417681
2429351968
2420963616
2422209328
2480339456
2465660416
2465719808
2465722896
3069563424
3069498912
3061630496
3061632804
3011299685
2976762237
2976766327
2976774519
2976774487
2976774519
2976774519
2976774519
2976774519
2976774519
2976774519
2976905591
2976774519
2976774519
2977823095
2977823095
2977823095
2977823095
2977823095
2977954167
2975857023
2975857023
2975857023
2975857023
2975824215
2974775639
2974120279
2974120311
2974120311
2974120439
2974104055
2974104054
2974104062
2974104030
4047845854
4047845630
4047845470
1900361758
1900492830
1896822814
554579998
555689998
557590542
627853390
896384375
896382453
896382453
896381364
795718068
1869463220
1869200304
1873394608
4008557296
3933059696
2871900720
2871980576
3107861040
3091079700
3095266084
3103523629
3098280302
4172021866
4172029034
3635689594
3369347146
1213540426
1209412682
1209410634
135398474
139673930
156488059
158462331
192016731
175620426
175555930
174511610
170325498
170190330
174126554
174114266
182507002
183629306
173273274
180577690
180577690
180446650
176186793
180387240
180381672
180429672
171979560
167781160
167797032
167928076
169009468
238059820
103055652
359510452
342733236
342733236
342733236
74300852
1152235956
1151711668
1168488884
3349526964
3349593540
3320249796
2246504293
2238017381
2238021477
2238142325
2280114119
2263339975
2259014103
2260005223
2264200550
2272584998
2222255398
2218262326
2218188311
2222380551
2221397831
2238043477
2271737301
2271737285
2272740807
2271692247
2238010855
2239030694
2239030694
2247484854
2281107910
2276905422
2264237406
2263127407
2271536175
2535777342
2535973950
2535903518
3576054558
3613807390
3613807438
3588708174
3589767118
3589766622
3581410814
3581205999
3564427231
3564950347
3564933977
3573527401
3590235117
3590301167
3615356383
3615343071
3615474175
3611283823
3615449455
4152320383
4160714559
4160706367
4160575295
4160582431
3615257375
3581702415
3564913930
3564979578
3565108586
3565037950
3581896798
3581824078
3590243662
3590320462
3588022726
3588023254
3587044086
3582972661
3566126740
3571109552
3562602144
3694686112
3711460512
3745014929
3732611219
3741196482
3740147778
3731772434
3731355426
3747999266
3714427427
3723999745
3719671296
3717506624
2547296240
3074728352
3071776672
3071725216
3061729952
3002993378
3002010210
2993430050
2988978722
2988978470
3077058598
3030921262
4105171994
4105108492
4104755212
4108879948
4230515916
3711866092
3709788332
1562271901
1544365206
1543972262
1548103398
1556492002
1552293603
1553335873
1557481025
1551356609
1597477825
1580708289
1582670273
1591063507
3738548215
3734487015
3739074415
3739007854
3732708206
3078414299
3044867531
3179083227
3160233432
2623427960
2625508652
2642296108
2642362172
2675783196
2682070588
2681545268
2679583284
2411148084
2411483428
2376909089
2376892707
2381088210
2305662674
2301606610
2301541330
2603530690
2603530434
2604574786
3145640002
3210718290
3210390614
3208289398
3040447734
3039417846
3039442678
3039438501
3072997028
3077050080
3085438688
3081256736
3082300432
3046650896
2509910016
2492080129
2509922306
2241515782
2377696358
2414398702
2405977322
2271746282
2271951098
2271886554
2246716554
2246716809
2280157064
2213071560
2213071560
2213059272
2213129784
2204743208
2171179560
2167050794
2435494170
2439684158
2439557230
2439564522
2439792810
2435717530
2435725705
2423142792
2423011720
2431400888
2431598264
2432644808
2163749400
2153263672
2153259560
2153325117
2163942190
2226742566
2226705702
2229849382
2364067326
2380897694
2364120478
2355871126
2221649286
2221649287
2217323905
2486807936
3560615296
3508190640
3541736849
4061043843
1913040002
1913040003
1913109649
1912835248
4061381732
1914915876
1931684900
1612787508
1885421108
1889680950
1889670694
4037150246
4037018214
4053812198
4075864310
2991621190
3058930702
2538843149
3620974348
3620911672
2547178040
2538786360
2539079224
2673627693
2639811373
2633547821
2633547823
2633745423
2625301583
2623187151
2623187398
3176836038
3176827846
3210383046
3086520167
2816247781
2816246245
2815795413
2803212437
2803167396
2802872484
2903650724
2903644069
2907846311
2899525366
2897223206
2897223222
3181385222
3047433478
3080987670
2544133174
2544688342
2545929350
2514464133
2505027204
2483797636
2484784820
2436548244
2469054420
2989413684
2993480740
3001336868
3001330788
2728895964
2728835039
2734134750
2788472318
3054805102
3054809126
3057042726
3073275142
3039702786
3022924290
3035511586
3030993698
3030993186
3166358851
3164272577
3218793024
3195793920
3191468545
3191403121
3190317797
3194496487
3211278511
3186100397
3187214509
3187296412
3221126348
3219022028
3218989324
2648695064
2648699192
2631364920
2622780712
2622811433
2648176943
3185494318
3219032446
3221080398
3212627278
3208434958
2671626013
2671658524
2671649292
2575180292
2575245844
2566722100
2562458464
2561148000
2561412320
2561423587
2561423522
2583525522
2608790914
2589390210
3662832002
3657458066
3657457830
3657485542
3675506727
2568145164
2572413708
2562828812
2562898444
2630008380
2642580004
2642510372
2676003572
2676011749
2537610983
2533624551
2535197413
2469075296
2435463184
2515150848
2510971904
2511265792
2511118373
2511123495
3186394406
3211562342
3190655990
3190790582
2519660982
2520677542
2654877858
2654813346
3660526770
3678024882
4177143746
3636078273
3636094656
3703287488
3703291587
3703279490
3706232738
4281898914
4281894630
4281893583
4279936713
4011519576
3996843768
3996842988
3866794477
3875117294
3887893742
2778498138
2765520970
2757140490
2752946202
2752897343
2752897325
2769642220
2805350124
2801146540
2796358316
2796296892
2796300940
2796300940
3874432653
3865977743
3882234254
3848601774
3839893678
3835699438
3835719786
3840070411
1684114953
1730185737
1847634456
773897000
1726199851
1721927722
1726119994
1734770698
1681293514
1815515274
1815535755
1815499438
1685403310
1710562990
1744112298
1727269546
1727802026
1723607546
1740449993
1740580936
1704797256
1952194572
1948069916
1950224436
1950220581
1961756199
1957629474
1957633570
1957627410
4104996354
3719099922
3719078770
3756826994
3723338197
3723264980
3698115188
3699163772
3695142652
3695079149
3692554607
3696552174
3721775342
3734423758
3740728527
3740728781
3732789212
3728602748
2652861996
2652775972
2656969252
2407473680
2222797360
2231178080
2225799649
2225750417
2225783169
2225852289
2229845939
2255006626
2255006626
2519248866
2519318322
2453536018
2453470466
2451367954
2463954981
2476701732
2476092468
2446733316
2422084036
2422080132
2421555892
2428908197
3498324654
3498313390
3503557034
3497265338
3509917914
1361995850
1395549194
1395548170
322920458
293421386
274514794
281920362
281923562
282065898
274590682
274000266
293068170
309478794
307380618
307364251
317788329
317731241
317727208
317744616
317779305
309437737
325161753
291537673
274760457
1885639485
1881450285
1882505007
1886752103
1903599063
1937147271
1916175751
1915154822
1915123158
1646730735
1667513839
1667508719
1633955311
1616984031
1642279903
1672557531
581988683
579891467
584119561
575724861
571530540
590608172
561435420
553046792
550847240
542131992
1614860136
1614929384
1623375336
1640148392
1669440904
1656796296
3805320328
3813971400
3812005368
3778469864
4034296552
4034816748
4042223356
4037899996
4037300821
4108599671
4100014119
4100059174
4100186166
4116898838
4125289478
4159956998
2521851926
2517641509
2518039076
2518026756
2522744324
2533294596
2528981524
2495423028
2495357220
2493276196
2224603172
2224588005
2244511143
2261288614
2521335478
2518189750
2520358582
2520496566
2520430758
2541398198
2508122326
2491345991
3028202567
3028197383
3036586326
3053314422
3042768358
3038531558
2501660134
2535329254
2535328982
3042847938
3025874114
2489003475
2499444721
2499468864
2495274560
2499540480
2516186624
2531906048
2531914289
2531848994
2523681058
2524725350
3057386726
3055426766
3055446222
3076417743
3051284701
3030374860
3034513356
2491348684
2491347652
2491404884
2491216741
2514252263
3050594535
3084132582
3050582246
3050635430
3042378942
3042318814
3042388431
4116146639
4116114255
4116179727
4116037407
4115960606
4082406158
4065633054
4065703470
4065838638
4060530222
4061021781
4077803076
2970490820
2957407728
2965857376
2961505376
3028605984
3029126512
3033378576
3050219024
3041830403
3083767042
2798488626
2723981346
2719803426
2721859618
3795650850
3812494850
3777895938
3760858690
3773302370
3769112162
4037549286
4038597862
2424839334
2441620614
2441634958
2173273230
2156495263
2173403551
2207158701
2190389673
2261558184
2250023784
2252187417
2252205833
2234984715
2218141962
2218666282
2484996410
2497587658
2493394314
2243633546
3350741387
3350774717
3300455332
3296257696
3292286496
3292339760
3291365168
3292407088
3292422448
3296092176
3305009408
3253650176
3261777408
3261697616
3270089440
3266034352
2192288657
2460592563
2460527010
2464726946
2455277218
2986903206
2986907334
2986983125
2986995317
2986962212
2987076900
3055168548
3059358772
3067751428
2530880516
2543332396
2495089708
2495221020
2427080524
2427117517
2494078911
2494087086
2489883302
2490145446
2519571126
2520701686
2453567966
2451515486
2451318846
2451310631
2453473319
2524846134
2260610822
2276355586
2226126338
2225639010
2221445090
2150140914
2150275777
2150283968
2150300352
2423160512
2448303840
2464949985
2464940450
2460751010
2460808354
2997419174
3015285918
3017447566
3016407182
3008018573
3003886540
3003886156
2970282508
2971303452
2971278908
2973369964
2969515820
2964063268
3047965796
3048002677
3047990359
3085216786
3076889618
2787543058
3861289010
3861293106
3861030962
3862149138
3862400022
3862355031
3996576980
3996577748
4000829140
3988245212
3970386684
3970267887
3970202350
3974396654
2900705278
2892185566
2921412086
2921346278
2922396903
3195158004
3197251268
4271058628
4271058628
4287785604
4254231237
3719416823
3722758374
3747891302
3726973974
3727045638
3727565830
1580147490
1596858914
1575888434
1487558150
3635007046
3634989638
3634989382
3634989141
2565380212
2573773604
3174608420
3157829220
3157963500
3157971644
3162129068
3036152493
3031958957
3048737965
3001555117
3001628861
2993371389
2993306749
2976518157
2968150029
3500826639
3501122826
3502111803
3548174379
3525101608
3524053048
3524249608
3524181256
4065244680
2995433992
3062542936
3046810333
3046875838
3050893998
2501408430
2537033390
2520387230
2519337366
2519210151
2531793060
2510887152
2494179328
2494195712
2494490624
2494545664
2494545680
2494410019
2494348322
2498530338
2548861986
2523707618
2519267554
2537147554
2503624626
2486833810
2486837891
2625249985
2633704129
2629441217
2628393538
2645039442
2582124834
2615695394
2607307046
2616917766
2616910343
2593890820
2593694308
2597892836
2585309860
2585311140
2585312676
3122305184
3139078384
3142236352
2848631105
2848893187
2850003234
2841611298
2910815282
3980379154
3980193826
4012666914
3995943014
1848508646
1848509654
1848515974
1852709574
788478674
784285266
1052717635
1052713477
515842564
515842828
532353804
1538986776
1539012120
1505356312
1505471064
1488566856
1492687561
1484294875
3430451674
3426538682
3426513082
3292016810
3562565802
2497372586
2509939370
2509939370
3046745771
3046680285
2983761484
2956494356
2956558900
2956624436
2956907060
2955834916
2955818533
2972532455
2985036455
3014396343
3014400135
3014408335
2477529277
2477530300
2481919196
2473472004
2439914501
2423202837
2423073829
2431477797
2422983460
2959772160
2956630528
2954407424
2953358912
2957543104
2982708977
3012206242
2999631522
2992233122
2990066338
2989022130
2993289650
3002789267
2734615939
2751393155
2717771186
2709316002
2709319842
2709516470
2742972662
2742956246
2972593230
2972657743
2955618332
2955814956
3035503164
3031304716
3031303692
2645299724
2679906828
2663178797
2394727206
2662904102
2616757542
2608367910
2590608374
2586418134
2586557142
2603264710
2603264710
2603281094
2590694134
3128680166
3128557558
3203988926
3203988669
3202931860
2657668228
2523613316
2523535492
2439657620
2422876308
2422880500
2423916788
2969176564
2965069780
2428237524
2426136308
2430132964
2421749348
2417509925
2419592741
2419605028
2489920548
2511039549
2510978109
2645220383
2678832142
2683025438
2684000606
2684009182
2667494110
2654509726
2654506654
2654654094
2654656135
3191502231
3195757745
3187172577
3170594033
3170823249
3162434897
3170799379
3170803203
3183394307
3197627907
3126095411
3122408227
3122408227
3124496930
3107327522
2834702102
2828954886
2828856390
2827525366
2844301478
2877864102
2856884357
3137980548
3104532612
3088722372
3088718820
3157920292
3166571044
3031240240
3032231728
3032231184
2629594160
2646398001
2667348050
2656666050
2652607426
2652541654
3726284726
3675962550
3644500150
4181244086
4164454550
3174733958
4246386822
4246384262
3981027014
3989549653
3847926292
3856323092
2782642740
2782708004
3051151396
2958835748
2958820396
2954759180
2953718020
2957916948
2978875940
3079080740
2525314372
2660590919
2661278022
2661262198
2596246118
2612888310
2617037542
2608657126
2604422126
2671450110
2671394783
2675583949
3042650444
3042916696
4112398344
4045352008
4081022089
1933440139
1899819146
1635549370
1635549354
1632993706
1623626427
3779573433
4047879788
4060453436
4060592668
2987830548
2994185252
3018171428
3015033892
3049243941
3030306357
3033452085
3175807569
3176811073
3111852627
3145219683
3212322149
3220710437
3187160111
3178763309
2516128829
2516199452
2495227916
2495162381
2495098319
2432185774
2155397550
2152448390
2152367494
2152315270
2152246197
2152254372
2148027232
2148145664
2152345344
2245666560
2377785600
2377785632
2410156323
2393391138
2330493154
2326430850
2343287954
2347280546
2314767266
2285484758
2283514374
2333780485
2317004288
2321195520
2660950528
2663084576
2532836323
2254962850
2250769570
2250968226
2234129554
2217360514
3295291522
3295308227
3320511168
2414533120
2393618944
2397612560
2255005232
2250809904
2217435664
2218402304
2222600705
2229798433
2229797923
2229804130
2225630418
2225794242
2495261891
2426054787
2445838481
2437450401
2416482976
2450045616
2450046672
2517282497
2518314561
2524588577
2657618721
2657630496
2615745588
2578134036
2578063380
2577997844
2577932383
2565394686
2582151342
2607317182
2590606490
2590611610
3124472202
3124406666
3122309834
3189418699
2937761481
2904204873
2904216136
2755151400
2754090792
2754090796
2758350132
2766807312
3031048977
2964010291
2963807267
2699560994
2749941810
2733279234
2733283330
2729098498
2729225730
2733420066
2738667046
2705101422
2688078438
2686014050
2685997682
3759739734
3831181694
3883612286
4143528030
4138408006
4138604741
3601742016
1437481152
1152267392
1152266368
1152283536
1152283312
1085158064
1085223601
1085019810
3228325538
3241995682
3242044834
3275667842
3262036866
3270417282
3266154386
3266088354
3534273698
3538463906
3546868897
3509152928
3492423856
3492424576
3492424320
3513395920
3521657425
3551018611
3534503462
3534501158
3551523878
3517960246
3517743110
3500974087
3500515647
2422518057
2418836777
2485947176
3023014664
3040782856
3044977208
2784668200
2950348328
2942009880
2937684488
2937713177
2920931883
2788746798
2788691758
2792885606
2793020886
2793024710
3881446598
3856284886
3856270546
3837416642
3837457602
1687871686
1959456902
1950929046
1678263478
1695028407
621423789
621424557
634007213
630066863
631180959
898907789
932458125
936652493
391442381
393274717
393326941
393449789
401834301
1408467245
1374781743
1366338871
292612887
288848855
290851734
291376054
298717111
332005815
333066647
333062607
325722381
325607723
325891371
292334378
275548986
275618330
275618314
1357745738
1424852682
1441628875
1441694665
1601081849
3714998508
3580765420
3580767444
1442711764
1442662565
1476164013
2013064591
1937106319
1920369631
1920369151
846696703
846521599
841245951
841229501
572797117
556138671
539361967
551944939
547750443
547358219
547367435
547367435
820046603
291744025
291679496
325234952
326598920
324436232
323453928
331665320
327438313
25499418
8794890
8790282
401754
1466858
3432874
2901402
15519163
11373976
11443593
65977801
36633867
36629771
36498714
49081658
45068282
45000634
44864426
44864427
49054635
20873659
18846127
52212007
53781797
36021281
40280112
40280112
103194624
103723008
1177452544
1177190608
1143637669
1357499045
1353210541
1353276063
1353284239
1354267291
1358439851
1367089643
3531420011
1379823995
1379857403
1931274235
1934421979
1934413275
1900858779
1900991883
1934550427
1397679547
1397024170
1397020586
1933871038
4056254430
4123432735
4107707677
4110329116
3035473436
3052249660
4151046716
4130075196
3057136152
3057128155
3059228586
3069708458
3086485674
2986281114
4057872522
4049497226
3504267402
3571425738
4107579659
4101349673
4118061097
4118062120
3052710956
3086457148
3067513628
3059650397
3055476351
3189659231
3191736030
3208513534
3211005934
3185847790
3186048462
4243993998
4243923335
4239667367
4239724711
3700887711
3717484959
3721684383
3713330654
3742689630
3476388126
3375774986
3379969290
3362131210
3371042058
3366466874
3366527273
3366548280
3371725592
3363357464
3357067129
3372855291
3406540794
1242229722
1254845898
1250653514
1250644251
1267355960
1234846008
3369746792
3361227112
3357066745
3356028923
3373001178
1259040218
1246440906
1250637082
1250644250
1267355961
1234878776
3371942904
3359163368
3357067241
3372855227
3406540698
1246424458
1254845898
1250653466
1267290427
1234915640
1220202792
3363492136
3359162680
3357066585
3356092922
1225517530
1259071946
1246457290
1250653514
1250578698
1267385113
3382362936
3388588904
3373843305
3373842427
3406408699
3406539226
3402362330
3398135258
3414898138
3414757753
3386589480
3388621096
3380232568
3376005976
3373852633
3372803835
3406360570
1263071226
1271492058
1523154394
1519080826
1535791481
3683303720
3688550776
3378041720
3357049688
3356002264
3356012537
1208527359
1212803583
1212938622
1212865886
1238029647
3386557892
3386559876
3420114320
1330436016
1309472688
1309435792
1179411376
1582048160
1598960513
1566454147
1568605602
1550068834
1545874466
1545873446
1563174934
1298950406
1303379207
3450504732
3433792028
3433595452
3434644008
3451429416
2342229592
2342173304
2392759272
2665450344
2652670312
2652670312
3189605640
3208557321
3195969803
3204362570
3195838698
3208405230
3174827182
3174971566
3174967470
3158194622
3187550862
3216912078
2661232334
2661033550
2661097742
2661250365
2677589292
2629351292
2629342812
2629412572
2629416620
2489882276
2485948068
2486996900
2487191540
2486601665
3038159297
3071713777
3059065335
3059070423
2799148439
2799165367
2933247655
4015282919
3977587325
3846122077
3828105085
3832284653
3840159983
1705382127
1738936511
1721958559
1991250063
1993400526
1985012750
1376825102
1379072526
1379335726
1362511658
1357775146
1353580858
1353650202
1353478152
1353567516
1358874924
1075685740
1092393340
1124896204
1376358348
1376438220
1381684173
1113224141
1098535756
1174094636
1425596972
1442623020
2013051708
1994177325
1927063599
1918676078
1918664958
857374862
807026830
807010446
807018654
807286702
815742638
817659566
834457190
599567878
599566854
1920772102
1916713990
1648270342
1648268311
1648268309
1648001140
1648017652
1648280228
1669288612
1618821797
1627132645
3766231799
3766247799
3765271927
3773815071
3773745951
1643051791
1651501647
1647168077
1648216029
1648116733
3795587565
3795587565
3815510253
3786149997
4054717549
4121822535
4122878279
4105974614
4105974342
4106039926
3569185382
3569116783
3564694063
3560491615
3560696269
3611011469
1983506575
1983509647
1916354703
1981563039
1985888431
1985885167
1971200558
1962884639
1961703950
1961634334
1961630270
887888510
887625471
905446217
939196681
1056620824
1056694584
1056482601
2121837865
2121837867
2138746138
2136644938
2136704478
2102953902
2103216046
2084405950
2084492943
2101278351
4252919207
4258554341
4258553956
4292280324
4292227076
4116062220
4116133212
1465138668
3621010927
3616881082
3616938394
3617459642
3621457338
3587719626
1425588490
1420341514
1420341310
1420337196
1424531492
1411944500
3559624740
3710554428
1597691676
1595559436
1599752708
1608124996
1591422709
3740805101
3740803565
3673686239
3673751803
3690624506
3690622430
3657067470
3657132750
3656941310
3656972142
3656954218
3682107898
3682324842
3656970606
3638093167
3633900388
3701103584
3705342896
3696955008
1413354112
1413354384
1410744752
1431748752
1455673472
1455531136
382970304
376617536
371456528
371223075
371206694
387983142
337641766
484442150
480378934
480391174
480436294
77769922
112244978
244361377
113555616
105158868
102017236
1111288948
1093584177
1081000721
1085195027
1353613859
1354531363
1354539633
3514737217
3544092225
3527314241
1379764593
1377605921
1377597729
1444160801
1444356866
1473667863
2008440871
2142724133
2109170709
1551289347
1545006083
1545060117
1544855093
1411178085
1566363365
1599721205
1608087287
3738723302
3740807414
3741008086
1593462998
1610281054
1610546206
2147399711
2139011357
2138946333
2132585757
1864148029
1863622783
1830281470
1813430494
607256830
607256742
611452070
609304038
566242791
566243301
595600932
595600948
864236036
864163332
864228868
293869060
298597925
298602287
290246447
290311438
323931470
860855646
860667247
860730735
860730591
860721375
860721583
860787117
860795317
860860853
856462501
839687341
839751868
856619188
860780756
860760340
835594548
836644116
836641540
836710940
836727340
831386149
562877991
567054118
541362278
553969766
554002534
554051670
587611222
587598934
592318326
600772206
562896510
562829902
562829902
562829903
596384351
596458063
600668751
600627791
600611711
592224255
558743551
558874111
558743039
558742014
558742015
554547647
554548159
554695359
554695351
554597029
554580645
591866789
658844071
666896822
666966294
801200406
797038870
763473174
697412894
697412894
696362014
696353822
679575772
948015316
2017563872
2013453409
1476528162
3624011810
3624019986
3624020498
4202887730
4202864130
4202856961
4271211200
2931590048
2931597472
2935796900
2923203748
2922220708
2939083683
2939058850
2904963746
2904963810
2757835346
2761960210
3030395138
3047303170
2543990786
2543982594
2543851523
2258692385
2528160032
2544941412
2477833164
2213583500
2213579405
2167769775
2167786222
2434603566
2436831806
2435717422
2985175086
2980915245
4054587452
4054648844
4058843212
1363003532
1897764996
1880079236
537836436
537833364
537378741
1623300788
1614846676
1895864836
1929492996
4060260868
3858950944
3867339044
3867339812
4253400100
4236545121
4236549346
3695987938
3692824626
2350844210
2350258978
2618698274
3698749026
4273401539
4273901443
4272786306
3199044226
2930621090
2930551458
2921638562
2921642594
2938408454
2888211987
2888199459
2888182818
2887978018
2900494370
2896300146
2896300114
3215067458
3198294530
2661431810
2661296689
2661313312
3198216480
3198195760
2543880196
2544142340
2548406308
2535839780
2435127396
2435127445
2972588213
2972588967
3790486182
3786300086
3786185382
3787242174
3791436430
3776756302
1627695630
1627892494
1627826191
1627826205
1627883565
1627818023
1627839527
1678136419
1682313634
1682838195
1683952275
1826165427
748498611
748432051
747973553
748104577
764816257
768765313
762439041
795926977
794879329
803333409
795047216
2137199888
2116236544
2116170768
3730971696
3739356208
3735095348
2661300532
2392862245
2393187879
2394239534
2394161918
2410971838
2376106670
2355138478
2220923310
2485172654
2486282438
2503125062
2501028870
2501026822
2635292946
2635080226
2500993570
2534552098
4138861282
4139061139
4138489984
4137998464
4070869120
1914996928
1916114944
842443776
574006276
590783492
555147316
555151396
559235109
592199973
575144301
583730175
583734235
583742427
583611290
919085754
919151354
898511562
881735370
815155915
817187531
816175835
820308699
820292315
811641483
543201179
589349851
573817819
571654969
591852329
558195497
558129965
541353261
541347125
554453269
558713141
558876967
566950695
567016311
566803783
558406983
592026975
592157167
600480231
600488423
592030175
587835855
588102095
588249599
588143591
1628314471
1628339047
1640923111
1636827111
1636622295
1670166407
1670165895
1665973639
1661771671
1645191079
1645140391
3792633317
3796827621
3796790757
3796788725
3821954517
3822986711
3789432207
3788455327
3788316063
3788316063
3788316063
3788455327
3768532383
3768397215
3768396189
3768412573
1692232604
3856494492
3856492444
3881296285
3883397469
3883388989
4150317119
4150292527
4133512239
4142033197
4137843245
3081132589
3047610940
3052850700
3036663308
3036661260
3036594781
3036603103
3028148974
3044831982
3074179502
3074180270
3074321630
3076418782
4116671702
4108217542
3573441735
3573474631
3590244165
3724407797
3757959157
3749701461
3749705045
3749565815
3716019559
3724408167
3716019575
3716019543
3747476855
3747476855
3747468663
4284339703
4292736469
4292851165
3210714589
3210714621
3076374525
3059597039
3055417087
3055383134
3073839710
3040285278
3040154222
3026456942
3030660206
3030647918
3047634015
3048694989
3082153164
4157930572
3591669885
3591866733
3592345983
3592350815
3527373903
1916543174
1916608646
1933516935
1970143655
1952843687
1961232295
1957107527
1961189639
1961156871
1953292567
1954341679
1954329135
1960414765
1960545837
1573513836
1556671468
1556670972
1489526100
1490701636
1490683652
1551762960
1551705649
1413293811
1467889555
1450837378
376046722
376111250
384503987
384512177
375926949
375922861
308814249
300580713
279869995
10844730
10537498
14732046
14727430
6399238
2265346
1080197378
1088594195
1088852240
1101435136
1122926848
1122927872
1114606896
1450154864
3597573601
3593444835
3610023335
3577521574
3564959166
4118740446
4118736255
3623873919
3606965559
3606967605
3598546261
3598677461
4135401397
4080875429
4051052451
1894135698
1889666434
1889731010
1893732466
1903173670
1898979366
808460607
808591903
810681901
819007037
282085901
282381263
282904975
285197455
16699535
32436687
65950159
65933647
1139676527
1130638695
1130720631
1139199247
1122946327
1118735671
1185710391
1185714487
1189912837
1177456709
1177457111
1194235351
1194254231
1429133222
1433225126
1442636710
1442698134
1472058326
1476260727
1476179237
1467792677
3615288615
3594439687
3615411206
3614328070
3714993414
3723103254
3723103286
3651863582
3651874847
3634901037
3634901036
3702006120
1558717352
1550320296
1547181737
1547270827
1410919081
1410902665
1415096969
1423681160
1350337416
271418184
288272680
858693928
862956844
1928194349
1928321071
1945032750
1936643086
1932447758
1899610126
1896411390
1896366574
1900545962
1909136046
1368005295
1384790693
1451896468
1451827844
1184375436
1188635532
1180381628
1178284264
1160671272
1143886859
69659658
69585162
74303754
82689802
78425866
78430010
233606970
258838298
524259082
507415834
511149102
508862510
1045803087
1041662157
1041662157
1041678485
1024860325
2080776613
2080842405
2094805677
2090603245
2090599000
2092433928
1956130376
1436294120
1472997849
1456236938
1456404874
1456455066
1447932298
1447858570
1396998602
1397064026
1373081899
1356706088
1356635500
1350408684
1346345380
1346297220
1412875396
1414979716
1417146549
3589796980
3605395508
3596917044
4133792036
4130335284
4130262544
4134421012
4155392596
4138615445
3601793718
3602384294
3598204070
3594259618
2520582322
3610123586
3563988738
3568182786
3568001538
3567882753
3567890704
3567821856
2494082080
2498276449
2537065953
2518323187
2517274199
2517294598
2535120454
2535087959
2507816421
2650480117
4261092749
4260103309
3723239599
3756273839
3747872942
3715105006
1546669334
1546680582
1144023298
1144056066
1148368131
1173524481
1202884672
1184268480
1188462720
1180149120
1174904208
1443339729
1448582641
1465245027
1467274599
1467278630
1466296087
1466951447
1466947351
1466943253
1466942741
1433261365
1434318197
1568535925
1568535927
1568535903
1568658782
1574950270
1574958974
3724408190
3724408190
3716019551
3713914207
3713881439
3714020735
3714023295
3714006815
3688832798
3688717598
3734629694
3734627687
4271482359
4271411685
4267217316
3206120084
3174736516
3023742596
3023763072
3023787664
3023778464
3026727844
3031179685
3031171502
2980315566
2963538350
3034842558
3026471006
2490234894
2498750478
2498750478
3085954062
2523852046
3731805958
3731769094
3732800822
3749453926
3749454894
4185461790
4219155486
4185617438
4219139359
4223333183
3669537597
3671623181
4225279500
4216892948
4183472660
3915037476
3977943844
4011493668
2923007025
2788806721
3074052289
3040477569
2973368976
3022717600
3035103904
3030921888
3030913696
3030922145
2645041541
2645042374
2377734214
2373535750
2367490070
2367633430
2367568150
2403214598
3414040902
3388961734
3382244343
3365729188
3365708212
3360458132
3374091508
3474294804
3457587204
3726026756
3726027780
1578542404
1584841031
1609974775
1577009911
1576863486
1566326510
1565798118
1561618150
1561687031
1567879623
1574162631
1574010967
1572909111
1572906035
1564599315
1564668995
1431459154
3562423778
3707110886
3723429878
3723442118
3723433798
3723253510
3720107814
3753665319
3753648447
3623629117
3338212125
3464168280
3459983064
1316699800
1314864792
1591556792
1604083641
1570031035
1557442714
1547735258
3691020410
3691032874
3691029802
3707808042
3712003370
3713459470
3721851150
2644427246
2512044463
2511958957
2511869864
2247638968
2373454777
2235182059
2234133354
2221550906
3320456474
3316375822
3349786894
3752755461
3736962068
1585228836
1578928160
1579001856
2115937280
2115936256
2118037504
2134802432
2101264608
1950171300
1681665445
1683761829
618404519
618478271
614283934
614415006
884409998
900989582
1978954126
2003886590
1987092774
1727050542
1727301182
1723117086
1727375903
2003221005
2000599557
2000583172
1999507204
1462437156
1445462048
1449656356
1386745893
1387139361
28180739
11146499
12258755
9980290
9996723
8949155
1083807139
1151046035
1153012115
1202233763
3328745889
3324884385
3325017585
3593451985
3593387459
3593469299
1450014051
1986797927
4118552935
4118745471
1904022301
1350505245
1350506269
1356846909
1356660541
1356643615
1373416783
1406962894
1398709454
3592328334
4129206686
4152275358
4152275871
4160672511
4160738029
4126954213
4118554349
2537363310
2541559678
2675715374
2684172350
2684295230
2684230686
2411598862
2411671822
2411487518
2277286174
2243736013
2242675116
2242413740
2154335404
2418644924
2435429020
2436539068
2436539068
2436555452
2435507821
2435336751
2435602735
2435606590
2972612623
3077471247
2540597263
3622727695
3623768134
3621605742
3588055398
3579778422
3563003254
3563018614
3571447902
4110416351
4055890909
4093435596
4092883660
4065673932
4061553388
4061426413
4061950575
4064067950
4068262126
4076720382
4072518862
4088183887
4092364876
4126050396
3044977532
3044452892
3044452876
3042358796
3042304540
3210043948
3178574653
3174896414
2642220334
2650544174
2649491502
2632718462
2649373774
2649370886
2645168966
2628436678
3702030981
3702039212
3706236844
2619902460
2670364812
3727341708
3593136268
3594136716
3594133645
1450836126
1472070318
1438528174
1421226671
1421095597
1425339052
3558122140
3608520140
3608325389
3574773775
1966245902
1953662990
1952622606
1952640286
1885543706
1903560506
1903560507
1945502569
1929319400
1928077800
1920737704
1916543112
840708296
856441032
823119160
819902761
815180587
1891084587
1890887945
1892719881
4048588040
3506602824
3573998136
3611715176
3620087529
3616940795
3616941790
3617326766
3617325486
3615752366
3619889402
3474137306
1295196250
1563618318
1561569294
470853646
494971166
495031564
528650252
532844552
520278024
520245288
520173609
1593845867
1292057578
1304824554
1166940890
1166542474
1166541451
1166676617
1166697128
1201169320
1167614888
1167618984
1096630696
1091915176
20269480
20269560
19949897
53504265
326292747
325222667
291668747
283542335
284524847
284474661
282364197
282102645
289581767
303214278
303211462
307405638
1381081190
1455464482
1992335398
1942261797
1939112204
1910476300
4083071512
3575556616
3575573000
3709479432
1496976904
1509429039
1487682926
1487672558
1491866862
1550726302
1551246478
1551261830
492290182
398782598
381984919
382001317
369418404
302260388
839269564
839784876
853416684
868109037
833408746
833390154
833401354
828682506
858033178
841255982
1915070502
1915137026
1931912195
1663475713
1629926193
3761148448
1681833504
1702791760
4018064064
4001155664
4001123616
4000067616
3995873313
4012777489
3962183777
4243267811
4171891126
4171894406
4172962438
4172872406
4244171390
4281903646
3732451086
3740968265
3736785352
2147156364
1966867884
1950099372
4097707948
1949702060
1962296237
2006209357
1989468940
919904268
370450444
387244076
1412719656
1412909096
1411270697
1423887339
1436469946
1453312650
3602695818
3601629834
3597435530
3597505210
3614352366
3581862894
2508120942
2508158326
2508149046
3581874534
3590140278
3590137182
3585944927
3590142460
2549890556
3615255804
3594383484
4131368984
4083060744
4091379976
4053570872
4053567531
4057761834
4078741546
4145850414
4145984542
3879649294
3879617350
3850240614
1707017958
1688016611
1956456145
4108003009
4095354497
4097520257
4097398401
4100512929
3785919649
3802696864
3802829952
3802833024
3798901376
3794789041
3794264739
3794085542
3794021102
2737060586
2737056618
2741250058
2749774859
3819897865
3819701257
3786150936
4054541320
4104807432
4104807688
2516206137
2532983343
2524660271
2520273647
3728233398
3728213894
3715632518
3569028247
3568982199
3568990387
3304746098
3295405314
3307922690
3341459458
3324616722
3324551202
3597186082
3602420769
2509931536
2509935616
2509931776
2496367908
2488073764
2623303204
2623421989
2621316647
2625379878
2352758310
2356944486
2382110066
2394692690
2394889282
2392726530
2392732674
2392339458
2396529682
2396579171
2396566883
2407040481
2272824757
2256051636
2256051620
2256255412
2254158740
2254093204
2248846068
2249189988
2249091892
2249096469
3323866389
3323342101
3323345925
3323337733
3323350087
1193201095
1197395399
1174391767
1174264791
1174272983
1207794549
1199405429
1195212069
1195207973
1195339125
1195343189
1165974871
1174392279
1174265303
100530647
100531159
100522967
100522837
134208373
125828469
121496933
1195238773
1161688533
88067543
91213271
91216886
100662262
100629206
99973971
133520145
267738401
259353952
259351776
221586640
137845888
142036353
136645009
140577169
140581777
150151057
143802291
411073953
411069857
415296929
457240035
453033207
419477879
943896855
943896854
943896882
944814962
1037286354
1036164994
1069733762
1069750195
1061172129
1056973281
1057191269
1062369573
1037261109
1028655365
760228101
1024465159
1024597767
1037180693
1031931749
1031817189
494986725
465610183
423667139
155299138
423861570
423869714
423868722
1505868594
1237498643
1267923715
1268152579
1272847617
1266355553
1261966817
1530477985
1501245361
435761073
430455713
434646961
434644945
423375185
406139217
403927317
470835509
469811581
490774013
1027643867
1061394907
776116681
776124873
776190408
776185160
1715581192
1711374604
1645249324
1662108204
1613903461
1613905639
1613893346
1618087906
1626344866
1626348722
550515906
630267970
629219346
562036759
562036999
897605901
935452941
927129865
910339865
918801209
918604072
935381272
935382280
927162632
1024598280
890381064
896664072
905053817
1035017899
1035233963
1035209658
1035209098
498343306
502535562
494088362
422715562
489890282
494088650
491934202
500360171
492020203
255959487
255889822
121675182
130070958
377534895
377600511
311671261
311604301
1391636492
1395822868
1361215796
1344447252
1344792084
271866404
338954788
343345717
357964358
494017222
527568326
535822582
535822566
428880102
428876006
1501618422
1237360850
1237366226
1237491074
1266858370
3481517010
3481385970
3464739571
3465723409
3469917744
2255523360
2272298528
2271454512
3311854640
3580294256
3576087760
3559277696
3559277696
3559802241
3560883889
3581900465
3590160051
3590094450
3590074146
1610361122
1592011042
1592077622
1592671510
1522406678
1253769511
1253769525
1270486020
3371850820
3363555524
3359213764
3357321652
3356274340
3368855205
3380912807
3380908790
3364262598
3364788198
2292111846
2566703206
2558314534
2553862150
3678071815
3659195397
3659194373
1511612477
2048401709
2065249581
2069499192
2080013576
2080009288
2046557400
2071502040
2067303832
2066255769
2066333343
2121903774
2130226846
2128150158
1994030727
1459234693
1459234692
1467680672
1970020768
1953182112
1954152561
1953218581
1961394437
1961402629
1957208349
2095623452
2104011068
4180257596
4213943096
4213885753
4200217579
4207554538
3129614826
3146383850
3113877674
2576942270
2566417823
2558062477
2553849476
2625348228
3699028612
3707417284
2631586388
2497509156
2497505575
2490849318
2419525670
2486044950
2502822662
3610119942
3606446854
3602121526
3602653486
3734511662
3466080302
3465039914
3469233194
3456649322
3473414362
3473418442
3461949642
3399101898
3401201355
3468362441
3472359993
3463975467
2407092798
2371548686
2363158279
2363096871
2363263271
2362280245
2379058484
2408295796
2324344276
2325325204
2325254052
2348322724
2306460580
2301238180
2284456852
3358202244
3358207396
3358467492
3358548389
1480384917
1478332807
1476886919
402956751
415540079
948289081
998619705
2127018553
2119612937
2115418377
1983285531
1983183135
1966393103
1950286663
1950220998
1950224994
1961767778
4104921186
4104921186
3584959682
3601738946
3328642242
3328510082
3336898706
3332709026
2259958498
2259692262
2276461070
2280917518
2268335630
2266494734
2271126286
2275320591
2275189597
2274919148
2279113388
2271776428
2166995644
3509303996
3510352380
3491670252
3491670188
4027493548
4027506821
4027506823
4044243350
4044313510
4044310182
4090449574
1938771542
1939762694
1941859846
3551358470
3551291159
3555517757
4085109805
4081026284
4078935292
3810498652
3813128220
3804543004
3804268588
3796935741
3792810045
3859984699
3876741930
3960611370
3893503594
3893500650
3908242026
3903588970
2829584938
3148363786
3131587594
2594716682
2326342666
2326291466
2326307851
3417941450
3365577610
3634018206
3632969135
4165636012
4161309612
4228422076
3959994764
3960379800
3960380840
2887184300
2887184044
2886889188
2891152996
2767199796
2767207956
2728404484
2728408325
2728531031
2997223666
2997158050
3001827494
2993602726
2972614846
2692652510
2692589838
2753865999
2753865999
2753603853
3827497743
4012013071
4263645727
4277535279
4206174823
4290520039
4240187813
4239922341
4244114613
4235876481
3745441921
3726551169
4263357571
4128550019
4128613762
4130776050
4130779878
4117135974
4033266295
4033200655
4033631775
4029427247
4033620783
4033686319
4042070318
4037872702
4041999374
4042010830
1350373518
1358889142
1352601766
1368216997
1367922100
1401587072
1398441408
1378594048
1378401312
1395174692
1932060948
858488324
858398213
862592709
862586533
863504039
869802407
853020847
853016766
848937118
855351503
854106191
854110223
845784077
589868045
539535373
606775311
539670543
543856655
544131087
560859351
556662967
590086327
590684327
590750631
551748271
547422895
547426863
815797774
815806990
278981134
6334734
1076017422
1080212238
1105370702
1185333902
1185202843
3333214907
3334337193
3334321839
3351031727
3312757613
3290732836
3290741812
3290805248
3559301120
3559825408
3694043408
4247691552
4252930848
4284396289
4149903891
1983611491
1916518994
3794521666
3794782790
3794651766
3798776047
3802966255
3802962155
1656602825
1650348233
1645031883
1661743531
1611542954
1615733162
1620974830
3770223102
3770317710
1622895246
1637378703
1633189519
1729629831
1730035334
1730029206
1700667814
1704927397
1975255204
1975255164
1974272012
1437278216
1441589000
1206708792
1202518552
1336764954
1303341626
1336875818
1321015594
3467379754
3333242938
3337273374
1189797902
1181397253
1177190852
1177257344
1277859200
1277863296
1278977424
1281069489
1557894391
1555989542
1555012646
1575791654
1584180262
1579985975
1580071991
1581110310
3728229670
3745215974
3694814678
3699005382
3707388614
3703456454
3703390935
3701232357
3718013669
2682021735
2665309535
2665352542
2673741150
3713862014
3713866030
3638303018
3655089450
3690738955
1526473993
1515729160
1511600408
436745000
436745004
453781292
957097772
939795772
939800028
960771548
960523708
960560565
994171319
994285975
994285975
994287029
994284981
1002673591
1036171159
1019395735
876849815
876673719
872438455
805378742
826424246
844250294
852631798
871518294
837866502
283161618
283413538
279742498
283880754
275425043
271234561
1445643777
1446661638
1582975702
1590364854
1518865062
1518870254
1518868078
1536697914
3650625898
1505350891
3635139752
3702103208
3697839240
3693642888
3693709192
3710625672
3711608712
3745426921
4148079983
4151765294
4093008671
4091943711
4058390303
4058910591
1911424495
1944933869
1919729767
1916588055
1916646407
842834951
842574855
842566661
574195712
557488128
1614454016
1618656784
1622838820
3770253924
3768353508
3779900101
3775718095
3809264318
3775792814
2685286318
2766021806
2763850922
2762740922
3031315595
4106101963
4127008201
4118556424
3577706296
1429110072
1433351224
1432686616
1432616973
1416036365
339083549
339091743
339091727
343295758
351719390
364284863
1472104879
1454149055
1454155151
1449951627
1445757435
1445966187
1446945071
1446961455
3598640431
3598642222
3623869542
3590313430
3724530118
3724460486
3758019414
3758084982
3757863783
4286325543
3747356967
3692896550
3693032766
3693025566
3697154318
3699247374
3707504734
3718003950
3751555550
3734856331
3465011848
3465331372
3449602732
3437020076
3424420076
3426648300
3426148360
3442893836
1326917644
1331050764
1317415532
1317411566
1317867182
1317552794
1582875274
1595638410
1595581322
1562026906
2098832314
2099029994
2099031914
1863625514
1846848043
1846721033
2115165449
2117223464
1983250472
1983184936
1987313772
844501181
869676191
815150982
280888966
280953474
280822402
347935362
83653318
83683942
1149020966
1423747878
1423686150
1476049671
1459271431
3740971781
3736699749
3740836580
3732447973
3728271077
2671312877
2642083815
2633944551
2633944567
2494940535
2499081591
2515854453
2507466069
2507530581
2505504213
2505495893
3042363221
3042959159
3042836279
3028287287
3036673591
3028153911
3028152855
3023860231
4114420439
4147974847
3615233965
3623685565
1371408535
1353656503
1353459943
1089218595
1131160611
1113923587
1114005505
1114034241
40796544
40800640
57573760
1089439124
1086163876
1086163629
1086110574
1357703470
1349314606
1361848382
1395534862
1399723022
1944453390
1940259133
871715116
588566828
553972524
553689624
536981000
537102936
549816555
541886650
537692314
537693322
537890958
537849998
537813166
537797102
541402790
541862547
542976643
551430802
547236531
832506515
850658945
850477761
849515009
853713664
845193520
841002272
908110112
891333408
1949478628
1947390677
1963066005
1430389463
1413612134
1422009126
1418928418
347086866
884012038
884259846
880060431
892774413
910071821
910068749
909018313
909082761
908906651
640431275
656872618
623263402
631647914
665007786
2007003787
1974530699
1974510281
1439802153
1347478829
1349545261
1345665405
1366694357
1375082903
1409158039
1409224599
1409103798
1392255927
318513591
310190519
308572599
321147363
321180963
388033587
354613266
354581506
338064642
477028610
476750614
501916214
497725991
497589799
497593069
502827709
494508957
494631828
360332164
360330628
402530692
1409155508
1406607861
1408590099
1365569794
287618322
270575922
270580514
807713571
829720881
838110208
1901954048
1897497616
1929936992
1931145441
4078592241
4078576067
4084860627
4086826722
1436040930
1436035810
1436035798
1469922246
1476274631
1602102743
1600467447
1597321719
527512439
527573767
525546247
223349055
223357230
206579822
206793190
215148934
215134598
217088454
217088486
217088486
1301324262
1318232162
1318233347
1318509825
1322667505
1330908641
3478921121
3481169875
3445546950
3479080438
3747391846
3757943046
3758008582
3735917574
3735592997
3735592996
3605573668
4129870060
4130078892
4280746156
4247130020
4231400100
2096503477
2090285761
2092182016
1555065344
1559490048
2086897168
2095096592
2145493296
2129768528
2127605953
2126545138
2113966306
4261458146
4262718690
4262656870
3996568294
3891710686
3857599182
3857533583
3849154191
3849275295
3831837119
3831837183
1685401982
1618294062
1618230575
1618226471
1626677565
1626681629
1626698524
1625084680
1625064200
1939640072
1924696120
1923651641
1991018526
1987026142
4129977534
4146753710
4114231726
4118426286
4120786598
1973304966
1973234374
1442654727
1434270263
1434203701
1434198837
1434198815
1161769247
1144983870
1147949422
3295465902
1147978158
1152095391
3299523737
3232414857
3249191305
3282741641
3265898937
3257436585
3526920617
3526927865
1916379641
1915330841
1915461657
1915396153
1915330617
1983676429
1966522383
1882604558
1947606118
2081823718
1557469730
1553209890
1569996322
3753128450
3753714178
3468370434
1186644487
1190712260
1207478660
1164544132
1143711876
1143711892
1413064852
1413083292
1413013693
1411051951
1428079342
1373037102
1435823639
1437923847
1437924885
1442111253
3590250245
3724439365
3724490711
3757913078
3757913078
3749516134
1602032430
1602032430
1602040635
1442658057
1425943304
369040328
326912424
305981864
305969288
304907400
304382089
304382091
841253115
824627243
807858219
807854891
812106283
816169514
817679914
817678890
832342554
312380362
308062362
1467788442
1413252234
1949679755
1953939865
1953948601
1425466344
1421271848
1571153192
1592026376
1583707149
1583746079
3731297327
3739578666
3740623658
3690426922
3657355786
3655258890
1507508491
1503313932
1503191144
1498947816
1494754536
1209666040
1211763401
1211763274
3640527562
3634777818
3634680538
3652231898
3683680922
3665867451
3666191016
3670385576
3729124264
1577327020
1595803820
1561726120
1412833448
1416765853
1416708543
1423045119
1414575455
1413524741
1430301957
1459797253
1448252677
1444057351
1450344711
3614867782
3614885222
3589623782
3589565414
3587521534
3621010270
3604233542
1448349959
1179980055
1190596919
1190539557
1191059757
1115496765
1098656029
1082063309
1090451917
1086229389
1084591039
1084527258
1077191354
1077191338
1127543470
1123316398
3535032998
3551980966
3550931111
3517376677
2150091909
2150010053
2217653253
2217649413
2221713189
2230103845
2242703141
2276388645
2263777061
2263748359
2264737543
2264872726
2264741670
2281520934
2243697958
2180779302
2164067606
2161974294
2161916950
2161905686
2178679030
2170290358
2169262527
2177679769
3251405704
3234628504
3226310584
3222125560
1075706680
1077934876
1076787468
1076783372
1076242701
19793166
40763854
49152390
44974471
46059923
43880865
46961057
1112314273
1108120993
1091417589
1092463959
1367190279
1367190279
1362078519
1395571511
3548299029
3539900165
3533608709
3533690644
3286037812
2203888932
2203893044
2204081204
2178849844
2178872597
2212427029
2212427029
2212493109
2212493175
2480799607
2539519463
2505956855
2506087895
2489277910
2489286134
2489286134
2489155574
2505932662
2505537366
2404722454
2413110534
2413114646
2413116726
2379562294
2380086566
2229017894
2229017958
2228490214
2228557751
3235238805
3302273924
3297026964
3301221300
3288634020
3288631012
3289680436
3308751364
3308677637
3342207766
2264271126
2257983510
2274761750
2274758870
2274762902
2375295383
2240033205
3313525164
3317756328
3342972328
3305213288
3222309160
3223357720
1076078857
1092790281
1362209803
1393855498
1380224058
1447988255
1449040927
1449043223
1459528551
3606749927
3607073415
3716059782
3694580358
3694576262
3694612150
2620726246
2624858406
2629052454
2494834727
2511678469
2511746053
2243821573
2277458197
2277298469
2277306725
2281493989
2247937511
2239614455
2239745015
2235489271
2235465431
2235442886
2273190470
2281579270
2214556447
2214424891
3556626745
3521956921
3513555000
3508836408
3543635993
1396095051
1379203146
1379688522
1396441162
1344143466
1344148330
1351496238
1351496230
1351561766
1082996241
1082928641
3284953601
3255683331
3256784898
3256809474
3255729154
3255577638
3263964454
3280738086
3247313534
3247313597
3247183532
3251386028
3244048036
3238869908
1091386292
1124940724
1124883348
1124949908
51240852
52297684
1125969748
1094495509
1097705781
1097709845
1098881303
3254753559
3250559287
3250559287
3248463159
3248393511
3248393511
3248469351
3252531687
3286077877
3261043093
3256848541
1108340889
1108311193
1108228233
1124481225
1360411099
337001051
337012234
351658506
347140618
76603914
1284564794
1284565290
1283581994
3427203114
3440834622
3310798094
3352731918
3348534110
3348599541
3348599476
3348402852
3352593056
3340010400
3308568928
3307630852
3307613188
3307612165
3311806519
3454409014
3484293894
2411596550
2392591886
2324955662
2324968254
2324968238
2341806895
2307138351
2290361135
2290100199
2294295975
2294291879
2285980071
2285980087
2285984151
