3857716491
4124079419
4107366697
4107522857
4106408509
4106416653
4106269277
4232095613
3175133180
3175590900
3049692149
3049689079
3083716543
3075462143
3042603982
3044692942
3027907550
3036361198
3036421550
2986084794
4084996491
4068288651
4067768473
4067904665
4067902601
1920192649
1920197512
1915855496
1932583640
1630593785
1629546217
1613092713
1617265001
1625653549
1625669913
3764777224
1617224456
1613017912
3764762152
3773275689
3773226553
3781615113
3815177739
3810918155
2741292331
2732903915
2750203323
2750400395
2750412683
2743038907
2741989803
2741793195
2741784747
2750369963
2750296283
2985173195
2985173003
4058390555
4058330155
4041544747
4125430810
4126618634
4126618890
3589747994
3623316762
3623320858
3757563226
3749043546
3746879322
3713332042
2647962459
2647954299
2648019561
3184894825
3210061801
3210061801
3193288185
3067590073
3066533289
3058161068
3058029036
3053834732
2501202420
2484498900
2419467073
2960532291
4042658642
4038398818
4038349606
4043064102
4058924814
3555610383
3530522125
3526192648
3526196536
3593212968
4134274088
4151050264
4125425688
1441148984
1436950568
1420108088
1424232729
1424230361
1157056441
1173706683
1107088779
1089258891
1089327515
1089466809
1089466809
1097724377
1164964185
1198449531
1181672251
1181672250
1189958426
1197753146
1197789482
1164243242
1164308794
1164366155
1332121931
1324782027
1324783067
1315354107
1315238395
1579479547
3592737275
3613774331
3589722619
3572946426
3568821754
3572803066
3572803002
3580141755
3580211387
3576156299
3510026697
3543552985
3614847721
3614909033
3581223529
3589551739
3589551643
3588519707
3588576539
3588519195
3622105371
3622097691
3622097721
3614823289
3615355737
3615487449
3590239673
3590239659
3623720379
3623130522
3614749082
3610685882
3610685594
3610431706
3576873307
4097036603
4101235513
4108576552
4108576040
4125193496
4150281240
4133765145
4129624089
4129763609
4133892729
4143383273
4155852521
3585885945
3585898201
3506205659
3497808843
3496825291
3513774555
3547260907
3556698043
3556763547
3531405211
3531375579
3544024027
3548238811
3514168282
3514102778
3497357802
3497488874
3497423338
3505803498
3505803387
2432135193
2448810249
2448745736
2473981208
2456811320
3530544952
3530511192
3538895688
3538748249
3555464041
3555484011
3521929578
3513611754
3496863226
3492672986
4029543882
4047344075
4051538379
4051665227
4085224281
4084707897
4084654649
4080526905
4084590377
4084520233
4160013625
3086471483
3052851546
3044463066
3044528634
3052720634
3052720618
3052787130
3044537786
4116080090
4116145626
3564450778
3564372442
3563393530
3496370666
3496895994
3513775562
3010319819
3002045835
3001979337
3001979849
3001913928
3001848376
3009720872
2973016617
2956322345
2704604713
2805267753
2788482361
2788639769
2791719945
2725183832
2716799992
2716218008
2699440776
2717266825
2717131177
2712937643
2746496170
2746506410
2733956250
3799375050
3795183050
3795183051
3794264267
3815231577
3815231577
3781644409
3764789627
3764789547
3764794153
3764851241
3773104697
3773650441
3773593097
3781977625
4050450297
4092380665
4092380633
4092446105
4092450200
4084192696
4084135320
4084195737
4084064697
4092457387
3018830251
2750329338
2750325754
2708449066
2976687658
2976691754
2972501562
3006121482
3006101002
3006232346
2976863290
2984723498
2984690734
2963719214
2980500494
2984697862
3009929542
2994185175
2989925077
2987840196
3004613572
2971650036
2958876644
2969369444
2700933997
2699950605
2700078605
2691034957
2707748157
2707734829
2742370597
2734047607
2734043591
2725716934
2725586358
3811913126
3816098982
3808365758
3808316574
4072555918
4076692431
4093436431
4083999295
4083999023
4084003886
4084057134
4083663934
4091999263
4058444815
4122399759
3036071197
3035940473
3027555961
3023402617
3027654169
3027705401
2967748201
2984521451
3010211771
2993429946
4068220090
4076614842
4072493242
4072460475
4072194187
4076589451
4063933323
4063929049
4063864427
4064060207
4068253999
4067287327
4067352591
4084130823
4117683255
4100377639
4100377701
4101426517
4109563333
4109546308
4109537796
4107334165
4117816885
3849383461
3878742639
2721307375
2721270750
2721139102
2725334174
2734113982
2734113215
2734019071
2733990877
2733957853
2725569117
2741298029
2700067685
2700001621
2691618133
2691693653
2691558452
2699950372
2699942436
2700081684
2691689988
2704139780
2737599028
2737590885
2724988391
2733376942
2733444270
2733579454
2733512862
2725132446
2733522078
3807014030
3807044750
3808158927
3824805325
3816351053
3811095869
3815355693
3781800237
3781939261
3765162013
3765096735
3765098351
3773748783
3773748783
3773814303
3773654543
4050412815
4050416703
4050408495
4058334270
4058463246
4050009422
4050009550
4051075054
4093075374
4092970431
4076127631
4076130767
4067746765
4063552125
4063552109
4084720429
3816223533
3823554845
3782660365
3783192857
3783259449
2709364009
2692520744
2690423336
2690424344
2690438665
3766350345
3766244057
3774677929
3766420907
3782155434
3815712954
3815651482
3824031882
3819314330
1672769722
1672794523
1676997579
1667556047
1663361615
1663361638
1634005862
1617281382
1626325350
1626259798
3773747471
3773227277
3790005513
3823416616
3823417128
3798249016
3794071049
3794136585
3794132795
3798322474
3823586666
3819900890
3807317898
4084021130
4084151226
4068356522
4068356266
1946103978
1941770426
1404907674
1404839054
331099277
61619340
65871324
40795612
36699612
53346293
19707751
2929526
7320414
15708958
279950110
279754558
279755631
279755629
283704172
292256748
321535960
321812424
321844168
288338264
812422936
812424984
543472441
556054827
577026090
572831806
573029391
572978255
572657869
572657837
590488749
540153772
548802221
547819197
547622559
597966543
581185231
853814223
845429231
845560303
828774909
820386781
820386509
820460237
820379357
820307693
283423341
283423597
291803429
275026231
275094583
275232818
275167282
283555890
283556114
283557122
333887234
317104902
317125126
317179415
312770149
316959588
316942820
308484588
321064188
321078476
321016012
862122445
862040575
836810223
836810094
861973886
862039422
845396350
845322334
845338750
845596798
862412030
828847358
828781822
820131325
820139756
820070124
836796156
568393436
560003660
559995228
555859068
555875452
556004445
556000347
556004730
560136042
593656426
568416894
568335054
568331854
568663647
870725501
866530685
866203133
870333692
828390620
828397772
811825612
811794253
811789917
820176511
828503574
828421654
861967670
862231590
862428198
862424182
845515862
854035542
853982550
853732693
853732820
870448628
861953508
824196596
807480828
539129820
539129596
551776877
547418670
547418686
564179726
568366350
828437786
824442138
811760954
1885502266
1910667835
1910660637
1911934733
1911867340
1911850460
1968538077
1968419293
3847332349
3847333365
3847730517
3847733045
3843537444
2769791524
2769791524
2803281428
2805921300
2789131828
2792212004
2817312292
2817312292
2952578852
2910648100
2910643572
2910643557
2909592950
2909588982
2909653238
2909198582
2905012470
2904815734
2938361974
2938297430
2939354182
4013091926
4013157494
4017220974
3983662447
3983789439
3982741375
3982708567
3982710743
3848366038
3848365974
3849418678
3857801142
3841023894
2767420310
2767420310
2780003222
2813418935
2813425111
2800772549
2798674375
3864094039
3864229735
3864153895
3864222487
3874744583
3874744325
4008958996
3874737172
1718862852
1714680836
1731388420
1731650853
1729613605
1700122471
1700122455
1733811543
1733688823
1735773669
1735777749
1735912917
1735914997
1702217717
1702221781
1735910999
1744170615
1710608230
1702124903
1735781719
3883396439
3849706741
1702350277
3858230725
3858230229
3858090981
3858092021
3849842647
3849842551
3849705319
3849635703
3849709398
3849842038
3849706855
3849701751
3849845015
3849840919
3849705781
3849702677
3849803013
3849810005
3832893679
3832893871
3833029022
3848748990
3849145006
1709984430
1705790126
3836484014
3836488846
3840812174
3832422542
3827781823
3827782063
3848361711
3852588655
3886145087
3886087703
3886083589
3881889541
3844140309
3844275489
3828794657
3832988977
3973497937
3973498065
3984019649
3980342471
4013892759
4012324263
4017426086
4025749222
4021620454
2914352847
2914381383
2898063109
2899619093
2757012789
2757730101
2774435349
2808005141
2786972183
2786943543
2786927207
2788963303
2805728423
2784756903
2763852951
3030256839
3030265031
4120784071
4154404035
4141769971
3730777575
3730650613
3730793861
3747507589
4259203461
4242524549
4242005125
4243968183
4101042663
4101039078
4101038694
4101108262
4235261494
4235258390
2087775015
4151507239
4143106085
4143369221
4143367175
4151820291
4235517971
4231323699
4231389475
4233553443
4241948195
4238261777
4271832769
4275828416
4269393600
4265198208
4265198240
4265109157
4265109413
3212340709
4294503653
4026129661
4026260573
3942315087
3957253199
3957253199
3923670102
4166915190
4162654462
4162593022
4162330814
2015045550
2029653678
2025524974
2025393910
2025330374
2023252686
2027741774
1602003918
1585352958
1582734591
504813725
503666844
503388316
520238236
487993756
1561723608
1599406680
536150648
532102776
498346556
498346557
211036703
211105615
210899278
215089486
208798078
204606830
204683623
221260115
223358275
231822658
231821762
265343411
240161187
374579619
374514099
381850002
1455522226
1455469026
1448124706
1467006246
1415949606
1357359398
4037445926
4054748197
4092499236
4067332372
4063068996
4064133980
3525169980
2468208444
2440972572
2440984589
2515429438
2515462182
2515457302
3049177862
3082797598
3082388078
3082392303
3086788013
3044845732
3040131220
3023538564
3021375365
3021398933
3025658599
3033817958
3033801079
3050578021
3044488293
3078490468
3077441916
4159577036
3605740492
3605740493
3606656335
3606581510
1459097878
1584931110
1601724710
1551491110
1551622207
1014675469
1014663436
2112523020
2146408828
1986832508
1982642428
4146364620
4112793800
4096655832
3023971048
3036553836
3032293991
3048997606
3081515622
2527863670
2527608918
2544418894
2506654798
2485753930
2485823754
2486872331
3560614153
4097485133
4097482063
4147680591
4130898255
4265443455
4265517295
4001276143
4001276143
4001272006
2927542727
2910770167
2891425519
2891247341
2899635949
2891247341
2891247325
2887644829
2891962045
2891957933
2908571631
2943620079
2939433295
2939433295
4012123199
3982955566
3970303022
3970827374
3970896958
4239200266
2109677834
2141153035
1523379721
1514973725
2051848765
2047850813
2047786045
1512034333
1578811467
1580875978
1530527882
1496990366
1501228782
1505356526
2074668654
2141761070
2141758526
2141749261
2112520204
1948950533
1413145415
1413100278
1413087970
3560571618
3560507042
3503824290
3231189218
3230140642
3230140530
3248102402
3266995203
3333071617
3471540737
3471541009
3463026465
3458841888
2385164560
2385164352
2653592896
2603190256
2603201248
2603217569
2570805921
2575000231
2566415009
2562205089
2562202789
2566391973
2574780549
2574919813
2608474245
2616862855
3757713863
3757714903
3724434867
3698316721
4234531505
4231320304
2083836660
2098259540
2131814212
2115003665
2115132467
2131891235
2102527010
2093155622
2088963878
2090012214
2094139910
2093181702
1564502342
1598319062
1581546998
3729008118
3661898222
3670487918
3666744111
1519260221
1334575896
1301024056
1300760936
1304979688
1292486825
1326172345
1326153915
1309643147
1578934667
505192907
509584217
524788520
1573366568
1556519720
3705051448
3587606552
3612772377
3594292235
2653732874
2653471178
2657763994
2682925738
2645172906
2628346542
2628278190
2628279733
2624126341
2619927949
2637148044
2638131148
2671683581
4148163965
4134920477
4134920461
4131320077
4148098332
4152286488
4135570744
3069040680
3070097448
3070098472
3070024728
3076310360
3041772120
3025060440
3033448989
3034497661
3185341991
3218892134
3210489318
3212647586
2669546882
3575524738
3558752130
3562411906
1414992258
1423118770
1418924210
1435504786
1439748311
1433444405
1429251132
1415621912
1415822856
1373800968
3521301000
3621870104
3354660409
3335785963
3470199978
2396916906
2409507994
3449699466
3436606862
3436635086
3432375070
3434455838
3434459958
3487601446
3727729190
3727730210
3591418403
1443148597
1980211477
1980141661
1913569501
1900955023
1880753546
1882860938
1349197226
1353259434
1353463978
3500947643
3502005384
3516915080
3519915672
3569918620
3571036748
4108034588
4109018421
3026887973
3039802663
3073291031
3056505607
3190735670
3207578406
3174895974
3174315110
3155962990
3176937839
3219004269
3198028348
3199880716
3199753740
3203987212
3203986509
3195773037
3176915183
3160003066
3159970810
3021677226
3025811114
3025803967
4116187823
4067957423
4067966383
4074254494
4074254478
4076548254
4075811054
4042174495
4041650191
4033259535
4028996367
4028938813
4029000253
4029131309
4146451005
4129571357
4131193405
4131324520
4134084904
4142407720
4255726632
4239013897
4239026187
4239124490
4256741402
4269320202
4264068170
4264067290
4264198619
3190461129
3190485704
3173671644
3156878060
3157009132
3169593068
3165405096
3166443947
3166443690
2629314750
2629314718
2633582734
2633686158
2649400518
2662047814
2527830039
2531962897
3060436992
3060438016
3190461456
3207314736
3208504801
3174835937
3156096739
4231923411
4097443522
4104717986
4104664482
4104660131
1957178531
1957444738
1416587395
1430186115
1463201217
1446161728
376603648
372343856
372284448
1986051108
1994434597
1471523875
1471650850
1470005282
1985904674
1997193234
1460232194
3741917458
3712624162
1569332770
4254731891
3701033811
4258848193
4249415045
4148799365
4157114021
3871900333
3871901357
3997806495
4010323342
4010387614
3978226846
3978192314
3978167214
2906067694
2918646511
2913403501
2913276476
2896969276
3182192924
3052169292
3052234957
4117654661
4118707335
4118676871
4118741431
1954492583
1886724327
1882533951
1630876735
858010943
845426543
853880559
849419934
849610639
313806733
315919757
318082460
308714948
845590340
845588244
870819072
1910932736
1910932480
1348895792
1361375267
1361338674
1462120754
1462113058
1462633250
1575813922
1554784054
1554589958
1554721030
1554721606
481246150
414011014
1508164231
1533313685
1516343989
2054337269
2052301540
1808836388
1770040612
1753262116
3914381365
3977493511
4011045910
4010980398
4010972206
4010986606
4013346158
4017539374
4024912158
4024773910
4025296150
4016911638
3983487318
3983480310
3983480310
3991209894
3903133606
3904059030
3987945094
2911993487
2911956621
3183537805
3208703916
4283561900
4283625900
4292039132
4285596108
4252438876
4231476012
2083857193
2083857209
1546069769
1550204681
1554386713
480644617
480710155
213153355
234129355
1340900298
1341096858
1342080922
1342154682
1583195818
3730613931
3726485179
3593908895
2524349151
2523300847
2531627375
3085213807
3082068079
3086262511
3052773853
3027744213
3023538148
3040315108
3040343652
3006723636
3006740244
3795137813
3794023447
3794091047
3798346791
4075161639
1923484727
1940266246
1907766022
1907696135
1893003783
1355055733
1355055845
1891926765
1883277037
4047739629
4081232861
4064717775
4073106382
4073109966
4072986110
4081336830
4150198623
4116582779
4116586793
3562873133
4099740972
4099350325
4099407639
2086512982
2094836950
1843178630
1853654150
1849589902
1848545678
1849594767
1849078461
3994527404
4011110380
3977309160
3960535400
3832610152
3840962921
3832550345
3832755081
3832755099
3841069999
2696087469
2711686572
3818982844
3802343564
3802279117
4070726861
4070596047
1927294430
1914725886
1914925422
1914847534
1915109422
1919172670
1944330254
1910775818
1894002970
1962217258
1962281514
1960708667
1960737291
2095050505
2107483401
798589192
802717704
1784194057
1779999864
1778953320
1779279080
1779343548
1846464669
1863205791
3977118383
3959816878
3829863086
3834912430
3837016750
4121173438
4154791054
3601277131
3601277003
3618897929
3321102344
1148519736
1144352552
1412820520
1411763736
1412945416
1350014472
1366464008
1400014600
1379108632
1376814376
1381018920
1917889848
1926337851
4074149354
4082561514
4049060266
4027007418
4026942366
4026941886
4031127982
4039582142
4102317278
4119129183
4156878141
4141346093
4141264669
4132812301
4132737549
4132733517
4149531373
4111852269
4095107819
4094842875
4099034603
3025357291
3041950191
3067111903
3067112910
3062944206
3063136718
3065430494
3065500015
3052761391
3027657535
4100876047
4100947741
4100751213
4100746733
4101830125
4102018445
3828729225
3828651465
1697953273
1697879915
1735558939
1734588171
3881936138
3878724922
3878790442
3878944059
3878931771
4013051179
4000456043
4009178489
4025947609
4025947133
4025881597
3187028989
3187028861
3182502773
3213911349
4287653205
4286606791
4269862535
3733192327
3754090166
4282535590
4278374310
4279618726
4279604454
4132934774
4143747086
4142702607
3865878541
3861749821
3878334508
3828011304
3827975720
3832154664
4033481240
4033677881
4050459451
4092402954
4092399882
4160487754
4126671706
3571004394
2493145851
2492133051
2492054201
3045628569
3084429963
3193482203
3193546107
3202056507
3216867645
3187446076
3173900588
3157090596
3022988068
3023968228
3076398757
3079552643
2794336130
4136379826
4137424038
4154196134
4124844174
1879859342
1879532686
1342581838
268897287
269683767
269620503
273818133
282206741
282134021
277941765
9767557
9710229
60090791
43288982
311856526
318144910
318149006
854897638
1928635246
1923391791
1944363309
1902421308
1965335852
1965416748
1966011176
4113449512
4117644856
4104408840
4037331721
4037335311
4041664527
4108757006
3035011334
2499266374
2650653398
2675790550
2654941782
2654876242
2666148386
2661876514
2527597666
2544385251
2544401633
2527717508
2527767684
2532879540
2524480676
2520289500
2520494157
2519381263
2502602262
2485841446
2485784102
3156805174
2624066109
2632454940
2628452620
2629697800
2646549848
2413046248
2413046251
2664753594
2659494042
2659495066
2659488906
2663678090
2651226315
2669576457
2670637325
2637079357
3156960045
3158255406
3162441582
3162247150
3170635694
3170438654
2629506510
3703189958
3720032462
3719831759
3757596879
3755533517
3487219148
3453664717
1306261917
3445161471
3440965103
3474576367
3457827677
3462017820
3327734588
3346608936
3321459496
3304750856
3300579848
3317598728
3485305401
3740834603
3730353450
3728248922
3728441546
3728375950
3610935438
3560628382
3560579494
3565105574
4110234530
4108071846
4108067566
4108067819
3571196889
3570149256
3561778056
1431100296
1439223736
1435293656
1435300296
1440542728
3588214792
3581857832
3577144360
3609652536
3613851400
3756445449
3722825499
3722741754
3723790250
3715401130
3715405226
3713446330
3713180090
3692208570
3696407486
2488447711
2488459789
2488526388
2507206180
2502979108
2540912420
2540898068
2549482183
2545288134
2511734710
2511668646
2511601830
2516320486
2541490286
2524651790
3598328586
3594069514
3323473435
3474722347
3478916395
3487306794
3482591306
3486851146
3486720010
3452112923
1287734569
1288916264
1288863032
1280539976
1280695752
1276433864
1293795720
1312457096
1312458120
1311409544
1579918776
1579724200
377269672
385656232
380937609
385122713
384876971
1450267051
1462920107
1428300715
1344418731
274872251
274737115
299902923
65021727
48247102
115355942
106983462
123957302
90362934
90372118
99022854
99547142
262834182
246056966
246120451
1323859985
1311281376
1311285408
3442057888
3693784736
3564804752
2499447424
2498464448
2427030016
2427051552
2431149600
2422743585
2439783207
2422997286
2490105894
2494300262
2511089782
2645304406
2376692806
2377880646
2382083142
2355870727
2636889092
2503646404
2520427908
2520428164
3055200908
4128938684
3860512429
3860708782
3860640942
3862724778
3812212970
3760902346
3760877774
1613439375
1613439423
3760923559
3765117863
3769434855
3786213111
4054785542
2964205062
2964138502
2427202054
2431400502
2423004710
2431451942
2428457846
2428326775
2428293628
2964124028
2968290684
2959903100
2955184492
2955262444
3006770156
2989943500
2989909709
2989884111
2989818862
2994012270
2998669354
2998673450
2980847658
2963962939
2427124488
2495212104
2490956296
2486753864
2486754888
2502619865
2548736234
3064496362
3064496234
3064499306
3060504698
2989144154
2989140299
3056248536
3039486680
2754273992
2754245324
2754216653
2754151151
2766673390
2762493158
2762524774
2763573334
3887769670
3866798086
3862603783
3996888068
2923346948
2923340852
2923356212
2923421700
2906546965
2906550887
2893939430
2897020582
2898071206
2898017958
2898013862
2902207926
3028040851
3044949121
3044942976
3044943040
4118752448
3564977233
3699207249
3724471555
3618569474
3618540802
3601826563
3601707267
3597439315
4264333809
4248671201
4252937957
4236176101
3967670885
3983333733
4016896039
4000111655
3996106767
3996119119
3996115023
4012269797
3983963109
3967158005
3975548613
3988086481
4256460321
4155795233
4137968949
4134297863
4130103623
4147012935
4096675541
4033744597
1895766743
1895643735
1894596119
1911307574
1928082470
1919688742
1919688759
1936601140
1367225100
282989068
277611208
277628648
277666536
1351392233
1082964970
1082964954
1083161294
1204797006
1176474446
3323646278
3459936326
3459932230
3489325286
3451576483
3451577765
3434847124
3304622724
3576208020
3594038932
3594037140
1444717556
1461490156
3608510829
4111900773
4095124517
4095124532
4099912756
3026162996
3034552116
3051329044
3084878388
3083715124
3083653748
3075269357
3210241775
3206037422
3208383918
3212577966
3204258990
3200128218
3200127178
3200192970
2663199178
2684118254
2684151022
2684214527
2684222927
2658987469
2652693965
2518660573
3592328573
3592336757
3592332564
3596527380
3621689108
3588211988
3579823364
3560948740
3560797301
3560271078
3560336614
3564520882
4109780882
4105524914
4103993010
4103399089
4107577077
4115967588
4145323828
4131241236
3867065348
3866536980
3862428724
3879203877
3879031845
3879076949
3846051279
3846047678
3856467630
3852209838
3851165358
3851179710
3850958558
3851986510
3889735431
4024214533
4015961140
3994983460
3994979380
3996556292
3994459140
3994475893
3994439655
3994376102
3994096550
4010873782
3967226518
3841393302
3837220598
2763390693
2762267492
2762251044
2762258692
2774904068
2805376772
2788595220
2788606565
2788541415
2792380399
2817547759
2775588335
2775662046
2759212742
2759206598
2775983814
3051689590
3047949606
3081503782
3081507894
3081581590
2544858114
2544788482
2549801991
2541346071
2541346657
2541485665
2539384689
2535059409
2535055313
2501498257
2438715281
2438625171
2438878099
2438878083
2513392017
2513203681
2497503332
2489115956
2489183508
3028265749
3027745589
3036134197
3052903223
2782240095
2807338447
2806289887
2785907069
2786039101
2785981741
2803803429
2803889445
2772419877
2771341605
2758755119
2892972863
2888766431
2888644607
2892790767
2917944047
2913782767
2947337087
2948372749
2931600653
2927403021
2937970701
2938036527
4013875567
4013834726
4018079142
4025294262
4025294262
4021098902
3853465746
3887999123
3888064913
3887541649
3870697345
3870696321
3887473344
4160185920
4159989361
4158943009
4125388065
4125576481
4041622789
4042150727
1886352199
1886221127
1899787639
1899887726
1932917998
1937111150
1651824703
1651820557
1660914700
4093545484
3791627572
3774718260
3766330132
2759774740
2759774772
2768163428
2919192291
2935770850
2935754402
2927366054
2923170982
2922937574
2910547030
2901081102
2762664974
3836390478
3837306229
3833128565
3826836164
3843781248
3843715761
3842904993
3847030179
3785100515
3820882113
4089325633
4138608897
3605932803
3597548291
3593150211
3592958225
3613941792
3584614432
3568037920
3567960320
3501900544
3501961792
3518739184
3552154531
4076373158
4061694118
2988214446
2701957294
3759061390
3760106446
3763779086
3765731855
3765756425
3778339373
3778339373
2771804717
2771793709
2775517541
2783709655
2779592919
2780649687
2780779714
2763972802
2759778758
2755588934
2755646055
2771361319
3882854967
3874466567
3874339079
3865876791
3862732069
3862750501
3860717692
3860844652
3860840556
3833577580
3833479236
3832439749
3832439542
3840701094
3840676518
3857452966
2783725990
2783463614
2779502734
2762668495
2762664717
2901076748
2909335308
3983304492
3983302957
2909560879
2917609710
2909144230
2909865126
2909871282
2910027186
2951938002
2945644035
2928797187
2928698881
2924504577
2920408629
2920472357
2924727077
2945567599
2912012671
2895374671
2895374415
2916478031
2903884895
2937341183
2920625383
2920687013
2920431525
2933006005
2930924165
2947698309
2914246343
2897280839
2901468422
2893079574
2893145142
3157271606
3088067878
3092463150
3159759470
3184986862
3184791278
3183216382
3182956959
3215470732
2678645900
2544407692
3605564556
3610021004
3610160516
3611208900
4114001092
4114001108
4111908324
4116158180
4149723892
4128723700
4130746964
4147524100
4113437188
4116989732
3030666276
2762274860
3030710319
3030837342
3181832654
4252335758
3711372934
3711304326
3711304374
3576116134
3589025958
4155248870
4138467413
4138659908
1454287876
1458350084
1445767476
1430039348
1546562055
1546545670
3694005766
3694069558
3698262310
3703517474
3753713954
3737001986
3669680130
3669721152
3668477024
3735595236
3727210980
4264069564
4280912780
4282035084
2000318140
1966745261
1966748334
1883112326
1886782342
1895235974
1890845862
816065702
816064743
832841813
854010188
317066060
308692804
308728324
845648436
853836580
937726252
903913516
635482157
1709222958
1700964414
1698084894
1695979550
1695996794
1695958778
1698497226
3843883658
3848143547
3854508777
3837552617
3837587292
3854347548
3891043612
3874260237
3865547023
3866538255
3862884718
3862917998
3879678574
3846058606
3833464431
3773632365
1621891429
1622947893
1891379205
1891380229
1893539845
1902051541
840831381
840569221
840569477
840630951
853034663
1924726438
1991834030
2008587486
1973984270
1974049806
1978180622
1466475837
3597263405
3593101885
3593081407
3594125870
3598321262
3606906238
3585868926
3569296606
3299763406
2226054286
2225984671
2225919421
2221719980
2235335148
2235335548
2235544092
2507121164
2514986524
2510729020
2645011245
2649074479
2641660719
3644116686
3676128910
3675722398
3676189359
4196283375
4200534509
4211019901
2075996189
2075992093
2046651423
1490839615
1490872639
1490872589
1491007757
1558074444
1549680716
1545421021
1544307199
3695993326
3704581870
3716676326
3716532966
3733229158
3603202598
3469513222
3469648391
3469664773
3478890020
3424231200
3692727136
3694824385
3694836097
2103089283
2128121075
2128121057
1985578017
1981453315
4131053571
4131266579
4131266675
2000556450
1904150182
1891370663
1889287845
1888300676
1351427716
1351357060
3230400916
1075593388
1076674796
1076219928
1344660747
1348856586
283630122
283597354
275212858
354822858
388903562
372114058
104137099
108265705
116666408
128266280
81929240
81930504
81914137
81836347
81836303
81828110
78743822
347505926
400982086
1986957527
1982763217
1982501072
1982501008
1982510000
1982476960
2133471904
1831544485
1818765990
1823222446
1823217834
1839466682
2124679322
2124815498
1588732106
1318314186
1312923754
1312858154
1333829930
1283826478
1283891743
3298203140
3300297268
3304884772
3224160800
1143786016
1143655744
1412338752
1413395649
1998490835
1990167779
1989851312
1990114432
4135555456
3861681024
3861885568
3861820080
3878613664
3845124771
3840173986
3835964582
2766415014
2808358047
2791710924
4277018700
4272829752
4272883224
4272700936
2109483528
1555835657
1555901722
1555512634
1286866298
1154532350
1141932702
1157792398
1191356046
1447077510
1447079349
1455734180
1447468468
1449035204
1451147717
1446957397
1462530343
1463574567
1463050279
1467413799
1610022167
1607920902
1607855366
1591541190
1591524758
1599976854
1600053638
3709752198
3697148566
1551832743
1560108773
1555847717
4239162149
4125912340
3605325060
3597066244
3597045829
4134961365
4132929765
4148487653
4114935780
3561482964
2488719948
2488715853
3025587743
3027355199
3035943727
3048526639
3082085231
3081810655
3081827037
3052458733
2503262957
2486453989
2486589271
3023447046
3026594838
3034917926
3035567350
3589151942
3622706311
3605925253
3605991301
3732700151
3728502567
3732727590
3597459718
3597631766
3605962807
3736055861
2679092016
2632888832
3699029696
3694904960
3694747296
2486709927
2507697575
2532862119
3069986982
3061402782
3061505222
3078286407
2516231191
2495263537
2494280195
2498290195
2485678627
3559395939
3492351907
3509193635
3547208578
4075690370
1391401346
1390687618
1390682514
1391845574
1408753686
1474601270
1440789815
1432399159
1952758583
1948560167
4097092135
4231461431
4235644471
4292232725
4273340981
4271178487
3738965943
3730580903
3725339814
3746511014
3704228006
1552550022
1552551045
1553675396
1289495924
1279025444
1277452580
1294426388
1332176148
1337032500
1334861095
1334103526
1300532710
3448544486
3696069670
3692727574
3693779782
1546299974
1563011653
1597549300
1578688212
1579046852
1579053508
1444868320
3596079328
3595879520
3621045360
1473561664
1469377601
1435690050
1418913026
1425162514
3564258082
3559997986
3559974437
3559976548
3562076868
3595696844
3604216524
3598969805
3598841342
3598774382
3599814702
3614457898
3575923754
4096714030
4100910350
4122926862
4154297614
3750528271
3737449559
3724894294
3657642182
3657576534
3657573230
3686998574
3649058351
4169481753
3633085960
3637049864
3629681160
3625552716
3625495884
3692602700
3709379036
3713765784
4283085196
4148868540
4148871084
3070937772
3075295908
3075231397
3084670646
3621073622
3749065478
3710268166
3714523422
3722781758
3701810222
3702391853
3702457372
3723347148
3749488076
3743198668
3726421976
4263292280
4267548520
4133400169
4133402237
4145447455
4112417295
4097753631
4096718391
4096322855
1953033251
1626102819
1622017027
1894645955
1904087171
1933447331
1916678307
914240947
914230146
867043974
867109606
832842342
295972414
1369712142
1403265550
1399120398
1131451262
1129415150
1128637935
1455793663
1451736525
1384615365
1385139669
1386120573
1929296943
1916714030
1915743278
1898835070
1882154062
1882084366
1883127871
1618887213
4038935085
4055654969
4072433163
4070337035
3536607770
3595307578
2521762346
2546862954
2542678014
2543723422
3617542557
3617341876
3621569940
3579610500
3574957952
3575027072
2501291456
3040259344
3022367025
3022301970
3022305810
3022379542
2959597094
2967949926
2981954214
2981888935
3015446693
3019636965
2976645173
2955812871
3492684815
3496881166
1349397774
1357845774
1354564879
1352400921
1133330696
1137680648
1380953352
1376618760
1376028969
1376038185
1381803051
375169099
370573513
372637896
506855560
523642280
473311977
477571695
481574447
345253390
347365902
95740686
100049222
91128007
1160675479
1160610983
1199357094
3342789782
3325459846
3329624006
3266773622
3283432038
3283362406
3518243566
3518260975
3518819757
3278687388
3257699460
3257894020
3258884228
3525238916
3542016388
3540902884
3519333925
3498331701
3231152645
3233180163
3300290051
3299747123
3303801123
3296464995
3296686275
3313393857
1198449089
1311690180
1311673172
1311677237
1311750933
1311550741
1583652885
1580507149
1446219788
1446150156
1999814684
1964428780
1959262893
1954900655
2089053870
1959032462
1946419854
1946419646
1947484591
1947554029
1977079084
2006375732
1989668100
1989535492
1993647877
4135035455
4145971759
4145972782
4145843758
3070528046
3057944894
3192163646
3202207774
3202338830
3214864398
3181305982
3097420015
3166572964
3170370996
2620917124
2619869076
2619999924
3695064756
3707649940
3703472071
3703401798
3569151302
3590120646
3623641286
3330015382
3324904630
3324906661
3329113508
3337497508
3350015716
3316393684
3316445892
3617882836
3601113828
2531304165
2519774049
2519762210
3054602018
3188889090
3205670402
3174229510
3156357686
3022139942
3035050790
3031171118
3031171182
3030910175
2495102159
2497391821
2489018573
2216651228
2216652253
2216574413
2220767117
3319142285
3315025815
3352647079
3354685862
3614953879
3611226503
3610763655
3610752471
3610621295
3596924013
3596919853
4133532732
4150375453
4146324509
4147372349
4113757807
4281521775
4285681198
4285992478
2003115854
2011446622
1994470910
2007175295
1604518011
1570771321
1559257465
1416684317
1412544285
1410382621
1414572855
1422961462
1439738166
4134767878
4130505990
4130768710
4130768839
4143355557
4155963044
3048535716
3035914916
3023319716
3023319972
3039834597
3177198639
3219135534
3214941214
4255136782
4255329294
3705810190
3705810198
3706869047
3704735031
3703622709
3653295125
3712019733
3741433605
3741496903
4282562247
4265783942
4291031702
4290831271
4232114597
4232303009
4228040160
4227943792
4227885312
2081450240
2081614081
2104678673
2146618627
2129839361
1592967425
1592967168
1590935568
1582354464
1577082916
3724551476
3707906612
3562154557
3570539133
3707112157
2377452511
2410417487
2410414350
2343309582
2343383358
2344362286
2409373998
2375557614
2361935022
3423176895
3423254668
3423250828
3423316356
1545186180
1461432196
1444848516
1980146084
1980211687
1912713702
1929482558
1897103646
1901236510
1884463390
1886562110
4033912622
4032072238
4040985150
4040067615
4035873295
4090412807
4073694469
4133331029
4129280245
4129210517
4129177749
4145959061
4116592053
4108203685
4103941797
4103876261
4120651453
4124338077
4158088637
4158091773
4160057853
3589599517
3564495133
3563414813
3564070173
3564053791
3496885591
3496938983
1357712870
1375540662
1409226182
1409226190
1382502870
1378219382
1378219318
1378745622
1919737110
854374711
849984567
866882581
1911214085
1948958725
1948962823
1949004311
1949001254
1953180198
1961364078
2109213438
1605896590
1603943566
1603936398
1587159502
1335501310
3487064559
3453546989
3445134812
3428358620
1276684764
1276815820
3426394060
3443169228
3615130444
3623650140
3623671085
3606904110
3615288622
3615450414
3611177278
3577614606
3581559054
3573203230
4105929007
4105748268
4109937516
4095257308
4145588940
4128942732
4128945804
4127900300
4128850588
4130931692
3061789036
2817335400
2913739816
2897033240
2897094731
4240337354
4240403402
4242304762
4183561962
4178838266
4179038970
4178735466
3977441642
3990025434
4019574986
4019513738
1870982027
1854257820
1858535068
1711675036
1713177240
1715209132
1646731500
1659265068
1671807021
1637908493
1621140493
1625402381
539211788
539396892
1629915948
1631489325
1665974317
1665941741
1699492091
1678520539
2081301727
2082352111
2097031919
2109278950
2126072470
2123918982
2123948678
3730359174
3726524806
3745382790
1563833814
1551248870
1555311974
2092199207
2090083645
1972643085
1976853964
1431795132
1427528892
1897797788
1896614076
822611372
856164268
852128428
847962792
849060524
1671996012
1642898957
1634512397
1613536013
1613203717
1613139205
1612874772
3777409061
3777413423
3879096895
3876983342
3864400494
4141810414
4143449854
4139270138
2126002394
2126002394
2125084810
1609447562
1559111818
3698207882
3429778570
3437740218
3438604778
3432309098
3432292911
3434390053
3434455588
3434413600
3434375968
3429128480
3426207777
3476981795
3325725954
3325731138
3594171330
3598353282
3606807427
3606819473
3597248176
3593055920
3073096432
3207305952
3173632288
3177740320
2900899872
2896698404
2896901589
2901090758
3161203094
4251722150
4284756134
4268163238
4277536238
4287904526
3717475086
3721685775
3698649869
2222389533
2490800445
2493416727
2492367157
2492170641
2492039553
2491978161
2639831459
2671497122
2653604530
2653575810
2653559490
2653568706
2674402258
2678595810
3718799591
4239188205
3706508524
3715926236
3709380636
3745228820
4282361876
3196037124
3061754884
3061744900
3078260516
3076163108
3076179504
3044983296
3044983296
3162493488
2893861411
2893828646
2893829734
2772179430
2771126438
2808875190
2817394823
3085318276
3086363780
3052809348
3050726788
3046532820
3046565476
3046499876
3082092068
3001339428
3001847589
2993458471
3001846823
3001914678
3077486390
3043923478
3039737366
2771303958
2771237686
2804734246
2787952758
2792343798
2792282325
2792290501
2792287444
2793301076
2810146900
2772332884
2759750164
2759751189
2768193149
2700889711
2700893807
2717677294
2751231486
2751223006
2717668574
2709511391
2691628415
2692677471
2759781214
2759847774
2759655382
2776423830
2810004870
2789085574
2789085590
4131262870
4147515574
4151784630
4117839030
4109449398
4109580486
4103301190
4120111382
4153534214
4136694534
4140880646
4132688199
4130795895
4114010469
4101391205
4110370596
4043067237
4042030717
4042010203
4051451595
4085194441
4080866969
4080808873
3548127464
3517722856
3500671064
3501064200
3232637961
3236834315
3236310030
3237227582
3300152366
3300181054
3304554510
3321271622
3463882567
3462837973
3458701009
3459221201
3459220464
3727327712
3732644064
3732643953
3745226833
4282036337
4248482913
4231697761
4231765987
4231651299
4231561190
4231542758
4252775414
4284298230
4267521022
4275905262
4288426858
4254863147
4238084393
3097241885
2559928589
2564155661
3629426447
3696529927
3695542855
3712402119
3712381655
3443925987
3478597089
3311286689
3581806737
1400834177
1400765569
1384103041
1384092867
1384092867
1383968979
1379901635
3527389315
3527311507
3544171239
3514520295
3505984231
3505918695
3501732455
2427987559
2427989350
2427202806
2427219191
2448256151
2473547141
3527329157
2453570948
2456782276
3597444452
4142705965
4142706479
4142446398
4134056478
4134048318
4129919534
4129945390
1982594350
1982520358
1999260710
1966998551
1971191811
878583810
874389506
874389811
878580273
888816176
901465652
1975503444
1420675652
1424878532
1412230084
1413319380
4110261932
4103922348
4103922348
4120703630
4154245790
4141667246
4131185070
4131148206
4265432542
4286397902
4261362766
4244580414
3707709498
3707709450
3716032522
3749584138
3757770698
3736671226
3736687534
3753497517
3753415092
3719860660
3715670484
3711480404
3443175940
3443435008
1564403200
1564401168
1564461601
2134690083
2138609699
2130230307
2126222387
1996132355
1982505155
908771458
909771922
926629026
1967076514
1971073446
1958491046
1958548127
1958638285
1958736396
4106008076
3569134108
3569134380
3573328172
3710298925
3743849317
3727607495
3727032966
3592815238
4130739094
4151783910
4155777383
4155781167
3618971918
3589613834
3589614346
3312921146
3312917226
3522497274
3518236554
3518251402
1370538378
1370591416
1370595752
1349558760
1345365992
3493109292
3493235500
4030119708
4029984028
4034692925
4043215420
4059730444
4093293068
3019538948
3017327140
3008939564
3008907116
3071894893
3072009277
3076133901
3076392013
3076414925
3084807375
3084675246
4154248366
4153885854
3537260686
3545641102
3545702542
3541377438
3512017326
3512148398
3520406958
3520341438
3520538062
1375630606
1374405903
1374286111
1374201145
1403561784
1407827720
1449892616
3597241320
3592985513
3594104745
3598366171
3598418202
3597189178
3613978686
3580420142
1416257839
1416241463
1551500055
1549469685
1549352893
1557674911
1557731743
1557731775
500709806
534523326
513548686
517267850
517317594
1584902986
1601418078
526428014
526433134
527481711
1030814703
1028864989
1028799948
1030895068
1014104444
1030881580
1039208748
1039151416
1039147272
1039147273
502321417
208716057
206618905
222348585
222407465
256027451
524462863
534166287
1054316815
913673231
913736717
913735748
908492996
1042714772
1059565744
891809952
874918308
606548708
619980327
615782950
614734382
1688480302
1956915726
1961831758
2087668934
1031589254
1029230006
894042022
923281318
906507158
906625926
1045042119
1050288877
1069245036
901276396
884501244
903408600
889760169
843757753
844007563
844006538
845054154
842956810
858689594
825143339
1630511145
1618780456
1618783784
1641843240
1674349096
1674152472
3880360520
3876306504
4011782604
3980288205
3979223229
3962437807
3966566575
3970437550
3987289006
3987280618
1839796986
1840783963
4260898571
2088265995
2084104459
2082122011
2098895131
1998493961
4133326153
4141647113
4141646104
4133335064
2518609960
2518573544
2507809789
2499412615
2495234726
2495169190
2495108770
2495366818
2491205522
2503794054
2537483655
2537482629
2520672645
4131285381
4152252821
4127161749
4127158661
4127027605
1902932471
1898766711
1898815791
1668265005
3815749949
3824007485
1676458301
1668069661
1664064265
1630504713
1629782537
3760571147
3760603627
3760599211
3777242283
2774808750
2783185070
2780170494
3031840014
3031839246
2494505478
2427200070
2426938086
2158498470
2225619879
2221425541
2267738500
3324699532
3324683212
3324690204
3593124668
3593185580
3592988728
3593250843
3593255946
3593253066
3610149258
3710829210
3697984186
3706344110
4239079086
4238880494
4243075046
4243074359
4251734053
4251799605
4284928020
2137436164
4285767684
4281380884
4245732404
4244678716
4244691260
4228045372
3175546476
3179692796
3181183693
3180855949
3182953144
2646083560
2649241896
2640853288
2670278920
2670340360
2658807049
2662863195
2662875386
2662908074
2667106474
2658701482
2671284394
2621354378
2621351562
3157172938
3028124378
3027534554
3027550971
3023333097
3037996779
3071554665
3077903401
3065315369
3065380873
3067486217
3621135627
3575082250
3711424618
3695102186
4236150922
4252929162
4294750346
4277973146
4277440683
4277465321
4267045097
4279705833
4246086889
4234046953
4110314217
4106124027
4106178251
4106012362
4110213834
4114391930
4114527002
4118774555
4152330027
2818023209
2799020841
2790566457
2786441753
3054884427
3071759051
3071677130
4246143962
4260823530
4256509994
4256436267
4290056251
2140480521
2144676872
1565862920
471284744
471206920
473416712
339510729
338462619
342656698
896308922
929863354
2003605435
1466806715
1466937785
1466871993
1442750649
1434378425
3581862377
3581862381
3615417837
4152358399
4135581151
4135572943
4135449806
4135449854
4152227054
4152218862
4118672879
4051559919
4051396479
4084881023
4083894015
4083762941
4058542813
3521737693
3521802717
3521794517
3505083893
3504960869
3496506661
3496508709
3496504631
3513511255
3513449795
3513702338
2481899458
2549076803
2532300561
2263709488
2280423200
2271751712
2238262832
2355707664
2364217136
2360021280
2359890721
2359834401
2309494371
2314735267
2340179618
2319211942
2319252646
2321333415
2597301381
2597169287
2596841541
2584258596
3189476644
3191508740
3194660357
3194660359
3194529318
3190345254
3057372706
3057274722
3057519922
4135468082
4252777522
4235996210
4231931970
3695061186
3694009282
3698199186
3702328994
3719100322
4272747394
4272796098
4272656834
3736645730
4275609638
3206063145
3171723304
3171874824
3156134152
4229876344
4234071656
3971925624
3971794508
3971798861
4252818477
4265606181
4265538596
4265537600
4265500864
4265484672
4265480832
4285399715
4256105122
4255974050
4239330966
4238940806
4238932414
4260931822
4294486138
3204032523
3999901961
3999837960
4012418568
3978867224
3962237464
3962204716
2888696620
2900820839
2897215847
3165656423
3163584853
3208669445
3191924740
3192317956
3200673796
2659589124
2660630533
2661154838
2663186790
2684298214
2625176230
2633696950
2632650390
2225805750
2225617318
2225612982
3311937670
3325586575
3325617293
1182393500
1106993340
1090412732
1079927228
1075200444
1077363644
1077277436
1344317148
1365290845
1902164751
1935911695
1935915790
1935907614
1927777038
1936099087
1931907333
1915125813
1646776355
1646714915
3794694179
3865985059
3870180835
3870180995
4121824899
4100857475
3022850690
2418875042
2959883874
2964071718
2964070695
2964070759
2964070797
2444026253
2444026285
2439824813
2436713405
2436766621
3543808925
3542760333
3542760333
1365781903
1894262271
1894277375
1894375546
1886097466
1349289278
1366066494
3614227742
3597519886
3605683230
3605673022
3622446126
2410292271
2410292525
2376668941
2376598108
2376647356
2358813372
2363077276
2631635596
2648410060
2539166173
2518460781
2517416237
2517471039
2518587151
2535383823
3040764751
3028174703
3036577135
3036629485
3034319357
3025951053
3025534733
3050808847
3080102407
3063390727
3197411863
3201622630
3201626862
3218392558
3212594414
3212576942
3191675278
3191220622
3191221198
3145607662
3216784558
3183234239
3166491789
3165577356
4236177612
4232036548
4231917620
2084429860
2084462628
2083922980
1681332517
607533861
544627239
565627607
582404999
586270087
573587847
842023311
842220463
840053743
1917920237
1909484909
1888512300
1887758364
4036331788
4036921868
4070487564
4139688461
4139618831
3739796030
3728220782
2654480110
2671386606
2637826558
3159886046
4237823198
4237827278
4236924046
4236894605
4237861772
3717768124
3713573804
3743011756
3743401452
3743341564
4280216572
4246121196
4116167404
3855911900
2811596620
2811724552
2945876493
2947977742
2939204142
2939200046
2938152486
2904751654
2904966695
2938503716
2787508788
2791768916
2800484820
2796290260
2729181407
2729185470
3819844794
4042143882
4033755274
4029560970
3492690314
3496951722
3506189998
1358701182
1358705422
1354502462
1086271791
1086203173
1086205237
1086254337
1199475969
1177455875
1311738947
1312658514
1581036658
1581232146
1579061266
1578799218
2132451426
2098898018
2086317410
1754958817
1756990432
1771616608
1800989776
1782112324
1782214852
1782190292
1781137893
1798112998
1751912166
1760103078
1823160982
2091597462
2092445366
4237829783
3716686469
3750257541
3750539708
3712848108
3693051948
3560866841
1412864009
1412884745
1547102473
2100775801
1062670331
1045759451
977600971
987697497
983512361
1001991467
972565803
963128635
489218507
489484683
494702990
501056446
495948718
365405607
365406631
927177107
923974099
923970001
1920114001
1920109841
1920173333
4151412020
4151348516
4147158308
3845192996
2775698724
2916276004
3180520997
3146965541
3130184231
3134243367
3120875014
3120844358
4194578246
4194643174
4261886118
2136869038
2088372366
1954416782
1953372559
1961250447
1689642652
1689559740
1689297644
3835732524
4104169004
4099976764
4095864372
4095835685
4095950374
4100079142
4104527142
3568176354
2494105762
2494105746
3567851650
3563617409
3309085824
1446813824
1446944896
1982243904
1994829059
1654819122
1671661858
1667341090
1663081250
1663340342
1646588423
1646727685
1663435301
1663435565
1634075437
1621361965
1621375279
547690831
549206475
547121611
546081163
550342539
558272394
554077834
553947066
588036010
572318123
571924971
578216409
603382105
568639785
1617228073
1617226029
1617291325
1894164509
1944500253
1923528717
1927713029
1919336709
1982251271
1982251815
1446961959
3615450407
3573508387
3572394243
2498381827
2498480387
3169437139
3169424050
3166286498
3166282406
3180962486
3180900023
3185097381
3206335141
3208432356
2939444196
2906077036
2771854204
2766611452
2762809772
2695373229
2712147119
3047691454
4122481814
4101575814
3558417538
3558419538
1546333234
1546262530
1546287106
2095639298
2141911554
2125110786
1588235779
1525581441
1518110625
3662980513
3661948324
3729023396
4265795989
4290966949
4287815143
4287875302
4287662310
4289767894
4285574614
4264727382
4281520902
2100474631
2083693317
2083626784
1819314464
1827711264
3964709120
3981617408
4262657344
2115129728
2115109249
2115109249
2117468579
2145849250
2091920034
2091920034
2091920290
2091921394
1555047746
1566598402
1566811394
488678658
476101922
418430242
414226739
412326161
416455025
408083808
470974432
470949872
487735248
1024605168
1062411121
508565809
508573971
516962579
517160211
517158146
382809363
381687155
113249779
247470515
247536003
255989891
255989891
222443907
214055299
213993971
214976994
214985570
217115490
217099122
477215091
407943523
416324961
433102641
1037285137
2138224403
2117318163
2117318162
2117189234
1578341986
1565709922
1548883554
1548883491
1548891697
1550990609
1550981137
1290930193
1290930257
1290934337
1337079873
246643777
246465729
244355553
244359521
248554849
240170273
436245793
436272419
504495395
504626467
520322403
490758115
968941537
952172465
952221617
952221616
943767472
2034286289
1799593537
1782758979
1779613250
1779607158
1779545702
1779471974
3926957678
3926957806
3931225722
3948003194
3914579770
3981622843
2891095579
2893266457
2909926969
2909861673
2941572969
2924856313
2924990969
2925490681
2925491705
2944300539
2952484346
2952484314
2917889242
2917889242
2917913690
2892746826
2892756315
3966498075
3966498105
3983277369
3983146297
3983146265
4016626969
4016698392
4016829464
3983200537
3983200569
3984249209
3984315753
3984184683
3983136107
3983111547
3992548731
3992548699
3992655355
3992655355
3849926106
3849924058
1702440442
1702573546
1710952939
1704661371
1704800331
1704730633
630988809
629993736
634225976
625839417
659393289
659524363
642681099
785299466
1850584186
1864148186
1864138954
1830715594
1830715578
1763606954
1797186474
3944604330
3982254826
3981931262
1834423038
1817515647
1817526071
1827945765
3975497777
3987163136
4021738560
4004969536
4002870720
4006994417
3998736837
3994472839
3860743062
3879667622
3858505382
3836484270
1689000879
1689005451
1693196683
1685856457
1702633833
670905129
632762921
548877849
548682249
548694537
613722633
617909001
617909003
634684875
794132874
790004106
790532330
1830658282
1829560426
1812885866
1812882282
1812882026
1843324538
1854922361
1854782424
4002199752
4002195656
4006390984
3993276616
3994403017
4279649227
4229300970
4231406186
3170305642
2898005738
2897746922
2914548206
2914581726
2897980621
2900993484
3966280140
3962085708
3962286460
3980039532
4013604140
4011785532
4011842604
4015840300
4015848488
3948801032
3948936200
3948934425
3948893481
4014806827
4014806762
3981382330
3965391546
1683698362
1694184106
1690043051
1690042793
1690042521
1687429257
1687429320
882156553
888450057
880126011
879073306
812091402
1881638922
1999014922
1983283215
1983283279
1983295823
1987486317
4141277733
4271694629
4275888429
4266418461
4262355273
4245558217
4229828296
3168668376
3166653160
3166460648
3166498536
3166495577
3183268617
3220013835
4293837627
3950961451
3913280810
3946637610
3944540202
3944602746
3944304842
3910914250
3910848906
1767559610
1775959978
1775824811
1775824857
1767436104
1767560472
1767555384
1775943976
1776009512
3914986808
3910690072
3909643560
3914071400
3947810152
3956198904
3956133336
3939300808
3939263944
3939263961
3947853291
3947779563
3947777514
3922677242
3922681162
3922685258
1775070554
1775074682
1766661482
1800215930
1766604250
1766600026
1766800730
1774919034
1774919483
1774796571
1774728971
1774810907
1775891739
1775828251
1775828314
1775787354
1809406426
1808497130
1808433130
1808433134
2068520958
2034769870
2068326222
1514758998
1523282278
1519112566
1520030165
1519964620
1524217292
1515895180
3675954060
3642395268
4162751108
4162751108
4164783813
4181492479
3912536814
3912557166
3893748334
3893781014
3895875078
3900133159
1761401895
1761409071
1761410093
1776051215
1766744143
688791755
688795883
672010473
676266235
676139515
743260155
751778553
746994409
747047673
746867401
746912457
747937353
752125257
760644681
706117755
706130031
773759199
773779663
773734551
773198247
773137319
725885607
679748263
679834303
679604893
696316617
696300041
700490249
742438665
739770137
741793577
742262571
675219243
678965787
679019019
702087947
702093083
702035227
681063689
699954505
704173385
704153033
737773019
804880795
779849883
779858075
729788601
729715097
691966873
674681592
674640632
674701944
1748247097
1748841001
1777153835
1772895274
1806195770
2057886730
2058943498
2075698251
3688473803
3655045561
3655045548
3722032044
2648433324
2648367780
2682188468
2550055552
2549599872
2548419248
2480986848
2480990945
3068194789
3068192231
3068252670
3068313846
3059925238
3076739190
3042992182
3022020646
2485278006
2489736966
2489740039
2498128645
2498062645
2514770213
2515799333
2549350663
2549551886
2549486350
2515956510
2499277166
2499069038
2490681454
2486470782
2501359695
3608586317
3608521932
1444172236
1461060493
1461060238
1440088750
3583379118
3585413038
3585351078
3618923975
3614761223
3342196997
1193665285
1197855509
1198936887
1165375279
1144919342
1149177135
1171852639
1168051535
1168051527
1167852919
1172071783
1159520615
1158996182
85364934
18256070
286687430
324437191
1398191573
1934925301
2000988012
2000987436
2000978216
1963246376
1963221560
1963401752
1964388921
1968572011
1955989226
1957955562
1957954954
1555305674
1555305674
1282817034
3430296586
3444992266
1331031386
1322575834
1318965967
1251984012
1254081164
1253982908
1257050860
3392939884
3409717548
1226582060
1260333117
1259218957
177087501
445452301
445386813
445386797
437003311
437072943
453385535
453394182
990199302
994315799
969170551
969205623
969204726
432386558
424128926
424128922
432517530
466075034
1002814906
999144379
982368185
982499272
986625608
1062141448
1024117513
487250731
1025218859
1008306490
1012434250
1012433355
1011646603
886014393
902726057
936309676
919529132
911108740
906390149
369502117
373559717
390344869
348389453
341192717
343334925
343336205
284343069
1894812207
1905297966
2005961242
4136942346
4143226634
4130834250
4131292106
4147557342
4114014718
4114084326
3044405734
3052691686
3050661219
3084350834
3084833858
3041883202
3041879298
3041468419
2504589603
2546663713
2547659553
2549811057
2657828545
3731569281
3756669569
3724245889
3717983121
3717834161
3700990129
3698884817
2502918144
2536435712
2670354448
2657837344
2657707552
2666032676
2683899428
2648263175
2627328518
2627316342
2646125542
