2564387363
3118011939
3118008179
3151566706
4216921458
4217190706
4200413458
2052405298
2052536370
2051480594
977550338
985932806
985670726
448799814
448803958
448822774
457211382
465664502
465697270
465697270
465697270
465697270
457308662
457292278
457293302
465681918
465681918
465681918
465681278
465681279
465697597
432094012
432094012
424098108
419838252
419837292
419918332
134508940
134541701
138719639
138776982
147166646
147175863
147306935
147044757
146979207
197311367
176339847
1251118983
1322418582
1324466598
1584460198
1513152998
1513120038
1534222630
1482827538
1482766098
1483751186
410008114
416295459
432028196
432028196
457320708
994454532
994511924
994315300
994323508
960785436
960822557
960798078
960798078
960863742
960871422
960871422
969276286
965032830
965032829
965163900
969292140
960903532
956635516
956594524
956628300
960806367
960863702
960863734
960872438
960871414
961002486
969374582
965163863
965163860
965097844
969292132
960895356
956569948
956595548
956628317
960806366
960863702
960609782
960609782
960740342
969407478
969374582
965032821
998718292
1002846548
994457972
990329204
990148988
990182748
956628319
960798174
960863734
960609782
960739830
960740342
969407478
998587254
998587253
998652764
1002846588
994457980
990124412
990148956
990182748
990166495
994418142
994156030
994164222
994163710
1002814462
969243646
969227135
969227133
969292156
960903532
960903532
956627292
688175436
688175437
725917149
725982687
708951551
708951551
708950527
705018367
704985599
721762687
688339327
692468079
684079405
679876909
679754061
679755087
952433998
952417742
969252310
960871926
960608758
960870902
969407478
969227126
965163893
965098332
1002846588
994457980
990124412
990149980
956628316
960806367
960863710
960601590
960609782
960740342
969391094
969374582
1002781559
998718301
1002846556
994457980
994457964
990133628
990182748
990166495
994352606
994418174
994164222
994163198
994163198
1002830846
969227134
969358205
965098300
969292092
960903468
956643644
956578140
956628300
960822623
994418142
994418174
960609790
960608766
969260030
969276414
965049215
965032829
965163388
969292156
956709244
956636508
956595548
956626268
960804319
960599518
960601598
960608766
960740350
969407486
969374590
965032799
998718300
1002846540
994459004
990264684
990133628
956595548
956628317
960806366
960863742
960871926
961003510
961002486
969407478
1002929014
998587261
998718300
1002862972
994508268
956691900
956609948
402960797
407156126
407215510
407214486
407222710
407239158
407861622
416169238
466498311
445522693
445256452
449713948
457973100
453802412
420280748
419805581
453425551
440835470
440770494
440899454
440841998
449312526
449066799
985935661
1002782508
969292076
960911660
960863532
688168220
688176460
688174540
692359900
692425436
675648252
671462141
671594239
1745878779
1762605678
2064595310
2051946543
2060322863
2060322831
2051935303
977666247
977682567
1002890134
948363942
948331174
952446598
407124614
402922134
407124262
969156646
444938278
444994566
176566286
197472262
138694690
134522146
147111346
142908818
142973074
210081970
226998451
105822337
101628032
35309696
37357696
37357712
303894432
303834784
856434336
809788132
818213628
818188828
817934860
813806092
276947480
276914713
92480026
1170351418
1145187434
1140985066
1145244858
1153764490
3229945290
3229949258
3297078538
3348557066
3468098586
3471238186
3471290410
3404501055
3417079837
3366748541
3366950373
3362762213
1212124641
1212056785
1228845249
1245618369
169779392
438296784
438247668
438183012
438184492
467085868
429201960
429144589
429189646
466942478
441745946
441746282
1515491562
1524015342
1524015302
1511432322
3642159234
3624236210
3624150498
3636732642
3632538342
3632542318
3633058393
3633065480
3638303240
3631762008
3627845992
4164720744
4164728936
3894195272
1761910984
1778688203
1778753786
1778884842
1778820334
3926318319
3926265327
3926269935
3913686765
3901099756
3901689452
3901689436
3901505101
3905171149
3905170943
3905223846
3921992886
3917790342
1770302598
2042932614
2034761350
2034711270
4182129190
3679338278
3679329574
3671983142
3671916598
3671879942
3666666823
3666390980
3666393988
3670981508
3658389892
3658386308
3675179908
3675152012
3654186636
3634313150
3634114030
3639880814
3631565870
3626484798
3626483998
3627852558
3638338062
3650920967
3683443460
3649950756
1489917988
1481508900
1478363188
1478363156
1478375684
424032773
465964551
449249799
440668679
436482855
436478245
436494629
994370927
994377086
1002741246
1002479102
1002552830
994163710
1002814462
965081982
965049213
965163388
969292140
960903532
956717180
956627036
990166348
973389279
977640958
986160638
985775614
985971934
440776926
440760574
440875135
415643981
415644492
415636044
415633148
944031468
944023292
671393693
675590589
692359609
1766167032
1766306808
1757852536
1749988152
1745796920
1745795352
1812723816
1812650216
1699399913
3889843435
3875143865
3797418184
3810263240
3775791384
3758494248
3838196264
3833866808
3968084540
3968088621
3096185582
3129738958
3125543566
2585137806
2587242670
3660845222
3662950566
3653509286
3632537730
1216815298
1216504001
1216593184
1212258592
1207994624
3624044544
1510123776
1510124036
1510118916
1510375940
2047115940
2047140517
2047092399
2047093934
2047220906
1493568686
1497762974
491132038
532816006
511779094
244326934
246424070
228909574
212316942
216434447
208047365
208046349
476940605
486324524
2094840108
2043448108
2051967756
2047786700
4195264252
4195345068
4195185596
3927851436
2860384429
2830958765
2829910959
3904844415
3902611995
4170981914
4161544730
4161545770
4229708074
3693021230
2019493998
1486750926
1486753934
413016202
163446987
180224072
174982408
170809624
171960600
171239704
173336888
181724984
181715512
181715576
173458008
169276152
169337832
152860136
144460264
144460011
144656634
144604362
144105930
144171482
1259766266
1242993102
168210894
184987590
184855526
184855014
189049318
189184198
1246155846
1241907270
168165398
172363810
180760866
193279521
193209888
176431648
1250173488
1241793088
1241809740
1241551736
1241819112
1527032808
2038807288
2038938360
2038938360
1501999865
1501999866
1506276074
3640918634
3641967146
3642033962
4178933802
4165429306
2022139914
2022172746
2022156362
2022016970
2044560075
4219437817
4197876456
4197880808
4195791272
4194611624
3947144124
3921977989
3896812166
3892814502
3892770726
3892759718
3909503206
3947235358
1778792526
1779902670
706095310
773205231
785778159
798426047
696529545
696525513
948183817
411312921
138739007
205973815
206024502
205623158
209750006
1283555782
1266909574
1518511558
1518513606
1250076951
1245874487
1241565493
1510045973
1526872324
1493577989
1476789021
2013741869
2026234668
1485103676
1485087292
1485090408
1485089516
1501870780
1506196117
1506212519
3653751458
3645133218
3645194422
3645243606
3640791119
1494360077
1528177677
1528236060
1498748985
1502967849
462743851
463268106
446466314
448564298
444367994
440111338
438018282
974823578
973774987
973775017
2068488621
2086380455
2082074262
2082462338
2082359954
4232530594
4236597922
4236570274
3162564577
3079967776
3065349168
3198467072
3202657536
3194269200
3191324192
3994467875
3994549858
3926188002
3926165730
3926231090
2881914882
2882964482
2882987010
3977601030
3977535782
3960742630
2887132847
2891845293
2898201245
2898070172
2898033300
2895932404
2828823060
2824611332
3894158852
3896391172
1765158452
1798777638
1794377766
1790183461
1787037748
2055486532
2055482436
1518658756
1535419532
1535423932
2072360628
2072360884
1804058534
1787214254
3938949294
3926755566
3929901086
3929970718
3929450510
3946245135
3895878660
3893765940
3893495332
3897689636
3901820644
3901759205
3900714726
2844060342
2860821398
2860816774
2856618886
2852424326
3926174406
3926714887
3943579172
3909500709
3910534438
3898868774
1759970342
1755712550
1756764198
697702454
696526854
730081287
730081348
986069060
990255484
990125436
990149980
956628317
960871902
960601598
960609782
960609782
960609270
969276406
969243510
965032823
965163892
1002846492
994457916
990263676
990141820
990182748
990166493
960806366
960863742
960609790
423738878
424000510
432389118
432390142
164085758
1233567710
1220984318
1216790013
3364134396
3380919772
3380917708
3414603724
3397817292
3397813148
3397894824
3401940907
3456450474
3472952234
3439463850
3422684570
3426898058
3426803914
3695222794
3696337946
4241598778
4220823866
4204112139
4204178191
4208365327
2853471789
2855567917
2871968301
2838393389
2838389292
2843562604
2847671012
2844525244
2840339084
2836145804
2840341933
2844203245
2845116653
3113552127
3113687255
3113625799
4177994822
3641049158
3624284166
1482040598
1490429474
1486229026
1485114930
1489243730
1497638594
1241834118
1241817990
1242018694
1254470030
1249939887
1266720175
1233172907
1233582539
1237735899
1307990521
1601628665
1600585177
1596425689
1596293465
2134151641
2138350425
2138153501
2102637087
1831966271
3977287213
3977557549
3977641516
3176496940
3176618284
3176074540
3209626940
3208972044
2512716556
2508653948
2508664044
2642749677
2642704559
2375317670
2379532534
2404762694
2401157190
2407452998
2415812942
2415681902
2414628206
2406304110
2403257182
2669054734
2669062926
2673127182
3755255113
4291080392
4282691784
4278562968
4245143980
4110828972
4111359916
1963866796
1963920044
1963936509
2001633229
2145281997
2141184461
2141053007
2140991535
2111631407
2136763711
1602169151
2147363630
2147359022
2145256766
2136936735
1562185739
471732489
470680073
205914633
214175274
214182506
214198890
1287977978
1283832266
1216849098
1216708682
1216839945
1268679432
1251914248
3399411260
3399412092
3399415909
3403466982
3395081390
3390881966
1243398282
1243595146
1258746766
1225174733
1212591844
138784356
1480900400
1480884496
1477738512
1477935127
1494660098
3675696194
3675687362
3674508210
3674516130
3141856930
3112625826
3179791027
3213149089
3197424032
3201610208
3212281152
2943257872
2943335200
2909580064
2942626085
2942622565
2921713365
2921744069
2921742983
2938529429
3978653605
3961809068
3974133996
3903899772
3904030732
3920817164
3958565900
3931238196
2857490212
2857555749
2865907493
2865972007
2882798343
2882806023
2882938167
2882936102
2882996326
2881816822
3955505238
3913754950
4182124806
2017868550
2017857286
2026178326
953422646
948187942
948244774
948184358
952378646
969155910
969207110
700759494
692174294
692173302
692435895
1774697397
1804057268
3934763700
4199004820
4194744980
4194762420
3120897703
3141809570
3113104546
2559443106
2627600546
2627535026
2631680194
2631725250
2623466499
2625562881
2625555201
2624490241
2636548919
2640747062
3212295734
3210056223
3192230413
3217335828
2948900452
2906951524
2818870564
2818886692
2818920516
2835752260
2853054309
2865636966
2862483042
2862548690
2868646598
2868650462
2884904190
2878616762
3951328410
3951357131
3917803336
2038753800
2014214680
2014190120
2014251304
2015299624
2015235113
2019492879
954007822
945619206
424099927
432464098
411541730
1485283538
1485283458
1485283458
1216783490
1220973698
1212650674
1229313267
1237743041
1539716933
1539706388
1515506212
1515506220
1515518508
1514449468
1514450700
2051318796
2047246412
2047311988
2047312100
2047275173
2030461857
2013685411
4165359267
4173742769
4169581185
4169499540
3900998820
2827267308
2827266172
2848237592
3947276600
3944134952
3927365929
3927330603
3927312186
3929408314
3950314282
3958636842
3920900334
3919000798
3917753478
3921947782
1766075526
1762081974
1757822438
1753616167
2022051351
2026180117
2026651189
2035035701
2035082773
2043454983
2043455239
2043461063
2035063030
961329318
956610738
2034613427
2034692273
2017611920
2017595776
2017592272
2017594992
943720992
943729185
960506419
985672199
985804295
981612293
981862148
981730596
985933100
977544492
994338152
994112856
725718360
725718520
725727208
994162664
994162664
968988408
968996600
700560120
1774695160
1774695144
1774695144
1774696040
3922179688
3922179689
3913782889
3909457643
3909469947
3909474011
3909555930
3913621210
3913619962
3922008298
3922004074
3955428474
3955446858
3955486730
3946963019
1765904457
1765913464
1765909112
3913393912
3913397976
3913397992
3909342952
3909343208
3913531880
3921920472
3917603273
3917870043
2848445435
2840024043
2840052202
2835727866
2873488731
2873486667
2873617737
2873620809
2873490763
2873466235
2848819050
2848834426
2841625162
2820624970
2820629370
3894371178
2824302954
2831615339
2831617483
2831248841
3904990408
3905086680
3905340632
3901145549
4173788109
4173783757
3108430591
3137762285
3125167597
3126740477
3135194365
3135010301
3133941212
3125618120
3143464392
3118257400
3118257385
3096240367
3095912543
3101077838
3101070174
3087499838
3104109102
3137725998
3137758814
3141931598
4215669726
4215604222
4266922478
4266930282
4265947226
1992766538
1992766490
1992768538
1992762378
1992680459
2009371657
1976337481
1959561176
1951241976
1950791400
1951311608
4233074392
4228743880
4228879064
4161708776
4165919468
3108922092
3151901180
3137278453
4210893287
4278002030
4275507582
4275503482
4266987642
4266943594
3997494314
1849993274
1850062938
1850062922
1849997643
1849986377
1728348233
1712160795
1711706155
1845928042
1845944426
1862689002
1834885354
1683882923
1683818169
1683764921
3831243449
3972866713
3985573531
3985573578
3985391306
3918277194
3922471434
4190898490
2043545626
2072906762
2072917002
2057248779
2057052185
1522819113
1510236203
1510236542
1510238158
1527015318
1527149974
1506178198
1485190294
1485184150
1485052373
1216625124
1233402660
1258556196
168168212
436620548
436643076
990160156
721724732
671397340
671397309
675591589
671396263
671396015
688238780
721793208
1845927080
1845934568
1858509352
1736870456
1686425096
1620366856
1624531464
1683235339
1679041322
1677992042
1950744746
1959136442
2089158794
2106005642
511981706
516167818
516380826
516347018
512143562
478523406
143950143
146055981
150446637
137489956
135326241
135600657
134618819
151405954
231130290
495240354
496338098
529958019
513193088
516400592
508863264
504668704
506843952
506773796
506224676
506224741
972827886
949880990
948308110
411437390
429263630
464980510
451159567
451158557
451162685
988099115
995385898
944038698
944021866
960805082
977582234
986036378
986036474
981924299
981875656
982390344
1003356680
944636472
940442152
939926312
939860264
939811128
944038264
944022520
960803833
994350843
977640187
977648379
440908538
440925050
440924538
449248346
449246410
449237194
440832206
1514570142
1497666462
1480897182
1489285854
1489367775
1485263485
1485184812
1485257516
1489443628
1481443628
1481378108
436680717
436610061
436613135
436666398
436498543
436527599
994353645
960803308
960803244
944026028
944092092
2017833916
2017965756
2017900216
2017902232
2017967768
4165385944
4173772504
4191065817
4224620234
4217292762
4267689450
4265199082
4282107130
4286301386
4252726474
4252722586
4252923291
4118693275
1971274202
2004709626
2004705786
1988059610
1987989978
1988052218
1996059882
930620650
930620638
893330638
825098702
292422606
300812143
363403119
363341671
367535431
292173127
292177223
300598647
363393382
367583718
334029270
308998598
310019270
310021366
310176998
322759846
322725030
289297543
289293255
300859989
296731237
330097447
325904150
325955334
326011398
837454342
1974176358
1973987942
1978183406
1911071390
1911210636
1944715932
1395196588
1428693476
1411916004
1344877664
1357526064
1353589761
1353590019
1353215235
279472211
325654771
305006723
305006978
372116098
372114066
375992946
380117543
900211244
883434280
883450152
879289144
338227000
388623160
377195320
385583387
922396698
854239242
845921290
845971466
842891274
824082522
807334010
807297243
809378012
809382820
811479712
815538852
864814757
848041925
278664455
284951815
7221511
1089348359
1090396677
1083975220
1082924588
1082919460
1083050501
1083071045
1099882179
1140627378
1110225830
1177334694
1177334198
103723398
103715974
1177459846
1378785414
1395567031
1366141927
1366075367
1361879791
1361371887
1396011709
1396126645
1381380581
1389831655
1388260647
1388252455
1386550583
44839183
49029391
40706315
19869965
3020045
71204101
75483399
73238806
81633046
81571126
81570098
98544658
106597378
108692690
103514259
103514257
371896465
371892401
371876001
371851681
292161185
283842273
279524901
883439149
883435065
887631417
359148313
393152521
376195289
375688347
375423371
392200587
358715787
359764409
359772585
357672365
356773357
356675045
391261445
357709069
292946191
300876063
300692778
401354026
401353082
401357258
384569274
384091051
266371466
232886666
216240458
216117546
217163050
217165098
215083306
231924762
232136713
232132873
232653065
224005978
186268394
186198762
186133418
173546394
184043402
179864010
180191690
1522373115
2056561128
2056561000
2077532776
2030085676
2030143020
2030274092
2030264860
2013471244
939733549
944181285
948899941
2022506725
2022507717
948923533
415950989
524990607
508205198
374257806
373726350
369542286
370524318
391954862
366793647
346022633
278782568
282911292
276624140
272385292
272387372
272399405
276720687
283042879
299811087
1407107407
1407091663
1407095757
1407038205
1405921004
1372387052
1364053720
1428053705
1428055769
1413244905
3698123883
3723283563
3719220315
3752516683
3736840027
1589175035
1453908699
1454060175
1449788062
1982333614
4129825194
3878220011
3777986795
3766393931
3772622857
3772033801
3762596360
3758393864
3775893001
3776872971
3778970138
3777930026
3811434542
2808926318
2792243326
2792255742
2793304318
2818471135
2784918748
2784914172
2768206588
2759686876
2759683804
2758043340
2783208141
2816758491
2816758523
2750707690
2742382574
2742939134
2751331678
2750283086
2750399758
2742015246
2741596174
2708041758
2707977327
2699822191
2699428965
2700477941
2692102101
2700490453
2698344149
3767887557
3885264839
4141115735
4141308166
4132854022
4134991878
1987443766
1995755558
1995755566
1987502142
2139025439
2105459919
1012843727
1008452751
1008295071
1007185079
1028222951
1070558823
1054820903
1050495543
1054632471
1073507093
1065315589
1029587969
475922497
475988417
474809840
1548566496
1556949600
1557080688
1553873488
1570638400
1503596096
1503202880
1217930864
1486366307
1485580134
1485596518
1489815406
1477756782
1493534558
1493415758
1493280590
1493216590
2030086478
2034350926
2042862430
2076614654
2076612607
4224619519
4216230591
4215837375
4282951357
3217600189
2915811004
2915810988
2753273580
2753203932
2753205964
2688480988
2688481005
2709276397
2741506031
2741505518
2792037470
2792045598
3060481086
3085513790
3215659070
3182047262
3182043166
3718914062
3702198537
3634917640
3634948040
3370687416
3630730152
3627781096
3627715564
3644500444
3745492300
3728580684
3728703565
3728638044
3728097524
2654347509
2671124723
2373387746
2359758690
2360151586
2360086050
2376875554
2393646642
2393646610
2331535107
2331700481
2331684096
2348387072
2297994768
2298000977
2298196581
2289816167
2289582822
2289567470
2306356718
2301115630
2301107434
2284337386
2284398793
2284398792
3358140616
3358161096
3358281160
3379156425
3417956811
3415990714
2342155694
2341137838
2341047717
2303299492
2300219300
2384168324
2390263172
2398659716
2398792884
3464407206
3460278434
3460090018
3443510690
3426668162
3426670274
3437912578
3433580081
3433590560
2296916256
2305370384
2301246208
2305432064
2297040384
2292844051
2293960242
2293972786
2310557154
2343099810
2326302114
2331542946
2331546498
2330568070
2590551173
2586348692
2603124964
2569767012
2552954212
3626642964
3626640964
4163512052
4163372724
4164423332
4162336932
4175177909
4220283014
1519185030
1519168710
3733304390
3469726742
3469694005
3466542116
2409577252
2375944740
2358905380
2358970900
2358892039
2308674054
2344256278
2344128742
2327356582
2331543718
2317981830
2334750854
2301180039
3358211461
3626641060
3639239332
3636093668
4172862164
1484559044
1547473612
1562158796
1561832140
1041672607
1041692846
1058429102
1058343086
890308742
890372229
338829508
473047360
473047568
217195044
213058084
212869653
212887063
212905495
481344031
1032895007
1066449675
1053923595
1045661707
907184331
842435787
825132251
808243437
808210669
809464301
813576932
866001636
1922970272
1388196480
1388257921
1455370881
1453724403
1454838370
1456738850
1461461798
1411130174
337519370
339619339
339675913
74976041
82315561
79181935
79177806
79232078
78221382
82743366
376344646
376352962
510570706
506429587
506433667
506368131
506376339
1580134563
2100264099
2082957991
2095393447
2091203239
4239736503
4237584007
4254360207
4258587133
4250198509
4246204893
4248204237
4231423689
4231411417
4099219049
4101275241
4109664104
4109653880
4109662024
4109653833
4109682441
4109681947
4126669867
4118209578
4151731258
3605418250
3605938458
3597549914
3530511230
3548141054
3514588670
3514588646
3514784999
3523146999
3523142103
3514753479
3514757443
3513680195
3513681219
3505366291
3522149681
3521764451
3513310307
3546871139
3598247266
3598284130
3615183154
3615187763
3581633299
3581895427
1416565505
1148061441
1156450065
1156515601
1156519699
1168987923
1173118259
1206779187
1189997875
1181613329
1450030355
1445769267
1445761141
1463587029
1564446933
1547604439
1551824851
1551824593
1551324913
1416967907
1416898147
1414807523
1414806691
1347759283
301344915
301082755
301079939
66258817
49349249
40981073
57791027
57709347
31498531
6332450
6325282
1081379874
1098878290
1140756418
1140754370
1191093954
1207957202
1207826418
3321689443
3573347683
3564957027
3581701475
1430023671
1463758277
1182678465
1181617601
1181617537
1182205424
1182085616
1181049716
1189470836
1189605940
1206235664
1147512320
1147512576
1143309648
1143309809
1147635169
1156027875
1424483811
1425534451
1442837843
1467995411
1450038579
1382866978
1382835250
1383031890
1450071250
1466846434
1433357730
1424967090
1424869251
1424880323
1424876227
1424880211
1424873011
1424815667
1433201955
1432677411
1432742947
3581404211
3581334867
3581329779
3590308723
3623862899
3619680835
3602772545
3605911125
3605919541
3597463333
3598478629
3615251749
3581762917
3564590965
3564631879
3573011271
3572887895
3572867441
3572867937
3581399409
3615473937
3728720129
3728691217
3727515683
3727434786
3744408610
3714981170
3706589026
3703525106
3720173250
3720111811
1610376129
1610441152
1602160112
3749514465
3749264609
3749277155
3757796787
3741054866
3736846998
3753493126
3757691526
3688485590
3386438246
3378012710
3363317542
3363318819
3370723361
3706329137
3723118593
3479881728
3463089153
3464140033
3329917249
3330244801
1178566801
1445695669
1445695909
1432998564
1416218277
3563675309
3563683431
3563601703
3563595046
1416110102
1416306950
1416241414
1416233479
1424901660
3568258860
3569121580
3623643180
3615287324
3610835212
3510425116
3522974244
1353204261
1353257518
1353396846
1357394798
1365774702
1395261758
1378490122
1379548426
305739785
310175784
314357864
834439368
817666185
883727499
883725450
887992506
875409850
875557306
892212218
910037546
910041642
1987977770
1996252715
1992092523
1992075755
1991018651
1991018635
1995218059
1986826635
1982632843
1982772154
4129731498
4134969770
4134985898
4143436014
4160221295
4118143039
4101365789
4100419612
4100354852
4100355684
4100396772
4108654324
4059379421
4084540109
4084478925
4084471773
4082441581
4093070635
4059552059
4054645023
4092390671
4092376335
4085023071
4152328671
4150166014
4150186478
4125024766
4125024758
4124964198
4116512038
4116511030
1730013983
1734273311
1719594015
1719660573
1715228701
1698451516
1681739796
1681543477
1614417509
1616448229
832047783
847846023
848903810
848900994
402268290
1434067122
1953308835
1894588769
1895241269
1890016788
815857156
836822532
841048588
841044492
840958472
840958504
578028841
580126763
597428458
562894986
563034250
564079754
828317834
823615626
859287690
859279770
861176234
844402858
861253866
861380714
861315338
863412490
863478586
829785902
836013359
1893190703
1885232221
1415457869
1415457877
1549671797
1558056741
1440692005
1440572951
1474159111
1465487878
1472758278
1439203942
4123559654
4123764470
4123635638
4157121957
4284065252
4279932388
4282041724
4148086044
4148067644
4147543332
4152319269
4160576823
4143799638
4143936838
4292834582
4276090166
4276057394
4141839666
3596579090
3596378162
3592184050
3594330290
3544068498
1367213443
1358565251
1353386641
1353255588
1353267876
1353459364
1089217268
1080828420
1080369941
1088909621
1088910645
1088936213
3227760660
3223431220
3223497028
3274095300
3597043332
1457881732
3606414005
3602182822
3606373094
3606372654
3614229550
3580676142
3559716895
3693930501
3694095108
1564371460
1602100804
1593705159
1591685558
1516122294
1515589814
1582432434
1565655250
1551025155
1559399429
1555074357
1555082541
1569760557
1586543903
1586928902
1318506262
1323174694
1243351846
1245195046
1245331222
1243223814
1247421190
182129431
182072130
167408582
150487494
150487518
146368766
146368558
148449318
1213999142
1209805158
1209803590
1239036494
177865422
247071449
1320825592
1320693480
1308126056
1211657000
1211689256
1278933260
1278932236
209502476
82624797
82743605
99520789
116309267
112107346
112168915
1189910259
1177072291
1177138065
1177194881
1177456768
1177530544
1462612144
1412281521
1412412593
1413477537
4232045989
4236240805
4260751287
4290049703
4287952615
4292146919
4250203742
4250396238
4233570062
4236062526
1970551278
1970542822
2004818086
2004752534
1996100742
1996161413
2006807428
1973347204
1958130240
1420145408
1424266020
1415880996
1432399141
1394645031
1981986878
1986181166
1982240814
1988003870
1988069646
1996459535
1728026125
3875517244
3866992924
3862732828
3879592020
3829395684
2755547556
2754479012
2767129268
2762824364
2762832556
2762275564
2767518444
2767518223
2784487182
2817826862
2750726190
2742304878
3809743102
3809878206
3809878190
1628840362
1641415418
1639910106
1638861339
1672288779
1923885579
1928161547
1919940683
1919734987
1382826123
325861515
293487003
285102571
282993517
282862381
274474789
274476853
274627349
1423899421
1425992541
1442622413
1467789197
1450149773
372146845
372175549
372077485
1450996655
1467765735
1375687142
1375101414
1358193110
1424286918
1424400582
1441182854
1474725063
1382514887
1382400215
1382348007
1382868327
1399678255
1903130479
1894584319
1894522591
1894721247
1957638749
1441600381
1441010457
1365521177
291975961
275133241
275199801
283389739
14954299
14957851
15473931
7079179
7161163
7259594
7230798
7238942
16676150
16539942
16769334
16707843
15642881
99582288
124748144
124752368
120566768
103790544
103659472
103593940
103593908
103784116
107986597
1450033063
1451075510
1451210174
1467847086
1466741158
1433269158
1416557526
1416552918
1434443874
1434247267
3581730851
3615485954
1466877186
1466877714
1467926323
1467971379
1475966259
1610101811
1593316449
1591284961
1591555297
1532961201
1532897153
1230902913
1239289475
150933139
234847890
268269202
266723971
250930051
250909107
240431267
257221859
219475043
219183155
219314451
74603779
99768065
98976257
99074561
98956049
90608577
90605441
1164349313
1332186513
1340443761
1323670576
1315224608
1583653920
3731203376
3739662096
3753284144
3753280241
3751051939
3713307298
4246005410
4278646418
4278601602
4246095250
4118236338
4125379746
4121181411
4109118675
4109200385
4243481873
1559119633
1575962385
1609315123
1609310515
1592533282
1600921634
1601057058
1567490322
1551779778
1551779522
1558171266
1558052499
1570631315
1610473095
1601998487
1581031063
2117384103
1983161767
1999938790
2002101286
1073128470
922125319
912572439
908091425
908075041
908271648
912666912
916849508
900072132
346424960
347016833
351084177
1424850657
1424309985
1425286901
1425811013
1425875797
1174352725
1206726997
116199749
1189937503
1189953855
1458427177
1449766697
1449765689
1585294105
1593621049
1459396408
1459388761
1459585225
1459245211
1450848426
1580867754
3728368810
3728370094
4267375534
2128280207
1591324367
1593353807
1601933839
3609903630
3576381982
3576365870
2485654566
2624070694
2628330534
2628391942
2628388166
3433759366
3433575075
3433588385
3437815200
2351746212
3425488052
3442908288
3442910400
3476464961
1328736001
1295049489
1295016736
1299212064
1299342628
3455468820
3354805524
3350676821
3351110995
3350587202
1203106562
1173738258
1165873954
1165816102
1161683238
1161785622
1161720135
1161708871
1429128661
1433390549
1433394645
1475214813
1475145181
1458370045
1189901805
1181512189
1182757117
1199514069
1149116791
1157505911
1157526391
1153389111
1153259063
1174272887
1190779223
1181272151
1181261015
1178121431
1178116311
1178186165
1195020725
1164612533
3320764085
3303997107
3304062674
2498608850
2498600562
2498532898
3052185378
3082592550
3065816102
3200037926
3200025895
3191653735
3124496229
3124560613
4197855973
4213581669
4167443813
4172483668
2024934596
2090019972
1551903876
1556112768
1543562640
1593882500
1459664789
1455470487
1451466647
1468186518
3615670214
3553804054
3513880359
3543437095
3542388263
3542611767
3542507799
3593891895
3593932839
3598647335
3604874295
3600684055
3619566871
3619620631
1169691959
1148728679
1144532439
1144664006
1144659650
1081739842
16731762
12367458
16557858
301768963
1392422913
1390380032
1390191648
1377610784
3525229616
3525217280
3525182784
2453538416
2536380000
2515344992
2494307939
2628533862
2645307238
2578197590
2410417238
2410415318
2415418518
2381905054
2373581966
2369386638
2369382543
2334881935
2334845839
3475696286
3475630622
3454593550
3299376646
1152116226
1152050465
3232478304
3236463776
3228075152
3509095552
3542785152
1378527616
1379576448
1377745536
1383877344
854866657
845425251
1667526438
1676076078
1642513454
1625669694
1617211406
1613013774
1613009423
1614774847
1614710311
1881001510
1880934374
1910260910
1906248878
1905925262
1905924238
1905932431
1371154623
1375414445
326838429
305996940
305930636
306013068
847225564
845980268
853848620
585401900
577093388
572963340
572955420
572889404
572831781
573545510
1648001062
1648001062
3776626726
3829022822
3963229326
3962185102
3962121902
3966308014
3970436782
3970502319
3970505375
2896964255
3165404159
3165399517
3161205956
2636997764
3594412164
3594396036
3592302980
3596424100
1456220068
1452027813
1401765287
1402419622
1404505542
1407651150
321334542
321312014
304518414
321297678
858037534
824479534
828673830
870756102
870753542
845657095
1915519079
1916584165
1981481121
1967001776
1954423712
1957045985
2091191843
2090883619
2091969041
2096146689
1563470849
1580446723
1580642307
1580646723
2118042562
2137703138
2141845218
2108206946
4255690022
4189628439
3950622727
4214790149
4212698117
4212833397
4212838625
4284104947
4286185618
4286251446
4251517862
4243133094
4238938855
4238939703
3702013495
3703056919
1559784005
1551427909
1564129477
1329240261
1580895429
1579844800
1584037904
1584103456
1583980577
1579786529
2116788771
2070603299
2032826931
2016086594
2017004162
943524498
947658663
947659175
956109190
951456135
951529911
966059495
2072292709
2055514388
2055514372
2051319860
2047196372
2114359428
2099155076
2082390404
2086585268
2088453799
2096639654
4260899558
4294470182
4272450846
3739837454
3731645454
3727258638
3727299590
3727297543
3756658215
3686403687
2579187431
2562246367
2633561742
2624120462
2624304782
2632626622
2628300975
2629337324
3162030312
3174588488
4248314120
4248380184
4231671336
4231674408
4235069960
4259736074
4259699210
3215231242
3198979306
3198718138
4272468890
4138443418
4293583546
4285166251
4247401132
4247266220
4230488228
4230755556
2087667748
2091796484
1957087236
1957095429
401057799
375822535
1445381255
1445347462
1982202774
1987461798
1928745638
1907745510
1621418534
1889854005
1889853756
1894048040
1881464872
1881650472
1613142312
1614711592
1625197353
1619888441
1636665355
1720556617
3863318600
4128686152
4264968284
4264964204
3191218532
2943689252
2895390244
2895470132
2897727095
2897518310
2898042598
2914813878
3208414358
2923267222
2923336854
2923361438
2923326638
2944298414
2948017645
2947821021
2926849357
3191089421
3057006861
3061193517
3065395757
2663202621
2661037581
2677809677
2644341263
2358887023
2360922735
2365085419
2289569514
2284337914
2552772970
2552764458
2556958762
2566601786
3640339466
3638043658
3629655051
3373796459
3407547499
3390708858
1243228618
1513762766
1249586895
1256734414
1253603022
1220065270
1220263907
1223400994
1480301346
1480297250
4231629073
4252600384
4139355200
4143615168
4129995904
3190461568
3190484896
3191484064
3174706913
3090753122
2835093030
2830897702
2912424254
3180856334
3180987406
2677685454
2681871598
2673417354
3709349263
3357027727
3355979141
3427413461
3435801701
3431619617
3431681072
3486043136
3460941057
3460993281
3462045955
3403317571
3401220578
3417997730
3367535011
3371734437
3426285988
3424188832
3357043120
1545087472
1547316592
1547315057
1558840275
1420510146
1437593986
380559746
384812163
376294579
372594835
372579505
372717409
376709665
385622565
385622540
402444812
367825420
1961532172
1961532172
1953143564
4234840588
3966339656
3828125384
3844899576
2804712168
2788094696
2788057832
2938905260
2951488428
2913730735
2913731822
3182169262
3165600950
2628726006
2628594934
2628615382
2633735366
3162154182
3212487879
3191516228
3189418820
3189357060
3189287540
3189305068
3055285948
3074053805
3053077933
3048932527
3030910126
3030910182
3030922258
3563594754
3559465986
3559597314
1412113666
1143614738
1147813154
1151995186
1169821122
112872834
111775106
115903875
250191345
518756657
518765616
1048292384
1043964960
1043963936
1043050544
1026207745
1009402049
875167905
2083197601
1818826405
1822973605
1824053925
1821948599
4019759815
3867716357
3871976709
2786761748
2787017988
2789114628
2788615684
2770757156
2753957412
2758610540
2762743532
2762743533
3030916847
3030916975
3047693366
2510830614
2511025174
2511021079
2511023125
2242473041
2225653953
2229849025
2234047107
2234120883
2234186659
2238343650
2230008290
2229868914
2221480210
2221619458
2222663954
2239309842
2264605778
2398773490
2398802066
2398716034
2398650502
2390267013
2389489796
2402072964
3475872156
3476028364
3443420108
3711839948
3694797644
3696894300
1553600804
1553518948
1557713396
3705185780
1549315568
1422441456
1423481825
3579485171
3598360005
3594161348
2519649348
2519194644
2453109812
2457288484
2465670692
2448696868
2427728412
2427793951
2226389550
2226389806
2242642982
2276197494
2260522198
2258220166
2262410374
2522393990
2522389894
2520356996
2520422532
2519382148
2519379092
2520491140
3610928260
3493475460
3493475744
4032700067
3500018338
1354701474
1354504882
1353465474
1357653378
1378186626
1378242690
1378238594
1382465923
1390859235
1386734305
1386735217
1373955664
1357184628
3496275556
3508858732
3542417260
3546799965
3538247437
1391218447
1391283550
1408185710
1374561519
1366177007
1366234365
1399264413
1399141508
1399075973
1399133382
1374115158
1374057782
1374085414
1097855270
1089065270
1156116510
82370622
78161981
501922092
518699300
1579846452
1512610580
2050599172
2117771269
2117775367
1983546118
1969930814
1886012014
1881736813
1881741993
1881746089
1885875113
1692936361
1688737960
1705510024
666701960
1066406024
499122664
470012712
473084712
473146156
471900980
471900976
408986416
416395316
1489211508
2013498460
2013501660
2051184860
1522710733
3666258382
3734407918
3736915694
3665325802
2587379290
2586462010
2603238714
2582271294
2561372429
2628264716
2629313036
2629382716
2365067940
2365068964
2281182884
2264400800
2260205732
2259157159
3270250678
3261878430
3273965774
1093042190
1076008974
2271246
2336782
19052558
52623630
36068622
36045062
123994950
90964663
74326693
82715301
82716592
82266000
77842320
94601876
400659156
1457558132
1457567276
1987096108
2003872552
2012265259
4140939546
4140997898
4140995626
4132880426
4128637034
4147589322
4046856666
4051052474
1911959465
1907828648
1941189560
1941189512
1387532744
1408516104
1407533064
1374048536
1080452392
1080454968
1076260360
1080483336
1349438984
1424789273
1424526827
3567893930
3567828410
3567820682
3580659338
3325022922
2251191258
2252239194
2541629486
2545836078
2512248878
2511978527
2646332877
2646130620
2683878060
2536016556
2536213148
2502680204
4047320716
4030472892
4097123244
1962288620
1974871269
1995844805
1993811015
1985291270
1448374310
1984229422
1993113646
4119364895
4102588189
4102657660
4102661740
4102597372
4098403020
4094261900
4112129724
4112127916
4051304876
4059955391
4054712462
1889796270
1357122730
1366034602
1395398810
1394997386
1378330826
1378331914
1382326538
3282342203
3282342699
3550787371
2443294253
2481104429
2548475438
2545386022
2543100438
2509678118
2492970531
2488550947
2486961985
2485650896
2217346528
2221554912
2498374880
2506702016
2250913216
2250912192
2196378499
3265925554
3265802662
3265799342
3278383278
1127745706
1127815306
1127999626
37611659
37716360
41333128
1130799496
1130799576
1365553452
3512771884
3491801388
3495996204
3517425180
3517362701
3517350462
3500589614
3571794470
3575648038
3744467238
3727910934
3728140294
4262914054
2120133638
2053021702
2061410566
2056946503
2073658100
2076746404
2030872292
4211929061
4212127782
4211427366
4178843750
3101038818
4176874690
4173202562
4172940162
4239930023
4237828773
4239925925
4240380564
3724280572
3749446380
3744736616
3610536984
3608471560
4111964168
1996929288
1992731400
1989589464
3869019291
3869017242
3866919098
3862790314
3860172970
3877019818
3826705370
3826655806
3962708526
3966969382
3974184486
3971235366
3988004662
3988012295
3985974349
4254266572
4107439308
4099050956
4094856908
1964022524
1997585132
1979756285
1979834054
1979844198
1980891430
2116485158
4284875814
4260242498
2091265090
2024152066
1487277122
1487211842
1555312466
1553215205
479473316
214183596
520436396
503696316
503617708
1040493740
776252588
642104524
1711651852
1714927620
1931917316
1881577476
4028795908
4028777988
4028760628
2959475236
3030779428
3030648550
3047952294
2545683638
2545470606
2505612430
3021650062
3021646286
3024791886
2895816750
2912593966
2935720973
2923200525
2922180621
2922144527
2922258990
2922263086
2905473646
3970695786
3987223162
2913473914
3215472728
3198744648
3202918472
3190532296
3207244424
3173689992
3156903560
3156918920
3156738712
3156738729
3156742824
3173523945
3215466537
3064528925
2527596567
2544378886
3567791170
3299403842
3291056242
3292367218
3223227730
1075748290
1126083714
1109322882
1113476226
1113525378
1120668834
1120433570
1401447329
1351275188
1352311428
1354281644
1894294444
4045971948
1898746924
1898747192
1881584392
1881580040
1881597448
1881568776
1881558537
1617185339
1617197931
1625614506
1671735470
1659210894
1659797646
1650888846
1646694542
1646702807
1646702631
1629872161
1612996641
1612982051
3764858402
4125497890
4121299490
4154919474
4154923522
3048156674
3036620290
3573510722
3518984817
3518829281
3619428320
3606846944
3596355749
3592165541
3592173751
3591780485
3608548549
3562410444
3572920908
3568759324
3568629292
3566530092
3566521900
3566529116
3567168413
3567171759
3567159470
3571223726
4152134830
4130636950
3862340806
3862340630
1714922550
1713679366
1713679366
1680123910
1613146119
1613143413
3760639973
3760508581
3764420263
3764399782
3772792486
3789569766
3789569782
3823119958
3823119878
3806340878
3806670087
3806665750
3802467382
4087680022
4087815174
4055313414
4055266310
3516331266
3516331523
3516913153
1406977553
1394144816
1394241024
1377449472
1396311040
1396248672
1395134688
287838452
271257733
275383437
283791311
279678719
279748159
279756335
279756523
334278331
326086283
305069706
304877226
1395394478
1395594670
1374564526
1438523566
3568181470
3568164878
4121731390
4121732910
4138250030
4138309951
4272602429
4276790316
4268400684
4264276028
3191460028
3208249516
4248438189
4100591533
4104784557
4105898653
4105715341
1952982669
1965564556
1428824776
1429082904
1441661241
1353122858
1084491834
1151608858
77605146
77670666
212204302
144999694
145522958
162173404
183153052
170569908
170565792
439001216
1512747136
2049609856
2049479072
1765319648
1748804192
1746773604
1746380325
1762944549
1778390583
1779567142
3927055206
3939764454
4005316837
4005152980
4004243524
2947198020
3161106244
3156911620
3156984356
3022770724
3035128356
3031179812
3031179620
3031171301
2964062382
2968256702
2960018586
2976831642
3043928218
2776017118
2809636942
2807412750
3860315406
3860308238
3860324366
1712726062
1981686830
2115898414
2115897399
2120096775
1054485765
385492485
381301249
364589635
79364802
79233666
78119554
78398082
78501506
78633859
82770369
74381633
20556080
35174692
303605028
303604588
844735485
860533385
870023865
861438635
857251499
588832427
590994331
591059883
594201003
602926570
602858954
602923466
594321754
602190186
1675985002
1675985002
1675997310
1667544191
1663415327
3812015421
3812014381
3883317804
3891714604
3874847292
3874825740
4017431053
4248252941
4235600431
4241961263
4241752110
4237567038
2089035806
1552181326
1606740175
1455876239
1455860111
1447464333
1447395725
1443205533
1443230647
1427567543
1343681510
1347867430
3505768230
3505415462
3497061670
3497061670
4090615078
4086732070
4137062462
4135948317
3078926348
3083120648
3573924888
3573992664
3607513336
4127595432
4127603368
4131798696
4073129609
1926578827
1926623883
4093113227
4034322827
4034307467
1949738457
1953871853
1953801839
4099204671
4095075902
4111988270
4118238510
4101266470
4101266470
4244067382
4240331779
4240331011
2627629891
2648466387
2681496034
2673178082
2656519410
2673754322
2547925458
2514346583
3046957685
3046958828
3082611436
3086793448
3061615272
3056110504
2788986296
2789184969
2805903563
3846107162
3846107182
3832471598
3833471031
1681793111
1681858769
1816080625
1815480225
1828062945
1822904033
1839722177
1857531393
4004883969
1859170049
2119284481
2115097121
2115334691
2098529126
4229182950
2085950950
2094337250
2092371170
2092371186
1419707458
1419583554
81076227
68628481
85859601
123615777
115231265
1119832691
1119407682
1122551490
1114145410
1110152066
1111143314
1104930726
1082750886
1084184485
1352536500
1353978084
1349787756
1345593452
271844424
271919176
271919448
812980969
836045547
831866475
865387019
836014859
836014859
830255915
830318377
830058025
830061113
827951817
1909165707
1976274571
1976274874
1683731626
1683858602
1685958714
1618915338
561950735
556703757
590324748
591193132
557673516
605690148
609880676
617221781
612896389
613162631
881604242
898511506
395195010
1435378370
1569661522
1569480226
1573677602
1305242418
3486279938
3465421058
3465425154
3465413382
3465151022
3465019951
3347583593
3297261272
1153968840
1279814344
1275644920
1142655432
1142590664
1144685768
1144685768
339706060
1434366172
1467916700
1446945180
1447015349
3598025397
3732308693
3739648757
2683761189
2642175525
2623284773
2623285029
2623283493
2644316197
2677669925
2677686471
2677694598
2543545494
3612887206
3575122086
3574085814
3608095878
1443766662
1443766671
1381893023
1381434333
1383424829
1449455421
1382066492
1407232285
1356892175
1357023502
1357027086
1424130574
3564274222
3578954286
3579036470
3620790551
3587235869
3566267708
3570657836
3570825772
3494726189
3494382173
3506976603
3506975066
3511160954
3511234682
1472868443
1468674313
1472860937
1464468040
1460143720
1426865897
1410083289
1549539529
1553275019
481778826
481678730
351650186
343397306
85451690
1326571946
1309794746
236048554
240369834
248677562
511880538
1586998554
1586933022
1593220159
1593803821
1583906877
3458768909
3459899405
3441057823
3424288063
3427408614
3301575334
3297315494
2224556711
2275151493
2258518916
2258497956
2258411940
2270995428
2503782948
2485953052
2490081805
2498274846
2976425518
3073936942
3073952302
3074050606
3074038046
4113181711
4117376013
4109046904
4109304056
4108714200
1953628361
1414595017
1409286729
1413501451
348152379
348153403
79701771
1153580297
1153572105
1103497497
1096698345
1130258315
1199402634
1207698058
1206649482
1172783834
1156502042
1152299306
1151905834
1151902762
1202235417
1185589260
1315604492
1311410188
1244238916
170520772
170606788
1244283381
1312440993
1308254881
1287348913
1287255683
3434739587
3300523459
3298409970
3298356194
2240342886
2240309990
2378705582
3477606318
3444313022
3444509071
3436124573
1287993788
1279606204
1275410332
1276064412
1276060316
1545400988
1545118620
1545380764
1031579640
2105392760
1970125336
1970248216
2012191256
2011675163
4159158842
4083404330
4083369258
4050059306
4049010730
4039507994
1892548618
1355685962
1348411871
1344038399
1344040351
1344043406
1347176591
281857165
281986188
366924236
402055500
375809288
509996344
509864248
518187320
1592191256
1592053080
510981609
508879787
1041605290
1041674922
1045935018
1054126506
1054122222
1045815406
1041362990
1007898687
1949700633
1950224904
1949173272
1952992824
1962727992
1958521720
2107418841
4271155338
4271356042
4270300298
4265903610
4261511722
4262638138
4130517530
4130795818
3861266479
3811840047
3761246319
3759215711
1616000095
1624383870
1620255274
1888498219
1888498219
1892693983
1883245453
805571485
822352269
860113804
851560076
851628936
843232136
839037640
923968008
895659560
878750505
752920873
752916539
761321499
1059078154
1042415626
1060262718
1014129198
953348646
1020314210
1019244098
1019276866
1019346003
1036170321
1048752193
1053216772
1045872644
908443716
1982238524
1714862700
1710729836
1687464680
1691663048
1685366728
1697940425
1731560185
1731379947
1729237739
1729241834
1733305070
1741696430
1739589806
3887073438
3887077514
3889510542
4149611662
4158003134
1972774654
4122420958
3568576206
3568576198
3568578262
3568768998
3568702950
3585361254
3455894806
3480806422
3342380055
3313019927
3308821527
2218368311
2625290023
2650449447
2644156965
2677781077
2677973573
2682171909
2673249813
2668939821
2635352877
2621197101
2625268013
2631558436
2627424532
2631422276
2621985668
2617799300
3741853348
3729469348
3737787807
3737783438
3729656966
3457617046
3440651486
3427806302
3436260702
1284517886
1284517855
1234183885
1257251548
1248985788
1244791484
1244869292
187705068
456140524
422604796
422637021
426900957
426884597
424787445
961650165
995204469
986822965
720616756
720550932
720550917
1781765141
1781633077
1781575717
1848881189
1846734887
1863717094
1813382310
1817577647
3975612847
3971287741
3836836511
4256262799
4256263823
4256227981
4260426381
4260426685
4252037613
4283753828
4285852964
4277533732
4276984884
4004295685
4008485895
1848108038
1713794102
1730546930
1696991650
540412578
540215990
544410246
552807047
548612743
548478647
548421303
816850839
815801751
815818182
299935190
291538294
299926838
300000310
300002358
1352838454
1893907767
1961017117
1440919069
1440987676
1432533564
1462164093
3609680637
3610058495
3610064894
3614191854
3589017838
3584884798
3585020958
2242853902
2246518798
2246535486
2275801390
2275798326
2275930383
2275922191
2276950335
2243200303
2247396655
2236910383
2270661503
2269563214
2252799310
2252762462
2252830079
2261071727
2387875695
2404726653
2404728797
2371173884
2362775988
2362775956
2362796432
2362568113
2354156961
2349957539
2349957554
3422785682
3707940995
3741491395
1594010689
1606592580
1606613108
1598175460
1599211748
1528170749
1530269695
1517692655
1542796014
1542730462
1540678350
2077532750
2077532767
2069145447
2069214773
4216697397
4199911989
4195725844
4195857940
4262966805
4262919717
4265531495
3195979887
3195947134
3220065358
3169734734
3169787918
3707724047
3703530029
3703403053
3703324205
3707517485
3706476837
3714971685
3744397329
3727606785
3727605760
3727605824
3727606356
3727610400
3731808804
3715098196
4260232772
3186424436
3181689188
3182737903
3216292334
2928975342
2923798398
3993352030
3993346510
3994460382
3877040350
3845574790
3829285015
3828301989
3832495269
3841801125
3837598373
3837074101
3837598359
3892063878
4143195782
4143195798
4143198630
4143191222
4143264918
4143328390
1441934486
1425157271
1425161351
1419910535
1419845511
77606887
81815527
98625382
132183334
123796774
123862390
1197735286
1164180854
1172561271
98694519
1172567381
1172566301
1440994077
1424201533
1424080701
1415691071
1411430718
1143060798
1159829790
1164048398
3346393102
3346363678
3336458526
2262451007
2258256439
2391425589
2391352885
2408064567
2375563063
2375618855
2358777135
2362967535
2363248047
2354334111
2350242207
3424106911
3424107926
3423911302
3426000006
3426520258
3439299843
3435044609
3450776065
2399071795
2390748963
2390640402
2399027458
2392736002
2391164210
2391039330
2407820134
2378464103
2412005759
2404698399
2404711695
2404906271
2404836735
2413212015
2413212157
2396370397
2396298716
2387909820
2383710396
2652215548
2652289244
2651237852
2651254237
2655446493
2672256511
2668385791
2668447229
2639198173
2639196125
3721328604
3754808796
3754751452
3746346460
3742211545
3742289369
3725516253
3726605789
3726603775
4280250815
4284371391
4261364155
4261234107
4244504475
4244499403
3707759566
3707752414
4236105566
4236047198
4236043070
4236108590
4236244782
4236227967
4261387645
3992820861
3982269484
3982294076
3894208796
1746857244
1746859068
1746796597
1746735157
1746677777
1813258595
1813455587
1828127395
1821704867
1870926467
1854153351
2122605191
2126897615
2126959695
2126957643
4156999995
4123838761
4103990056
3586023224
3589816584
3581411592
3576168713
3559850297
3295551786
3299747818
3299747754
3299807146
3232517018
3232532874
3245115534
3241065615
3509498053
1395634181
1395568644
1395568660
1462673444
1982783520
1999515696
1999572996
2132543268
1061948972
780405288
1854286361
2122459723
2126720586
1589651402
1589690618
1489010922
1489014938
2025889994
2025956635
4169379625
4169313832
4186091048
4208375324
3124740620
3123692044
3123630712
3124556520
3128747496
3130828009
2862394537
2860821659
3129320586
3133513930
3125125370
4194693226
4194766890
4194697258
4246601770
4236116763
2088632859
1953170009
1952977625
1961367177
1354378889
280759179
280808362
278178234
278170763
332837003
37134475
36872395
1110634761
36073785
19346217
6581039
283437871
1420208919
1420729095
1420724487
3568075777
4108877905
4146638928
1982501056
1915392400
1915409056
1915381409
1651124898
1652108194
1652300194
1652299938
1660161190
1660290182
1655050446
1659121870
1944330334
829186862
820900394
548324907
549341736
547891736
552086024
539502872
556300328
573197320
573440008
574496776
840712249
839696749
852329454
848265958
848069527
852267399
860665223
1364049293
1355726477
1351023245
1350986445
1352035023
1354115791
1358182959
1374961451
1400122411
1937194011
1920345097
1916104713
1913966616
1931317304
1897902440
1897706217
1900315321
1908703931
868532922
843072186
843121402
1925321499
1406284089
1439835192
1425155096
1425161224
1358305288
7670024
14948616
11275016
11290971
11392490
11522538
32502250
36696490
36630954
37680010
37680010
54322090
22333352
280087960
280089993
77845961
81981705
73593097
74639115
74575658
91483946
133343498
133335370
111315338
1185189306
1185715642
1185714618
1454219707
1387241641
1451139497
1446945192
1447027624
1428153257
1411375789
1411295215
4101940719
4101803471
4101807117
4152133644
4134189340
4142836020
4142835988
4278103300
3732856068
3732915220
3728691236
3728617508
3711828004
3699246321
3707114738
1421284530
1421676722
1421627810
1440240546
1431892706
1411031762
1411032002
1411050946
1410988098
1345935442
1343977570
1356413410
1352144354
1402733462
1386152838
1389826695
1184305845
3330618020
3330549420
3330567916
3313822412
3310656204
3306458076
3342176205
3308691919
3308691854
3321266574
3623272878
3556173230
3554111407
3556080557
3539761828
3538713260
3547098812
3547095708
4079481500
4079415981
4045927143
4028678694
1881195026
1881169410
1885367586
1885600802
1910731811
4091727905
4074950677
4075209733
4084633349
4050962951
4034165262
3497290254
3497278014
3505720874
2482962474
2459893802
2527019050
2527059995
2526915596
2526849036
2254219276
2383976492
2384058668
2384085252
2388263172
3472498948
3484946791
3455788390
3371059554
2288897010
2284296898
3359030018
3356928258
3407258882
3395067907
3403456819
3403588115
3386556977
3361427043
3627567842
2553834146
2553866914
2625300899
2650442931
2663025857
2528808128
3598425280
3594244033
3594223218
3591906914
3608683234
3560452834
3564700642
