1105279998
3287431470
3285334318
3281135678
2190484510
2189496350
2206273566
2206208318
2172912942
2177109806
2160332606
2160855870
2160876350
2173458726
2177653111
2177751383
2178799957
2203965813
2206161237
2205112661
2172614999
2172615510
2170518374
2177858406
2177727335
2169338741
2170386756
2172483908
3455965508
3454900564
3454909940
3446521252
3408772516
3408770477
3408772527
3391994254
1244511110
1248697222
1252374966
1253423542
3400973718
3417486791
3386025461
3360720244
3627460564
2551623620
2551627588
2555812676
2572458484
2572462564
2572527716
3105815652
3175009589
3175009573
3179169572
3187627812
3187435045
3116168805
3116160608
3119831012
3109347284
3138705733
3138775365
3122065207
3122062903
3142735382
3109160454
3109109254
4182780470
4182780198
4183033895
4191422511
2076182588
2076652557
2043027469
956706829
1027997741
1007957293
1014246661
754190598
627964279
627964279
627964279
627964279
627964279
627964279
627964279
627964279
627964279
627964279
627964279
627964279
627964279
627964279
627964279
627964279
627964279
627964279
627964279
627964279
627964279
627964279
627964279
627964279
627964279
627964279
627964279
627964279
627964279
627964279
627964279
627964279
627964279
627964279
627964279
627964279
627964279
627964279
627964279
627964279
627964279
627964279
627964279
627964279
627947895
627947895
627947895
627948023
644725239
644725239
644724982
913161462
908965110
372093170
372109490
338505906
1412314274
1357790882
1353591458
1890405009
1890441872
3500980864
3551308416
3529813632
3525817985
3526865619
3526746918
4063551782
4063518766
4132724778
4141335594
4137076793
3868624920
3873409032
3864823816
3061745672
3057560840
2805834504
2688537288
3762180744
3762188956
3762164396
3770434213
3769369254
3769369254
2745959342
2720797146
4062449674
4062587914
4045809674
3764873226
3836147722
3836131338
3836127242
3837246730
3851714826
3885269273
4128747784
4130845468
3074184036
2772239204
2754479588
2758687200
2762934769
3032422851
3032365506
3032379330
4120831554
4154312258
4141405010
4141396066
4141391971
4141473825
4133154896
4129255616
4129042629
4078777765
1931362213
1901989541
1938164413
1938099869
864296653
831788812
828114188
811558172
813623101
813608493
819834414
1910292254
853312774
843874310
839680374
839696742
839700846
1913582575
1900967656
4035865576
4036914152
4104936136
4105161673
3496758219
1345075022
1345073438
1344798758
1357541414
1353375779
4054491169
4071271729
4066941248
4062742656
4062873984
4062873984
4062879376
4079713952
4046403233
3761058467
3760988835
3773571814
3769374062
3819710718
3802409182
4070844623
3533973711
3530836171
3541468362
3506868682
3506872778
4031095770
1887732330
4035216170
3783557993
3784618792
3788940568
3843468568
4094859304
3023226921
3023206443
3023185962
3023191066
4096996686
4099085262
4103471854
4103484135
3566605013
3583840964
3583779524
3587727700
3346723861
3325810709
3323525157
1444460589
1443412079
1443401055
1447793101
1447814093
1583014861
3747275757
3699037933
3559574269
3563768525
3564096207
3572483783
3572355911
3572257079
2511098158
2545692718
3621527598
3621528619
3579657531
3562933579
3562688331
3571109833
4107836361
4107843913
4099456281
4112028969
4145591096
4263289352
4265591304
4148036105
4152230555
4160625322
4121705386
4121442474
3790084266
4092337290
4067303563
4068282507
1937523177
1466720619
1428971882
1412293998
1425472886
1955776886
1418971446
1417890070
1568819206
1603415047
1607607317
1597056117
1595086071
1595018391
1560751551
1598499502
398932654
390363870
383011150
311716879
311763980
45559836
27734060
2576940
3555876
3589668
1370693
322246
12880854
8752630
25593302
59162694
59175239
1095164166
1074111782
1078241574
3225721638
3503262486
3519974150
3536755974
3533672709
3533537540
3533603084
3598627132
3594297900
4131186220
4231973668
3963537772
3896441084
1761593551
1760544911
1751995599
1798115535
707203295
707146726
1781867118
1811161710
1754538731
1754543851
1770814153
1871506120
1871506056
1741679240
1968062152
1896750793
1880950362
1881736298
1886326890
1911492650
1891500042
278867982
277610510
13418814
13423918
8707373
12967212
12999948
4652364
50787724
34006412
39232908
39239053
47615385
47482297
47481257
1112838569
1108849129
1110892875
1130881307
1105519402
1084531498
1354540650
3502083707
3506425355
3254766346
3245250842
3274631226
3543067674
3526321162
1382875146
1391395163
1387135917
1387139757
1392321453
1394344869
1091831223
1073759618
268606850
268611042
809740594
814786818
548448258
1621142530
1654760448
1650634752
1646428160
1646428352
1646708368
1646661280
3795790500
3883674284
3787201193
3819716264
2745705624
2712150024
2980651016
2968068360
2431330056
2431260216
2443841068
2443840813
2444000558
2444000494
2444020926
3514599582
3508309150
3541994646
3525219462
3524698182
3526811654
3526651942
3508826150
2422497574
2426824486
2426820134
2426883622
2494877223
2494877237
2515860996
2541219332
2524245572
2520018796
2520010220
2520141037
2522230013
2522293501
2504401119
2513330255
2223907087
2223846687
2224831807
2229016879
2220628782
2239630126
2239651646
2279528222
2392707342
2392633614
2257367263
2261561596
2253960356
2249759924
2249754756
2501544324
2484771460
2484791940
2484793045
2497408757
2493277991
2426168615
2442933543
2442396967
2178155798
2171866422
2167742254
2155285806
2230721838
2226535742
2226421086
2226453967
2241113487
2278866063
2253685901
2249557149
2249700541
2467734701
2434178221
2436283821
2971068861
2971069341
3008752541
3017141917
3000366749
3000358607
2471838663
3547661670
3542422822
3526179878
3530500199
3538843765
4075714900
4075810628
3538806340
3514737220
3506090500
3563749892
3563816467
3559444002
3559418658
3559417890
3559417890
3026864226
3052014786
3601728642
3601728962
3602843586
3606910834
3606848802
3539739938
3556533539
3523018021
4093431077
3529280773
3529291013
3528233991
3524100103
2449965079
2449993767
2483447079
2496036708
2492386020
2492386020
3163347636
3163355828
2630409872
2638857856
2673497729
2652575650
3728225442
4265354402
4265419954
4264961170
4267057298
4275184086
3738297334
3754997446
3754995526
3738217230
3754998038
3720583974
2647826214
2631048758
2633405973
2499184404
3048047924
3052176676
3221003300
3195852916
3191621845
3189704949
4262869159
4279643302
4279644582
2113016791
2092045021
1974678109
1974481503
1439708895
353385162
352332682
285239690
269744522
282495370
815173002
815694281
834568456
868004136
847028264
842834988
842836012
842373172
840289332
302121060
268566884
272769572
1418072608
1418609207
1419572758
1553508918
2090379814
4286097702
4265248790
4265253061
3728386244
3728389572
3592012228
2518352868
2503606820
2491036196
2494112548
2494047079
2494047206
2494051814
2494089654
2494335110
2506918022
2536347798
2537470150
2520692934
2520687814
2520703174
2522181879
2517922023
2516857061
2533430757
2504132597
2495759956
2491512340
2491442708
2491442709
2492491293
2492555117
2496661869
2228488557
2215917951
2215917855
2216630558
2485026078
2501830414
2513298190
2542580494
2542572486
2525279958
2525279911
2529535653
2521169573
2516963232
2533543392
2499988960
2505206096
2513594689
2513578241
2245081361
2270169123
2269120547
2269120563
2235771910
2227318022
2223124246
2223382054
2223246886
2223246886
2240035383
2245798679
2279353111
2212236087
2203847479
2170358583
2170493237
2178812245
2178812229
2161973573
2178685301
2178701668
2178734437
2170411381
2170419573
2170419573
2170420085
2170419575
2169370999
2169469303
3243211639
3243080055
3243063671
1091385687
1091385685
1091385685
17791349
17676613
289193285
288200135
829272502
829272510
829272510
359510970
342733754
342212026
476428730
1550170490
1567471674
3716069402
3749361674
3738742026
3738731274
3738862154
3751449295
3753550757
2646139809
2649286048
2640870880
2637714912
2637845968
2637886336
3577636736
3575523200
3579711361
3579727233
3588179363
3516781987
3516719271
4059357415
4050969823
4118127951
4114001437
4045848073
4083583497
1920454153
1983137341
1983127853
2138320941
2104754223
2088173630
1551242270
3631626254
3640027142
2029972230
4190014022
4206462662
4206400198
4204303255
3129778348
3133972652
3121389736
3138377128
3205383848
3205369516
3210092269
3218554607
3218349822
3216793054
3216791006
3217028302
3216498893
3220561997
4279627805
4246000668
4111811597
4111868953
4111608874
3830586410
3856010538
3851882362
4053011930
4086564234
4153673098
4153889179
4153823672
4120269736
4123292344
3578024696
3557610200
3562918488
2489054745
2489036345
3050940985
3050945037
3051072013
3185289753
3185094233
3176707675
2538328667
2538209886
2535064190
2518353454
2524449838
2532850726
2527613990
3081498631
3048906759
3048906757
3048906756
3048911636
3040641572
3073933860
3057173101
3056206541
3056215755
3878301610
3983022250
3987212458
4255652026
4256774282
2646097034
2646095050
2375557386
2379948842
2363105578
2361274666
2361274670
2361209150
2359046463
2359039277
2375288101
2413038887
2278903671
2281164135
2281538023
2213315047
2204926391
2171376021
2171441556
2205004164
2205005212
2184165788
2185214140
2453649580
2470361220
2436807044
2420026756
3559843268
3564099572
3563967333
4125971303
4159460134
3064853286
3068780914
3068786146
3068720610
3056133602
3074023874
3038396867
3021628103
4099486327
4099420711
4101517863
2516067879
2516069671
2511890479
2545473583
2545731615
2547959885
2539568333
2514387405
2547945948
2543768060
2550002092
2507960749
2507961261
2508083119
2541648815
2549963518
2549907166
2524735310
2524717838
2537366286
2487034118
2487038246
2491298086
3573428518
3566940439
3566854405
3583894788
3623730244
3598616644
3593374020
3610152260
3610220404
3610042981
3611058799
3611116158
3609084798
3613286766
3621545062
3617383910
3616531950
2542187167
3079111309
3083634316
3075247772
3070532332
3070536556
3071584556
2803280680
2786508296
2922820108
2922893836
2926953004
2935276079
2952061486
2952061486
2944169326
2939962606
2921876670
2926267582
2926185630
2935626911
2927240335
2927240335
3204063630
3220845022
3216572654
3185049710
4242018382
3705348366
3571066123
3571152155
3566763291
3570985227
3570968923
3562777087
3579481487
4114253199
4147740815
4130979981
4129018285
4133085679
4132201455
4141695599
4141814399
4158595647
4158465599
4124862319
3588058989
2514352893
2506086991
2539626063
2518589263
4129264911
4133261630
4141649966
4137455663
4137676845
2530669629
2520146989
2654284845
2669546605
2635990351
3697161039
3701355103
3701289503
3703120409
3703055113
3702011737
3295157097
3290974953
3291368127
3292420767
1413447310
1425860494
1438433679
1459589261
1459523725
1450635404
1450615228
1450680749
1458874349
2010427375
1976872299
1685358939
3828647947
3828853771
3845628985
3845632041
3846033449
3778891881
3779015145
3778945451
3791520683
3819831979
3819898554
3804051098
4072419210
4085000139
4080809291
1903523099
1885860617
1625749001
1621597705
1621921289
1907137305
1944889387
1982704682
1982686234
1982595146
1966866938
4114482158
4110291566
3568968230
3566937623
3583536641
3617123840
3604663808
3332030208
3334126928
3602619488
3606623456
3594301664
3594310048
3611214209
3559834241
3559318145
4100318903
4108701366
4108700326
4105559910
4121230638
4125385790
4151058446
4146864191
3576443947
1345197177
1417551353
1419643609
1419710093
1436294797
1373398735
3579635423
3577541343
3577721695
3581866271
3581857821
3623796765
3622814004
3618435372
2548884269
2549899818
2516346666
2516410218
2516406250
2514345898
2505961354
2539513482
2539513482
2505422731
2513803145
2488637368
2488661496
2486563832
2486687064
2503361885
3610670397
3598083199
3602347127
3602346070
3602182270
3623145582
3581198446
3560367230
3560367183
3560371215
3560365325
4118076684
4118085436
4126535212
4160224876
4160200684
4160062924
4132733389
4133265629
4133282031
4150124655
3076452655
3078509359
3044938287
3044884031
3044358683
3036625435
3036613179
3030190699
4105971451
4109902539
4118295499
4051177867
3545773247
1918381231
1918594223
1917484286
3523894478
3540963527
3512651847
3512635671
3504321079
3504125479
3504127525
3503066657
2446167601
2446237200
2546919216
2547966752
2543842100
2543702548
2547905044
2539447868
2517925421
2517916207
2516863278
2651080814
2655018238
3728942286
3745665230
3712110734
3691147406
3691147478
1547923702
1556312566
1556215287
1489106903
2025979637
2025975509
2034364117
4211142357
4194367228
4194358253
4198552045
4223726063
4190167470
4173394350
4173394350
3904945598
3905006014
2898442686
2915212255
2940379085
2940450509
3192124108
3187757768
3205518072
3176411881
2891260779
2899382634
2767390074
2767346762
3035879434
3035744346
3052521546
3209951690
4266880458
4268832202
4268819930
4268818667
4277604587
4277547179
2130063533
2146840764
2013143484
2012619164
2010390916
928310740
924099860
907328788
926265116
824700700
828833661
828820461
828787631
829753775
860097982
591659167
600129695
601243865
560095257
559951129
543173401
539040281
539105849
543300347
551701466
569460186
598753418
582009050
586256634
577822762
572579887
589385789
824406057
807564073
283251243
279069226
11848218
278694410
295475722
311266126
1384876494
1385860558
1387958991
1391375053
1395569359
1345233607
1345217143
1345201955
1350304033
1885085733
1893474341
1943941132
1407057928
299761688
13375800
13138200
13404936
63736653
42961358
42900942
48140750
108957902
103715014
103723206
103706711
120467557
338637861
338656044
351267373
883919405
883800653
615037517
615030223
544772319
557355183
591171759
574574767
574501039
574497207
640561895
669856365
631517737
564408873
547630651
615803595
548727435
817138058
821401738
838711434
863868042
846151818
841875658
841879819
846074665
871244329
871244329
820847113
887890441
342372889
74977065
7883065
82532635
15432011
15432075
15432075
15718799
15648143
15651215
65450375
40284551
40022419
40022451
40022451
40014243
39888227
308324643
308324387
845199395
857987127
555894791
539113479
539109655
543300471
553062117
546638501
545524389
550243069
567020253
558709533
568142367
570238495
569205279
837640989
837804345
822075705
274518297
273465625
5096729
5097753
5232921
6281483
8386827
8300811
74361103
74352078
74350982
342790534
359576451
384737939
384217779
371692211
371692193
908579489
908472945
908407332
908337452
645144617
632632361
632691753
632626185
884751371
884739083
284951562
285085770
16585034
15536474
74192250
74200442
74350410
74383178
82751307
15501183
15500135
15503863
15634883
7246275
57586067
36630947
36699571
36665747
36600243
40786867
45047731
44922771
44397459
44396947
44290483
60875171
31498723
6332771
270573863
270639382
354459934
891329854
924891182
845199406
1915197502
1982765338
1982765323
1982517193
1986659981
2138703517
2111449021
1022961661
888743396
888943780
887366053
887169461
887296437
938529685
936416133
936419783
911314231
911457047
1987291414
1994631447
1986246967
3597048118
3592867126
3610134326
3711840006
3695062790
3698986550
3640146466
3701029746
3701030387
3703059632
1555575984
1559769248
1413234864
1192616080
1174906000
369290368
369289344
302180736
302176640
307411856
334673584
295957221
1352712806
1352697390
1352699438
3521423918
3496319518
3492108831
3492117021
3563486748
3588641564
3718644252
3718513204
3718522405
1555312166
1550920486
1211303974
1479739622
1496451254
454166662
453191810
436217986
448792963
448879026
449051058
457375222
995274230
1064544214
1064350710
1030796286
1028690814
1037087582
1037153818
896642587
895991611
828881723
560372009
560388393
560384281
560875785
560868105
556674841
556674617
594288217
594282393
594281913
578027689
578031785
584319161
584319113
583225497
583202041
601024827
561244683
543418891
543419915
539356683
543553035
543475210
543999802
560776554
603774442
569245147
569371979
569371979
568848155
560463417
560322105
556102201
589656921
589787643
595489003
570389739
565992683
570186203
570186187
561863433
561995545
595490585
595484937
603939081
603812153
595383595
561825259
570281387
838702522
822056330
813692810
813561738
276158398
293066222
301392366
330752350
313946383
316043533
316040201
307653656
307522856
324294952
827590952
810896136
811032072
813522457
543979113
543978089
560743403
560779771
560853419
560845291
569233899
569232747
569235755
560986427
560982297
560982297
560983833
560846681
560845785
560845755
560829355
560829355
560829355
560830458
560987866
556755547
556214907
560343867
594951451
569844747
551882763
551907339
551940123
551874859
551851371
568692074
602267131
585563595
577175499
577166217
577141417
594833065
594818985
592712633
592794009
592793849
603320427
602202155
568655147
568654139
560331547
560462427
560462539
560365451
560415627
561447305
561320441
561459305
560422953
568681513
568617259
569137435
569203483
594369307
594508619
594509771
594362763
594362779
603799723
603975851
602923499
569237867
569159995
560771899
560840251
560839227
560970299
560446299
560438107
560433611
561487051
562017355
556659803
556544123
556610857
590296873
594427433
598612585
599661289
599534473
598491017
598524299
602701963
602771641
602779880
602775656
602776888
594389784
556644889
556644889
556775963
556711450
560895530
564581674
569300330
561796218
540806346
540941518
540945615
540945901
542981613
568135641
564010649
597569209
582234041
582236041
582222219
582762635
602718363
602730747
569156090
552445290
544062250
543537723
543685147
543652363
560429577
593919817
593917257
602300521
602365993
602161177
560742409
544003387
544079147
544074539
560986923
560986953
594534345
602916747
602849675
602915243
862769579
829223403
560849402
544072058
544204602
821034810
820378411
837122939
828849115
862404553
862335433
845545929
870793417
870674537
837574955
837579051
829218091
829421851
829389595
862944075
871332299
871325065
862934409
862802313
862835099
871223723
837677547
837661483
812491563
812492603
812498747
812497723
812120891
812056331
812045579
812044617
813154763
827834875
827848171
861398379
861398363
863500107
846706523
845518715
862230393
862230393
862295385
862369273
862369257
846570665
846500025
846565817
844599739
852931003
852997035
853014507
853013995
869723498
829844858
1886790987
1886676827
1886701179
1886896746
1954001530
1970578010
1970574154
1971093882
1970635882
1970705514
4252417146
4235704394
4235635018
4252416330
3212245838
3218533966
2614912638
2614915694
2614899438
2684105454
2684170991
2684170677
2648454324
2648454324
2639533200
3696702592
3696637056
3696637317
3713406935
3713810294
3722210678
3724406102
3757964310
3757612055
3724051735
3715732757
3713767285
3713767029
3715872373
3716071029
3716083285
3713921013
3713849315
3713856995
4250793443
4250923491
4250916307
4284478931
3749606851
3614852547
3614852289
3598144753
3597952481
3604243940
3604313556
3604301653
3595945845
3612735079
3623347799
3623282190
3581859598
3581726014
3581738031
3615356013
3615454332
3749647484
4286518620
4286518605
2138914685
2104835885
2088189231
2087918911
2027099422
1481716510
1481732878
1506829070
1539359526
1522574118
1522639206
1522644206
1522662654
1522915550
3397769422
3415137486
3415145678
3449472478
3453568510
3455608318
3455710715
3455710713
3455710713
3447322104
3447259128
3749298136
3749421020
3715874556
3715872477
3699095261
3694899805
3693720125
3697931068
3697931052
3723227428
3622434084
3615085588
3615093828
3577347284
3577380021
4097498519
4101689238
4101689014
4261404406
4286381782
4281663174
4264853318
3728168246
3728090406
3757449510
3702989106
3702993202
3702993202
3702804770
3707557218
3699166690
3699289475
3732318593
1582729600
1578616960
1446332624
1446250592
1160779808
1144138785
1144143122
1148401170
1152464434
1151415858
1151467026
3332812290
3332869696
3333263232
3332937392
3471349424
2385360560
2385491600
2368650880
2620324592
2624387425
2632771619
3169610786
3182326790
3186286662
2650464966
2639979142
2639099543
2618130103
2484369831
3021215911
3021212839
4115793039
4082246799
3528598926
3537315294
3539297390
3547130927
4050451493
4033386556
2959648780
2959715084
2984885772
3018561036
3002827268
3000730164
3000734244
2799215140
2801333797
2943928103
2951267686
3202899430
3202899190
3194772726
3190635634
3190634610
3190495346
3190446195
3208281296
3170559616
3166364288
3164267136
3032191621
3032057479
3035140006
3026765990
2959919278
3010328766
3018784142
3086902734
3086902222
3078448094
3078387182
3078388974
3077360878
3077491918
3043943622
3043943495
3052331277
3053318429
3044864829
3044864813
3044927007
3045058079
3045064222
3045056046
3078409006
3195849007
3202141311
3202219229
2925376716
2925376588
2925368332
3994912060
4013602604
3980043797
3967463175
3966485782
3966615606
2825670758
2821460198
3895734510
3895856366
3900058062
3902159582
1755265630
3902618238
3902290494
3902284414
3902284622
4170711246
4187545738
4221083786
3683165323
3666386056
3659110808
3659241881
3661290379
2587548411
2667239978
2680086058
2679392026
2645844810
2645877242
2642174442
2619101611
2619277759
2619228607
2623164845
2631497133
2629363180
2628320588
2515058444
2506659596
2536080908
2536228380
2536175389
2537219869
2507828527
3590198635
3588161915
3588043035
3579392265
1566118153
1432039688
1415196936
1415134504
1415067688
1415079976
1410988088
1410906440
339254728
338198921
308970379
1382716299
1449833354
1449832862
1449832878
3598229934
3598246063
4118409471
4118443213
4118443469
3589942749
3723112429
3756605309
1609047901
1533550431
1533556095
1500063039
2046370107
2046628155
2046640955
1534976570
1532797786
1511829278
1510779150
1510795294
1510832350
1561213150
1557020126
1418605454
1419641503
1419117244
3583300516
3623154156
3325332836
1177860148
1312204804
1578559748
504768773
508496679
495520294
478807607
478815189
484058005
475669436
406331836
405336504
405316025
422151099
476681210
476819994
476819994
208380426
208511498
73778698
83349002
76982587
210675769
210680013
480151757
478054533
1294830726
1311539334
1311604822
1311686678
1311129650
1311121442
1311121442
1319510562
1319576098
1320428065
1318855200
1318875724
1190938312
1177078152
1193974152
1144699528
1413130888
1411033784
1947774617
1952220810
1883013786
1903985562
1904120250
1937699243
1943429545
1935025577
1935027628
1917205932
1942371756
1942961548
1910314444
1895567644
1886150972
1886183725
811917625
811970841
811897113
829721881
810912521
809667337
809675311
1884793391
1884659227
1886700107
1932837579
1916158603
1916666763
1916141801
1919159404
1387530284
1387542573
1939287066
1905714186
3515265802
3616518938
3616055774
3599274174
3599270062
3599335599
3607789741
3574265021
3575277197
3577376413
3563728557
1953181433
1952988747
1433171722
1462531338
1395422219
1382827019
1391412251
1404986713
1405019609
1369368029
1373632445
1356842941
1356847007
1415422367
1415422447
1413263727
1950122303
1966916893
1999500573
1999628061
1988027677
1987994973
4135417215
4158453231
4158514667
4125097323
4120894747
4154301707
4158449419
1918691099
1914450233
1916604733
1897726253
1881014573
1885212973
1892562237
1351421197
1351354637
344721695
395122958
378419470
111115534
249086254
236486958
236487466
236491306
492352041
475570792
475653864
470543272
470477224
474667176
483051673
365873290
391013514
101638346
101630282
1192137274
1162715694
1280093742
1288501798
1285081606
228247814
177902594
177905680
1253761024
1249570816
1244381184
1245425712
1262067744
1226370336
1209592096
3361433920
3357219136
3363507152
3434748800
3451526784
3334079104
3333964449
3334009509
3333990055
3338176167
3325599655
3325607074
3576214611
3559826435
4096697601
1882105345
1882109457
1613674033
1697556003
1697426723
3878460454
3795635318
1648281814
1665026278
1665038830
1635674622
1634536414
1626093439
1621963071
1622093885
1622028301
1614754061
1612456733
1612194345
1611402795
550308395
1619991083
1636768363
1670273739
1637867470
1973215374
1971093679
1895616751
1895616751
1887293551
1933458447
1916151822
1916152078
1920404286
850660654
848572714
847523914
830742730
834928891
835011048
810404840
827034344
822844136
822778505
1963638410
1967694730
1968742586
2012782762
2004459690
1985716650
1984669099
4132089773
4132093933
4141518317
4158565583
4126536911
3027625167
3021436110
2484475102
3562149870
3562149614
3587249774
4155774503
3014934037
3014929924
3013898036
3013932836
2984546868
2972172812
4029596236
4047434380
4047303340
3776736941
3776710314
3779920298
3780513962
1624649914
1626746938
1625698314
1625717770
598009866
581216298
850303019
850298906
921470986
1982628938
1983692939
1982840985
1982755256
1999270568
1961517736
1957307052
1957242501
1420373639
1421351558
1421347814
1152936034
1415079970
3558406194
3558537218
1411048450
1465819394
1457165075
381325825
108720641
121243201
69865089
69869491
204154275
484975011
346567073
346632577
397017984
111922816
115981008
241810128
103524977
107522401
107523303
107536551
40521869
36581517
36581532
310261164
301866924
280971964
278788860
1353561660
1894556204
1886167608
1881973272
1882161688
1882165560
1885638701
1894040623
1959805998
1958759662
1950538926
4098026414
4123191982
4156731023
4140019343
4140084871
3594884807
3594901247
3596415726
3596379118
3598672366
2550010366
2482897134
2449294566
2449233398
2432466262
3506236742
3497913606
3498046742
3514758406
3581867783
3615376133
3614381589
3614391861
1601125940
1600993828
1610365732
1608260900
1606685748
1338249247
1296117790
1229070350
1262625030
1245763382
1249951526
1249947490
1250138994
1250147827
1317190848
1321647296
1292797376
1159645120
1144928192
69087940
69146596
72090980
71574561
71578673
79966243
214183971
214696211
210649351
261027079
182369029
173976324
173451524
1242990852
1243057612
1242869980
1254400168
1518641320
1535418537
3682967723
3683049899
3687774126
3687761838
3679340206
3742324414
3742201822
3708612046
3691834830
3691949390
4233018686
4241393439
4258105103
4258039567
4224509199
4216089919
4212075823
3675142439
4179496294
4178970086
4174775270
4172415927
2022949767
2039787909
2038736260
2076485876
1782884388
705075220
1845925892
1846978580
1712751652
1712767012
1729544228
1679163428
1679164788
1679165152
1641484000
3786755808
3818704480
3818704496
3784093248
2693574208
2693697088
2693177025
2698419843
2685721251
2687826595
2686745057
2737261044
2737183060
2750294804
2712612372
2713462277
2713462350
3791400414
3791404206
3781952686
3815507118
1668022462
1668681882
1666584714
557981898
566370826
545334811
831598106
865085962
313534986
312486154
115371018
115687438
116326414
250237134
233468110
212496463
145422668
149597012
149662324
141269840
141073728
137146448
422346996
522682580
371364052
371331252
305271973
840121253
838937253
578824879
578824874
847259306
848302730
313524362
36978906
52326446
22946854
14625058
13490994
10467858
10401282
1150988802
1167761986
1169851009
1336509328
1323925936
1315677360
1311357104
1311373744
1579710951
3728226598
3744999726
3745000750
3715839758
3439014670
3432649230
3432710678
3432583735
3434615348
3434612260
1290324832
1281936368
1282079680
1290434880
1290431744
221922592
121168928
104570896
104509504
103448640
103449920
103449936
107647184
116109520
107851984
103657552
103641200
103755893
86978661
338573167
343882347
347945578
79444554
79444554
11274954
11279070
11335422
11310078
132944310
132813190
132821378
116044162
250257842
258646450
220855730
141253522
166419155
162470453
145505844
145498668
167519020
188490536
169615672
169758984
172377352
172353832
180660585
197437803
432322651
944093258
939820234
755269722
1862762746
1778815230
1778824134
1778823750
1778823746
1778823778
1778770658
3926156002
3926140902
3930328294
1792281846
1792281814
1771451646
1753358558
1753358798
1753359307
679551689
679486344
947939224
947957128
947955848
968931464
2034743432
2030540936
2030999944
3897466600
3897212520
3898261032
3900282392
2843587096
2841489944
2941563436
2940514604
2923446317
2868969583
2835550447
2818707694
3092381934
4237691374
4237691374
4238084494
3164346510
3164399758
3193878669
3189679564
3189674700
3189608972
3188498988
2920063532
2920063532
2925388332
2933707308
2818360105
2750169387
2708210522
2708280138
2708280138
2775389562
2775399530
2783788138
2783919194
3052354634
3052354634
4125955146
3589084234
3589092426
3584897098
3618451530
3618582602
1471115354
1470984298
1475203562
1160630762
1294848986
1294858122
1278080394
1278066058
1278196874
1278196874
1307292826
3450582154
3450450122
3383398490
3383406682
3484065886
3488261215
3479872597
3463094644
3463164388
3458961892
3727262196
3745087964
3711672780
1545252172
1545267580
1409997100
1414364524
1422671084
1355547869
1356660869
1348075669
276435381
8008357
15348465
15677041
11351553
11277825
15468035
15476531
7283987
7329027
74417411
91194627
225281362
258835954
250451378
250451122
242069682
237875378
237875378
237875379
238006449
104773025
385803168
1453318816
1453089460
1474045588
1440491188
73213620
73348853
209532727
208934182
1282676006
1155824934
1558572310
1558690067
1559148801
1575914753
1584301824
1522237952
1522242128
3667505905
3667502051
3665359330
3728273570
3191532706
3190474882
3190474883
3127810497
3136199232
4210018816
4202447360
4198244916
4212990517
4178977318
4168364646
4176740838
4172547302
4187229366
4219743366
2059922566
2059840646
2059840710
2059910341
2051456212
2047260868
2063763652
2030225732
2013400855
2013347382
2013603366
2013671974
2017854062
2022113902
2021917678
2072310254
4202996879
3666126988
3666126988
3657799868
3657943484
3641068420
3624279684
3628476100
3632400100
3632267876
3633330016
3637536081
3629245889
3695439299
3712087955
3745642162
3745748642
3728978594
3728978866
3737367510
3598971351
3600011319
3604336677
3595878445
3608531240
3577697560
4030660360
4034845448
4034825016
4043279208
3791432617
3883446153
3883434635
3862725259
3862856347
3795767978
2722030315
2722063147
2809930027
2784768043
3853333545
3970907161
3975560201
3967166473
2081827097
2081832249
2111243579
2144338202
2140143626
2122444810
2126618634
2126553114
2051058730
2051057770
2067839098
2135071818
2101515594
2097333002
4245045786
4111794794
4095554154
4099880554
4108132074
4103868074
3164086186
3164091786
2627216778
2648204426
2679861402
2415550698
2398773482
2667245659
2667229213
2679808317
2646389036
2646385964
2633809196
2621213484
2621213228
3089075773
3089036821
3089031685
3088998919
3095269943
3103261541
3165128164
3186129060
3220793476
3212535940
3210407044
3193695364
3202082196
4275757444
4275728772
4267311509
4269539559
3732680806
3732152358
3665179702
3654690822
3637913606
3637979398
3632605718
3364821558
3364822550
3381203462
3414700550
3397923606
2328363814
2329425511
2329427815
2337807335
2339899751
2339900775
2337824199
2346444231
2325407223
2325474789
2346240469
2339948997
2339948871
2335955287
2306537751
2306500895
2312793399
2312793983
2312658815
2314784383
2314750719
2313706239
2348318719
2348508671
2348478959
2348478701
2314846460
3363356876
3363340492
3359217100
3359292364
1478142680
2015013592
2015013448
1763354952
1780136008
706384968
706379848
706252904
706257000
706453612
723169389
723174509
729468271
737922431
737922391
710540615
710534471
710796663
727709031
696239463
696205686
687686134
679302102
679306198
678781918
678897662
678889214
687277822
687277822
680986334
685061838
684011214
683944654
684141310
679952118
948377286
948241094
948175559
411316935
428090055
461660823
449274517
449246869
449306517
449175487
1522859966
1522859454
1522906554
1522898346
1522897130
1590997242
1590997114
1590993259
1607853417
1532421481
1528198952
1498810140
1498812188
1498813724
1498887485
1498755357
1532309791
1532326687
1532490559
1539633790
1535440495
1535436783
1501849589
1485208949
1489386852
1480985892
1476730164
1493515540
453189908
453124357
457315149
188875597
155223007
415278079
952151023
952154989
943757628
2068027452
2046998540
2046999564
2114093069
2115387855
1983251086
1998979766
4125491878
4104196770
4104139430
4238356902
4239421630
4241538183
3574638789
3610355716
3592660996
3726878724
3726813204
3726808069
3726786823
3709993479
3626107398
3639752230
4172295718
2025072934
2025597999
2025329693
1496842253
1494941704
1494966280
421126472
421028168
427312472
427378169
427431419
416953851
416999419
416004042
415809482
944290762
944347915
961132824
2068428824
2051651608
2115744776
2115928077
1983791567
1983775374
1998979766
1961231014
4104196774
4238357158
4238356910
4239405246
3704680591
3708856525
3727796236
1579395084
1579395084
1579329565
1579326479
1579303183
3642884622
3626107470
3633459822
3633328750
3633325935
3633341741
3633344525
3625238792
3641131784
3642630664
1495147016
1499342345
1499347755
1501170026
3644393707
1496864970
1496874186
1533855050
1533854218
469615130
1499345530
1507467882
1506419434
1489658094
1485402287
1489518765
1489551501
1482187148
140109448
156958408
189464280
172948476
235322605
1309772909
1309705231
240157711
508657678
508788766
507682863
507682847
508751885
240566541
248922429
176098605
1261967661
1228487429
1228606212
137043508
149500452
413757988
413753860
145363456
145441345
149504594
158060662
1226362982
1225323630
3372771438
3624429658
3628788043
1217067721
1284408968
1151173256
3300704904
3299656360
3563388584
3559160488
3694426281
3744889001
3726042249
2117525771
2121687563
2120573450
1046798894
1046798638
2146742318
2027393070
2017821742
2013588494
1476700238
1476847822
1476853199
1481004751
1489897165
1502545613
1503463167
1537023727
1306275566
1297376750
1305797118
1300619422
1300746638
1300730254
1329902006
1325703591
3741820327
3725505943
3591079367
3595273687
3738932725
3738939877
3741033317
3732660756
3661324820
3661308436
3682148908
4185466668
4177070376
4177070120
4177074232
4194039832
4219074824
4219000648
2119746184
2114470537
2114462378
2118656686
2118853038
2001350830
1951072422
1414463638
1414406278
1422811142
277673222
278693142
297579575
1409135895
1450097933
1450096909
1584044300
3664414988
3664414844
3665604076
3665617900
4183569144
4183634681
4183696106
4192084714
4175192554
4174143722
4174175486
4173916366
4165511375
3628771471
3624844685
3696136653
3697198029
3722429151
3724493551
3623707367
3623428839
3623428823
3621336023
3604492671
3596103807
3598266427
3615175739
3581622299
3564795930
3697203466
3705510218
3705442250
3718023114
3751576458
3734930075
3739136683
3739132653
2673861357
2669666909
2635974173
2635910957
3176984365
3176983341
3185573661
3181303557
3181297991
2648686935
2642165799
2671521831
2671718695
3745394966
3749585158
3749581087
1566512415
1549605919
1556954463
1552808269
1418570508
1955375884
1972144908
1447594028
3726162988
3726417964
3726610444
3594387919
3594388110
4146463398
4121297574
4104131234
4238357414
4238356902
4239421598
3562057871
3557862597
3576801284
3575884036
1428400388
1461889308
1462162700
1462125837
1563297549
1564346207
1574844399
1570514927
1436300655
1436292446
1440486734
1427994062
1428121038
1410295758
1410278366
1414345726
1439642606
1439641982
1439633695
97325343
97271871
88916285
340561181
340769036
902736140
2001643804
1984870428
1980729356
1980530700
4129063116
4129210765
4130734733
4113957566
4242932390
4238614182
4239408046
4239403182
4270861534
3729793102
3724697615
1578262541
1578573837
1595352365
1549151017
1485187615
411441679
143002127
142673423
146801215
163582763
163590459
213922089
205545769
201385257
201369961
201374155
251697563
234985866
105036682
113411978
109494922
111100570
249435050
533603242
474359275
474424811
474296699
415248665
415244568
406860072
423630124
452996396
452996412
419446044
419461405
423647551
432101695
432142687
432142815
432142815
432127487
432119743
432117183
432117183
155295166
138657726
138656662
138656406
1212398230
1220787870
1233303454
1535292814
3682775454
3665999294
3666066863
3670064109
3678444140
3679500844
3679567416
3746797080
2673002264
2675098664
2675175529
2672939241
3746779385
3745738889
3712114825
3720507801
3703732153
3703723945
3703595001
3570429403
3696258379
3696450826
3694337290
3715577610
3715589642
3723916826
3753251370
3484877354
3484681019
3488878873
3488903480
1265922360
1245668664
1245658392
1243445528
174020636
173956156
185291828
134766592
136011776
135938048
203079936
209358433
95062755
45058802
44866242
115908483
371757457
371962256
372158896
1433313696
1416601761
1417515169
3562493090
3561298082
3561240806
3695454694
2630298214
2627086886
2578853398
3686076934
3686011398
3417584255
3417597292
3405053292
3407137900
3625228564
3625366788
3625362180
3624313348
3624182288
3624706612
3624706676
3641423605
3674930871
3670735270
2592790694
2593835190
2595867830
2679723222
2684048590
2549761486
2508084318
2541515886
3623630063
3548198141
3548262541
3548262796
1396650904
1363100344
1360351928
1880421048
1880405992
1880394040
808749065
1881581577
1902553099
1986440202
1986438154
1986445322
1982185690
4134879466
4151796138
4122436330
4105597674
4103303930
4103094011
4103088889
3503303417
3497081432
4050852424
4084406792
1936809528
1650491688
3797975080
3797979192
3795165208
3793002552
3793002552
3808723004
3809445165
3775827949
3775307439
2697387695
2693160615
2693215910
2756982406
2752784263
3023447431
3006669989
4075228397
4071558364
4071570445
4071042061
4071091215
4070960142
1941285914
1895080986
1893053530
1880588538
1879557050
1611518635
1661784745
1644970664
1644778152
1650008553
1652039899
1635323979
1627272207
1627268111
1895710681
819731193
819731128
1625086648
1621002909
1621006989
1637265037
1676714959
1676714303
1650491710
1646301502
1646485822
1646469422
1647517998
1647457326
1660034094
1653738734
1669680270
1938062478
1971644558
1954924943
1422809487
1422801053
1422801069
1977494701
1979655597
1702618045
1702613677
1702597293
1702400749
628667213
624469263
622373903
657987647
658442286
624298350
556927982
565316270
563220143
629146253
629154444
897589900
364946316
352359364
353407260
287355165
270574879
270637342
270768410
270718986
291919882
334366730
334366730
384306186
384311673
384377705
392815208
1467589352
1968743416
1967686588
4115170220
4123558572
4153127652
4287341156
4287341173
4259045927
4250411558
4097323566
4097769770
4101898282
4109239339
4105047049
4104783881
4125812744
3513493512
3542984968
3542919624
1399623048
1399621561
1378665129
1919816363
1928209066
1407591098
1403400618
1369714922
1357127726
1076110374
1076110338
1077797122
1081914114
14451458
1083998498
1352303715
1385872513
3537545344
3598354560
3593178512
3593443249
3727684257
4264518305
4265550503
4285342438
4243329390
4243336238
4239140911
4243331115
4243458059
4234557707
1566976841
1601693385
1590797001
1586533321
1585480541
1585480557
1589683181
1577101167
1577102703
3724794927
3724723215
3741504783
3612493071
3620881679
3583205151
3583377181
3566600029
3566599549
3570787821
3562919157
2489155797
2484965623
2501751271
2501763687
2503598711
2541441607
2541437533
2549679980
2528652780
2528652524
2530749612
2532850840
2533045640
2533062539
3623580314
3590288298
3564066730
3563898350
3559179758
3559251294
3559384334
3559253262
3576161549
3581408525
3581342989
3589715741
4126646061
3086851885
3086786348
3086782268
3084426780
3084498452
3059463732
3055220343
3189389046
3189450726
3191356646
4265348262
4264889510
4259710150
4239527110
2092055685
2091984772
1552949940
1552949924
1543525044
1493221765
402694351
402890767
939703326
953333822
955295774
972072986
988198938
979810314
2050405386
2050457610
2048245982
2030461102
2013684654
4173730478
4236706478
4236510894
4236519084
4236537500
4102320012
4123385292
4124560716
1968589948
1970764844
1966353465
1966156811
923939867
890377242
889259018
872494622
876807719
881313315
881112659
881111745
1015850625
1015852675
1036758402
1040881794
1040877698
1041943682
1043055826
2117071138
1861083939
1856299553
1822745124
1822712324
2086956548
4229196292
4228274724
4249242340
4152757220
4135980420
1988963717
1990147461
1455359365
1392444839
1379336622
1395929326
1395941582
1897263182
1909489758
1904255082
1904262190
1908448574
1371786555
1430439721
1465053960
1460856584
3608594184
3608598840
3612867064
4084586936
3556628920
3552483208
3552477833
3551495050
4091855278
4066693294
4062498926
4079280174
4079395894
4050052358
1885824263
1881615877
1881554437
1882589701
813501221
819726631
600574246
579652870
1653506310
1654554950
1654558806
1727832166
3861685494
3844902086
3828267206
3828284294
3828284070
3841879714
2814144163
2797352611
2797351857
3200004225
3195826305
3022934913
3022937795
4096682563
4096682563
4109232417
3836536868
3836524580
3853503556
1736369348
2118082756
2115772596
2114789540
1040654757
1045366439
1032654514
1015888514
1016474307
1016474177
1018620481
1018543617
1018471936
2106892544
2140188688
2127663136
2119409761
1712501217
3860305569
3860170403
3860713122
3860844198
3867011750
3875302054
3875303382
3891229774
3891085342
3891003454
4159447095
4126023733
4109247765
4109250053
3573419541
3573299733
1442589205
1476344595
1207900435
1191131411
117257491
117190675
117190675
117321731
125747203
259948865
258965953
225280401
225284499
1299026353
1299029425
1282259377
1278065073
1433385392
3622812640
3606964576
3606900064
2532861217
2524454949
2524459109
2671260135
2633642974
2629449358
2627341054
2358774510
2358778470
2362976822
2356685590
2356881686
2365467682
2364493858
3434737666
3485003971
3470565504
3470565536
1314829456
1310635136
1178484864
1176895616
1160122496
1143878192
70132256
78471716
346861092
346597916
1420536333
1554692365
2087356430
2015922398
2032700654
2032701674
2133381306
2099908762
2099916974
2083135910
4243268263
4239327908
3970237076
4238628484
4290050628
1580526340
1579477252
1445390340
1176659989
371332134
308674854
308674870
327025558
33428119
33437331
28260994
28146306
32365506
1098746691
1094491952
1096591136
3252463136
3516768800
3502154256
2428150272
2963964416
3031138817
3035218531
3173544674
3173524142
3207071402
3190294698
4280817818
4016773258
4256045194
2091789450
2091787402
1554985098
1556050122
1283449930
1279061034
1279061034
1296035130
1568331018
1606074890
1606124043
1606136393
1572573912
3489171176
3476590568
3457719660
3457916252
3726353676
3738800412
3734622524
3734688060
3740987764
2683987943
2625335270
3698995126
3698990998
3707372950
3705341398
3570931190
3302499430
1146891365
1146907700
1159690260
1192151040
1175440640
1175303936
1179620880
1187938816
1187944192
3335435585
3343818049
3307130177
3311390579
3321601571
3585715810
3719931490
2679744355
2679684451
2641927521
2637729265
2621111745
2621105473
2621073217
2621047763
3168273059
3180864162
3180865446
3146264478
3112709006
2572687822
2568489294
3644524558
3644478478
3682263054
3671777293
1519968268
1524154396
1515766824
1511566440
1511696872
1510648796
1514848140
1598726028
1561035660
1544258204
3695956732
3704349693
4107854763
4107855790
4108025774
4099559342
2489011118
2484816286
2501737935
2501653837
2505848588
2547851836
2543739436
2510185004
2627326508
2627261037
2629362407
2633540070
2625408102
2621212710
3695110150
3711854594
1595811842
1579034626
1579039794
1583219746
243138562
251265091
251277761
247083984
263971552
230287088
213433921
217619779
209296467
205108467
339256483
339260579
339580066
473875634
473879954
1544961938
1549213362
1557600994
1555905058
3703335459
3702320691
3702320897
3702373632
1555928080
1486654496
1536998433
1524624433
1516131379
1511916595
440337459
440210483
437860131
974728739
983268899
983292485
999926343
968409030
954768582
405312710
405509310
406584494
406517926
404650402
416184994
2022144738
2022005473
2038815472
4186242768
4173637185
3087904321
3089014337
3088746051
3090842178
3093934819
2851709665
2847449824
2881004516
3950570988
3946342636
3896015085
3895068906
3896379518
3895855182
4164303950
4164296774
2029453926
2039939814
2073891558
1589449378
3736605313
3736662656
3467162240
3458834816
3460015504
3474959760
3474828784
3708594656
3708661217
3712406883
3578184961
3571368193
3571372804
3705655812
3705525780
3697081908
3692882468
3692919332
3692956160
3695123008
3694923728
3698590881
3706986659
3717669010
3751157890
3600212098
3600195762
3600254114
4136996018
4135890131
4136942883
4143228195
4130120997
4264444965
4264234021
4264171559
2116688167
2120878374
2126122774
1587216918
1553543938
1486365442
150479106
142090498
146372914
146528545
146446624
180008976
175876096
171805696
170885120
439255104
440303824
975089825
990683297
671917216
671985056
676247968
1745787312
1746377616
1746385552
1746263716
1746001573
1745936037
1750103727
3973087151
4019209647
4002477454
4002538698
4006733019
3998344571
4013127259
3962715851
3962715867
3962767995
3966835306
3975159418
2896432698
2896434458
2896958490
3970438206
4255650878
4222227534
4222231759
3673828559
1517956239
1513753023
1580863422
1597970366
1298080686
1306403758
1284768666
1284768651
1284777885
1284794861
1289189735
1145035062
1143986486
1143905542
1181659398
1185841414
1185841414
1185841989
1186771936
1190961956
1161601828
1277989156
1143774508
1412348188
1412344076
1412348732
1429178908
1462405644
1445637645
1445651974
1378566726
1378370534
1407733926
1403535526
1386741927
1453985924
1458180228
1462378628
1428906933
356083687
274230759
811104558
835209518
868763930
852131082
920265995
920264969
922427432
939225384
903369512
349758008
1355597337
1347210875
273468154
268819194
273017850
298182874
331860170
1386104010
1386107083
1390309583
1384014079
1394499822
1393320366
1359753134
1363937978
327944858
311238298
311309755
378413496
378413496
123675096
71058716
70012188
69520156
69593876
70231815
208646918
217030919
234791191
1339994389
1323209024
1587450224
1587524916
1587459332
3734410252
3734277180
3738474540
3724847144
3658938665
4179512107
4164554298
4168746586
4172886650
4172817386
4172816874
4177064430
4166767070
4166555085
4183338444
4183337756
4216961812
3927685652
3927620100
3927883268
3927867909
2854126118
2854191718
2854077158
2870858470
2873049598
3913239766
3900463334
3908847846
3908978886
3908987087
3925241037
3956565101
3939782765
3939958909
3948032077
3910280134
3893764822
3897964262
1754730214
1755122406
2023492326
2023496391
2092710341
1576807556
1597781172
1597837476
1597902988
392036748
399770524
394535597
394552297
362046825
345268267
342913067
70307899
3391755
3310859
3376698
7454266
83209742
352235278
369003854
536513743
519736463
515607741
515615981
511618285
507438125
507445271
238813206
205000738
135799074
140124770
144319218
144310994
144310978
146346690
162070082
245926403
245926737
1323928305
1189845681
1181462192
1311286928
1311285904
1312326320
1329177504
1561960928
1476108320
1458294816
1458294832
1449779204
1449840645
1445654559
1462490138
1547524154
1545435434
3697109546
3705633402
1555910346
1555825354
1555825354
1555825370
1555760058
3705282991
3697221807
3692915949
3692951780
3713980628
1608423812
1457499020
1457301132
1451008908
1446884252
1983836607
1983312302
2000146862
4113912302
4112806254
4116996382
4125418782
4125420862
4121230654
4121401662
4159085839
3085344013
3086386973
3085293373
3211055389
2674245919
3731321119
3731300655
3731169583
3596943663
3596943661
3597010233
1441139977
1424362248
1424366344
1425480456
1156967001
351645435
896836347
930394842
1714455546
1712358379
1648395373
1656849452
1644346420
1644340228
1712514052
1980900880
4264963616
4264959523
4134995490
4138473058
4138479970
4104663238
3567923398
3567915142
3433710982
3433683629
1286142628
3697863340
3694701036
3627591884
1528735948
2119601356
2119336012
2115150028
2114101380
2114035876
2113986724
2113953957
1044518318
1057103534
893524654
1975655102
1435638462
1471494846
1471430302
1436825550
1173119758
1282246158
1559201294
1554890510
1554819334
1554294805
1487251508
1483192356
1495718948
1494353204
1493377525
1493246693
1476403943
1484792482
1484813986
1551945346
1551952514
1287699330
1296088002
1329708866
1313010946
1180102914
1182679299
1189757187
1189859632
3349927728
3316244256
3299409700
3303586756
3292039556
3290013116
3423133116
3708345789
3712992702
1598965182
1607888302
1607804398
1540367678
1531979070
1531979070
1531978046
1532109119
3678609716
3678413092
3384815908
3368032036
3368056624
2290153232
2290146816
2357305041
2357444274
2374156194
2256715682
2261224866
2254278066
2250096018
2250091910
2266868871
2266999941
2501815428
2484530308
2488724676
3587624389
3623275893
3623142695
3614205735
3580634902
3563922262
3572462198
3572388390
3572384551
3572352289
3563898112
3559695360
3559695360
3576542224
3610162192
3610164480
3614346945
3614346965
4135435943
4135450295
4269582006
4276921767
3203183855
3203171439
2926560271
2922308877
2788157197
2788026156
2808931628
2918995244
2901688604
2900312844
2900255308
2900320892
2900349677
2916897519
2782676714
2816215530
2807826602
2735999162
2736199834
2809539722
2817928330
3887474058
3889640842
4124320138
4115980794
4149604858
4149531419
2010968847
1979503374
1971115294
1971221542
1954442278
1413360678
3558225926
3696638982
3696631046
3721791238
3721544503
3750773351
3734004551
3750970191
3482404735
3449046831
3432259375
2362720047
2354331439
2354330905
2350147848
2400545048
2383936792
2388571912
2665460232
2526577352
2528674456
2545451691
2510860970
2489884842
2485683370
2485766314
2485876922
3492440202
4046088650
4046089931
4092487371
1924089551
3533981390
3539297934
3598149054
3598145006
3614905838
3614905854
3581227326
1442062654
1470374206
1185165631
1185230908
1185361980
1189422140
1312049192
3308541992
3291867448
3291916552
3425090312
3429862984
3433595609
3383292667
3383489278
3366646510
3366904814
3366203622
3370130662
3357546598
3374323782
3409058119
3675422535
1510107079
1514170310
1514206630
1514198182
1514249382
1522646166
1522661766
1522653654
1539561846
1539471671
1505918261
1489140796
1489189916
1488985116
1480670524
1476599100
1493311356
1493393277
1526750941
453012171
457206475
465599434
427916250
428080603
432192955
423804347
2030286233
2030088605
2067837852
2067903388
2076422588
2076422652
2134947324
2097214972
2080472573
1543651181
1548894063
3704751727
3702916638
3568576014
3568592654
3572819726
1414850334
1431631646
1461180190
1444299534
1444299023
1381384463
1381389629
1381495853
1390279789
1373494749
1423756751
1423740303
1415366079
1414325671
3557639574
3306034566
3444454838
3486392802
3466470242
3468567330
3400282418
3400279346
3400279330
3401329699
3422301216
3413388340
1226247188
1225919796
1225944628
1259531828
1258350164
1526789828
1509991109
1509995454
1510052782
1514312622
1539486634
1501804474
3649290187
3649478601
3636895065
3360685368
3441163544
3443195160
3447379929
3455768537
3350878107
3355070346
3623538575
3615133631
3615199151
3547899823
3543966687
4047282445
4050629903
1903098943
1903131695
1898723429
1898720485
1898325157
1898328501
825426869
817889957
813695587
277873171
347079170
346088195
350534929
350722352
359045392
393648452
511085508
504793732
508988036
1045464789
777028327
777036399
1863360815
1863491629
1867685925
1867678005
1729134863
1695605534
1677726490
1677858618
1678907690
1683101738
1687226410
1704740890
1721354249
1720294472
3867775176
4266430664
4263293128
4196200680
4196279144
4213056104
4203618920
4203618921
3667669739
2593915898
2616983770
2625373338
2624485514
2632902794
2628692874
2628557450
2632748730
2636940954
2653917834
2653856474
2670633690
2540626942
2549080559
3069997231
3069997229
3059503284
2535273620
3508475028
3491641300
3493731904
3565028864
3573355024
3568050736
3569099296
3569099296
3569295633
3453359363
1305873430
1171327094
1204881638
1196505254
1179773070
1448127630
1447077774
1447072414
1447080638
1459729086
1426175662
353484526
355593838
925068086
924989750
912395318
375526455
383915061
513937463
513937459
514916371
519102722
242262290
250655026
250720306
250843158
1574080855
1557304645
1557307348
1423089236
1423096404
1414700628
1415040564
1416941356
1413342524
1430180125
1430245661
2000670751
2004865087
2002048318
2010432830
1975838078
1430635998
3574024158
3562954638
3562954654
3588120319
2512314093
2679963636
2545743684
2682052932
2682052884
2684014885
2680090917
2545840423
3623818599
3614186995
3609993203
3610122115
1428567942
1429606791
1433600407
1162872055
1162886263
89155591
89188611
64134915
64144963
64209475
64410307
1140253381
1140245495
1400292847
1366804863
