3300275429
3304465637
3302043733
3427930183
3427930439
3427996933
3427890973
3427856189
3436228413
3385962269
3415457037
3398601997
3669462287
3673654559
3665135406
3661411118
3659313454
4196196654
2047861054
2047795566
2047533422
2118898158
2127090158
2143872446
2143874446
2009656719
2009783695
1984613519
1984611487
1984675997
2001563837
1934586013
1900958108
1902002524
1901807388
1366916924
1374186284
1374187324
3522117453
3517847501
3522040525
3254649551
3254716143
3237938799
2162955823
2158769719
2158765831
2158781703
2175759383
3249493111
3254603943
3254538663
3251974583
3293983127
3293974935
3289842103
3289714807
1144329239
1143237654
1143236630
1143204102
1206057734
1185320454
1319601926
1319404311
1323598167
1315754485
1328464373
1294653429
1294622292
259685936
259616304
511206949
509141541
370729767
369681383
923394982
856217518
822661038
822660014
1929955759
1917488557
1921691836
1921687772
1921687580
1384685884
1385734460
1385735996
1385925919
1406831670
1935313958
1930099814
1896541422
1897847966
1881042062
1881042062
807300239
811484557
824001437
559698685
559687277
551290413
547096108
1620915772
1620910605
1910317581
1901597209
1901609273
1901613097
1942551595
1401477227
1384700106
1384696010
1384762570
1447805322
3339342730
3309970058
3302630046
3298436830
3432656598
3432529910
3302763874
3293326434
3293387890
1154421970
1104048579
1121874305
1123701120
1123762576
1114358192
1111225328
3258561396
3256394540
3259541036
3267930664
3549202984
3549202984
3549339241
3252659947
3223306970
3223208586
3223208586
3242128842
3548376298
3538725994
4071398506
3001785354
3002842122
3002709050
3044782090
3025838090
3021647945
3021992281
3155981161
3155960431
2889745006
2910716526
2913403502
3215197054
3215208542
3215728718
2646433869
2642403532
2635965644
2636024920
3172894808
3177158920
3212814920
3078531787
3078531738
4131298954
4131177114
4131177130
4134326702
4142723245
4143837356
4160680100
4118737140
4096716880
3828278272
3827737856
3827740177
3848777265
3882200625
3815026229
3816095255
3780501015
3780562902
3776332982
3776708775
3778805927
3783069877
3816698013
3808310453
4072087397
1924467239
1907628546
1353984514
1358177794
3501662722
3233690386
3233677586
3233693763
3233730753
3250566528
3270285952
3261897396
3261971124
3526146740
3526147005
3527196077
4064059563
4064063658
4046958778
3778458058
3764827099
3781601007
2716118639
2708778605
2809441901
2805442143
2804331231
2804339327
2703741743
2707707183
2716093486
2711947318
3802540055
3806799879
3798280211
1915698227
1915358257
1919550513
313131297
314179841
312083395
312202178
25736066
4830099
1414117298
1414111154
1414110898
3561594547
4098594451
4098527955
4099650147
4124680741
4294500909
4286080556
4286122808
4281862457
4265089065
2117875753
2122070139
2122056906
2122055818
2121924746
2130366874
2142954158
3703235263
3703154316
3703159428
2628295364
3169368596
3161042484
3161039396
3035214372
2762519077
2762519086
2783483438
2943127086
2922155630
2922172158
2922182654
2922193866
2939105738
2909671898
3983479034
3991736554
2901161179
2896641243
2897623193
3971360921
3969281161
4237815689
4236633737
4240831117
4241355421
4258255791
4158636271
4133343471
4267499751
4269662295
4269727815
4151758855
4151723047
4118173998
4160055854
4151585342
4130618894
4130805326
4264952398
3749053022
4257157998
4254872046
4238091756
4237061212
3721190476
3741683020
3724984268
3724977860
3724781204
4194411196
4215318189
4290819756
3183523748
3162617252
3162765284
3166892908
3159773748
3159757364
3158250036
2621190692
3699122476
4110169148
4110175261
4106078222
4122904654
4160665678
4265519182
2117897550
2117894414
1983217934
1983307790
2115379222
2115379238
1981161510
1985872995
2005796323
1468930001
1435444867
1418536583
1155344006
1147084678
1147080070
1148651986
1156913506
1085630754
1085337378
1085335315
3232798480
3281031472
3255927088
3321996080
3322077760
3322045056
3326214784
3330671267
3331065506
2257323938
2257329574
2261522606
3339548826
3424544974
3425593422
1282304335
1290742604
1290546940
1281631852
203699044
203686180
204652576
204644400
470851585
475045890
483433746
366057746
381925395
373471251
1984071683
1980140547
1980138497
1980142929
4128151139
4116629219
4032480977
4032546512
4032323296
3021762464
3025988768
3034379428
3047150740
3047085509
4154390471
4126992246
4118603554
4097631522
4097135650
4097135666
4101325842
4235677714
4244005203
4260782672
4294070848
4268884544
4129489600
3592488656
3597680544
3606064549
3616549031
3514837142
1367550166
1367489782
1406534870
1408630982
1382969670
1383059779
1383977299
303870321
303866209
319598899
286164226
1359400274
1364580834
1347742178
1356263346
1356261254
1356219271
1356153477
1351960500
1370783652
1370778532
1407478180
1382313380
1378182549
1379328901
1379058567
842252790
845201766
845209638
845210679
845278231
845347847
857930759
1881591047
1881524007
1885664813
1894085165
1894732333
1358774837
1356595767
1356595495
1352404067
1419511971
1419643043
1423849603
1423845507
1432234371
1465788289
1446318976
1177813888
1311835025
1580270179
1450190371
1454386723
1471162918
1471162950
1471164110
1404061102
1404159151
1399898285
1393655997
1393664205
1393664012
1376887820
1915862044
1915988284
1916246317
4068379437
4074408493
4137323022
4153051726
4124765902
3042584270
3157861038
3157795502
3161989550
3103523054
3149660271
3132896287
2595760143
3673696523
3673762575
3405392191
3405396015
3665430573
3661237261
3661259789
1530572869
1497011396
1484502148
1492757636
1492892800
1483377792
1479515280
3625965728
3624220833
3628083618
3703581410
3699445478
3699514982
3699512934
2626946642
2375567042
2411259843
2415439313
2402855345
2402847125
2402978247
2402986951
2403003078
2415552070
2377786946
2226664034
2230845794
3296198754
3296198755
3429384305
3295252544
3295323328
1416277440
1429113152
1463191872
1446480208
1446295584
1446291504
1446487059
909262866
909246514
858980386
823329058
810881570
815203873
831917584
865996292
851314244
318624452
304738764
304673000
321447145
289196267
291428586
294579178
395225850
378518090
378316558
382509326
371187791
372953239
356180145
472834208
472805536
476517264
476512896
477299379
485689058
481307170
397421106
384838402
375400726
375728214
384195799
380027069
1454735804
1452577212
1993646588
1981063996
1981196068
1985390885
1926338855
1926531111
1920437351
4063659221
4130776277
4147572981
4118205908
4109813493
4109747749
4108604967
4108596775
4100204342
4112786694
3575981334
2674859302
2684161318
2646347622
2627481542
3566743238
3298502599
3315209092
3315204996
3315095428
3352881068
3344494252
3277429676
3277832108
3277630892
3286013341
3537141903
1379172607
1379246127
1379311663
1378267183
1395036166
1361502214
1416094726
1411873846
1412847670
3560315158
3562424854
3705539158
3751677654
3734832838
3734508230
3667395270
3667460854
3688375271
3656917357
3656933676
3648577576
3681087528
3664376872
1517856792
1530456072
2067327048
1494841592
2014983324
940454284
939930252
1011221148
1019352765
1015047869
1031859903
1069592478
1052808670
2126872670
2119532558
2122088462
2117902378
2050809898
2050977834
2050645307
2054839097
2042251816
2025474600
2024459864
4188598985
4192788875
3643322506
3745038490
3743143082
4245334442
4232752042
4258970282
4256861131
4121658697
4155015240
4159221880
4151091308
4147110124
4130230508
4129703396
4129687268
4130811492
4143263249
4139068929
4138020353
3601145361
3601145619
3538373891
3613805891
3581300035
3304545603
3304553731
2226519859
2365390627
2633821987
2633820962
2624450322
2624515842
2632906242
2380972866
2679882227
2679685601
2683888097
2616782308
2641934708
3178797844
3178998580
3044780597
3074402823
3074350599
2973157062
2956329618
4027974306
4027855522
4026802594
4026802339
4039386273
4085583024
3531999424
3533047808
3535173632
3534023696
3534005540
3534004535
3534655766
3551428902
3552415790
4152140014
3040644270
3040774286
3024005770
3021908616
4112448136
4114500232
3777908428
3811328568
3807175208
2729238568
2729222184
2729226280
2729357326
2733548574
2989337638
2955855970
3023460738
3023453058
3022928707
3169794577
3165399585
3198954017
3131846178
2662088194
2590513922
2318927890
2318932066
2289711298
3366590658
3366587586
1219042498
3366485475
3366514145
3367544292
3369640292
3389960548
3389948412
3389424076
3389367432
3394022537
1519167675
1602791595
1552660651
2085263530
1967820218
1998226570
1981386890
1981325498
1981472874
1983565835
2000314377
1882858268
1887044140
1895697964
1891502796
1891568268
1891396285
4104972991
3568074654
3605821326
3592766350
3592815518
3592827422
3592823350
3592692526
3596886318
3601080366
3618385966
3450744878
3433967631
3433842884
1287170228
1282967732
1279232432
1547082128
1412601536
1412608576
892510720
859025920
571527712
571532832
570545712
570675748
570610476
584290600
579895592
1653901128
1671203528
1673837193
1900346042
1883724522
1346838138
1342509578
1343561998
1425481774
1420255270
1420288046
1420722191
1421773836
3619592204
3732842564
3593373764
3593439476
3593323668
3593212060
3593220264
3605803432
3602260651
3602260650
3602124462
3602139830
3597961862
3593766342
3576083458
1344709634
1885776898
1886296064
4029585600
4029061344
4029085856
4096138400
4113897392
3077838496
3086231136
3080988193
3047431715
3030679078
3030711830
4121728006
4138569734
4138643478
4138704950
4265377854
4262232159
4245664969
4229884104
3961416120
3963497128
1760430764
1755790988
2024093324
4239143629
3701744205
3701747493
3701746725
3702860833
3652586497
3421896705
3403428097
1251746419
1250763490
1250501282
1250440610
1313344674
1309149346
1309149346
252188802
253257858
238741632
103460224
103720320
103064992
371500512
841200672
841125120
857902848
828608016
807635475
1881324034
1881307650
1881283282
1881283302
1881606630
1885605030
1906576550
1940128918
866132101
832626884
295743556
870359296
908111104
908175376
908306432
639870992
639678512
572626993
572699651
841150722
1881277186
1881539170
1886126690
1886126626
1894518306
1890331187
1890331441
3517736960
3601721344
3601778692
3597353988
3458793540
3458863204
3471450476
3484033900
3433768559
3433577070
3433589350
3437820646
3425209318
3693645042
1562939586
2049618114
2049618048
2116718720
1848283312
1848545456
1848030368
1848028576
1830938275
1814101666
1685085862
1682978470
1682973618
1682972914
1685070054
1685131510
1692532990
1705379070
1990597150
1990593030
916851206
380373510
514599430
514387494
514360071
514490628
447381764
1248505856
1261019168
1479057504
1480106208
1478008992
2015012017
4233791377
4240083633
4104817328
4121922192
3065305744
3056888480
3055824544
3072337636
3022074724
2690777436
3785692253
3802410086
3802934310
4072160294
4072344598
3539600390
3598332930
1462379522
1428827394
1428827906
1600790290
1470825762
1453867234
1454948483
1476051075
1411035267
1413129601
1547415188
1551417060
3707299436
3707299628
3707301672
3589987624
2512046376
2512111928
2511964447
2509884766
2509817342
2539128302
2537031150
2268726638
2268734782
2235180862
2516198206
2512003605
2511868420
2509816524
2241369020
2245570988
2212011420
2455341501
2450098350
2450229486
2450491694
2451487022
4064192526
4080987150
4034846734
4043206670
4043194383
4040949996
3503817132
3494380460
3511157436
3574150808
2487823032
2496342712
2492082841
2493131403
2495245002
2494099274
2230101770
2238493450
2674700570
2653925674
2653790251
2653282345
2658660392
2658655288
2656491800
2656557688
2673330920
2546453160
3620032152
3586417544
3586400649
3579191451
3575542958
3577638062
3577662902
4148075926
4148082646
3078600471
2818357013
2813638420
2780075564
2784007724
2754786860
2889020973
2888978983
2838631206
2876449134
2884632814
2913992942
2912160926
2898733198
3972409486
4232997005
4250852236
4284402316
4269723340
2121917132
1987633612
1981309404
1981358188
1998197228
1964639213
1952055917
1962554921
1958424121
1958427147
1979480587
1979509515
1473571147
1473612874
3612722426
3613180138
3579703674
3571380606
3571381086
2493440814
2495472431
2512183149
2512190940
2516449756
2541551068
2537391517
2537456093
2537472511
2537550703
2503861118
3577603639
4118734359
4118799927
4118640149
4118630933
4114563845
4114563359
4114564127
4125908015
4121484591
4121558303
4126863119
4118404621
4281923293
4011447963
3994801595
4000964011
4026057898
3887644842
3887657114
3891880079
3882426527
1999319213
1982476461
1718235565
1718293421
1659377117
1944606029
1911180557
1894435087
1357830415
1357179671
1348791063
1344566790
1882472982
1886798374
1893094183
1905664295
1925063937
1929250048
1382679808
1378419472
1445524261
1983439149
2002300207
2009631019
2009893146
1988921626
4136405007
4270821453
4274958541
3729711325
3658375404
3659407589
3645776869
3628995253
3638432503
3638104823
3705143911
3705143871
1155007247
1150824267
1167600075
1188785035
1180425115
1176079258
1111002506
1110999434
1110213002
1395556762
1366208778
1374593822
1374659118
1365811750
1432921895
1433117991
1433068863
3581596703
3575366687
3575235807
3612988927
3621379951
3600408191
3600545631
3604739935
3596345695
3592147423
3608920543
3575370207
4099594111
4107982717
4103859501
4107855165
4116210973
4147729693
2000356637
1899697983
1897602605
1901666093
1910060845
1904817469
1938362383
1942573135
1934184543
1934152063
826856815
835243503
1942539759
1942738399
1942679759
1934287055
1934287327
1900672495
1900601327
1908984559
1976097391
1976295247
1967845711
2001379407
1998233679
1964741119
4115242991
4123560687
3855130223
3888758495
3880433615
3859456973
3860509660
3860567804
3860438764
3859389420
3863525868
3863525500
3860378653
1712902159
1713303583
1732173871
1731645487
1735836967
1702350135
1702350167
1735911765
1735780853
1735772657
1702350289
1735913425
1702363121
1702217713
1710741201
1710745171
1744174947
1710542178
1702157683
3883265367
3883400311
3849833687
3849838021
3849841093
3858234357
3858090997
3858096087
3849842519
3849709431
3849701223
3849705239
3849709335
3849710903
3858091367
3849705847
3849840983
3849841431
3849706293
3849706261
3849846037
3849706805
3832857637
3832863797
3833064725
3832999189
3827784565
3831843493
3831762597
3831759532
3831771836
3831767724
3856990904
3856990904
3835703993
3969923899
3969914906
3969914894
3986712590
4020299790
4272400398
4003901454
4008083535
3928391876
2854649988
2855698816
2872480464
2820056672
2820007458
2819909154
2887003686
2889099814
2759068006
2816739554
2796488882
2797488274
2795432065
2795432128
2799545408
2774443008
2753471744
2753205760
2753218096
3827058272
3825995488
3826519713
3881045410
2932869282
2931169426
2931173522
2929076369
2945837440
2895506752
2895570176
2901865472
3160723456
4234469408
4234208545
4251079970
4285664546
4266790354
4266789314
4266789250
4275505634
4271193586
2124293954
2147365378
2105491974
1568494103
1551688247
2086199853
2086199852
2085156648
4232695592
4241083160
4254632792
4271492057
4271557577
4141540747
4135297435
4130922667
4130914491
4114366650
3560768698
3560839610
3571329962
3569232878
3568839534
3567810310
3622355206
3605626886
3605696566
3601506341
3602620448
2667290880
2654639424
2654635840
3191506672
3208353504
3158025956
2893653732
2893657828
2902064740
2759457396
2759457396
2759359460
2755418596
2906476020
2927559892
2927440085
2952536311
2948145254
3986555942
4122876946
4127008818
4152109106
4147918898
4078713874
4078837187
4124452480
4102435456
3565621888
3565490816
3565945488
3561751184
3557623441
1414274786
1549544230
1557948454
2096417838
4252482590
4280198154
4196314122
4196314122
4200573210
4208962409
4208967656
4200439804
4200122268
4217066380
4233786300
3160306604
3161867172
3170305012
3187097943
3219415350
2661572902
2665770022
2657368094
2670540830
3694073950
3559524574
3572107422
3567914393
3584653192
4156351128
4139562680
4135356344
4147414333
4113021983
4096175118
4029066270
1613159486
1613629935
1613433517
1631264428
1662717612
1649084076
1658393260
1941713821
1907105806
4037337094
3500450822
3504651270
3504642306
3500522246
3500584726
4037984053
4037971732
4058681092
4152004356
4147828596
3056330084
4129874276
3879264749
3877495293
3864912381
3864842719
4072948815
4090252511
4090394863
4091422957
4091422879
3621661583
3606981263
3598610070
4143837830
4143772550
4142236039
4142301591
4293046631
4234256679
4229996855
4230013757
4229967677
4229966633
3961793065
3975092777
3971877481
4255713993
4138206859
4138214282
4138213562
1458049195
1382547627
3525902507
3526053963
3509313545
3228230925
3236603661
3236609597
3236465197
3506211373
2426179111
2425128503
2492371479
2492375555
2627658258
2631825186
2283544418
2285636450
2300512610
2317228102
2317232198
2328767494
2324507654
2324440086
2324455718
2324488559
2324558191
2324551151
2324482029
2329726957
2321338325
2323501013
2340380159
2373868911
2357098863
2357094687
2356570383
2218196303
2216005983
2353304525
2630132685
3703874508
3695488492
3574368492
3591211244
2450491484
2450491404
2450413580
2450404364
2450403340
2538479900
2493391468
2627613421
2629567149
2629587631
2629604015
2646380222
2675739550
2654509502
2654509214
2654640270
2654660750
2671404174
3745128846
3711574430
4235932607
2096706493
2025404092
2025406124
1492720364
1484262253
1479019343
1479228686
1479139598
426287390
469283118
446214954
446280489
446281448
462994152
534313640
523795368
1580813224
1579813257
1579831690
1580908686
1593753694
1606197294
3752108078
3718556974
3718621998
3718683166
3718683142
2644950550
2629285399
2650244053
2650243572
2675212516
2671034596
2654266596
2654426228
2653310212
2657512964
2662755861
2679585335
2645834262
2650020374
2624851518
2624917374
2633375614
2629253118
2629054958
2494837230
2499031518
2499047839
2247389631
2238992813
2222199197
2222405013
2218143221
2149001717
2148809013
2148808965
2148808965
2178365701
2190880004
2190881029
2207674629
2207760753
2174518755
2161937891
2222755235
2222758307
2273287635
2256453571
2256453187
2256449219
2252189394
2252139234
2250046434
2535217638
2539085286
2539023862
2547395910
2513923398
2513792262
2513788183
2245381431
2513816887
2513952085
2648178013
2639658365
2371149181
2371210749
2371312125
2371320797
2622962653
2555788255
2554735039
2579901863
2579721447
2580608247
2572210247
2567995459
2568065297
2551423249
2550246657
2550246144
2567158528
2600639232
2583877888
2588080384
2655149329
2663515601
2663842705
2681672339
2631283362
2626880166
2628780966
2628797862
2628836502
2624629766
2368777222
2367925511
2237900551
2237899527
2221327127
2221294391
2221294391
2356574197
2362862069
2362833397
2379536629
2396297429
2390211781
2385945669
2654437701
2654437719
2671154039
2642338614
2633917302
2633970215
2633773607
2633773605
2633245485
2631152428
2631210296
2362784056
3436525880
3480508696
3459767048
3460209160
1579976461
1512866126
1512866046
2049806574
2066649310
2033106126
1764665542
1798224119
1781513697
3929912304
3929842292
3929584228
3929645668
2843271780
2826499684
2833991492
2901099463
2901226406
2766943150
2758543278
2758018990
2707883934
2716218766
2713133469
3786682524
4054852748
4038141129
3504482315
3504482318
1084238094
1101016366
1134837038
1118111006
1122878734
1123599630
1121486294
1138398598
1104851330
1155178881
1157276545
1147900816
1147913136
1143722976
1143699296
1143766368
3291278624
3295472928
3588662528
3618537732
3601694980
3601630484
4142705948
4142906140
3866081917
3866999535
3879513835
3845961450
3829187322
3828106078
3827564606
3827576870
3827572770
3840279586
3835829346
3835837906
4154619586
4272092866
4273469122
4275435202
4275418850
3201607651
3201607523
3218403175
3176464231
3177049943
3177183063
3177182839
3177043831
3210598263
3210598167
2925524309
2925387109
2791167333
2791167093
2791272661
2793370069
2810081749
3044955605
3162396101
3170786757
3170848247
3166457319
3166469607
3170657655
3170723159
3187635543
3187498327
3187507031
3221061493
3070066549
3067969367
3059578199
3059577175
3055382903
3078451559
3045052775
3028206919
3036602183
4110404423
4110220135
3025973223
3025973223
3024934903
3041707999
3041904639
3041851383
3075401687
3076450261
3084907893
3218920821
2950489463
2950559095
2816342007
2810173415
2776618998
2772432887
2772268407
2776454519
2776585559
2784982103
2784853013
3036492853
3036484663
3028100119
3025613847
3042909301
3051232597
3084799316
3084877652
3202350932
3200227152
3200096000
3197481728
3201807105
3210183479
3207959335
3174102822
3174102310
3155285862
3155384182
2886891478
2891132630
3167956726
3166772918
3166965430
3166969734
3049533382
2512666070
2512723062
2513771638
2513794066
2543182866
2677449747
2660668417
2660729856
2658440240
2654262368
2654422464
2671117952
2636514945
2623674019
3164673698
3165668770
3165701607
3180391879
3218124229
3209801541
3205606981
3205742149
3205668421
3209862757
3176322917
3176253285
3178612341
3178751557
3178719045
3178757973
3210083701
3218472309
3218472055
3218464119
3218560343
3210106710
3210180438
3071612918
3042252278
3042383318
3034526918
3034395894
2495419559
2512215287
2512256213
3053313237
3078397013
3078399061
3044844805
3044976389
3053360661
3044967973
3040710181
3040661045
3074289173
3074418549
2805331303
2809513319
2784478583
2784425303
2782394134
2765485878
2773804343
3038110743
3071636533
3071562789
3054830644
3059119172
3070131652
3063828164
3080605333
3082145429
3052732087
3052730039
3052721846
3027751574
3027657350
3023528630
3023332007
3023329191
3027523046
3035981015
3032345847
3032284663
3053313367
3045059911
3040864087
3074422549
3074422549
3078518039
3078511895
3077463319
3052342566
3052145954
3086761250
3086820626
3070194963
3070055731
3070219537
3070226705
3061764417
3061764417
3078607169
3040727381
4095603061
4095603069
4234016109
4234018157
4242401577
4238342459
4259174715
4284274714
4267505738
4265432398
4265492814
3191472607
2675638783
2650481583
2629444525
2627413668
2627284660
2627218100
2643996580
2677857700
2665268652
2665252284
2673643997
2625479943
2625479942
2624562998
2624501286
2619851302
2619654694
3173372518
3208041814
3193347142
3214260294
3214190598
3084167446
4149717270
4147568414
3073819407
3074343197
2793259053
2810048556
2818438204
2818563356
2808078197
2774392551
2770192103
2769045239
2752333527
2756658903
2766038519
2761911525
2763881701
2784818421
2816271573
3067995223
3068129559
3068122943
3068124727
3059613238
3057482295
3208346167
3207225109
3173928197
3178218581
3052191988
2763904197
2768163969
2768168065
2766138545
2757228449
2757088929
2752828133
2769580645
2805428757
2809475613
2816750141
2816747311
2812558634
2783714410
3036417274
3036613834
3036030154
3036099787
3035977163
2490701817
2507485161
2541170649
2541172173
2549499085
2545401967
2545274991
2545410079
2550133007
2541547831
2537334055
2537532727
2503932759
2507603927
2507593463
2507522775
3044131525
3044131799
3041973231
3041977711
3050368359
3050699063
3050822439
3084240766
3077886782
3061113631
3061076799
3073835327
3040219423
3023446301
3023514909
3027712316
3036023164
4105656653
4105566413
4105492685
4122250447
3082129630
3070075102
3061690838
3057570294
3056522214
2989388390
2993563234
3019386466
4055641958
3785104854
3768335558
4057806023
4049343669
1897661605
1931281588
1930376340
856625556
575406724
583807620
868491980
868487704
836059672
301355528
284585480
283535881
283437577
1357159195
1357155130
1354008846
1421706702
3573384078
3565061022
3597578910
3593380487
3593401031
3593388791
3597599719
3598459237
4135329901
4160495721
4110382569
4099800521
4099729865
4107569609
4107569627
4107770346
4124487162
4151747018
3061232586
3057029838
3057033982
3059196526
3193299559
3210082151
3210041191
3179118455
3179117943
3179091319
3187606871
3187085591
3187109911
3186978871
3186676839
3186750583
3184782679
3184655319
3183537111
3217157847
3192053463
3193095893
3193161685
3195060725
3195334885
3212178661
2952123495
2950034791
2908218646
2908155142
2908159750
2908215062
2908083750
2910180982
2910148214
2908059350
2908051430
2907985382
2891252215
2899783767
2899779925
3034001685
3034002717
3036097877
3036625365
3053402583
3086966231
3070188678
3070088326
3070021775
3070214351
3061761487
3077236213
3039487989
3039422052
3026773604
3026773868
3052988268
3050959228
3084628060
3086717020
3086586989
3069768815
3057185838
3057245230
3057274158
3057274670
3078512190
3086956047
3086820879
3053270605
3052943069
2499479199
2499428319
2499428311
2495288789
2499360113
2499293537
2499289120
2432229748
2428101076
2449145796
2457787077
2453588677
2453572551
2520550503
2524749926
2533154862
2549932062
2549997594
2506055726
2501861678
2489283374
2489209710
3571341166
3566948222
3566754254
2513988046
2505599070
2233464926
2233387022
2266909966
2268987663
2256412935
2260624165
2260660773
2529067557
2528948833
2528941665
3070004839
3061616166
3056506662
3055985702
3039207527
3022430277
3022409793
3022390464
3023441056
4097195424
3840359072
4156497569
4139720323
4137559683
3617530497
3588166529
3504166357
3495787989
3506403781
3506436293
1354758295
1370356918
1387032822
1382822110
3526103294
3527213423
3527284270
3531542062
3552316974
3552345614
3552372238
3552354830
3550327310
2542445342
2542446574
2542512623
2547562991
2539162077
2535034829
2535100364
2535101388
3038434252
3040538988
3027788140
3036225900
3036287444
3036288405
3036355989
2490972567
2490902966
2490902958
2507745710
2541371278
2532979662
3601543950
3601388302
2544406830
2544410670
2477301797
2443754516
2447948036
2435353348
2468989684
2470070948
2470055604
2436499076
2449351316
2445030396
2445021676
2180518255
2180513898
2172174346
2180547674
2449061978
2443815130
2478549194
2533009610
2524687466
2518384697
2520416264
2519658504
2502877960
2485543464
2485550699
3026606826
3170126510
3163880094
3162811534
3212874974
3201466382
3069607951
3055996941
4129710349
4129694492
4129698332
4146987577
4101898793
4109895467
1958230507
1958230187
1958246537
1956182153
1423480968
1440515208
1459519880
4134965900
4129723085
4129731094
3055985190
3056443942
3060573990
3060591910
3085724966
3085786614
3085847942
3069054341
3069064628
3061580960
3061077152
3055838448
3055739953
4083348497
4049779971
4058164995
4100107778
4100371970
4100359682
4096181762
4100310307
3026513185
3034897441
3035908128
3052686388
3058986052
3059180868
3067242052
3066189428
3197322869
3201521239
3067098711
2523952502
2540720230
2539716726
2548171846
2548178119
2548251863
2515615735
2498969206
2498965062
2496669270
2496668278
2496934262
2497122678
2499229054
2230656374
2229016950
2220628822
2237405966
2236428046
2244830494
2173460846
2173464686
2173452527
2178728125
2178732444
2170418588
2170550172
3240023964
3508457372
3510566300
3508464780
3491687564
1361046669
1360452751
1394011534
1443180430
1443638958
1447837358
1457264366
1455163310
1454207479
3585007687
3567689735
3701911554
3697311794
3693129762
3693125666
3693126967
4230070069
4235377252
4252162788
4285680332
4285598412
2535463772
2518687549
2522883375
2531271999
2527408446
2461471038
2193043774
2207719742
2174497062
2174513447
2157752615
2157482213
3229123749
3223882933
3225262229
3508451461
3540433029
3523652805
4060257477
3527588981
2520973111
2520935991
2655137302
2656185942
2614312566
2630883046
2626683878
2628780518
2628845733
2627797405
2631954828
2619408332
2637204428
2668804556
3724716108
3724781597
3737233437
4270305369
4274360521
2656419993
2636038313
2619273641
2619271081
2622484141
2622323373
2630187629
2492758589
2511629117
2544135228
2527353916
2464482356
2254831636
2254831893
2279997973
2247492343
2230649511
2230584998
2229538542
2229537774
2237929726
2405709982
2385979534
2385918094
2253794446
3327271054
3352551558
3579163062
3562439079
3560342437
3560407444
4097085508
1949605892
1949605892
1948558388
1948761396
4096178725
3761691175
3761687142
3788917478
3783708614
2778121031
2780226309
3082117652
3076809276
3074187820
3074171436
3074295340
3078426476
4122479804
4122479769
4105702555
4105831562
3573163214
3560580174
3560582430
1417291550
1425897246
1476162334
1459413774
1182458125
1182454028
1182318616
1182285864
1180173672
1146763640
1289366488
1285188345
1285221118
1285095102
1289520894
3472655326
3464331470
3463098574
3731534038
3727335638
3727339730
3744116946
3710623829
3711950964
3711791212
4248596840
4248072168
4250233577
4242012859
4237548186
4237400714
4241525642
4240475530
4232106186
4245803226
4279398654
2133991855
2100437413
2083731361
2085697441
2094081697
2088838833
1553146515
1418934146
1471354818
1453411650
1184951554
1184934194
3336612130
3353406770
3320937746
3321038098
3320844578
3354403170
3266392546
3266445797
3266446212
3264430980
3337655284
3325072684
3324022060
1176803608
1176938760
1093052424
1076275212
1081003277
3236842829
3303802349
3303809516
3303826412
3317687205
3351175573
3334398341
3267265409
3266282371
3270280102
3257697190
3542918118
3509444926
3509416206
3576459530
3577488698
3573360938
3569289514
3569223994
3233679626
2241726730
2241662218
2277245706
2276262682
2276340542
2276074286
2276074286
2276160294
2243744038
2247934247
2247917927
2239529957
2222752740
2222887860
2222891924
2222827412
2218565012
2218560948
2218757556
3309231492
3306581124
3306564740
3306564992
3306634673
3293916577
3562483633
3570759571
3570791043
3583488707
3602289603
3602350403
3601104931
3605307427
3592740897
3592736805
3577020453
3560312119
3692432190
3696699950
3705088622
3700898390
3449232966
3449100102
3432334146
3453338387
3453006627
3478168353
3729896240
3595744592
2524099648
2524091584
2520155328
2520155328
2503460337
2486657761
2486641377
3023381220
3035898596
3031708396
3031700716
3031698684
3031698508
2498907148
3581082637
3576882447
3744523838
3744495150
1580230202
1580297534
1597324350
1601506326
1342049350
1341785158
1335497031
1322934865
1322934865
1182491216
1182528464
1182519761
1182515585
1165705603
1148802967
1148798647
3304677038
3302616750
3298618030
3298618031
2223810971
2241636489
2275261595
2264700075
2256323067
2251146207
2251191070
2255364670
2263818798
2246845230
2225873190
2225606694
2225799170
2230009858
2230895617
2222492752
2222501088
2222631376
2238364224
3345648192
3329067584
3593256528
3593319696
3593461776
3593363479
2520196134
2517969958
2516924454
2500270374
2219256342
2223320582
2223253006
2223256094
2223256126
2172913198
2206484334
2279394798
2273167599
2273303007
2206202319
2206038477
2203941341
2237651453
2237594109
2245983741
2246045167
2229075439
2245910015
2246049245
2172513741
2172442077
2172440045
2172624301
2170470329
2178853785
2212408201
2212276889
2187102889
2182908843
2185091419
2185198623
2200841279
2167286831
2154702127
2164142903
2157851141
2157785605
2156676721
2177682017
2177420017
2169428947
2199808851
2182953267
2183073842
2203996163
2178834435
2174623751
2176593967
2159822127
2178730793
2203880297
2186976235
2182790139
2182724043
2251863499
2272965515
2247799433
2222629513
2222629608
2239341292
2539167724
2522667500
2524772588
2522642537
2518440027
2518554634
2266901834
2216568650
2231247674
2226795310
2226656110
2226655598
2226663790
2159556095
2164000215
2164000181
2180861365
2180939157
2180967573
2172452020
2155661476
2151651556
3225335892
3239815428
3508120836
3507069701
3540755205
1393197581
1942651453
4085957161
3515470377
3515405864
2445826616
2152299032
2149132808
2149067080
2161645641
2159871051
2160001098
2227056714
2227056734
2227056686
2231328806
2222842918
2218784786
2218457090
2252003650
2188020035
2188021699
2196493009
2196566739
2192364279
2196550311
2196550567
2197594541
2180824493
2170337677
2170329485
2199885973
2199828629
2204022983
2269029575
2541658327
2541678807
2540626389
2473519093
2473426529
2469136929
2469923377
2436446737
2438605317
2161782549
2157588277
2157455157
2159543861
2180517477
2170031735
2170031743
2169294463
2177732607
2161032687
2156834215
2162140565
2178725253
2170324357
2472312980
2535363829
2501815541
2501814501
2503911655
2503928291
3074357747
3057549187
3061712771
3061781383
3057591255
3061658615
3077914471
3052743471
3052742975
2515822911
2543085599
2547262479
2530484239
2470773023
2437284221
2160461693
2160476031
2156272255
2156137071
2160353086
2227500814
2227482910
2240065854
2509017134
2514256942
2539424894
2266601567
2268715231
2268813565
2268731613
2268736973
2537170639
2548708989
2242581117
2243637885
2243441277
2243457661
2243487597
2228782573
2237173229
2237173245
2237373885
2354757053
2354750911
2623448989
2623387549
2623387293
2635966365
2635984797
2635463101
2635426221
3172411821
3038128541
3037872013
4149352069
4132569756
4140921500
4073747164
1926242637
1926258715
1917870122
1936778282
1882389546
1881328650
1881557002
1881529354
809274650
836603690
866094955
2005766091
2009905099
2001176523
2001119146
4148619178
4148585406
4115092382
4115464638
2496467374
2626627054
2626561526
2626628950
2626436374
2374774566
2409375526
2258375206
2277245487
2277245471
2242642461
2242707996
2381071324
3446198716
3441984920
3441984664
3475868808
3476461704
1328986568
1311943240
1316154056
1316219577
1311779498
235939754
1594896810
1560281274
1547829434
1556246682
215146766
217248526
207655702
207662630
224439079
502311717
535869732
525506612
507939860
369525836
1444331852
387334605
487998414
487982014
474232238
340012206
885271722
885271978
1954569658
1971570315
1971487369
1971552905
2009114285
4282427373
4261457781
4261654295
4262640918
4130518294
4130518326
3861020711
3865232421
2926763044
3195164772
3193129076
4266662356
4262472436
4262668916
4268899925
4277274199
4273014359
3736092535
3736087863
3736082487
3740293138
3732137986
1597171714
1567799554
1551010114
1558415698
1558415730
1559346675
1567731169
4252085728
4283546976
4283538720
4282498352
4245794096
4229145873
3960706833
3962799379
4231251234
4233352290
4233450722
4233434275
4107615395
4107746455
4158012805
4141226645
4139059879
4139063991
4138023575
4141887174
3596625350
3726663750
3726864454
3743604742
1600316470
1575220274
2112068883
2111937811
2108800307
2092152113
4243690544
4252078096
4113690964
4113682804
4113789925
4113790693
4101199591
4109586167
4109458131
4109466322
4105300547
4104252947
4238472979
4292997395
4141969411
4133560387
4133752935
3597996263
3732346086
3715502054
1559628374
1492589062
1492924934
1492920838
414984470
465052679
179834885
183107588
183107840
191758848
192819760
152839712
135016224
402926880
402925860
960788853
994433527
994171382
960600502
960600502
968989111
968997301
968998325
968998836
968998580
1002682004
440644244
440644244
977515445
2051248623
2034405743
2026026287
2026028335
2026028827
2026036761
2025967160
2013290040
2030059016
2063809032
2063993608
2051345449
2055472170
1535377466
1502019610
427950090
415371290
403054622
134492030
134490750
134490750
189037518
172392398
172365262
172299774
180629934
176435630
177041838
177001902
177010092
176993708
177059244
437227948
1594851704
1545503000
2084480776
2083433992
741255688
742365753
672963113
671910443
1762512426
1796130682
1779340522
1791865003
1791266987
3934564509
3938885772
3938886108
1783014124
1866969836
1829041820
1828993676
1963342245
1699092647
3888515238
3867543718
3867608214
4141154438
4141171654
4160209414
4117230102
4100812294
3559467526
3697879558
3702008358
3634895394
3634892066
3634889778
3634897970
3630719074
2285683938
3377906915
3394688129
3403080832
1246151808
1241859504
1241791904
1245982625
1514417891
1506094630
1489255982
1480855086
408174351
420751115
423896841
457471752
457506104
457497976
457571707
151518718
189201902
189199806
189191582
197645726
193262998
1266990518
1267056054
1267072950
1267204022
3385261958
3385253190
3385253126
2308439318
2310339878
2309291302
2292514606
2292567855
2310914607
2308829759
2308764223
2345452075
2337063467
2337112937
2336995689
2303437176
2303371608
2304416585
2304477897
2304347849
2373498571
2373812955
2373943723
2405417131
2413813931
2412732671
2412732639
2380157439
2380138367
2373846623
2407145031
2406033783
2415405159
2415409255
2396535919
2396595215
2405048335
2371547407
2371522847
2229121405
2229051885
2514265596
2447161512
2446105000
3005057976
3005123224
3007220360
2971569800
2703160201
3776848379
3776782698
3776782634
3774755114
3770577210
3770508043
3772574473
3772553993
3763112201
3771631929
3784227609
2731391753
2722993673
2718872139
2719916891
2789122926
2788024686
2792146414
2817345006
2813219934
2817417310
2817355903
2808893693
2808963293
2809029112
2817417208
2800634584
2800704216
2800605912
2725046984
2742873545
2709348553
2688377035
2688508363
2688447450
2692629098
2701086250
2699840042
2695645754
2695686666
2746018570
2733235470
2800337934
2791948303
2791948317
2787823717
2922045541
2938824037
2905276225
2775243329
2783698641
2783508195
2783475426
2775077863
2770883063
2770952407
2758501631
2762726893
2762987884
2762984252
2762865164
2758601228
2771185420
2788157245
2788119407
2788115438
2792178670
2800572398
2817351654
2783927766
2918088134
2897112262
2897079381
2913786996
2913786980
2918145492
2909695941
2905501383
2905480886
2943291046
2951219126
2951226806
2947359158
3215929783
3182244245
3169592708
3035391444
3035495780
3048070500
3047464308
3085217093
3076893959
3057041159
3057045303
3073822503
3073800055
3073795909
2816899028
2783396596
2783254164
2766501765
2900655511
3169111462
3185888486
3177465958
3177674758
3173411846
2909170694
2909168662
2918138982
2917613798
2917515749
2917463013
2918233701
2909832757
2903543300
2903550724
2903550228
2907940900
2916259876
2914422052
2914419984
2952167744
2950550480
2944201633
2805264803
2771666339
2770751410
2753973122
2758164370
2699378614
2699306934
2716099990
2745558406
2745556423
2745486807
2732906997
2741365205
2703681861
2703650053
3777393921
3777430801
3815507249
2725000481
2800575777
2796447009
2796475649
4004431617
4004415233
4021925121
3971526003
3975982179
3966536930
3962359015
2889669863
2889705700
2889771252
2910742612
2952204068
2918452772
2902210100
2902270477
2898208270
3164552766
3181121134
3181121262
3216508926
2646081694
2629554330
2629480586
3166417034
3170408650
3162028539
3157830633
2889525849
2906303048
2939856456
2922086984
2921972552
2922271080
2922263016
2922258924
2934914540
2931760613
2931756469
2931770773
2948457871
2912740751
2917002638
3172986255
3206539693
3206543852
2923257324
2927445884
2801562124
2818433548
2779701772
2762916365
2766423678
2766432238
2753844718
2754872494
2755003550
2687894670
3765843086
3774311582
3768904959
3785680991
3890735439
3883314447
3865558287
1919206719
1936475447
1936524598
1932404022
1932404002
1919824995
1929184483
1924989075
1925058689
1941840001
834544513
817287875
1888978643
1888783975
1624550949
1624549933
3762326077
3829636668
3829571116
2755827244
2902701612
2936332861
2919752237
2920707951
2924891631
2933213415
2929051895
2929588469
2795350229
2799610053
2770250948
2753471941
2753483719
2755543798
2755461862
2755400294
2755400486
2754871590
2759070006
2763274294
2763290679
2763913269
2761931012
2950540228
2921327300
2921263748
2920956548
2923037348
2922914468
2934449060
2796028324
2779251180
2762473804
2763530573
3036160334
4101578814
4101713966
4101963822
4101898298
3562935306
1373514763
1405495753
1388710857
315820955
315836826
315750810
306242954
33611914
33591451
33587321
18075693
3399724
3366948
7528740
10657285
10652166
1353091590
1353091590
1441241606
1449954118
1579978182
4197220854
4198020006
4198146791
4198163159
4198113911
4215157287
4163707431
3899401511
3903601701
3904117797
3902037269
3901024077
3921995469
1795466957
3943143053
3943013823
3930371247
3938751663
4207396031
4198912207
4194706631
4278594903
2667985191
2638617383
2542144295
2543259447
2256869127
2189701383
2189697479
2189713845
2189738401
2194441633
2202308001
2198129057
2164541873
2164743603
2164719091
2164698387
2164698387
2438245635
3520374019
4052522243
4052652819
4052128311
3783689847
2756087541
2751576757
2751572669
3959659437
3976367021
3976375721
4009879017
4010931705
3981529595
3964760571
3966842363
3966838266
1836267002
1869823482
1853046270
1727208958
1723014367
1723014367
1722883295
1720784079
1741890767
1691493839
1691489023
1687290543
615596735
615531165
619725517
619728349
1683028205
1951656047
1951557694
1949444110
1966218254
3609265934
3596617278
3735167534
3466735166
3467656735
2393902637
2394312237
2411128069
2394288405
2394263861
2392101223
2396295407
2387902639
2399965358
3473711291
3708806299
3742296313
3742300632
3743079240
1599760904
1583054412
1582896716
1599869645
1566508941
1432227247
1432235439
1423844750
1155401094
1147077510
1149043710
1148986158
1157374254
1086088494
1085596974
1102376238
1102423359
1134014733
1121423624
1111982872
1111982872
1380880920
1380884088
1376631528
1376558057
1376229817
1392941193
3540428937
3612771465
3587608713
4160196760
4126666904
4109758908
4038582957
4038484719
4038533862
1886663270
1882468910
1882468910
1882468650
1882660922
284501050
280437771
297221131
299153419
333219849
307005705
315459593
1380949193
1380882123
1376694927
1460581006
3558789774
3560837790
3565032111
3707507117
2629574892
2495357160
2545815752
2543789256
2514250968
2228546009
3570899338
3570899354
3562379706
3558186938
3574958042
3612775374
3598090511
4130770957
4129660965
1982128165
1982099495
1982215207
1731607606
1702239030
1691749942
1956054559
1954877967
1960579599
1415315991
1415062054
1415067238
1414016482
1422396626
1149848786
1150009554
1201328198
1186615303
1186604036
1118706948
1122974316
1114389164
1109932716
1378556552
1378473609
1379439499
1379434666
844660906
1926795434
1926799594
1929093146
1920639003
1919590457
1915674680
1898849592
1882079032
1345198616
1349388824
1358826200
1358695049
1354514319
1371300286
282902718
1356693662
1884197006
1884201119
1364632991
1398189893
1383247620
1382196484
1444999456
1444966693
1444946213
1461723431
1433547046
1441928486
1441140166
1420692934
1420495750
1421425287
1421356693
1442342549
1366876829
1400431037
1398595757
1398596783
1935437038
1943301166
1912071214
1375125806
1374077742
1348755742
1344565518
1346191694
1346232294
1347996646
281562087
277563841
277502401
299527489
1408951553
1382736177
1378542353
1378537987
1378533891
305055234
304925282
855394790
865618151
864554221
848974045
1918791837
1394499773
1394532781
1359263719
306481783
847546903
1921366533
1922542341
1926670085
4131300100
4131300164
4131291876
4097475229
4030393997
4030418589
4029229743
4033620910
4042010030
4088151214
4087616686
4087682302
4054258894
1894196303
1894198541
1885744397
275128092
275062077
275000621
275000367
811885623
807727159
811921783
829735287
836028271
865389439
918911831
911682503
924199878
924199622
357708423
351486645
881951404
881890284
613458220
1691396412
1829812228
2132850692
2116139285
4129528583
3861024262
3861299718
3878044358
3991290534
2913358502
2896450470
2897235374
2895173791
2903566479
2903550031
2903682317
3979519245
3982680349
3978514717
3978625309
3961856045
4231406636
4235594852
4237691092
4253424004
4287458180
4270681988
4270749572
3739108229
3739173767
3738960294
3755737518
3724288494
3699208686
4236244446
4244108750
4260687822
4258573774
4283739486
4283809151
3210188125
3205940569
3038233945
4111955832
4118181736
4151719532
4160034412
4258542188
4258542460
4241504061
3696235823
1410402606
1410533574
1413626246
348334470
360791430
377491607
377610389
381853829
1044492476
2113966444
2115022124
2117118252
1981851965
1981921567
1981979406
4129457678
4146512398
4251370062
4260819686
4239581607
3163607461
3163587813
3166743621
3154291716
3155602436
3172445236
3172314148
3073831973
3057009685
3061203221
3067499045
3063284261
3065447031
3082097375
3086235358
2507423230
2485393646
2489714910
2489715854
3572907150
3503645903
3503579359
3504107973
1356625364
1356621796
1373398756
1390290661
1381897093
1377698183
1379729559
1379668151
320090287
286531759
273952169
281288441
276909775
9624142
9620998
9498150
15756838
7343890
5314354
16147730
16180227
58122241
40271873
40796160
41910592
39616592
38568033
38581283
34401314
34368546
17704226
942850
71983618
81445446
1083802310
1083741845
1083743892
1136377732
1115406228
1111078292
1111282068
1111241148
1094459564
1412833772
1424369004
1420181292
1420237597
1151613455
1152674318
1169469310
1203021822
1186444174
3334308238
3333395358
3334386623
3334386093
3338445285
3615269093
3560760549
3560955077
3560889541
3560869317
3563032557
4093622253
4076860365
3531600845
3530507981
3526303405
2452564653
2473405165
2449287913
2445033192
3015463704
3015229720
2477293848
2477294392
2477306412
2477302317
2456331815
2519451494
2519452902
3056258214
3056257190
3074087062
3040532614
4116360390
4124747078
4124813150
4116309782
4116543319
3575392103
3579588389
3581356837
3707115809
3707111713
3317632257
1170150659
1170022658
1203527714
1316790306
1312731138
1311412418
1311409283
1311411587
1563135889
1546239665
1412021921
1412162215
1416127399
1416110511
1962418606
1979262126
1442397358
1473789422
1469791567
1201282319
1124011791
1131747103
1130652453
1139139381
1374073604
1354138372
1358398964
1347718580
3558313092
3558247620
3510011332
1965524437
1998943207
4146341614
4146407150
4158996078
4154724206
4154721630
4155254094
1991188495
1991913487
2012819471
1465397323
1427648715
1427651818
1411066282
1415195306
1419390638
345970318
278135439
9699979
15729033
24597661
52946092
40346796
40281484
317171148
317035852
316967997
325356589
321698863
321252399
321343503
304484366
304480558
308675374
317010471
318056999
313846323
318024195
318024195
374703363
374767618
375291906
392069122
1562284098
1547668690
1547536562
4231764386
4231772834
4244368034
4240041638
4105953926
4105826948
4104700596
4108861860
4029165796
4029158628
4029291748
4046335204
1936600284
1928216015
1925058510
314510030
318507598
310128398
310322974
308957503
1391030587
1386770813
1403613661
1357607389
284910556
16732924
1090474748
1157579293
1425823277
1425341997
3572804397
3564611901
3572869397
3590110469
1459394373
1457161157
1989841807
1996141030
1996202214
4130922735
4130922735
4147717375
1967012047
1950226639
1950223311
1895762534
1891450470
1891382902
1891119686
1352143558
1352144582
3235526102
3226150099
3242802385
3276354801
3276280161
3263693601
3247194659
3230450211
3230446083
3231490595
3233588514
2150403170
2234026162
2267715730
2251995522
3326012866
3325699010
3338343014
3266916910
3267125869
3283903080
3250382568
3506236392
3492580328
3492580328
3492776904
3492714952
3493766600
3506352601
3523130361
3523195613
4049449567
2958856822
2958922534
2959064358
2699012390
2761791779
2761924355
3076518401
3055542849
3055514309
3055223461
3057189799
3068658855
2812812463
3886561471
4155451535
4155387087
4257098959
1576414415
1551111535
1544553854
1544558350
1547978510
1573213710
1606772254
1313173022
1309107998
1310020414
1314128686
1322000751
1317806569
1317888440
1317400728
1199955128
1199937704
1162315945
1158449577
1092389275
1126088074
303997387
305561803
305561611
1379315774
1916182574
1916248102
1983233318
1985326886
2002103846
1968635590
1947616902
1881014918
1883112125
1886978988
1895313580
1891116200
1889286360
1889482824
1893476360
274476040
293347608
288317720
292442889
291898137
284429881
282331881
277089209
277219723
298199435
63251851
1195376827
1178620330
1178657770
1187050026
1204064810
1205113387
1205118779
1173661499
1308078363
3449196809
3717628233
3716449769
3754225065
3745835433
3741645225
1594345915
1561774474
1427555722
1410785738
1415041498
1415041978
1960309690
1960162219
1975826345
1732548540
1732621756
1711385788
1712432364
1869784301
1865610285
757072927
757081374
740368686
740438830
878842670
883032614
1017250678
1018169286
479214022
479226311
213948919
264419783
1590868935
1592958789
1995605509
1994556980
3873477156
3866141220
3864044068
3876626988
3842023980
3825246765
3826557479
3826741798
3828748846
3761636142
3766354302
3765321054
1617901663
1622095965
1621965021
1638742172
1991047308
1991038093
1991155853
1445888141
1445892247
1982772151
4151244455
4121420518
4055130662
4038337062
4055114254
4057276959
3541378655
1460943543
1446262951
1446254759
1453066415
1452543119
379003023
378957967
106352783
104231055
119680149
86043045
341896101
350481061
346224279
347243207
1423999558
1415619126
1411424806
1411424814
1411446318
1952964158
1952880959
1978570793
4289366120
4276652232
4009273544
4000886104
4013465144
3979974200
3979064889
3962217003
3962479146
3979772462
2905702702
2939191342
2939191342
2939192359
4013005845
4013156356
4013091124
4013095204
4013082916
4016294180
3982739765
3982969141
3848755061
3848623093
3848623103
3764736959
3764720575
3773110206
3773045694
3773069758
3768932799
3785750687
3819436173
3869698253
3874942221
4000736525
3996459293
3946062639
1798578990
1765090606
1765086510
1768162670
1772356782
681902270
683094207
679817357
679747980
679798156
696561548
700824268
734444104
734444105
1799797257
1778892301
2063973917
2063990591
2031049774
2035168302
2043032622
2026308654
2022048846
2039362894
2072916734
999101095
999035565
1003238029
994632588
990421384
990428552
990427640
990428136
726186616
709532232
2051978824
2068742731
2068742922
2035208234
2014277674
2014131306
2014066926
2014128598
2018404758
2022636422
2022367110
1485493126
1506460550
1540002774
1524282146
1515845410
3665327907
3665589552
3665645872
3665776928
3690975524
3638543332
4170045332
4169969284
4169968535
4169967782
4174166182
4182755502
4212051134
4195763342
4195774862
2048271303
2065642063
2065445423
2036081454
1757160750
1756970298
1756968987
2042173707
972626187
993532681
456658441
439883273
440017720
444215596
446320684
446283836
445437020
445426908
181176821
194677702
429558726
1486532550
1490986438
2019337702
4162626022
4161577958
3897336567
3913589461
3913589460
3909411572
1795437292
1762006700
1762007981
1745750511
1758333167
1754204398
1755121870
681389262
681338063
677176517
739029189
738500837
738501093
738629351
767729383
650284758
641963718
637593286
1980032406
2118415526
2126779567
2127498415
2111703197
1012807820
1021193156
481700436
481692181
1487146502
1491346950
1214571014
1227203078
1273475334
1269608758
1270658342
1520221991
1519180580
1539914540
1528503084
1495140844
1495140780
1495144860
420423836
420228493
424422799
458024334
423932318
432517566
461812175
532132125
530890028
518039852
505518132
505657364
505591828
505592836
505589764
511086596
1599504644
1556513621
1556545415
1422314374
3570224022
3569621926
3569707686
2492984998
2508637846
2542256774
2531062470
2524767862
2523719215
2532089644
2544688932
3047903024
3697942016
3710521088
3744009504
3743943712
3727305760
3739888640
3735692288
1609180160
1559766080
1289238000
1285107376
211421841
79305394
79379106
83377570
3933346
18104498
285266054
285253830
268534086
272794127
290628159
391358015
389129759
523484686
523292174
523554606
1064586286
972489770
968229898
955658250
418783498
418784026
408167978
407135787
415524731
432371545
432361817
432361817
432492891
432492891
432361851
432370043
423982459
423984507
458177819
458176793
441399577
449779993
449779993
449647640
449581112
449589369
449654905
449654889
449589355
986456171
986473839
1003289967
1003339263
1003077118
969520574
969520574
1003074494
994678718
977911742
986560959
2060302527
2060302527
2119153853
2114354429
1996897517
1963335149
1950748525
1893074541
1888880349
1890846405
1907638981
1911874525
1897198061
1897362941
822483353
826743705
1933999003
1934027419
1662429881
1645522873
1649714617
1676968729
1638171161
1622049305
1622057501
1617797431
1613553699
3828113442
4096730147
4096658467
4096657571
4105046913
4105047681
4121566849
4155195009
3601366663
3601350550
3602393510
3606587814
3606588846
3597153726
3597218238
3597218206
3555549518
1374548239
1357701407
1349297439
1349299485
1345174813
1345231109
1412339972
1412335892
1412337012
3564031445
3723417031
3752772038
3756835142
3740057958
3731874086
3732627750
3757662518
3686277927
3686280487
1542990117
1534601509
1530469717
1529483717
1529483717
1500120013
1575633629
1559806717
1557706493
1557703533
1548266493
1548594141
1566489037
3730741711
3730738639
3598549455
3594355199
3594514927
4130791911
4151730663
4099367906
4107608547
4107609507
4107746723
3570797970
2515999170
2541164870
2541164806
2541033734
2541510454
2545743654
2512184110
2494407198
2494542349
2494337588
2498527844
2418855588
2418887332
3492747684
3509467300
4067309728
1928214656
1927687360
1390813253
305541189
322253093
359932709
349643319
882252310
881068582
885553710
902351406
1066047246
1049268558
1049268430
1049268366
987271343
993567919
2066262189
2066462909
2117777565
2119876060
2119888348
1985922316
4149506332
4151660860
4151734636
4160120684
4153825277
4086810591
4085630966
4156872694
4148475870
4148540766
4145517918
1964495967
1897921791
1881095349
1881086101
1881082293
1881083829
1884690087
1960194726
1955803814
900801175
899769031
933274119
870360839
853585167
845256733
1914935325
1915131933
1982241836
2003735852
4151215933
4127175453
4126982717
4117546559
4117747263
4117690166
4117653350
3078584166
3053279230
3053278686
3053012447
3045019615
3045023583
3045031711
3052236575
