2281585191
2281582375
2280996135
2259946534
2259954726
2259696694
2274363446
2278557714
2169849858
2152188227
2152188355
2160450497
2160450545
2160581616
2168823280
2168757744
2168762865
2210771445
2177085925
2177081709
2176950639
3242243437
3239377277
3540375837
3523672333
1376151565
1443788893
1443830859
1464474954
1430914890
1414141642
1423578782
1419269806
1418253998
4236808878
4236808619
4236882088
3180110248
3180110540
3205277260
3188491788
3188561436
3188698676
3188615716
3188598820
3068004388
3063548000
3082430656
3036294273
3036292227
2964988290
2428113314
2427994530
2427995554
2448999922
2469977538
2467949126
2467949062
2500389382
2433534487
2504804869
3050166804
3046027060
3045500260
3045500900
3179653092
3184558772
3208675972
2902557317
2902566566
2936055526
2937118310
2939210598
2921842998
2925946902
2934335503
2930206733
2931170317
2950042637
2840994895
3175490894
3158718446
3168669678
3164540398
3166178542
2562196694
2560128198
3654853702
3680021766
3675892999
3663637767
3688803345
3646878768
1545490480
1545011248
1544945664
1543897153
1543910128
1288119008
1552885472
1603231424
1452133056
1457031872
1448643268
1381546452
1381739652
1398452364
1916440732
1916514492
1916383468
1916399848
3810387432
3814714088
3817728616
3783543417
3817098826
3818132042
1649685082
1662784106
1629229866
1612447786
1616643114
1889221675
815409161
815409224
899360968
383287176
375162504
371164040
1450607000
1450357928
1458812328
1471321752
1437775496
1418961564
1892721389
1892737646
1884381486
1882338350
1897989158
1898054694
1935803398
862068742
863117574
863175439
836030061
835488429
835488428
1942788797
1942985613
1942921101
1926149581
1926017327
1926017326
1934417966
1897816102
1881022498
1880498210
1880499234
1893141602
1887832466
1619401345
1619425920
1921474176
1917174400
1912914560
1913438896
1913439972
1644980135
1661808558
1930390942
1934458302
1942834618
1988971931
1452034521
1452133148
1452272412
1453058844
1454976796
1458119940
1449865239
1445593190
1429864678
1413087382
1415200902
1423852934
1423953542
350018287
274229999
811100845
827878073
861686712
861817273
845102265
840770713
839868671
845148543
844611902
854902046
872218398
837414687
816504605
816503580
821745980
811134252
806939949
806917421
1879672158
1884271454
1892516414
1892516478
1892517462
1355388486
1355392790
3520046390
3515780390
3583962166
3583437909
3616988244
3755121748
3721628756
3708849220
3742412036
3742494020
3725780228
4128429845
1987495783
1992213475
1989952497
1994154369
2002542981
1948082613
1948148133
4099818981
4110307117
4106177341
3568617757
3568625949
3623151885
2524378381
2532753679
2532757774
2545349422
2511819566
2628015918
2632204078
2489589550
2485458758
2490766278
2631275478
2631356855
2647945637
2680484244
2680550852
2387013056
2387061072
2383784304
2652350928
2652286405
2669066181
4149647047
4158031575
4120282615
4120220839
4124353701
4111786209
4095008993
4095172801
4095095025
4097180135
4096134759
4125559335
4154919447
4138150407
4138166853
4138035909
4138002117
4143239813
4160209541
4127179685
4126953701
4099698925
4101791791
4097073211
4097240347
4097239579
4252424715
4294429194
4277451530
4275087690
4266710474
4266967514
4262805978
4252398523
4244005549
4243727020
4243784356
4241491621
4228916883
4094699155
4115685874
4157632614
2006008886
2008177734
1941072069
1945299140
1937234164
1932839092
1916029076
1913943173
1930912199
1899414342
1889976870
1957069607
4104449828
4104448276
3563366676
3575950132
3610635044
3608301108
2538735367
2547123014
2542928214
2509443558
2509246566
2509242726
2242904430
2230326606
2230332174
2221959950
2219895566
2219882782
2488371519
2538704156
2454814988
2991821324
4065505804
4061241916
4060131876
4076920356
4076886624
1929386592
1912871392
1912932512
1925647537
1921913987
848171139
328077443
298717315
298720387
332291475
332200865
311225253
311225253
315157893
307930575
828022991
813338638
813596702
812482606
811892782
808771630
808775722
808903723
538438953
542501672
541575736
566675976
549898760
549883400
549839384
559211064
889479688
1946423816
1946616360
1879310888
1884030504
3767322664
3767326776
3817773128
3801004104
3802048587
3801857738
3795358442
3862483690
3862434538
3862434474
1731859114
1698312618
1693986990
1687688326
1686639750
1971860614
1971859590
1435259014
1167020166
1145463238
1145447174
1147020082
1155412774
1153302839
1153369365
1157438724
1148999940
1144572164
1126861068
1110088452
1110149908
3261630300
3270017628
3535373277
3533341407
3600454374
3604718246
3604587174
3612996258
3558544018
3560780194
3560190114
3559915683
1415711921
1558321281
1554127297
484453185
476080897
489744640
506635265
1047691265
1056145424
649105696
653305376
643018257
637577761
637577767
637599526
637670694
637670518
637665366
638780534
1725238502
2006255778
2006391202
1971399618
1568685762
1568691714
1505903106
1266819586
1250371106
1266951714
1268596515
1268267296
1236802852
1215826996
1210598596
1209700484
1477095572
1477285268
2014094772
1761913268
1795537300
3926375380
3993418452
3993156292
1845689989
1862407815
1677858439
1678902946
1679036066
1693715618
1689259170
1688211666
1688211651
1739677889
1991418049
919773184
911384576
910203952
1979759396
1979755045
1997650479
1729268255
1695730190
1997696350
2001802350
2001797359
2010317037
1943146581
1943228485
1909575941
1909510673
1892803105
1895031345
1890838033
4042438144
4034067968
4027763200
4044475184
4064345392
4064586785
4140274723
3871835254
3871769814
3863448822
3993340406
2903480822
2886646750
2886385630
2887373534
2820272862
2820272878
2826494698
2833801962
2829611770
2917684187
2917683673
2917668249
2909289880
2910529944
2910468536
2910460344
2919176632
3990689944
3990166665
3990099147
3989852170
3992051722
4025607194
4025593146
4021791546
4021795643
4022319577
4026120600
4015578264
1863929016
1830487208
1698301356
1680760236
1680244652
1684175788
1705049052
631303116
635496781
627108175
622984671
556006910
555900398
560093678
618813926
614684787
614561811
614529283
618789122
610384130
1679933186
1684256530
1868732178
1860345090
4007824642
4007824130
3999308562
3999574562
4000623138
4009602855
2935871268
2952315180
2809676248
3879211480
3843766168
3843698344
3843693224
3831302824
3839626168
3838052760
3967813785
1837176969
1837116875
1866474826
1862279946
1862755130
1868490538
1872422186
1773911531
3921194461
3921193356
3925387660
1832434572
1831373708
1831508908
3979017132
3845062060
3844591084
3848402429
3848532349
3789799801
1642184985
1642197259
1633805579
1633806619
1633810747
1633802619
1633933819
1633896923
1633896923
1642286555
1642266970
1642139930
1642144026
1667310906
1667312954
1667313466
1675832110
1671569198
1671579422
1639433998
1637664270
1636603407
1640797901
1627954845
1627967149
1628002989
1611283373
1611545001
1615731113
1624119469
1619336383
1635859662
1635855438
1635855374
1635853326
1669423390
1669390622
1669456718
1669440458
1736679898
1736544697
1740669880
1732282360
1728090072
1728285256
1728227912
1729277657
1729343483
3876841450
3876803562
1699955130
1699873178
1701970394
1710363131
1710306793
1704994280
1709188600
1709254088
1709385160
1742951880
1742849368
1743816536
1742776088
1734453000
1700968200
1700960024
1701021464
1696636216
1696636200
1830851880
1832039720
1832038440
1865601065
1865564521
1865564651
1836188139
1836188651
1843531755
1826839547
1823702011
1823533531
1821436363
1821437259
1817306571
1813242315
1678963659
1695728559
1733476783
1716700583
1716671895
1718842503
1718842503
1718711463
1718670503
1743836647
1743910391
1742923719
1734602695
1734471383
1734405863
1734377191
1734369215
1734563743
1734500239
1742888399
1742821871
1742756335
1725970809
1726031945
1717726285
1717728269
1717785917
1726043437
1726051629
1675849525
1638039317
1621253637
1625521669
1616997895
1613884935
1613954583
1616043559
3771780903
3766538023
3783577455
3787770847
1627709071
1627881103
1627799479
1627796903
1661416870
1673532582
1652628646
1652767926
1652697286
1652697094
1670522886
1636969734
1888706822
1888641286
1888735502
1888534831
1619054952
1640297960
1631886504
1694796200
1694927256
1694931336
1694678920
1695655816
1831920585
1831924697
1830895979
1830957355
1835147563
1835148331
1843602475
1843467323
765527049
631440457
635590089
618911177
618772441
618702776
618706872
610375064
627282376
1730314312
1713541144
1713541176
1713550648
1713548584
1713549096
1730326312
1696782121
1696711465
1700840297
1836106219
1836270075
1817362939
1817368043
1825828203
3973114155
1825631547
1841360651
3980519179
3842238219
3842234155
3846260203
1698694639
1632703662
1616059550
1615994262
1618091446
1626539942
1622214310
1622153142
565262278
596714950
579870918
579870918
578826446
595595742
595678719
562192347
562229195
566487883
566287179
557893915
558947659
559146827
559080283
559076218
559137642
567378282
1640075582
1673638174
1673765662
1656988442
1648800282
1648866843
1644674617
1661972281
1733209896
1699650872
3847062904
3843868121
3827093979
3826573722
3826741674
3843446186
3847620010
3858171306
3888059802
4022281610
4020576714
4020577114
4020581146
4020516666
3987482426
3991678234
3991760219
3991793145
3991919800
3988753848
3990717848
3990651288
3977556888
4013208504
1864738792
1864541992
1864609576
1864625452
1864629548
1831001133
1835158637
1835158653
1836277087
1844575551
1843518767
1843519295
1843461919
1835052815
1835122527
1836299646
1834078590
1829814654
1863340382
1865638202
1865560362
1868697898
4024569130
3886221626
3886102810
3886229770
4020469515
4020590345
3992209163
3981722315
3978236554
3978246042
3981252010
3989112234
3985049002
3918992570
3918996874
4187039178
4186989898
4191216922
4191200570
3921782042
3923228122
3919033817
3986669496
3990732712
3982270120
4011626408
4011626488
4013852008
4012290344
4012302636
4012106092
3877889132
3877852396
3982707885
3982708141
3991094717
1877165981
1877178335
1877045215
1876979551
4016074591
4016171871
3890477919
3890470879
3991099358
3982586846
3982566222
4016120090
4016247098
4016247082
4024636730
4020313402
4020321562
3886377226
3886509850
3887038219
3988541193
3992471496
3979921304
3980130232
3961189816
3965343160
3965670841
3973895611
3973371386
3990189914
3981932058
3981927962
3981796922
3981731626
3990218026
3986674810
3986605275
3988495512
3988499608
3990470040
3982335384
3978069912
3977615240
3979801336
3979768552
3978503144
1830889324
1864449388
1868762477
1877151085
1872842079
1872878671
1839246415
1839246671
1844489551
1829809487
1829879119
1829942767
1815262695
1832047974
3983721318
3983627030
3983635230
4016271678
3999404350
3999401242
4007791898
3873638682
3886487834
4020714266
3987676682
3987539466
3987227210
3987231434
3988288411
3992478120
4026037416
4015619256
4015750296
3978231192
3978196408
3967186425
3967242570
3966980362
3983745306
3983745338
4015334714
4023723322
4019662138
3885899131
3885895032
3885958488
1639204680
1635043096
1630847800
1662292280
1662034232
1660985384
1660985384
587436072
587433256
587304248
554142585
554097529
554105467
554138203
553990747
554114923
558309227
562509161
562378041
562311433
562311433
566507273
566572857
566574953
562379119
562305119
562829391
562829519
562829519
562829519
562919887
567114189
558758239
558758271
558758271
567277943
567146871
567147351
558758743
558742359
554548087
554679159
558872935
558872951
558870903
558739829
558756701
541979484
806220760
806335480
806327785
810531243
818919850
814725306
814659738
864991374
852409486
844017806
1913565326
1913565342
1645126062
3808864174
3812992686
3787761390
3783561853
3787964940
3762778636
3759415836
3759415852
3761514028
3761518892
3773040684
3836479548
3836611597
4121834505
4156449801
2009033741
2002573695
1997401071
1968139695
1968125359
1364001718
1365050262
1347879814
1410740662
1410736550
1412457638
1416939590
1420085254
1436985350
1436985350
1436984583
1336320772
1340457732
1332003612
3324375356
3593892204
3593887084
3595983212
1992423916
1921051643
1921051610
1926292938
1918124170
842285210
842924218
840835242
839786667
822354351
818152357
813974165
813822661
814998021
817016325
815835413
820045861
845211701
841116677
841093127
304218375
305201959
307258086
297820846
276887198
276876959
1350601397
1354795765
1103334212
1103273732
1103537412
1100390656
1370992944
1354215729
1358336289
1410765091
1410826531
1427603795
1377210819
1377223043
1377295762
1914165654
1917188518
1933896166
4056213990
3787763038
3788805390
3814560526
3814695710
3810501182
3792486959
3813458477
3821847084
3788259884
3780059756
3842911948
3876465352
3876330489
4132178157
4141354207
1922702479
1939485839
1906192527
278799502
282993806
274605470
6174102
22426038
30880182
26480982
11596086
10785063
14979367
15052071
283552007
1374071047
1130805510
1114016006
1181191542
1177835006
1446253054
1448350062
1456812334
4137640235
4154417449
4154450008
3583828172
1440534716
1410646188
1343505596
1342377149
1459756462
1426205350
1422011042
1417882210
1149464066
1150543362
1156626178
1089770755
1126677779
1109835011
1110363395
1114557779
1124027617
1124023456
1115497633
1111237793
1111237809
1111373237
1097732029
1102040735
1085119133
1085127325
3500980892
3505171420
3496782716
2423107196
2423235132
2960106044
2955518508
2955452969
2955542059
4029237802
4079487530
4066908202
4075292714
1919420506
1919555722
1915365514
308948106
317338762
313394058
330236558
330125966
28111567
28092223
23899199
19703855
53258285
57600061
65980733
65947965
133110047
133115198
120532270
120528686
120544982
24103558
300927622
279808670
280861342
280799647
284993692
272459932
271386812
271386812
271395244
271526572
820914860
816777916
816581261
816327389
816377583
820555367
812168551
812168487
837598258
862763058
846051378
841857074
841988146
841922578
841922562
841939970
846091522
850265619
850331169
866913893
820783861
812133053
275393213
350882461
346754717
1017648797
1021846205
1021846125
1013458221
1013529917
1013594397
1013586202
476596506
526960922
510370826
518627338
518557882
515408298
515409322
514362794
514427324
380344764
384481532
304789724
304798796
1378534604
1378537692
1378808029
1395544535
1366180598
1357858518
1353534998
1353464350
1089219102
1089219102
1080896062
1089149758
1084955454
1084825086
1084822975
1084772796
1084813740
1139319212
1109950632
36212968
103394424
371959864
371910700
372164652
371608604
472264973
473051662
485631498
412495370
1217747498
1216674346
1288497962
1284303338
1301083530
1300951690
1166709400
1167819432
1102639784
1098433192
1126745000
1110032808
1110111464
1110108264
36366360
304637961
309086218
309327882
309247178
317625802
334398410
292455390
288195454
321691966
304915503
304917551
304933925
304899109
305033237
305025029
305005365
300810853
279921397
279793285
279517831
279460495
275266447
271133070
271197599
275390911
283845289
280507113
279474728
279503416
296266264
313043736
317237289
309114923
309303370
305056906
305053834
305021066
321536138
808079802
812278442
816407275
816377391
816377663
837610557
858548269
858581037
539797804
607042108
615422540
615418588
750561980
1837935340
1875684671
2119154718
2115959838
2000500798
1949042734
1881802862
1894386606
1890196142
1890257582
1353190079
1369976463
1407725453
1109962125
1109966028
36284444
40609820
48932892
48924700
36358172
36390940
36337692
36313420
36330188
57297612
28002957
27871951
27851598
32041294
6842462
2631934
2959534
7220159
15080127
10881725
10833596
10813100
297068268
318022444
308585764
371491877
354782261
337823749
337795079
337774855
337775383
476527159
481651239
498953831
513595071
513340847
517530798
504947886
370689194
387583114
284835210
279587467
279579273
279513768
279461544
283668200
271116008
271118312
321453400
304708696
317277273
313081947
313507930
313438330
334401594
309233962
305040186
305117466
845981706
845981706
841791498
841535499
841682955
824836153
808071913
820646569
816451261
816320157
817376957
817376943
821569198
837317806
308896942
308897022
308890830
309053518
317626462
317626718
334403918
334280718
300787726
309246990
309244943
305041423
305037335
304975911
304931878
304905254
841496630
841627718
287979918
283773839
279579292
279513756
279527100
280503996
280502964
11035253
32039462
57472294
19687462
69761078
69892102
82475782
212490758
212520455
162058772
178823716
451453740
438866220
455644200
405519400
405448728
405465368
472578808
477878968
1018810040
884526760
884528809
363386538
313054894
308927918
304807086
304803006
304801998
304741582
304729294
304794830
292474062
284089806
279871437
279735036
279735148
296512300
292355372
1345183039
1412423470
1948954430
1953152542
1961400862
1957210686
1957210686
1957210686
1957227071
1974165036
1928990508
1918586284
1913472164
1913476276
1913443477
1912921231
1912982670
1917766030
1921972911
1385102053
1386146356
1454205460
1454123524
1474833156
1416310580
1416238885
1416239093
1550451607
1550390199
472396726
472408982
405333903
942185823
946576703
946519351
946514199
946584838
946572558
946515214
996912414
2054917438
2052754846
2118819214
1590337470
1591263150
1591275439
2063095741
2063144381
1517950444
1516911660
1495931940
409603332
409865476
417796869
417682231
1492448055
1490329911
1489281327
1506065646
1506056366
1506121982
1535629566
1536096762
1536094170
1535833850
3683304171
3688416233
3675801065
1528317385
1528331720
1528393032
2030727000
2030727033
2034921434
2043371482
2111363002
2140723114
1066971579
934850969
918065561
1450758552
1446761657
1378546873
1379593405
1379593711
1383849455
1400423774
1373406479
1356763919
1358869261
1358870029
1424995124
1424810788
4109164836
4100845868
4118762285
1562317629
1562326749
1595881179
1561736907
1561739147
1574260219
1555352699
1555356699
1572138011
1605692443
1601627467
1462165839
1462162382
1466319838
1441154046
1441153894
1437844774
1441854758
1473307703
3595887637
1443143697
1443356672
1443295312
1443643872
1397490656
1439237105
1422528965
1422537159
1423585791
1557938025
1549023785
1557494299
3755387467
4275411658
4273248970
4009012986
3998524138
3994325738
4011692778
2942022250
2944053803
2922049897
2922078313
2921930856
2804626664
2771008680
3857320105
3837397129
3837401481
3837340043
1907043739
1940596123
1924735371
1392009675
1382580506
1395439402
1882042158
1886236454
1626189606
1626182710
1638760486
3825041463
3792601109
3792629765
1913520452
1913520980
1661866732
1625243244
1620851240
1622948392
1891384089
1891383626
1358900298
1077682254
3981390
1884358
1036518
13496678
59613413
42643664
1116401792
1113223296
1111167104
1093341584
1076502176
1089089189
1085811367
1085827750
1085844118
1118346118
1114291526
1110085907
1110081811
1110081795
1109963523
1110155779
1093296659
2756130
1080756834
1090079650
1358494114
1354280098
1370203267
1407889603
1936425152
858367312
1932246064
1630246960
1664063536
1663940640
3777866784
3777881312
2703618528
2770682528
2758018724
2767984292
2762743525
2695634471
2695640615
2712151574
2712151302
2745771078
2997429462
2997374134
3068774582
3864709270
3876235398
3880429766
1984604167
1716356117
1997402117
1998446613
2101305365
2083921959
2082873891
2088111715
2090011234
2107054658
2123704898
2123655682
1586816834
3730632770
3732848834
3749347522
3573186706
4109996199
4109938853
4101566647
4097570231
4097474197
4118699700
4152322724
4083952548
3815516588
3777768604
2691652748
2967881052
2963789356
2963599932
2984567308
2741297668
2725552692
2725687845
2729935654
2730262818
2797371874
2818360226
2804696754
3073267330
3073252998
3056479622
3056348326
3080981670
2812678278
4122353862
4105576455
4105592845
4103430157
4107595544
4241812024
4233407016
4250712616
4249721401
4245524041
4280059467
4267475738
4269654378
4269432938
4269416686
4269416686
4286193830
4252640422
4235861174
4240052118
4103999110
4103884423
4103925445
4116489972
4145394036
4145512820
2786427236
2790565220
2806294388
2802105972
2735001332
2735032053
2735604461
2740860655
2746943406
2712147374
2745711790
2745711790
3018357950
3010163919
4080989391
4047430085
4051526005
4051452197
1904029989
1887314197
1350443797
1350439711
1358890815
1358760766
1358780702
1375729742
1907341518
1940896206
1923980751
4076634252
4076638444
4064063724
4064059756
4064272748
4080951908
4079907348
4067299879
4071424550
4072407334
4072432678
4143735862
4149768198
4095374406
4095628358
3558741318
3562946135
3571261029
3571201572
3571267092
3588043268
3621597708
3617334028
3617335100
3617357293
3617380783
3537684654
3525101742
1377619358
1394525582
1394000782
1362543054
1433887086
1433674094
1416896559
1417437229
3562825004
3571146540
3570125356
3565734428
3565738564
3566855748
3566756551
3566756550
3587973862
3579072998
3574923366
3608543270
3591766022
3595968518
3600179214
3331613711
1183112233
1472515368
1426902808
1410041352
1409974792
1951040264
1955170056
1971883320
2006497512
1981393064
1981459592
1983571080
1916485768
1915240619
841892778
849769130
849765034
849670795
849662345
862216393
270885064
270950488
270950696
275144489
283527739
295913999
379603726
379644222
379905070
384098334
1584189455
507134221
507167692
490390524
339444652
1951968168
2086185896
2094639800
1687919515
1687919003
1960623258
4114395338
4146905290
4130095322
4130013674
3882492650
4159317738
4155050666
4054321819
4087884425
4087884681
1927817609
1919499657
1378563485
1378497023
1399468334
1349144630
1345114118
1344598278
1344315670
1348830758
1354010150
1368689202
1402329617
1405561408
1397631936
1428045776
1360659956
1350178288
1358569936
1358569792
1358692672
1079796064
1075114784
1074021157
1090601847
1094862662
1094854470
1103243078
1103112062
1082396654
1082396654
1082985951
1083850181
1150975429
83584213
74997985
204005488
220905732
1328201989
1177192197
1177460279
1181657651
1181133318
1181715974
1458079446
1458078639
1990758829
1996001709
1717219500
1713021164
1729667116
3877363740
1695174684
1629093948
1612579628
1612583469
1627270703
1623001839
1622940415
1639733901
1922877581
1923057805
1922995405
1994305612
1981526028
1980280876
1980276780
1997066276
1963643940
4094326005
4229571831
4235933606
4239991462
4239930022
4103934614
4103938702
4103611022
3570935483
3495706283
1348221625
1350310536
1350507416
1374640568
1407778184
1391239561
1391296905
1382974299
1391366702
1408021038
1374478894
1348791854
1885698863
1885747503
1898321965
1931873533
1383466125
1389830285
1385980159
1386012726
316440630
310223910
306162742
306096146
842962946
842958850
842696707
842710017
908768256
908771344
1043054624
976875808
997811040
972645088
953758437
954012406
954012318
2019106462
2019105470
2027498174
2027498174
2089384630
1552449206
1553524375
1553523079
1576595605
1597592737
1597650097
1564097665
523897985
528355281
1609500401
1571632849
1571648209
1571611253
1609343588
1576837668
3724321316
3722224428
3713856316
3705664316
3701405468
3569278271
3569240366
3573373230
3715979374
1597967566
1597965454
1463484558
356454798
356192654
358299055
390606765
382266285
914919356
914982284
915972557
652779525
644591669
640393255
657301543
623739943
623297558
1680219926
1814437414
1814955558
2095842918
2091389542
2091397670
2091397890
2092638471
1553474821
1557720853
1556654901
231451189
264944133
106596931
104499778
1127007986
1093431778
1077694691
1081888992
3233792224
3233730624
3249464640
3270174528
3270035008
1122621043
1118435298
3535535586
3533204706
3536354402
3544735011
3507012871
3490379525
1342891533
1342760453
1359541813
1397245542
1380664038
1388974566
1389064422
1473867991
1440411845
1417346253
3564824772
3573196996
3569072596
3569196004
4121737980
3085738716
3068957404
3194917596
3194917631
3057308398
3057136366
3073909478
3040359398
3156742270
3169325150
3165336650
3182066763
4289390601
4273645576
4277774344
3726288924
3728378892
3728375820
3728326664
3727298569
3727298587
3748270382
3724149226
4239987626
4239933098
3700959886
3701025422
3432589966
1285036718
1280838374
1278742022
1329071878
1312485635
1580900641
1593417760
1589157904
1593483456
2121957504
1982496896
1965654192
1949867428
4097358764
3828988584
3829381800
3833592488
3841784489
3840730874
3836010842
3856982074
2783244334
2774847534
2770825277
2770740228
3827705108
3832952436
3830843120
3839821552
3838640880
3834409681
2761479794
2811809058
2797140018
3068905474
3056261122
3056498690
4130221058
4264436998
4269736231
4277928743
4271641389
4271645485
3734971189
1574839045
1549416193
1280006465
1275685825
1279884243
1280039890
1305201554
1321911682
1323024514
3461996674
3396976770
3422208434
3434783651
3703154341
3703106212
3703106212
3698895524
3694701220
3709463445
3743088001
3609122177
3596502417
3596571121
3755831777
3747357155
3581678035
3590202690
3573466370
3568223538
3584852258
3584598306
3588793379
4286098663
4281895125
4280014997
4278806677
4245236101
4246351749
4250543767
2113798807
4257092343
4257174135
2109526837
2113168181
1567891741
1546920205
1547122461
1412841245
1414929181
1960200701
1955973535
1976887455
1943317641
1920242057
1379369353
1378259865
1915138809
1915138665
1919199019
1642377002
3773082922
3768892698
3773139994
3840376858
3844571162
4112969998
3073274638
3073253949
3043894828
3051953700
3081244516
3064464868
3064476108
3068867532
3069846348
2522489679
3730534382
3747375590
3713824998
3714009310
3697166542
3697169614
3697242319
3570356687
3570095103
3582685935
1971873518
1904750574
1908943342
1901603006
1897474239
1897544893
1964905661
924714141
894173597
902576053
881082997
880919062
881955346
484549138
476094998
471901718
421571334
439658758
1514526982
1523054934
1523480918
1519319334
1540027750
3653943783
3654926813
3638092764
3638093724
3654872500
3713714612
3747223988
3729669284
3737924772
1585721765
1585918383
1591088111
1584857646
1563186702
1546432270
1546431246
1546431246
2087623439
2095549247
2087489055
2104796703
2067178015
2117530127
2117472783
2064777790
2031554094
2018777134
2029258798
2022706222
2022768654
1485967374
1489051658
138461215
147034415
1216521519
1233366398
1233366350
1233304910
3418594766
3393228254
3389234622
3389193630
3460711870
3470213542
3468640742
3468632549
3472630053
3330024739
3325842739
3257550593
3278554881
1106964224
1354432256
1354483520
1079625648
1075443104
1075443104
1343878560
1343027360
1343023264
1342490784
1891993760
4035360944
3515264656
3550406272
2461951680
2465081026
2196637378
2196701810
2196509218
2259169314
2275934246
2275942426
2276008970
2259232779
2196322313
2200504328
2267727880
2271910152
3355094280
3355161417
3317412809
3455824809
3445141929
3440935337
3423109560
1275642264
1275658744
1275794744
1275748104
1477110536
1478421272
1482668888
1499306444
1514453452
1514439821
440893599
1510445278
1510985950
1510871406
1515065710
1531586346
3653840682
3632872314
3632871898
3365485002
3365412234
3365468043
3367547531
3365647033
3364598445
3704468204
3704074988
3695358556
3691155996
3691155004
3708930876
3742497592
3725814552
3658885449
3663080795
3662938186
3671851098
3736862842
3720228922
3703447594
1555965226
1553212714
1280590137
1276421960
1543813064
1560583752
1594145352
1577560664
2114365800
2126948456
2127922200
1993637896
1725202441
1716883515
3860242667
3877019881
4095141100
4095625652
3021867652
3021867668
3028225780
3032289908
3031175717
3031183910
2494047022
2494046574
2494049390
2499561686
2508114390
3596519766
3596457990
3594297358
1446879247
1983815693
1983819785
1981460489
907984216
890145256
617466280
617470088
877491336
894181513
889479385
872702059
1011232810
1012296490
1020717594
1017092638
767400686
1874632334
1856799118
1848410254
1848541327
1865343415
3978715815
3961922215
3966046887
3974103783
3970180646
3835963942
3835963942
4104399411
4104403459
4108598787
3564908035
3493738307
1345979585
1362709729
1382664433
1927990467
1929024513
1929031680
1920577536
846962704
1916706820
1931386965
1948050542
1946945774
1946421678
1946557098
1951280874
2089758442
2107381450
2140930762
1989678410
1452817738
1452829818
1452911691
1453039048
1454932424
1471709672
1463324840
1966641320
1964867752
2099168744
1024359784
1028594476
1036466991
1036857118
969811722
1507731210
1507467578
1541013802
1272476954
1334375886
1334355342
1334357390
1334361229
1334418588
1603902652
1448840356
1446677684
3526003908
4062872576
4063011888
4063010849
4079263783
4096172918
4096190166
2754535030
2768162342
2762983973
2779306788
2779277412
2812815604
2808752516
2754223748
2754216580
2754478740
2758148788
2900361639
3974107238
4255132718
4238419974
4242680070
3705875206
3706792450
3694149394
1282544898
1305608258
1300627586
1300508801
1216619904
1216636304
1216476064
1279496672
1275236656
1276281856
1293061120
1312012288
1324591105
1318225938
1318292530
1581285602
1577103846
3724776374
3708195526
4245067398
2086570678
2094828198
1826400935
1825352111
3989615807
1833824414
1829105806
1829068958
1813192958
1813131630
1813123886
1691426350
613424702
615521806
884223758
888417543
822033413
283057157
282724356
277481477
294258949
327813639
311313927
312398342
311276038
315404902
315396838
843879151
843612910
822646506
1879685866
1879817210
1879751146
1883945306
1909107146
1909128586
2005598090
2009740939
2009743001
2009937576
2000959404
2000688556
1984114860
1984106668
1984106716
918565892
919612420
915433733
865138967
865188150
869513510
856800038
587308838
587308822
553684742
553748254
537757566
537888750
1615828974
1615837166
1611642622
3759128286
4027498238
4031692526
2966076398
2693446638
2693512190
2710288734
2710290253
2747987788
2991252300
3008062076
2953523812
4094366436
4094366708
4094238180
3825809636
1690925220
1837758628
1854576768
1855625344
1851700353
1849065601
774013075
774026147
790819491
741548707
741352163
745546275
745546275
619720227
615528739
883103779
883034113
883034113
497162241
513934401
245465537
241271169
237077395
236028887
503357287
503356199
507549991
1581755439
1581686799
1514659854
3658477598
3658436910
3372876074
2563377994
2560232282
2562415338
2562317291
2560145896
2560144888
2560139656
2581110920
2574823592
2570879404
2637598124
2671180196
2671127463
2668895206
2673679270
2504993410
3561893506
3570282114
3571324546
1423312818
1557411234
1547975842
1593842898
1308646402
1308797954
1314106370
1332784418
1341177123
3484532529
3465785104
2659426096
2659290913
2663682017
2663690151
2655514295
2680618662
2513312678
2514357158
2507999669
3576433844
3577502884
4097111220
4096189508
4095910917
4100108037
3831736855
3831532054
3827345943
2939202055
2920330775
2920518199
2924663333
2914173733
2901492517
2893094181
2893498661
2893498661
2901367605
2897177172
2913871557
2935890637
2927567501
3191354045
3057394607
3074167983
4118023406
4105177214
4105377806
4105320462
4237453326
2106779662
1603448638
1585882942
3729162558
4266492206
4262232430
4199326063
4199330157
4215570796
4215710572
4215778940
3125258844
3125803613
3125770973
4195302383
4278861230
4246340750
4097441934
4110024862
1421484223
1352212917
1352147348
1352148116
1347951828
270027796
272419856
271420416
305048833
309241153
309244355
309232067
308052387
1380745699
1376556387
1934009635
1364649233
1350493969
1349445137
1349449265
1953496624
4113488384
4147010048
4063185664
4066920672
4075584672
4075557024
4092461184
4058911616
4043190917
3569296038
3569099438
4038861998
4036233326
3505670154
3497367562
3493767178
3510544650
3611209481
4135495177
4141778457
4275021357
4275021551
4266641087
4127802030
4127982510
4128179118
4116591038
4108198054
3569235110
3569161382
3567002838
3571213510
3562299463
3558138949
3608605700
3612774148
3621161492
2543290916
2543106596
2543103540
2547299908
2533263052
2520695468
2520715940
2520720052
2520593044
2524717477
2549884069
2512129189
2511654133
2511641605
2545200135
3064245254
2997332994
2993067298
3006169378
2972614962
3022962962
4096140082
4096140070
4096141094
4118219054
1995770158
1723140415
1723300175
1991764173
4139051213
4134569167
3591405774
3608330446
3557966286
3560055406
3564184110
4105249326
4105249390
4105451246
4038864303
4038883517
2472331404
2467940492
2466953356
3507153292
3491688332
3491657436
3495842348
3505783335
2426799654
2493779490
2225351458
2230069538
2221672482
2238401586
2255111362
2264593538
2260395137
3267009664
3265894576
3530356896
3542932640
3509898720
3510032148
3542541861
3542541862
3542415142
3592748342
3598514198
3602417686
3734603798
3734670357
3734678788
2667226372
2654639620
2636826180
2553990868
2554232564
2558488188
2564648557
2560392558
2564045934
2630120494
2646896686
2676936767
2676932895
2542421263
2240306959
2237152045
2216168239
2218396030
2221545814
2229935446
2229945670
2231058758
2247672310
2279117302
2529734741
2529735108
2529738228
3058477924
3054349092
3189750324
2923334452
2856237932
2854006636
2854021069
2870919887
2837332663
2820018855
2824213415
2834563559
2830370023
2830392565
2828363989
2828429380
2828462404
3096898116
3117873860
3176615508
3205564020
3207594516
3174040356
3220189476
3215990820
3215991844
3182699877
3182708087
2650097494
2650590806
2642210646
2642209622
2675759602
2675693746
3221199010
3221199026
3221142658
3078530433
3078546304
3040273024
3038122688
3040154164
4113576740
4113572139
4099940394
1692537898
1956780090
1957828666
1419184330
1552681098
1552713866
1602782346
1586135434
1586139595
1522184521
1522180392
3401097512
3451431980
3426248743
3292006902
3292400542
3292400286
3229232830
3552182918
3535405703
3265856388
2192097700
2192093292
2183700780
2200478520
2166991368
2204805688
2280302889
2540279851
2536024170
2506788042
2649391498
3165553354
3165028986
2632229483
2619662893
2485396004
2486644244
2487103076
2487172068
2516323488
2527595684
2527595668
2527609989
2528896199
2264509494
2251917350
2267711750
2221599494
2221599238
2364141094
2364065574
2633549094
2566505762
2564542562
2564526227
2564337792
2555949184
2551750784
2570757504
4198414976
4195785456
4195781344
4208167776
4202734901
4202749959
4206944262
4261429358
3171094638
3154522606
3158706158
3168669407
3164475085
2629656269
2645880524
2683613004
2675224332
2673327884
3218579421
4275412975
4267040239
4262729198
4195628526
4195692734
4195758302
3943838006
3914494246
3908289318
3901784886
3901792774
3904938503
1765843463
1761654743
3909197735
3909278118
3892500902
3896662446
3905047022
3989983182
3987883982
4019251151
4023445471
3997230591
3993036271
3993001455
3993189871
3997318639
1870798189
1803750717
1770065165
1841374477
1816207647
2084774205
2093101925
2105725413
2105573861
2105574788
2143331460
2113973444
2118301892
1849866564
3863132997
3863132711
3881209383
3877078566
3776893510
2755580750
2755526990
2754347118
2754360430
2775330030
3853466798
3886946750
3886947214
4156234382
2008562319
1469591453
1368924572
1375408524
1367159180
1361929036
1361957400
287617592
287615528
811641400
811776523
811776538
274906666
1411679018
1413251370
1947763098
1966637466
2105054638
2108276142
3752573110
3752508550
3753555142
3757744199
3212484663
3206062375
3206145327
3145465133
4194032428
4177156652
4177140284
4164426260
4231793156
1547439696
1544894433
2081501346
2089816226
1015091378
2105692290
2122489987
2122491008
2126681216
2126677120
1715637776
3864103456
3866147360
3861948960
3861948989
3860901407
3995336494
3996278062
3996518446
3999664174
4008577070
4005517358
4005526590
4003389455
3890143309
3827228877
1679737036
1681835148
1681869484
1684884140
1689000621
1705777903
1723611694
1721510414
1725705486
1713184782
639201294
639365166
653979686
669679639
619430087
745373829
1814925445
1815056549
1814756781
1818983085
1823029997
1823029997
1873377839
1857632831
1861757470
1847076110
1847091214
639356974
645578798
803897422
749387983
745128077
606982284
607080636
606737837
606813869
619264685
1688812207
1689075374
1957443230
1958487694
1957962398
1962272718
1951706382
1953806597
1970579460
1969522692
3597441044
3593448212
3593381380
2653839876
2653815300
2675835428
2646409763
2646351910
3166462054
3166453990
2646098134
2648392070
2618966670
2618978954
3692700363
3692701513
3709480200
1561077816
1565337721
1565403337
1464170635
1465178251
1431604619
1439859131
3583153067
3749819323
3749753306
3750924298
3738342442
2524097578
2524228654
3061099823
3070137197
3204354812
3195978380
2638086860
2620011204
2620011076
2490052133
2498243111
2498247471
2494040111
2510818334
2242445342
2242539599
2225791055
2231087302
2237366662
2265692054
2533991862
2517210550
3591276934
4128151950
4129205135
4111903373
1964440253
1947668141
1679032975
1678778766
1680875695
1710239855
1706033199
1706045499
1974477067
1957965577
1424243209
1425357320
1425439256
1559686136
1603587464
1586283912
1451722120
1451729305
1451730331
1452663226
1456829614
1400313006
1345716398
1345728702
1345466782
271724950
275978134
300953542
333465958
308341030
308456454
308456454
375567366
375632135
384012597
384217876
375821076
371491620
506766116
1025290016
1008122640
2094446848
1960216576
1962838080
1953465552
1966055568
1898209680
1931879060
1931870885
1948451494
1961893542
4104141478
4104141094
4104140806
3567282182
3584093186
3621889282
3596793603
3597046275
3739648771
3756950290
3719271779
3723072739
3697837217
4231577761
4246237329
4279771521
4280165297
4263392929
4143842977
4139597489
4138479601
4154748209
4121193735
4125418758
3580224774
3577083190
3576977190
3608499054
3746977790
4292757374
4288665470
3214802239
3216874813
3221076237
3187649293
3179130381
3162281533
2887550508
2887619180
2770334461
2769941181
2803397541
2788688293
2801337511
2797212838
2814256294
3082759350
3049204926
3049073822
3053398222
3043698895
4100681181
4117427960
3790263000
3790230040
4117250568
4113068568
4113068584
4096519465
3828086826
4096448554
4109293594
4121856010
4121789642
4155342986
4289630602
4290687371
3086922665
3084706477
3076317868
3076347820
3055502732
3057520013
3074375119
3078434286
3177981294
4243403134
4243534138
4243534106
3702468875
3702460697
1571623192
1571583288
1551691064
1563736344
1561626888
1561631496
1560587081
1027911114
1061535114
923259274
1057374346
1058160815
2115125423
2118312357
1992475013
1992393157
2126557540
2143330596
1841340717
1825750335
1825741631
1834453806
1863621166
3994855998
3994988062
3994997598
3994894814
3996663998
4013490366
2942972351
3186239415
3165273781
3166183077
3031989941
3029888645
3034115981
3042504109
3042765997
3042835645
3042964669
3026113525
3026113140
3028283924
3028115996
3028099596
3023321660
3039037740
3009689644
3001436188
2997245964
3064394764
3064365133
3081601519
3081536430
3081536174
3060568806
3057447654
4129190354
4129169522
4062060658
4062122098
1897806962
1895708754
1890458438
816712263
816716359
279919175
296514245
334291637
310158245
1381802405
1380749741
1397522863
1363969470
1364053406
3511572958
3511560478
3243125022
2227841342
2241538877
2174430012
2174383964
2277045900
2277032844
3334005676
3354952100
3296445601
3292124322
3291303138
3290844194
3290889218
3290604802
3290604290
3345392130
1319539202
1319601922
1253347072
1251793504
1247554144
1228679904
1480133344
1480461008
1480465296
486479280
483661233
532948407
516173991
373302773
373308501
373355541
373355573
37796900
37788708
37789028
1111529588
1111591156
1120242869
3264054709
3247276471
3230642838
3230577294
3231359630
2159718062
2162743982
2217266094
3291007382
3291216326
3307922439
3291144453
1143660804
1143652608
1143912224
1143975200
1429121520
1462671744
1446677632
1446937729
1446478979
1446232210
1982972066
2117088162
2137006694
2095063590
2095063582
2090869311
2095346473
2112156969
2146211880
2121250824
2120071176
2114762760
2114750472
2114696264
1997197768
1964655305
1954169593
1958347501
4240114413
4237820653
4242024429
4258803167
4250483161
2101938649
1430986187
1430992267
1599811979
1582834074
1584935082
1584930986
1593320618
1190671514
116995466
133833166
1153053134
1152008653
1152041420
1152106748
1156096108
1143516204
1143646492
1147845132
1173264911
1118603830
1118080534
1122276142
1176797294
1176826095
1176789167
1193676941
1161168260
74844804
83761840
83110560
99888801
90449569
119812259
103219331
107102402
123879490
132310018
98675475
132164129
379890209
379890468
384084260
376741908
504803333
102666245
104775750
71188642
2834850
271283874
279672482
1353449122
1354350210
1354284675
1891154816
1945741520
1916385344
1916635152
1647098144
1647160608
1664066853
1630458151
1630421030
1630339110
1663832102
1663905830
1663967030
1669270134
603720230
565975591
1639718447
1622938127
1623138893
1891246925
1347961852
1343767468
1342703272
1346910893
1347234478
1351494566
1351510406
1351544198
1352061318
1085571462
1135911831
3269890693
3257303749
3257321203
3257359907
3257215522
3257166114
3336924194
3333288998
2527973430
2544865286
2511249413
3568214036
3572338724
3559687524
3577253284
3610959236
3608833412
3608817061
4149747111
4123796911
4123997599
4123989391
2111787918
2111828559
2102714911
2104813101
2088560421
1551656229
1551652149
1424737569
1425688353
1425690419
1417371474
1427663298
1444571586
1450900610
1459276930
1458488450
1458520194
371654851
858853827
823144995
827335205
834679340
914358824
914647800
1988422344
2126817673
2118428810
1845794954
1846447242
1700692042
3831398666
3835068970
3839267369
3828785724
3960775196
2887049781
2887082533
2887717415
2889614822
2901150950
2896956662
2896955638
2913867958
3082697863
4137561221
4140706949
4132380564
1917664948
1934438068
1934438324
1934370228
1934374324
1934373268
856433141
823927143
559424294
561513270
569919254
603579158
599384382
865661758
865654591
328845855
326879807
20704038
19458354
2651218
70783106
83558531
77201537
77218180
79315844
96085700
133048844
91060757
86334309
69499245
73459055
81846363
82870283
210940169
267564297
242396429
241347871
241614110
241534014
241991742
237797438
239064350
239006991
176092989
444266349
444129764
444129708
1513676940
1497006216
1479442584
1478923672
1483049661
1492621933
3635657263
3633359407
3704678974
3696291358
3696260406
3713471526
3755343906
3755868194
3600416851
1459233009
1459315152
1450886080
1463457472
1965725376
1965790928
1965602468
1965862565
4113342125
4151086511
4134324462
4160576750
4158264438
4116325478
4250542114
4233830451
2094682163
2094715153
2111487249
2111486209
2113571073
2138736641
2116782080
2116654192
2116870384
2049777888
1798254820
1747399588
1819554468
1823743653
1823804069
2092374676
1958034052
4155779716
3602196869
3604239749
1447359365
1447338926
1447338990
1993842990
1944494126
1910878254
1935966254
1931841566
1931845663
1932895261
1964301340
1946535964
1947126040
1951320584
4241410636
4237220556
4253941452
4274808460
3737936316
3603722412
3604807917
3604877527
1407066230
1373580582
1885088294
1885092390
1881086518
1881038342
1612641798
541914630
558662934
554470758
588025318
588028910
588110830
1661894638
1661872110
1934501806
1905158063
4052711343
4052246479
3515669455
2441927246
2442000926
2173632302
2211374894
2278449966
2278449950
2379035422
2378962747
3435924265
3637250408
3637315688
3645716600
3641518168
1527653448
1527656520
1527701832
957194696
957129208
961323448
969717160
969250232
1002946456
1002880904
995015560
2064489437
2030369661
2030467375
2034662702
4215721262
4207853870
4207903030
4207706966
4207731266
1514988098
1510761042
3725406562
3746182242
3721009190
3701082118
3703179270
3707443206
3439008006
3436909902
1283981646
1216872686
1216876782
1221083565
1221124524
1221321628
1212802700
1208594124
1225506764
1242209612
1242208328
3658131528
3658197208
3670587880
3666394728
3666392808
2593886952
2644218552
2627244792
2631434985
2621997805
2488831343
2648541223
2549999653
2520737813
2520656901
2535335367
2535334278
2547918246
3046774182
3180858790
3182956470
2650279566
3711450766
3711446606
3710594830
3694078990
3693963294
3710687294
4251826206
4290620430
4271877134
4270761230
4270490959
4270567917
4148724204
3574071788
3574268396
4094304748
4112131048
4116329448
3587839976
1434980296
1368132552
1368132488
9324938
8812938
13069738
1074062762
1141683610
1411285386
1411286414
1434366350
3589251350
3622609190
3614220326
3597443111
3727601958
3731804454
4268676391
3203030311
3135916838
3132705574
3132738822
4206486534
4210597895
4200112247
4195918069
4211650772
4211793044
3910068372
3910068868
3922643604
3989818036
3985491612
4018983628
2932626173
2865525230
2866553070
2858168430
3934000238
3946785918
3894290654
1818110414
2094934670
2090744458
2090667663
2090628750
2111627658
2118951322
1850515690
1867292730
1842131210
2094969610
1960477210
1952056890
2082150954
2082019882
2080967467
2026506600
2022390248
2023238792
2025336968
1490825608
1528058248
1309077916
1308795308
1312858533
1317052903
1585550119
1585615406
1452511791
1436788283
3567495739
3705838107
3697449279
3693398063
3627829291
1478233242
1495143562
1516122315
1524511181
1524507485
1524507197
1514938925
437003052
457450285
457449789
1002713449
969240939
407327979
407182555
407124170
415512970
432486810
155605434
189192638
1241970062
1246212494
1254461838
1317310902
1334092710
1334158950
1166458386
1167240722
1102233393
1102302496
1106496800
1399969828
1395771876
1377159604
1376110980
838879620
855657877
553668023
553803190
558038934
566489046
566291830
835759462
852540470
852724758
844286982
307483670
307359798
315973671
315973933
311829308
1368790556
1352027660
1088309836
1080027852
1081928332
276622989
293394333
316457403
316653753
316588249
291430425
1346299161
1345120569
1345121081
1076750907
1080945214
1089264190
1090273822
1100874438
1099829958
1099830098
1099497570
1132986402
3280543783
3285853221
3273275589
1127897476
1126878084
1093307012
1093635980
1106019212
1136427432
1388085672
1391898792
1378263272
1378266153
1378134313
1931782443
1898228011
1881448203
1612878603
1612874075
1633845737
1667420329
1651564733
1647342733
1664318621
1630694845
3848417197
3831643885
3839952431
3839886910
3839894030
4292879886
4271908382
4271980334
4272109614
2527410222
2527332462
2532576397
3588099468
3567134348
3297650316
3235780244
1079772836
1075581860
1077158053
1093935333
1092898855
1080345614
1080526862
1080465423
1344710927
1365682973
4092049949
4087848460
4089348620
3013509660
3016262188
3074982444
3037255212
4094193196
4094373677
4245568815
4259200102
4253965542
4254059666
4287399058
4262240386
4262240387
4262240449
4262372288
3993937620
3890125540
3852372645
3841968519
3833424006
1681669254
1611923630
1611989166
1632961450
1643578090
1738895978
1709500202
1705291035
1743038729
1734650120
1730455816
1730517272
1697027132
1697824813
1681047597
1680998463
1618096398
1685197598
1693524527
1691357743
1687162731
1736448987
1652820875
1652886409
1653475979
1922981770
1923051914
1929142666
1919168650
1361465786
1344693162
1344695979
1885694696
1889823464
4037339880
4037322312
4037325324
4037509644
2967962156
2959450671
2959454766
3022492198
3039220278
3072849414
3056954894
3061066558
3068930158
2997618924
2997554348
3001685132
2473275532
2485784972
2486837837
2499421727
2494113326
2494052142
2494053678
2494090270
2511063054
2280360158
3313010863
3441199277
3290205316
3289900164
1142349952
1410752704
1410818272
1414881377
1423140195
3583147522
3350363650
3338033666
3338029570
3338455570
3330054690
3606621474
3606623522
2543484930
3046801473
3046802644
3180895716
3176704484
2904074596
2937632788
2787031044
2787028068
2786510308
2788622756
2792821669
2791707318
2800157350
2766406310
2766930606
2699892382
2695769742
2762943182
3031181854
3047958814
2544642062
2523671566
2523806734
3329111054
3488489486
3451789598
3300266543
3298099837
3298561996
3298576844
2220681436
3290278140
3292506524
3326061196
3327766156
3336151692
3331953036
3604775079
3528753318
3507519718
3492972518
2418181830
3491931718
3505579526
2427512326
2544920102
2532327206
2532341798
2481997862
2443659373
2447788236
2448833868
2171491084
2171519244
2179911724
3249135660
3232292900
3236478996
3223929876
1076577316
1144661029
1144659991
1144659974
1144665350
1969414
6164230
16715542
79496790
79495894
95163038
128766621
1185710748
1185714840
1190043640
1181661688
1176943096
1176873464
1193585912
1164227772
1424261311
1416007870
3559301294
3575947430
3609624998
3592852150
3592873602
3597020802
3622639234
3589026466
3572245474
3572244962
3573297506
3573485825
3572441344
1475241732
1391393284
1383057924
1382926852
1382336788
1390475308
853562411
846200874
861077626
805445738
805462890
809689706
541124346
549751498
834964106
869239434
869244810
281981066
273674382
269443215
269295805
269312237
290389292
1922992684
1925089796
1991158276
1995224324
1982631941
1982369823
1982452095
1965703850
2084176554
2082092714
2088451754
2092440238
2092439982
2091391214
1554528334
1604856846
246115342
250242063
116011013
108658693
104530229
104407329
121201633
75162289
75142801
83464081
79269265
347706513
352039041
392859841
371949649
304730401
304948007
304882215
829173295
821832235
817642347
1889278315
1889290697
1893516745
1884787145
1884795339
1893044811
1888781930
1891929834
1883553454
1930374846
3592300174
3592299150
4141752750
4137222382
4137156654
4137160718
1471696906
1604902953
1571332136
1575726088
2100013064
2033944584
2030733336
2131396824
2114620616
2118828232
1582297288
1595822281
1494618537
1544954283
1548038827
1552228014
3699849902
3699452606
3699403406
1568955022
1585792654
1322533518
1247036062
1515569647
1517609005
1513414701
1512875053
439135245
440312847
440311823
437952526
438030366
437874714
404369499
408555720
148510664
1218055928
1218382440
1285294632
1285323320
3432835593
3434917450
3434909386
1336709034
1324189610
1315866538
1512493978
1513509775
1513517981
1513578924
2050253292
2050253096
2067030312
691299097
959734555
959735354
1014333242
1012350970
1012350362
1019682186
482811019
348589195
348523657
348263833
345126297
361903497
380781965
383895005
383819053
375434541
375432237
505525293
505524285
1042395165
1042395197
975417389
975418415
976401454
974296126
990019598
939688014
939708510
939716990
952562030
948392751
948204911
2021928301
1489250429
1489254733
1489386319
1489377999
1503005391
1519849167
1521813199
452199117
452207325
441721469
440738345
436478505
453255977
419701545
403497259
407757067
416084234
415797514
138974330
138982634
134870266
139080906
139072718
147723726
1217267406
1217269486
1217273582
1217395342
1266977422
1251250063
1255441823
1247052221
169119933
436510956
436510828
973381676
973381676
973381676
973529129
974024745
958267707
941491066
953877114
412684890
412955227
412688989
144188989
1216884285
1216887359
1217149471
1217145358
1217342158
1235111630
1251985294
180323230
183993279
181765037
172274092
168600044
168599848
168600360
453813032
403567416
403694392
135095097
139286331
139271963
147791691
147791691
143596874
143529226
1217269774
1217265678
1218314254
1235091726
1270744334
1336821078
1319978358
1336689014
3450655078
3450655079
3303919989
3303919988
3295539572
3295670644
3291476336
3291476304
1160704337
1160704337
1198518739
1198518743
1198518743
1206776277
1189999093
1206777333
1198388724
124614132
86865268
86865269
70088020
70120772
74314068
74314069
74445173
70250869
87028085
87028055
91222355
91222386
133165426
133034354
133034358
133034358
133035383
124646775
124777847
124777847
99480949
99479893
99479925
91091445
91222389
91223413
87029111
91223411
91092306
91091282
99479890
99479922
99611122
99611122
128971251
128971251
128971249
133035505
124646897
120452597
120452437
120452439
124613975
133002615
133002615
1202664759
1202664759
1168979319
1168912759
1173115255
1173180791
1173311831
1173312855
1173181815
1173214583
1173221749
1173221749
1173352821
1164833137
1164833137
1164964209
1164964177
1164964177
1164964209
1198518643
1194194291
1328395603
1328395735
1328397719
1332592023
1181597079
1189986199
1189984151
1185788853
1189458869
1181086645
1176580581
1159803175
1142957351
1144007975
1282420007
1286810887
211965191
161661191
178684677
182945751
1248315382
1244133366
1244133374
1245083134
1243046382
1247567982
1267495018
1217159274
1217192301
1217192300
1217209724
1212831508
1209681668
1278920516
1278924096
1149169984
1156432193
1173144051
1198502387
1198503409
1198503377
1198503377
1198503409
1198503409
1198503345
1198368177
1181593009
1181728688
1181720465
1315936177
1584371635
3731338162
3597116326
4269121958
4269056230
4277444902
4294747429
4252821044
4236042772
4231885332
4230705716
4230697516
3962127916
4016852780
4007939359
4003908622
4272342222
4275426494
4282672302
4110689470
4144245950
4128124094
4065209518
3537505422
3537440910
3537375374
3533193438
3518742766
3501895775
3501891917
3501766444
3505962540
