3822634914
3821587874
3817393634
4085890290
4052400194
4035618819
4099581955
4095457281
4097374496
3023629088
3179014688
3220854368
3221029489
3179086531
3089511362
3089499074
2556823522
2560965986
2561943842
2612013090
2595235858
2324703234
2324703234
2324704262
2323653894
2340431646
2344620862
2345681727
2345682747
2345782555
2337398139
2337397115
2337380859
2337380859
2337390041
2337521097
2337783241
2321005976
2320997816
2321390520
2589964984
2606743196
3105799900
3091117772
3090068428
2821632236
2888212716
2888143084
2888942764
2886888613
3976358823
3976358566
3976411830
3980476038
3972085702
3972216262
3972207810
4240508146
4237364706
4254473714
4254477779
4288098243
3751096259
3673232705
3673408769
3669082385
3673202981
3673204005
3671106853
3687887909
4206925093
3133191533
3133384173
4198675949
4194485695
4261855679
4261855727
4262879743
4283854943
1867927563
1834352651
1836519433
1819767817
1815575577
746052921
745917241
754223643
754227979
754227466
1836366858
1836360794
1765048570
1765261482
1746321578
1750216875
676471209
684860072
684856044
676729404
694096436
727396917
718874165
714613271
714613271
716710413
733536841
698913416
683186056
687381896
679065992
674871737
672905643
672840090
1763621258
1762047434
1795330398
1795326270
1796460846
1863545126
1796419622
1795305510
1799491622
1774322982
1770128758
2021854486
2021859078
2021735942
2021731846
1484793366
1484793366
1484792326
461382158
180564814
180556623
180376415
180384633
180384616
180385128
197426536
197426296
424148056
424074312
419945544
419793928
419728665
189111611
172467499
172418363
172941339
173002777
168624185
168636456
168632360
172892456
172630808
181016072
181011981
182126157
192499549
192499071
191450495
191454591
191454591
191487359
157941119
157918589
157921791
166302207
166564350
149787098
149787034
149795002
149787834
149921210
149920186
1216330682
1484761786
1482533562
3629969082
3629971162
3638302426
3638376058
3372168762
3372103210
3367974442
3367774058
3367772654
3382452398
3416010943
3414429885
3418628276
1262892180
1258435716
1224949124
1224760756
135296420
135325092
202500020
202471349
202464661
202471829
219265492
525580564
1072937236
1054973236
786535732
1717797140
1713549828
1713611284
1982116389
2116325990
2133639854
2099851966
2099918254
4230626479
4243205311
4240058573
4240124109
3703122127
3585633742
3590125006
3615248718
3615445066
3615428634
3623563306
3619382318
3618335790
3622526015
3597229327
3325613327
3323515679
3323511583
3596599883
1432244810
1425957579
3703465691
3703536617
3703339432
3707562152
3692619944
3694714072
3694776777
3697856969
3706241865
3706442345
3706364520
3699043880
3715886956
3732667356
3732525004
3732633484
1585062797
1585058182
1585054118
2138771878
1979539886
4110213550
3840717230
3840714733
3840719484
4100229644
4096035332
4028996100
2972113428
3006144036
2989372708
3001688357
2997493798
2997432358
2997383206
2997404910
2997453982
3011087502
2971175310
2971441610
3021781002
3023874058
3023943690
2754608155
2754014265
2759224616
2914414120
2945844844
2929526492
3130799820
3151766212
3109823157
3095144103
3094881698
3094875362
3094875314
3094875266
4185402498
3690491010
3673812098
3669687426
3671850146
3663324326
3659263206
1513774966
1517968918
1583950367
1592273613
1593387660
394148748
394140812
387187900
353632428
387395772
324415628
324084168
334557976
65065785
39892763
39886619
39880986
107395338
103201034
237418762
220694794
141397259
150897691
148815947
147775691
138797279
135061991
135061925
407873185
416196257
411735683
948668035
969447042
977907346
2048638610
1780125330
1780191154
1779995811
1782097061
3928531108
3928547500
3895095740
3899282092
3966370532
3966371557
3966516855
3974376246
3974113574
3852535846
3869378566
3869382662
4138871814
4134612038
1984963814
1985028326
1993748646
2006323630
1973354990
1419248617
1419297368
1419294216
1423485448
1417194248
1463658760
1447012376
1581168648
1446941771
1983824074
1983824010
1998242238
1952080558
1960452783
1956193965
1958225597
1962436316
4100482684
4100486717
4100519471
4234735167
4243123774
4259970846
4293774622
4276929806
4209623306
4201366299
4202353193
4214941225
4215137832
3927746088
3931942200
3930893432
3939284185
3938841817
4199018703
4211503583
4161155583
2084966775
2084963639
1959071027
1958755361
1976577121
1464892625
1448496257
1383515521
1391903105
1388233091
1405043075
1375158723
1349849443
3497292067
3497291557
3505777188
2427644468
2494822916
2511649284
2530523652
2529467924
2521092652
2521059885
2655261230
2656383598
2666803822
2683576806
2627732711
2627732721
2560626896
2628808768
2631000064
2354504449
2350309891
3291899430
3560909094
1345062950
1361774690
1361713346
321529990
321528966
309919878
310100919
318427813
312128164
1384690660
1389138276
1397523812
3507265060
3510939172
3519344175
3532115502
3532052070
3531797094
2525159910
2526142711
2530525429
2635371765
2618729668
2618730436
2621351620
3707672140
4240282143
4256995118
4210873646
4198265898
4198245434
4198375434
4215152970
4169011562
4177462634
4170974330
4171005003
3097290825
2575674185
2592517833
2597766857
2589311627
2658419342
2658484922
2666742186
2662355114
2662346923
2662348011
2658151497
3744557069
3744655629
3744639247
3744901407
3749095710
3730214174
3730277711
4266103239
4266045895
4279665093
4279665604
3172308964
3155492704
3088345888
3161799456
3161800240
3170186800
3170185776
2629251603
2628981266
2662348514
2528131490
2528118946
2528381090
2530498694
3591824518
3574521990
3289292935
1142862213
1146787333
1148763685
1147726373
1147726369
1294527265
1328082193
1579741201
3732504593
3732570113
3663364096
2614795520
2610596416
2579073776
2629417700
2631460580
2555929325
2553815786
2558010090
3102220522
3098021098
3165391082
3169601774
3162228958
2639985743
2639978572
2638930252
3741999564
3743032268
3743031996
3715765940
3757704869
4288218799
4120384430
4124860922
4144820298
4144862219
4111449096
4245666056
4245662232
4245465640
4249677368
4249625113
4257546779
4253483642
2627076842
2627146218
2629054634
2629073066
2631203003
2622797961
2500307080
3608586376
3524700040
3525218952
4068393625
4076487339
4076545006
4076347886
2474123366
2973254695
2973484087
2977604615
2967123205
2962800388
2979564044
3046869565
3080362861
3055287279
3055046575
3189584798
3189711502
3195937454
4290716586
4256432554
4238606506
4108582987
4100993033
1412508680
1412507912
1412638984
338848520
896957211
905367370
938985418
938787722
368345530
905216490
905294202
938909978
922133819
376941883
1450552425
1446358249
1379398841
1396031641
1883226249
1884733833
1893135257
1891033769
4038451945
4038107769
4058030649
4158694953
4150324777
4150295099
4146076442
4112521514
4112717930
4150662378
2003173594
1441136846
1441141198
1425412566
1425367910
1423237927
1423221027
1423289633
1425455377
1475778817
1457948929
1986431235
4129720322
4129590374
4129592422
2922688614
2923344230
2923356774
2944328422
2919195367
2901963495
2893558495
2918720237
2917667309
2913469548
3182167148
3169590356
3022990340
4096665604
4097714436
4101380948
4109700965
1471485205
1459049733
3606954240
3598577920
3594510608
3611223312
3548315408
3514814320
3520909216
3504168625
3571349123
3565027970
3564962482
3564376994
3572765090
3572764834
3622053106
3605343426
1450649923
1450651457
1450538577
1450472037
1458860653
1458926445
1475834649
1425458955
1155976970
1147525914
1416424234
1412229930
1412230442
1417452666
1425900794
1472103583
1455333517
1457430669
3594420429
3594485973
3594355053
3594314031
4152223535
4110347823
4110343743
4109356895
4101787487
4101824511
4102026751
4125095423
4124931543
4150089175
4149695829
4151793461
4151834405
4152354612
4160747316
4160222485
4118147349
4101501783
4099396439
4099392118
4094972534
2483316262
2483305271
2505513271
2547398951
2527017063
2526874710
2526872006
2527023494
2527056262
2526917030
3623663014
3581707426
4097737922
4097225795
4096173057
4096173057
4096122896
4095828016
4112593952
4129494112
4133621092
4143123044
4139059748
3602135604
3600038420
3600033284
3338478092
3246338828
2164159244
2160063196
2157949624
2157821625
2157755055
2157747182
2149370862
2167982910
2168158990
2200856078
2213437966
2209248046
2259677998
2259219238
2275967574
2238218946
2217247378
2486015394
2487133347
2487135408
2486547588
3610625220
3591820484
3591824580
3524717772
4060507020
4064696973
4065151661
3553381037
3532148396
3532129980
3554218892
3556455372
3513393420
3588956453
3320389925
3249283374
3249280302
3282897982
3354265630
3330164750
3326003214
3325942026
3342724426
3309168074
1148961162
1157218715
1153024429
1150841261
1083732908
1104753637
1163863013
1142891367
1145004919
1144938839
1142911442
1142739446
1145369590
1153746902
3297152718
3565600334
3582372430
3721833278
3755256686
2660542830
2660279662
2664476782
2656092410
2651898106
2654196207
2654139887
2670880751
3578953685
3587362757
3587427780
3620789332
1456536692
1448142884
1376905268
1376966708
1913837588
1913838612
839114001
839367697
843551745
844071939
844090387
860605491
827030626
810253794
811220466
811206035
819659667
819925649
818754224
818754192
818755284
277298900
327510644
1452075565
1452076591
1456248603
1447671051
1443472394
1561912650
3696946522
3701107658
3432913370
2359167454
2363230575
2354855215
2354329389
2378658349
2407981629
2391122556
2660541036
2661065452
2667348972
2658766188
2654570860
3191454508
3191843388
3208555036
3175001609
2906571337
2939044571
2871280362
2858418602
2867860650
2867870890
2867861674
2851215579
2832346313
3100782409
3100780105
3100718905
3100914985
3096716329
3097263145
3097263229
2559339997
2563567565
2555211469
2555213471
2555336374
2563732134
2626515682
2625982946
2375304290
2377401442
2279916562
2280115266
2254888002
2254895426
2250701127
2250755335
2250755351
2255477781
2532240405
2532305949
2524818493
2524822653
2524943468
2524811628
2541548028
2505892828
2489246424
2488726232
2421579512
2421455592
2417257197
2417261295
2434222446
3009267758
3011298319
3017785359
2983915789
2430264148
2430460516
2430456548
2497533664
2497005216
2497126051
2505129650
2672832498
2656054386
2656052274
2656121910
2681417782
2648076310
2643915782
2643899399
2626989380
2631184324
2625408756
2637991668
2636025492
2668533460
2651252468
3053971428
3053807077
3058005221
3059635447
3084780743
3051226311
2497582279
2497656319
2512137711
2516331887
2549890351
2539400479
2505846031
2505909534
2505979198
2245920094
2240759758
2273953742
2273889983
2278096559
2546513583
2514003645
2505680861
2505810397
2505684445
2505618941
2535241197
2534981093
2535185893
2470109173
2440713687
2440984015
2441051599
2440904159
2440904191
2424266223
2424298879
2424231199
2431637263
2448225543
2448205079
2481763639
2483000614
2466173990
2457850918
2524968294
2541681975
2541681975
2508193077
2441043221
2440912149
2440912132
2440527188
2482468725
2482468853
2480362453
2480231415
2471777271
2470756839
2471806311
2438255975
2438327349
2438327557
2421652743
2421586247
2505997270
2514378742
2547998710
2531082198
2531014486
2522621270
2522363190
2270760998
2237333814
2231046423
2226795269
2226790924
2226726476
2358785772
2362967980
2353792940
2370650552
2370662808
2370692505
2353917403
2354362858
2354354666
2373237226
2637666778
2654379338
2654376783
4269192015
4269257561
4262961449
3994460457
3997082923
2923346987
2906572841
2888718377
2754485305
2754544856
2766930104
2762211752
3031896745
3031905961
3029677743
3029614271
2492739222
2496933510
2515873414
2507482822
2440394710
2439476566
2204562758
2472998147
2472981761
2472842545
2472850209
2472850213
2506470183
3044521783
3040255766
3040254726
3040787206
3074410775
3072182375
3054849127
3059184853
3061198917
3086364741
2511737141
2494698277
2494640935
2493522727
2493526839
2497708310
2364735810
2364739922
2364634466
2364667235
2624835411
2624819139
2637414338
2670964674
2654388163
2654379911
2658637703
2524312471
2524275623
2524263333
2524198317
2524198381
2532584813
2544315757
2678538077
2678406924
2376873244
2381059372
2381054252
2297364796
2297049884
2297131836
2289594925
2285433645
2283339117
2283334141
2283399628
2282482060
2366302596
2387279236
2391734213
2257506766
2257502590
2258485614
2193413230
2197603438
2188346622
2200862942
2436792798
2419823562
3497759433
3495548616
3495493320
3512269544
3508075496
3510238184
3543920104
1363076296
1904205901
1887424525
1887092749
1417330719
1434120478
1433068862
1441525550
3622432558
4160351806
4160353866
4150056650
4284270282
4250912507
3185485547
3185553387
3168120827
3168054651
3176453465
3176449336
3075981368
3075883128
3059093736
3195478508
3203736044
3199673327
2662795246
2662664174
2666794286
2608075806
2570855438
2552177678
2287608846
2291803918
2291795502
2293763630
2562248303
2566426333
2565386124
2558045580
2558043532
2554312068
2552149940
2567354260
2600906628
2584211332
2584165365
2584099813
2588807011
2665353058
2660960018
2662867218
2662883607
2667114583
2675700807
2369449411
3308969921
3313127121
3310962401
3587725029
3621316327
3621322743
3623418199
3581540359
3615221766
3611015190
3611032598
3615159318
3623538758
3623600214
3724099814
3698869414
3694738854
3694866358
1417296519
1423645333
1423449764
1425813156
1425813172
1434199700
1597322896
1578440337
1578383299
1314136322
1207383318
1168585750
1152154934
1151913782
3568011813
3567958756
3563821732
3559427716
4279811724
4267224716
4269321980
3862674988
3861888549
4130315557
4063202336
4046449712
3760616496
2754483248
3027108896
3052274720
3081703200
3065908817
3065907907
2526874242
2546735794
2496421538
2492384946
2491863734
2491478950
2626741158
2624628182
2620427603
2620565795
2620566049
2624776805
2650205893
3203854021
2658553735
2658553223
2520714406
2520521894
2524716198
3060542958
4067306974
4067375054
3530303439
3530041295
3546900423
3496634007
3497940613
3497938565
1356089029
1398064996
1381254948
1391949108
1391879444
1390898453
3521505335
3303532854
3295078470
3290613958
3307456726
3345272055
3337928821
3337928757
3333939252
3333874020
3350651236
3317094261
3305033557
3305097479
3295496454
3308091702
3324864806
3329060134
3329058598
3338495798
3338527510
3330270470
3313402886
3296625862
3296691398
3304817807
3305084061
3571291565
3562907565
3562923693
2488137407
2484993695
2619211454
2623336366
2623336430
3185371134
3184916318
2488791886
2507530703
2507535871
2507265261
3044265196
3042102508
3050478940
3050549068
3034033676
3031940636
3035995709
3026509423
3039565422
3039565422
3073115118
3073114350
3060531438
3081568430
3081704639
3081660556
3081758860
3064768972
2524748236
2520549644
3056579596
3056508940
3056508980
3073286181
3022963495
3026896422
3169470998
3161012758
3160943142
3156748838
3160939302
3181911158
3181972631
3047955607
3047963783
2514824327
2658626711
2652366263
2655249591
2655233173
2517742609
2519774209
3592463617
3592678661
3576102149
3563506951
3571861878
3567667622
2493991334
2494848422
2499046838
2502980862
2435904607
2468410655
2472666911
2481186589
2481190677
2477250327
2443675447
2448789287
2448920423
2440531829
2436275717
2436355845
2436232981
2977296693
3010979125
2977391989
3044504949
3027590629
3025493479
3025622519
3025606103
3042382278
4149551438
4157956382
4143281470
4143281454
4159995262
4126203358
4101111759
4099063503
4245851869
4245718745
4279281369
4283475929
3209934201
3218199660
3184579693
3178251373
3039957087
3037860351
3042063343
3050382062
4122288878
4122294270
4122295263
3719657951
3723876359
3711223815
3711219715
3694502915
3694567427
3715539218
3716072226
2684273202
2684273219
2667496067
2665434803
2598120355
2614897575
2648452007
2627546031
2631797391
2499612303
2507935374
2523666367
3605472685
3605406909
3605341341
3593737373
3610260621
1412441293
1412571597
1412572031
1425146414
1419839022
1419773758
1436559182
1168172367
1168155981
1303617917
1297256761
1293059353
1326618888
1312013080
1316088633
1324481081
1324841753
1324769097
1601569225
1544945817
1544687785
1543643309
1543594413
469821437
335603709
356578909
381720351
1187091773
1183026477
1188206637
1188145205
1188079639
1188538631
1171692871
1351780167
1350746950
3498230614
3498164591
3494965549
3490766889
3574652985
3591432201
3590383641
3594778939
3603155450
3532114842
3599142538
4119757450
4102984330
4107182747
4232553385
4232356328
4110725164
4279472156
4262699020
4279345173
2131877925
2098404455
4227996130
4232190962
4173470674
4173466578
3633450946
3633382914
3633391106
3685888530
3400733186
3415220738
3415532050
3382485863
2287768677
2283572460
2352580860
2369497292
2654644684
2654644620
2654646156
2658846364
2684043948
2650411709
2646225583
2633511598
2632455918
2355629422
2405960734
2389392398
2397711375
2393531407
2393629757
2393436223
2393427999
2411237407
2415505455
2413400302
2400830694
2367376598
2350521798
2350520710
2352618374
2356812694
2365078438
2381852342
2381866630
2415522438
2390553270
2390532710
2390663958
2280034567
2279903269
3353654316
3613703212
3542400316
3543465228
3524683016
1393975576
1398145064
1364590697
1897268459
1879903419
1879857546
1884051850
1900338059
298114955
323092361
323184537
323118013
331506591
315810783
315875831
315728359
1389408487
1381007607
1397851349
1349682501
1348634372
1344704012
4028939804
4028952108
4028918312
4083440168
4070984232
4139125352
4139060985
4138745547
3622836171
3614572778
3715309802
3698335982
3706724574
1492197582
1288774734
1284586766
1284602638
1305705230
1163131678
1192484206
1181799918
1190449358
1173676239
1157423300
75354564
68862292
1754900
8036096
15384320
15650560
65985792
40819712
36619264
36619280
36598788
36660228
53441540
19843861
24038117
32475875
29138595
27038370
64787362
64795042
58634739
1379836867
1446945475
1449049811
1444788977
3592268449
3609045665
3609063093
3575398325
2434547173
2438737135
2442929391
2443129966
2478772478
2478649854
2478580222
2176590334
2174514655
2161952247
2153565431
2153549047
2170533335
2271126871
2548016983
2522850903
2522854998
2518130262
2671234646
3711356662
3694583294
3698490591
4235275485
4233110716
4249904316
4279297212
4283671724
4283610596
4023619428
3989872148
4241534464
4233145857
4235374083
3157423874
3156346114
3156280610
3156489506
3219985890
3199077795
3199078289
3200077441
3199532673
2679432833
2670764693
2637279861
2637341207
2637358598
3173347094
4251281702
4293851182
4289611886
4290727119
4294657167
4284162183
2098077829
2098069677
2098659501
2002194861
2010325485
2010329037
1976642253
1422994125
1425095245
1416632957
1148205901
1148262221
1198654285
3338011455
3334345526
3334418998
3333174054
3333169958
1186750822
1190983014
3323776238
3307047135
1142929549
1278650764
1278650828
1278642508
1597475084
1584770060
1593156620
3735397404
3739526181
3732255783
2654376998
2669053478
2550582822
2550552086
2555782670
3092718094
3103535662
2562470698
2562200618
2561148970
2577926298
2675443850
3742894219
3741854089
3708381320
3696225432
3561918632
4094591160
4095180937
3507855823
3543179806
3525420598
3538009622
2459995702
2460241445
2464614948
2456164644
2171537440
2163084336
2158896128
3232636928
3232637184
3236176177
1076121699
1076151395
1161219074
1194760450
1193715970
1194694915
1207220515
1167894882
1201448930
1183613922
1187939202
3336491394
3336491394
3489546674
3447533987
3447465443
1283206627
1497115091
1530800451
1266559233
1249774337
191827713
191657808
469033312
469033440
466923744
457224416
440443120
167944257
184733698
184701954
1224870914
1225918518
1230113062
1272322598
1251826230
1250721294
1250484750
1250485086
1250472939
3415774123
3386409897
3356198824
3691743656
3691760024
1544153480
3691768200
3697012121
3705399193
3705205705
3724309465
3711710073
3476502317
3447076381
3455467021
3451264532
3451260660
3300136677
3303307173
3307520421
3342057877
1177723271
1175691398
1175560374
1443996918
1448195094
1467200519
1466086663
1432598327
1432520509
1969655581
2003210013
4151679295
3883182383
4015368511
4011235647
2920713503
2920726815
3205824797
3205829421
3205837676
3184996972
2896103148
2896105196
2830913244
3099127636
3166236509
3166236503
3160997590
2485722834
2485849778
4096397234
4096400546
4096466082
4259908771
4289338499
2126130306
1589569730
1584311042
1580120578
1579466546
1579464482
1592045858
2125439014
4205744165
4206855188
4227836932
4179606532
4162750580
4162751972
4162248620
4161163199
4161085086
4161089246
4161088238
3923066862
3952349166
3952870398
4221334478
4204585933
4204585932
4208779724
4200394236
2048706668
2048837740
2048837676
2048317469
2052520973
2052449295
2048192527
974508063
2065088557
2068238629
2076635941
2043147892
2043016788
2043018965
2026371781
2034752391
961010583
960944566
1029097910
2144816278
2136298646
2135978134
2135974326
2102485478
2102621030
2085715494
2094038578
2096392722
2092264979
2092394033
2092422688
2109592116
4275946180
4267689412
4266640517
4262448325
2114313463
2132081902
2098719982
2081875294
2081584718
2085713423
2018584095
2018850351
2044016431
2073376047
1537160222
1537152030
1537021022
1540895870
1532507358
1531459038
1263429079
1271822295
1234098117
1217841092
1221969860
1221984220
1221975548
1221983724
1490316476
1490298045
1481913519
1476669871
1476743599
1476883439
1476785119
2018829901
2043979533
970237756
2046076220
2046211341
1767281929
1763083547
1830128938
1829080362
1829215530
1829215530
1833284907
1829020985
1829085528
1812394360
1812382572
1812383468
1812287212
1816481380
1841646181
1855278439
1855262150
1859593410
1846944898
2115380354
2119566498
2129792418
1051856306
1051856770
515055555
514928387
514862337
246426933
250621237
241200213
241396943
259153039
225625503
217302943
217288639
217161663
216121279
484485621
476096757
476096629
488749428
1025620260
1059172132
1059241492
1059241477
1059233557
2133298997
1864731943
1864735791
1868872749
1869393213
1835904284
1819193180
1819183836
1753189268
1748881301
1748884919
1748784358
1752446054
1819555110
1819620646
1853304086
1861692166
1861561110
1857366643
2123700963
2123631271
915738247
383199111
382083973
382103939
382189715
398819571
366313687
341278727
343384335
337751359
1411492143
1416730925
1425116013
1425378284
4126645212
4260865996
4260733644
4239758044
4239889132
4109738988
3027543021
3022321637
3022290919
3022405606
3039171958
3043362102
3085762870
4155244854
4121698326
4121436182
4104675382
4243092535
3693628423
3693676871
1547307463
1564093383
1585064839
1593510790
519636359
510202325
250295252
250483572
250548852
249897588
266628948
232843588
208787909
208899525
208901599
217224605
217224349
485725437
485596397
477161709
477161967
485517807
485583342
502287726
535840110
510744366
439576382
439478023
439397895
439463445
980655653
980590343
980858118
691450886
674661382
1747878998
1747878014
1747943535
1747972207
1816093167
1815946223
1820141295
3976015599
3971816111
3969649327
3986430655
4003216271
4002709391
4275361229
4269261261
4269003213
2117329881
2134073945
2133947003
2133938731
2133865003
2138059051
2146448443
2142254139
2142321691
2142469129
2142663689
2113328137
2104935689
2088206681
2088076793
2096465401
1758828025
1758836185
1767220729
3910967545
3910967545
3913060601
3896230377
3896164841
3899324393
3907708651
3907579627
3974676043
3966287435
3966351131
3962300219
3979075963
4012601691
4012855771
3996058106
4001239978
4001239726
4009100990
4004972206
4002748078
4002428863
4002423245
4270858445
4291846341
4250101060
4233258324
2081587189
2087927797
2087788535
2087788535
2096242167
2113017303
2146567623
2129741255
2146497623
2146492527
2037424175
2020646974
4176590106
3639651642
3639666986
3648125226
2572352318
2673008414
2681395007
3214132095
3214001135
3213923311
3213930925
3220222125
3211837612
3174155420
3172390045
3174456797
4248202621
4252396319
4261308958
4261247774
4252778254
4286349070
3749143822
3757469966
3753267551
3751231997
3755295229
3755239421
3738560188
3730304684
3730177708
3730104236
3730069501
3725948381
3749175757
3749175775
3715621215
3723949439
4244084030
4243961150
4243961151
4235572543
4235572575
4235574751
3967204815
3979779293
3979791805
4013147565
4013020655
3979669995
3967086891
3966038331
3961906490
3961906494
3961908542
3979306814
4016469822
4024832886
4021682647
4021748215
4021359087
4023457279
4015201757
4266802125
2119379661
2119383757
2127634141
2127562491
2123371481
2140172745
1603396043
1540465099
1540400447
1532011823
1532083519
1500618015
1534319902
1534524734
1534522718
2062992862
4210984415
4211049967
2069665007
1801232621
1767678073
1748345865
1748411416
1748415544
1748407352
1748473144
1748473128
1748469032
1765130280
1803403304
1785582905
1785320729
1785453849
1785388345
1785452857
1785420123
1785420235
1785286107
1785398714
1802438074
1802441659
1810830235
1795101627
1790383039
1807167933
1805066653
1804935557
1804938629
2144676253
2146774012
2146794484
2113240052
2104982468
2088140740
2088194884
2095403860
2024133220
2024600099
2041439778
2059206434
2063392034
2117651490
2117721106
2116740098
2099962882
2083185666
1009473010
1009339810
1013522338
2087394994
2095718034
2112491138
2011848322
1995167618
1995018179
1995022193
1991092769
3870075428
3870075428
4009537060
3996952124
4013928973
3979776525
3963015693
3963016751
3982870062
3953413422
3937160238
3941354558
3934223370
3929959434
3944639514
3915283486
1759398942
1761496158
1761565791
1761443103
1761434909
1759368509
1759368508
1758852412
1767236924
1800797500
1799748924
1782971708
1782971900
776461756
776426908
776426911
776428990
793206190
793052078
794231486
794231454
660472526
637473291
637346315
619455003
619521595
619654683
1018108442
1018108426
1017982474
1017912842
481035978
481068682
481068986
1017943482
1034730938
1068481978
1588503707
1592698011
1583784089
3727011993
3728556217
3728617899
3745129131
2650415849
2629448425
2628454008
2359825944
2359830072
2359846168
2359866392
2359866393
2364052537
2380895275
2540405098
2657780090
2657849690
2519438602
2519373066
2519643418
2536430910
2502876526
2486099438
3027165166
3031336654
3031402183
3048052293
2792134196
2787944228
2788009248
2788077840
2788086016
3811459841
3761115907
3760665382
3760456550
3765178350
3773565358
1621891246
1621899455
1940732127
1923955791
313277447
317469703
309088295
317513766
313520182
45010947
49205315
40824899
3018947
2949345
2953701
15546093
278345325
277163625
277114475
277147243
1351388779
1355783515
1347327947
1347270347
1347204811
1363973883
1364178618
1397666714
1380884926
1380888750
3540902062
3545096382
1464820223
1464738813
1439576957
1431180124
1162678621
1163736429
1174348901
1174275143
1207845958
133879110
133796118
108572982
125350167
87003141
86937669
355374164
338679028
355259892
388814820
1458493412
1458501621
1459484119
1459410271
1987900783
1987896687
2004871022
4127123050
4042606171
4042540635
1884554843
1884558953
4032243305
4040565289
4040634937
4057207577
2446595385
2438733097
2472282155
2212235323
2208110875
2208045339
2191349531
2260554299
2260693551
2260722543
2263671661
2255278569
2251079929
3341799641
3291413641
3292457353
1144957321
1144957321
1413322891
276609179
325359867
854887674
846640346
846635130
840228906
840233018
840192059
857083947
806756649
811475561
814679800
814550744
814485209
277617371
277625418
323762698
55322910
38565934
39611430
39677974
115265606
117363138
117347202
116298626
133071762
91083666
70079378
70063090
209532646
217921127
213657133
211559981
211560237
215753992
224275464
173419529
171330633
175424969
242517403
242259387
242259386
240234906
240362394
1313055418
1178837690
1179824890
1188209402
1406313147
1368781497
1354035625
1358254248
1349976232
272056504
272093432
808825896
808762664
821410105
816298763
833071370
1944366090
1931776010
1898233978
3492544682
3493724586
3497931434
4106101486
4103480041
3566477849
3583255049
3600556553
3604792633
3529280552
3527186473
4131231801
4131232969
3861683401
3861677193
1714194313
3861811864
3862344376
3879117496
3845579496
3828703848
3827569192
3831763241
3840159787
3857003562
3890680858
3873840138
3873848330
4008014858
4024759370
2107950282
2091238538
2091308171
2091316377
2095506585
1550214392
1600529656
1579627608
1579561020
1579561004
1584292645
1458500213
1458541265
1454346944
1978503808
1953276800
1949140864
1949206400
1949209556
1949274980
4100846885
4109165607
3840732198
3840732206
3832346670
3878476910
3861892318
3866021262
3866018446
3866051215
1719608015
1736385119
2105352763
2088575531
2087464747
2028743466
2024618282
2025658682
951401227
948976395
412095307
433062795
424887183
419611039
419471790
486580654
490778030
524336046
390314910
910342542
906213774
911455374
846307519
1927389551
1923199791
1944162863
1902219823
4028872247
4028872247
4028872247
4095931957
4100118325
4116862245
3034645796
2498757940
2498835764
2498968917
2633119189
3706860999
3702658503
3702653127
3702603862
3568357430
3588288550
1474339886
1449241630
1445181518
1445107918
1445104846
1446216879
1982914991
1980818367
1997587134
1968227054
4107321966
4105237039
4105429565
4109559308
4243777036
4235380252
3178284668
3178291180
3176197612
3176164604
3184749821
3184669951
2647855615
2513502686
2511405438
2494636390
2498830374
2498961462
3588358166
3588375574
3622001750
3605232855
3597139335
1445353351
1445347983
1445446303
1446044319
1446109886
1983099898
1995679018
4155550762
4154501418
4288720667
3982538249
4246901256
4230119944
4230398488
4230353448
4230415144
4235002152
3170697257
4240252011
4240259178
3720099962
3602659418
1455175882
1453594762
1189399690
1122271370
1382449307
1378263227
1378263195
3542524043
3559306123
3559293693
3559359021
4096123437
4230227501
4230753837
4234947116
4243339565
4239132781
4239133935
4239261919
3701878991
3698680015
3692355855
3692077837
1548788492
1553183500
1553117976
1553135385
1557550905
1544963899
1545537322
1561134970
1494044442
1498242314
2078145802
2078124106
2078256330
2069802122
2065609867
2032107659
2031845531
2015007657
2015093421
2013913836
2019090989
2044256805
2077811237
4204290615
4208550663
3665506567
3659202678
3659075814
3680194799
3633992895
3634023819
3634284937
3718171593
3757870025
3727985003
3727998315
3728008235
3727974491
1446461643
1450574043
1450574010
1459499194
1458971802
1442256286
1416959390
1425348510
1156658878
1152397998
1420829358
1420829358
1419797166
1419831215
1419808173
1436584364
1403030460
1927393244
1919135564
1914807580
1914744876
1914744876
1646370861
1646436381
1663225871
1629639967
1612865343
1617038959
1710426735
2005928749
1991535677
1995729933
1986493453
1919933453
1936645341
1886051772
4041922196
4042966660
4040938132
4040782484
4040971940
4043108068
4059361056
4091864353
4075090977
4075081779
4075274262
1936113686
1902563382
1881559094
1882673214
1882390798
1880301326
1947347482
1960000059
936446491
915421707
378563083
384855819
1458619659
1457569803
1457881177
1986433257
1986437544
1986437820
4117148300
4029055628
4029121156
3023422116
3023332068
3023316516
3026200100
3034587684
3030397221
3030396967
3164868646
3164864558
3164930110
2632200250
3693376570
3693402170
3694495754
1595320330
1578543114
2114365706
2118618891
2118419019
2115290107
2115486203
2132169179
2100703387
2105413819
2097021097
2097090985
2090152953
1955866617
1960060905
1960066537
1960074731
1960177051
2111237515
2140644810
2140438986
2123661642
2125758475
3619008571
3623281705
3581340713
3560336681
3560390137
2484539289
2488731547
2492924826
2509657018
2643915710
2411127742
2260050678
2262864630
2271250038
2233575030
2233527847
2216754725
2485149029
2489406836
2506126420
3614467316
3595592933
3595821201
3595755649
3594702977
1447215233
3595731141
3608318149
3576927508
3560024364
3558910764
3575687740
4116818444
3043203592
3085082136
3085141544
3085993512
3067119144
3067131432
2798690860
2790371884
2809303613
2771829277
2904998461
2905391655
2888614502
2892809190
2825667054
2825147646
2825147646
2833534206
2833587454
2833389662
3899799630
3899795470
3897698318
3897765151
3905107839
3921871711
1803620831
1774203359
1774199007
2026119391
2017731037
2017932217
1480998904
1489378040
1552292600
1552292680
1284906312
1152648460
1151598604
1084506141
1088733551
1080481646
1076279022
1093056190
36090502
35885958
304186766
304186510
305370270
305642670
842511534
1916052718
1983160430
1983160346
1983352891
2004258859
1969680681
4100450093
4234669628
4235648540
3170356860
3168263796
3168665204
3168562804
3185337876
3210503733
3220792871
3220919847
3220786983
3181924133
3181923620
3165179668
3169447428
3169445380
3161056852
3162044132
3022575269
3039350693
3043806631
2985151670
3018774742
3018766534
3018762710
3009916246
3005609590
2972176982
3039228614
3039191766
2804361214
2787392750
2791573742
2791573630
2800162910
4142819406
4142819406
4143901774
4143899854
2013196494
2002743774
1969054126
1969185198
1968927230
1968918783
1969050879
1954381181
1962933013
1975507484
1975503388
2008386076
1991556365
1987355661
1983230015
1983311919
2117521471
2134294559
2134327645
2105487741
2088577020
4243928828
3707049724
3572831932
3568637596
3568639645
3566485151
3297783486
3432001470
3432000958
3436199382
3478328774
3461498310
3472020806
3471954199
3471888693
3463504181
3459359028
1295098132
1276371212
1276306765
1279458655
1279483366
1304460774
1296071782
1296090230
1297335366
1280476231
1280475141
1280487685
1280549140
1165206388
3614684148
3595670228
3595682556
3594580652
3594544813
3602917035
3619694571
3619685866
3520070938
3494905098
3497333770
3497276427
1348744217
1416983865
1416975657
1433916280
1465242456
1465369288
1473757896
1472705497
1472570361
1438967723
1431828394
1431827898
1412945306
1412814234
1417004474
1416091066
1424473530
1374010842
1399176666
3530007902
3530007823
3525758991
3525726221
3525709884
2456170532
2196054052
2209685796
2159489572
2157381157
2157184549
2157186599
2156662311
2160855334
2160920882
2160924978
2160924946
2160868114
2160868118
2160876406
2177649014
2169264502
2202917223
2202925431
2202925429
2202925397
2169370948
2165307732
2165307732
2165274964
2169469269
2177726805
2173533045
2173565797
2173696869
2177891173
2177760117
2177760117
2177694581
2177694711
2177743863
2177743847
2170404855
2170404343
2155740663
2155739093
2154690517
2155706199
2153723735
2153723223
2152609110
2160995702
2160998742
2162038870
2153584726
2153584978
2153740611
2152659267
3226384707
3226385731
3222254930
3239031138
3255742834
3256791107
3256792129
2185147457
2185149505
2185148483
2185132866
2185116370
2203990754
2241804962
2241608354
2274900898
2258123170
2258122882
2264414341
3329783940
3325589636
1178167428
1312434308
1312434308
238692740
219818692
203107012
207108692
207108692
215562820
211384916
211413621
148433781
148437799
140032294
152615206
154712374
188348470
186251318
421132310
421230614
408647958
408582934
407534359
415980150
415881974
415824886
432602038
432601527
432667031
424343959
424344471
457956279
424213415
425262055
425261567
416905727
484145631
484145631
484145631
349927871
349796783
348674479
281566142
298409918
298573790
298555390
299472766
1373143870
1402503454
1404928286
1404931390
3550447934
3546257718
3592330038
3575642678
3709680182
3445504518
2363366918
2292065830
2293506917
2293498356
2565881988
2563813508
3637551252
3628114100
4164988332
2034280876
2030086316
2063841516
4261583084
4261566540
4262603852
4262604876
2133987436
2146566764
2041709164
2039547502
2039748174
1503407694
1503406702
1213733486
1211830254
1211766478
1216029646
1223173068
149427020
138367244
137883916
135658780
403745564
470919948
470989580
1007852364
1007852492
927107020
910328716
910328732
839095212
838886380
838869868
1912681324
1967268204
1959928108
1955796268
1954549021
1954810637
499403533
532703807
515992334
516051982
511885326
448958590
1531158766
1526833406
956540318
1006874518
1011071894
1019395477
2088940684
2109902988
1963118732
1996538008
1996505576
1996574312
2009287208
2105768488
2106682137
4254100746
3719310346
3715105818
3442542394
3375498862
3375507182
3444712134
3436339842
3699438466
3699417250
2625675427
2625676720
2642589312
3749884544
3595797120
3593585312
3592487648
3592491745
4129300519
4263518254
2145395754
2141353994
2142431242
2146674698
2121639946
2050267146
2050263310
2050458127
1517732365
1532383797
1482039904
1477846000
1476862128
1476666529
1480924323
1485184162
1485182338
1518474882
1519503042
1250984450
1253344034
3400835362
3669270561
3669270564
3716002860
3695152460
3695087564
1545260972
2082144172
2097768348
1964843405
924721549
857604489
845022617
871762361
867449257
833890729
833889705
295973257
295715209
329269321
329367561
333615161
300000297
274769961
274835753
274905865
283556365
283608591
276070927
287081119
286118590
286085798
286020006
286159014
289858722
295103682
364283906
900175874
904181779
930392099
1982114850
2116330594
2116452546
2116468866
1512440194
1512444594
3655742179
3636011745
4172820193
3633867361
3633867104
3631807760
3694691328
2620956993
2620039745
3697993409
3697954499
3563670242
3576183458
3609734818
3614058178
1173227202
1085080386
1084491234
1088691363
1081358499
5516449
51784833
35004544
34750592
36880769
40010643
48400243
48275234
48539938
1122281762
1113893922
1113955346
1131315458
1089372930
3232662019
3232399872
3233449616
2226703029
2222480293
2218273191
2232969647
2535094703
2521462223
2542523341
2542392012
2509877964
2509808364
2648221421
2639826415
2669189358
2669189358
2652493998
2652560542
2669345998
3747245511
3755631941
3749662516
3745275696
1581004592
1581069088
1581134640
1581150513
528412931
477552642
472304642
472893442
405653554
406694178
436054306
985639009
2059248704
2063106112
2049474752
2116780448
4264207008
4247430816
3962161824
2892618416
2901007008
2896755616
2897804960
2763581153
2897995458
2952521426
2952325090
2922929186
2922908706
2938898470
2905344022
2888436998
2901028438
3165259510
4238935710
4238878366
3719835038
3753388167
3753437317
3740838016
3732580544
1579857920
1579848720
1445625872
1445634064
1445896192
1982771201
1982775299
4129800435
4147509409
4252297888
4239747748
3166116484
3165588172
3102673420
3102213644
2561151532
2561155375
2561155118
2645037102
2645038118
2645034070
2281251974
3352964230
3348768926
3352959135
1197082764
1192806540
1142466700
70827140
70817216
339247104
276332592
280862753
1426038819
1430234162
1446422530
3593906434
3728136706
3728083474
3738570274
2661036578
2677809766
2644304879
2644279788
2646377644
2645330092
2658965644
2654444684
2518070412
3053626508
3053625821
3053707741
3053642749
3053609965
3082974056
3029537640
3029668120
3035894024
4101248264
3564574520
3564515881
3573495337
3573298699
3573301003
3705489675
3697133595
3697121531
3713841295
1465691279
1451065743
1451131791
1458500255
3740197567
3737051815
4273972135
4294746597
4160529509
3077875765
3073681412
3073681412
3073882132
3040254260
2769718052
2773913140
2765551124
2911302196
2912338471
2946287142
2868663846
3124497958
3123453222
3123451958
3140433958
3110737974
3098150934
3099199574
2560235598
2559060302
2559078222
2307452398
2340982254
2346422239
2339998415
2338979535
2334781134
2334907886
2334840046
2323301614
2323300542
2340020367
2348343436
3422069892
3413884036
3413805300
3678046324
3678046224
2604316944
2604313360
2570759681
2570761730
2569978434
2574205650
2574193650
2582452130
2582123938
3114810786
3115855266
3114806689
3148381588
4226350468
4198280388
4198280260
4196182020
3926830100
1779346468
3931028517
3998123061
3993474053
3960454917
3961437700
3961428484
3963537943
2888124966
2888055334
2892249894
2825657382
2834041894
2846497846
3114941462
3114941526
2578060663
2645037397
2645041476
2360926532
2365108676
2365305316
2632690912
2624108768
2619902448
2637793520
2654636273
3057293505
3057558977
3057574785
4131259009
4146991777
3043701409
3032232609
3032232612
3166449060
3166447716
3168561205
3155978503
2635950598
2669555206
2656973318
2665091854
3132768622
3131621614
3148398758
3114841270
3119031431
3089673349
3106514316
3107624364
3107648940
3139104172
4284149148
4015712732
4017740252
3984378204
3984448287
4286512414
4285945118
4279579678
3121881118
3121881150
3125223470
3146653998
3113096046
3113879286
2576942806
2610450071
2610453143
2321046423
2316065159
2332825990
2300460438
2568893846
2581489654
2644403070
2679960894
2679952702
2667367450
2658974746
2671488027
2675620891
2524615739
2533016635
2524497113
2524497097
2537080025
3610964217
3577410040
3564794328
3573182936
1425764824
1417163096
1417157976
1412962616
1413102136
1362786840
1396374025
1384046090
1391298122
1390969802
1386844366
1386909854
1407889599
1407889837
1366946221
1345872804
1345856164
1345987220
1350173364
1354433252
1421349860
1421354276
1425564981
1417211141
1463724295
1446942983
1447004950
3604979478
3735004422
3734999375
3734733311
2665010671
2669213677
2669199213
3176906605
3185225533
3180963645
2950207292
2941817404
2925049405
2925180461
2933833261
2925369895
2788985639
2788477975
2921747478
2921734198
3995476022
3982897182
3966111754
1820209482
1828333258
1824197370
1821969130
1687685866
1687685866
1955097418
1955129354
2006492171
2124128264
3868897304
3868885032
3864756264
3859321900
2785580140
2785646188
2768934516
2752172788
2752402164
2891842230
2902200998
2896704422
2913473710
2947030190
2934446254
3219658942
3186112654
4239009934
3702139021
3702140364
1554786124
1550590732
1546973965
1563948301
1595403550
1582623806
1591011366
1581645094
1577442606
1594639662
1531446574
1506280746
1502287662
1233796910
3381276478
3385404190
3376954142
3410508606
3402131742
3397971294
3397969230
3397952990
3398014462
2324398575
2328592875
2320139771
2387248265
3456797833
3474623624
3474574488
3443117241
3425426617
3291145609
3291145611
3295410058
3295279002
3303667386
3573130922
3501762475
3505956265
3556283544
3547906200
3548102808
1362776248
1344942328
1344942104
1344938296
271197736
283848232
279460376
11033096
15325704
23830024
36411208
36405449
36405386
36339850
36343966
40554654
40555710
32136618
300513258
283649834
283648810
283648826
1357390650
1424503595
1425545001
1425544744
1423446568
1423536696
1162441304
1296618200
1330180856
1338566312
1338829736
1338813369
1204660633
1431214489
1414438795
3570309003
3570303950
3570238334
3561795886
3558645798
3575160870
4112248886
4112175154
4112126002
4284355874
4292747047
4290186789
4208201269
4207939124
4199560764
4215333401
4215333641
4190151433
4257267033
4257266041
4248877435
4148230651
4144200601
4144184985
4144378521
4148564923
4047897003
4056809899
4056891563
4056929435
4056519754
4057513226
3076042507
3086528011
2532879899
2667314715
2667208219
2658797354
2591696170
2615877674
2615869482
2578055226
2578055195
2565558297
2296964361
2296966408
2296966920
2296938249
2288607017
2284522795
2301234475
2305428778
2347373850
2343249162
2343118154
2343056218
2347254650
2338898939
2305328123
2305401241
2624168344
2624170168
2624108728
2619980184
2620111752
2636823176
2502622856
2503627464
2537161416
2545562347
2528797418
2528719722
2528641322
2528657466
2666053646
2397630478
2372657230
2351588430
2351643854
2351569102
2352634830
2625261151
2650459663
2679760399
2662900303
3740836429
3732452205
3581510632
3564754344
3562569144
3491314104
3491436968
3508214184
3541769128
3531226009
3531220890
3539547018
3266843082
1119363418
1118314794
1118314794
1135100202
1101578539
1101640040
1089053160
1080795608
1076608456
1076599112
1093253448
1126951256
1110108489
1110112585
1122682313
1122681289
1122750937
1139401129
1097459177
1076426217
1076393323
1076395306
1076452666
1105942298
1101616954
1370023722
1370089258
1375336234
1400476986
1132043578
1131978522
1140363098
1104728026
1104791258
1079755482
1146811385
1155195752
1155196200
3302612264
3296254012
3296245789
3342448653
1178254347
1450881290
1457172746
1457164635
1457230825
1473902569
1348009384
1343782328
1343764888
1343831480
270155160
823793048
333054904
316277688
328799128
335029208
301475320
275311992
275294521
275294491
292137306
57384270
48939342
48939470
48906702
65683967
32137583
32006511
32010031
32008479
62908685
62318925
49740125
41086459
36958683
36819403
36819274
118616346
391177002
366012202
364182315
364174121
296536889
292272905
292202249
355107145
360350153
368804313
368611817
349757929
341370217
341503279
1411018015
1410996494
1410992398
1415187726
1432028446
1457205514
1457152266
379319050
513389370
530092841
530104104
1603840872
2128132456
2115549416
2115549436
1981455564
1981448396
4128932301
4145709966
4095394470
4097446566
4097512102
4244123622
4239927782
3166185702
3048749286
2544437702
2527731142
2527736774
2528842438
3602395831
3331859119
3352847085
3319292908
3313096676
3296419828
3563682244
1344809428
1344879092
1345984964
1346256324
1343634885
1356137942
1368670566
1385488742
1389683054
1390190958
1381802990
1388889034
1388892106
1401473993
1356487096
1350183336
1350184360
1345266172
1345065420
1345605972
271696181
273805623
273803030
276033286
32700934
41090566
41049926
41305054
41681406
49811950
314048872
297289000
12180776
23718184
53012776
52997384
52999436
54493452
20873477
8290309
283017221
278822917
278830129
347977825
1442625761
1446811825
1983749265
2118045824
2118054032
2118022048
2122191524
2109616805
2091857573
4239212215
4240195286
4240189430
2113676150
2147230494
1602032414
1599935290
1566380858
484382011
484392219
484309273
1557965081
1954330904
1970583560
2004126728
1983873032
1714323468
1714323532
1714323532
1865318645
1831768551
3979343335
4012646823
4012650919
3995808655
3928630159
3932764075
1806175914
1772624810
1773673386
1771580362
1771580747
2044208905
2069619465
2069455368
2071557976
2071475704
2077767080
2077766825
2044276907
1485451450
1485713850
432935834
155587578
151328574
218371390
218371078
202646534
68624390
72749383
11929479
11931271
10881671
27724423
65313431
48282551
39892837
39883045
308318501
308322341
845193253
841130036
841125888
925270016
891715600
607092896
1680838816
1680863396
1684825005
1693196975
1693266619
1692742314
1625629354
1622484730
1622486778
1895120590
1895045838
821308042
821373627
280366747
330630793
45363853
49545869
49562525
41218477
40952293
57712997
57717045
23171381
23310645
291676429
325233933
333626127
316836623
912623935
912570415
908375083
775192619
775192619
708235307
708194347
724967467
689316203
676796011
685192955
680998619
680992459
680791755
680806089
966063833
1002758873
1061479385
1061675929
1028056987
893834683
894783402
877940154
876893626
1950705562
1959159706
1423369178
1423364954
1356120922
1358218602
1372911082
1368710634
1402428889
1385576648
316026060
307635420
320217388
320278828
303518012
303423756
307552541
306484525
306482221
369395774
373655614
507940126
516850958
533632334
1490986318
1493144650
1484367066
1482220762
1482482922
3629935850
3637276010
3637063274
3634044522
3701280362
3718012538
3701243483
3571220424
3571414984
3562983836
3563045308
3558719932
3558719676
3574395132
1997332733
1980548139
2119093290
2127494202
2123294746
2056185866
2060380171
2068311321
2030556441
2017969096
2017895320
2017829304
2017763768
2013569212
2013588924
2013719468
2017917668
1002883620
986107653
2052412677
980709383
976310295
976441383
995282983
953340199
683791639
683714823
675326263
675588389
675723557
692489269
706117637
1782431813
1781055684
1781154788
1781207781
1785201327
1806175919
1772625579
3903339193
3904384649
3908578953
3898109577
3893913497
3897357737
3973043625
3968260045
3973477967
4099352079
4099155542
4096800630
4101182822
1416758374
1425408082
1425408066
1421287426
1354113042
1085681681
1101923396
1135365316
1122826628
1122883972
1122994565
1122471062
1113882814
1181012206
1176825914
1181081898
1181082411
1206248233
1168633384
1155988232
1148115721
1143917897
1279053273
1564263931
524060027
505841019
1592173657
1592696861
1585291340
1581027420
1597878525
1545527487
1545531814
3697164966
4244521638
4240380582
4240188070
4261175974
4261176231
4294763501
4294764028
3195858780
3190337292
3207184156
3208621852
3179278108
3170825788
3166622236
3166650911
3169650286
2490107630
2502692838
2536246758
2654799062
3463909446
3470204934
3465945094
3465945094
3331727374
3333902350
3333935438
1169659341
1155892104
1147437464
1148043672
1143296472
1143288088
1143419192
1143285032
1143287592
70070056
70020872
70043400
204263177
224972635
250138107
250207610
183229562
183170154
174809130
174809114
170553354
174739723
183128345
183132536
183202152
157889016
136917496
136913912
137044728
137040600
142410456
142415480
148189049
147074937
415526777
415559547
952432091
952403419
961840603
995394971
980780441
980911545
979869113
980942329
976583801
976698425
976630073
947282233
955704281
949412505
948425385
1015325353
1019519657
742698665
625253033
654695097
587553435
587676314
555105242
560344442
560346154
569115691
564937787
564970523
569216269
569216781
569219613
560826943
561875519
557812351
555719407
555735983
592436143
592268191
592300959
592436639
592442879
593473773
585080941
587178045
587046937
855486488
847085576
844726280
844874777
863687707
813366586
813329210
880438026
2088430090
2088475402
2147322203
2130479323
2130478217
4268523657
4264329353
4281307289
4252677035
4242186987
4242203375
4242144998
4242041446
4235749730
4234697826
4251652182
4280946694
2121142279
2116419599
2120614159
2120615725
2146901549
2142579241
2108975673
2109009675
1559560011
1551157195
1547486154
1547682490
2084501162
2088691374
2092799918
2142877119
2126165135
2130350215
1986711685
1982591189
1983471727
1983389743
1983389743
1965632815
1953049391
1953180285
1962834685
1958661836
1956431500
1972142732
1976341148
1968091837
1963894493
1964945405
1998433645
4135365676
3866422316
4000705580
4000764956
4000732428
4269167389
4294325823
4172682814
4172678718
4176809758
4177272126
4177272110
4177337390
4193525038
2079651134
1792320782
2059709455
2059709453
2059709516
2063903884
2030550149
4228308117
4228252853
4228777638
4242409134
3969599150
2895867583
3166236397
3165191741
3186142748
3211308572
3190337036
3190337036
3190535692
2922100604
2922104300
2923086317
2927542719
2909717966
2892940622
3157188366
3157228302
3157027614
3161221422
2901174574
2947501102
2930394134
2930394182
3215544518
4260126946
4230750434
4231868594
4231934082
4231931266
2100707266
2113276658
2008095458
917514914
917514899
915418757
311633541
331416212
322990756
318825140
318874260
318813036
290501420
292585772
274899213
1348642573
1357028125
1357286205
1358334765
3570911533
3579828540
2506025292
2506024204
2508120844
2550120988
2550088229
2545644071
2545640038
2545509094
2511893414
2515058854
2541273262
2520285342
3592066250
4128947209
4131039240
4131039240
3862604040
3879451400
3845044760
3828264776
3961963464
3961996168
2888106409
2892301226
2897490926
2914263598
2914263854
2914787630
3115069750
3148349462
3148575750
2612620293
2608359492
3675793860
3742964164
3709475204
3692697477
3568960405
3566863269
1419252149
1419256252
1436049836
1431888040
1427681384
1428135208
1411357464
1948097032
1950124553
1970637321
1971165770
1971310026
2105458842
2136916122
2136924346
4284412138
4292796522
3741312302
3741183550
3741121054
3749509646
3743185422
3743112974
3587853774
3566912950
3566913447
3568949173
3573053328
3560497792
3577279120
3610964912
3610961312
3598640624
4150721617
3622172691
3622107191
3580127542
3580128054
3580182038
3589150230
3584954934
3585933926
3619160559
2679918829
2684145892
2675936452
2671687684
2638129412
3716131077
3716131078
2642323734
2642337046
2675885398
2675884502
2539508199
2514282212
2514331300
2510272212
2516426452
2533136084
2532083684
2523709669
2523717870
2519671022
2519597310
2535851230
2502297678
2490239758
2498705935
2494327309
2494360076
2628578828
2645341708
2649600588
2650772340
2625220965
2558108007
3178926183
3178988647
3178009702
3157044470
3157240310
3158227926
3158231767
3105709703
3105631942
3172476534
3210417958
4294577446
4289399846
4121431094
4121435142
3567854662
3584767061
1441334772
1433953728
1429794240
389606848
387645376
320798656
319706868
319178484
306628437
381871895
381808439
517004066
517261602
519354675
536653075
484881409
2095482176
2095481216
2096534400
2086110128
2080679584
2080419488
4244680416
4278237792
3993148192
3994212640
4000761888
3873802273
3870080305
2934896387
2926506499
2922037762
4013474402
2906186210
2893570274
2893545634
2891645058
4233770114
4241106322
4238030818
4237893606
4239986118
4240325959
3707731015
3724343541
3724339687
3755782055
3739205510
4267673478
4263479174
4265578918
4265320870
4269515175
4276724149
4293521844
4251513316
4247282165
4247529301
4247663973
4281218343
4155444518
4155313207
4138482759
4138478791
3605800327
3615372679
1434059653
1442448021
1421738685
1421608669
1420570589
1420585853
1420618108
1416162157
1411971949
1412030429
3559609295
3307885518
