869710216
592882056
1666484664
1666488744
1628737000
3776218712
4044718600
4044800568
2971017769
3006603818
2473928238
2478255662
2461346862
2528386086
2528381986
2393113618
2393161795
3463807104
3459625088
3457523840
3440812160
1278649472
1279176064
1547602561
1559202449
1555012244
1555020532
3719085796
3757352804
3748962660
4285853996
3176526892
3177118756
3110006052
3093225252
3101609748
3170752005
3103379985
3120157201
3120091681
3120067105
3153671971
3151562611
3143180146
3143179570
4183374130
4183636274
4183636018
2069837874
2068257814
994393094
985932870
985670726
448799814
448806358
448822774
457210358
465664502
465697271
465697271
465697271
465697270
457308662
457308662
457292278
465679870
465678782
465678783
432124351
432124345
432124345
415348152
406961592
1480702393
1476508153
3624122843
3691166603
3695622795
3712388747
3738079898
2660160155
2660160159
2661171887
2665219055
2667328559
2675713070
2642178094
2625466430
2642403615
3714048783
3721782789
3703892548
2621746160
2617555936
2617629168
2483485136
2483484544
3024540288
3062284928
2526429825
2529100435
2532053730
2523670498
2519475686
2519479334
3613932590
3573234718
3707385870
3707381774
3707594766
3439130638
3386697998
1263975686
1247187462
1255309831
1522696711
1522565669
1514185317
1530962788
2030285300
2013434068
2030145620
2030088436
2063642868
2063774932
2047014100
2047016076
2114354316
2114354060
1581653645
1608402589
1476280989
1472004749
1437356751
1554806479
3706486122
3706480682
3698288682
3698138142
3698078990
3698086430
1560072758
3703427622
3701445157
4238128928
4238125344
4233930832
4263348432
4263414912
1983807616
1982759040
1982779555
1982787747
3882771875
3841812455
3841748709
3841746645
3766314693
3766313669
4034658965
4032049829
4040426223
4040492030
4040562654
4109774670
3589745502
3617926014
3617929598
3622133078
3619476807
3618423111
3618472197
3622809893
3597590885
3593396599
3593401175
3593368391
1467372503
1473512935
1439966701
1414802541
1410673693
1410683961
3562357785
3572876552
3568682248
1437964056
3583291193
3587483245
3621037695
3621242399
3479093790
3481158430
3447600502
3429573734
3429442658
3706335314
1492779202
1492795586
1484374355
1534648679
1584965493
1579855429
1579912901
3731397365
3731402405
3731402671
3732448687
4269519294
3749372318
3699044862
3573170542
3572105511
3568242999
3505197877
3505141549
3496750700
3496819436
1395604156
1451170700
1451040141
391381133
391381135
353370238
336605242
339157050
1412836394
1332619562
1325029898
1320939018
1320723978
1253615226
1270387433
3484975848
3718809576
3714614764
3710550396
3576340804
3577405892
3577373125
1363047829
1363019189
1363086775
1367147957
1407006101
1407013269
1369194901
1368715605
285073687
275571766
271346734
271346982
271331126
288243286
393086678
385746646
379389638
379336406
381428582
381428582
396977143
398025685
402154388
377021348
374928812
374885804
375019997
372931023
377108943
392777214
359159294
367555070
367653343
501862911
1575548269
1332276533
1328249109
1328511765
1332690743
1306924599
1168512727
1151746694
1152471702
1150350246
1153474983
1140887719
1410633959
1411809359
1344701453
1345234956
808294716
808302892
824949548
858430268
841663757
841629967
841879566
841883694
858660910
829362222
813629726
285156159
280831533
280763944
280812056
817863176
851360520
1996458760
1986956232
1986760328
1982367368
1982366392
4129854136
4146770616
4113232552
3039437544
2984781672
2980588589
3014133807
2997684254
3014540302
3014550542
3014582342
2997716198
2997650670
3001584878
3001584855
3007032517
3006967365
2436525573
2436513397
3510515427
3547215586
3551270306
3551272098
3551272083
3534620801
3534624960
3530423296
3525948176
3526013696
3526013697
3542655493
3496519173
4041906765
4041902732
2959837868
2959723176
2758307496
2699584168
2700616361
2717389449
3781702363
3760988905
3760464875
3760402683
1633886409
1642139721
1637942280
1973496843
362883082
363014154
77781002
81955082
69700362
1143577354
1143514894
1198039310
1189724190
1324007462
3404382710
3395969410
3404342210
3416920578
1219044146
1286086947
1286086688
1286090784
1290322976
1143507968
1277725760
1277925696
1278130624
1328457920
1311672513
1315805330
1579792530
3727407250
3727343538
3731535522
2666197667
2666209954
2666078962
2682790499
2649236257
2628268065
2628271137
2628266065
2359896257
2365208768
3438966912
3346987137
3330199425
1177929345
1109508753
1177670581
1175581093
1443946918
1442882022
3594562846
4148205886
4114651454
3846282046
2760219198
2760871453
2777581084
2777319004
2782430892
2769864364
2769840044
2889497764
2755267748
2754218148
2767063204
3031304500
3031318292
2980849156
3014403588
2477532676
2477682197
2477592358
2548828454
2548829358
2649496766
2415867038
2382241934
2373853386
3428787418
3428785390
3428784382
1142634646
1142696070
68954243
67905664
67988864
84337024
34009472
33993600
34771840
38962561
49516018
316709218
316708898
316966950
325368878
325559358
1362011198
1366208574
1408143678
1403879742
1371374398
3516630829
3499855652
3566962996
3573131540
3560679700
3694066964
3710784788
3677230612
3676702228
1500909079
1509362198
1507076902
1501833510
428091702
461712390
449781767
441266437
437006621
436998444
437003556
990706980
961386869
961395157
960870869
960870903
960872374
960610238
960599742
968988342
2022021046
2022020503
2022685877
2026813604
2018162852
2013968548
2030762180
2069551172
2052742213
2063217990
2061382486
2053050982
2069169766
721686118
721697294
688138766
688139023
700594479
696390719
696374286
696300814
696300814
700750918
696555766
1808119990
1808251126
1783609526
1779415222
1783560422
1783527655
1783237093
1808403300
1766660708
1758403108
1757874732
685181484
684989980
943992396
943990476
419751556
419739524
423992756
1489484180
1506261908
1502067380
1535490804
1518778908
1519319565
1519270462
1524054574
1515526446
1528106030
1494682670
402787358
939605006
939535374
939534351
956315917
692083031
692148567
692181367
700840311
700840311
700840311
701364597
701364597
692975989
692451701
692451701
692451701
692451701
692189559
692181495
692181495
692181495
692181495
692189687
692189687
692189559
692451703
700971383
700971351
734525783
734394743
726006133
692451701
692451701
692451701
692582773
960756087
960756086
960616822
960616830
960616830
960616830
969005566
969013630
964803071
965197277
700954012
692565436
688242108
721795516
705018300
709212349
709212350
705149054
705148958
2047243294
2047225902
2047225902
4182115950
4170583790
3097365246
3097430670
2560105103
2559109837
2291968717
2283314776
2333668984
2317051640
2338022908
2583307436
3640206508
3631744172
3626568844
3626642572
1480224140
1480207820
423111117
454633549
454699085
995780685
1004264940
1004050156
1004307180
2061341405
2053026511
2051449550
2068166478
2068101934
2068101422
2135333166
2120153134
2128533630
1996113118
2012872845
2004553868
1970811324
1949852588
2084299436
2088424172
1962594844
1979234061
1979231503
1969793038
1411942462
1413138454
1413138694
3560623878
3564822034
4244280882
4256929362
4290295538
4273578739
3199894083
3198845699
3068891473
3060326496
3056099552
3056084128
2989032608
2737440164
2783576740
2762674860
3837342348
3837272717
4105708175
4101533179
4097669370
2487113930
3560896714
4097747914
4097743562
4233530974
3176502798
3153371663
4222918973
4205682732
4205113388
4209258540
4197253164
4264429037
4264169383
4282006439
2147158950
2109213086
2107115918
1574709390
1331440782
1314726926
3472766222
3468588318
3467573054
2393741103
2410448420
2410452524
2376644140
2359854628
2292811748
2297136032
2288747424
2285601697
2285860743
2285825414
2551638262
2601953319
2585171991
3136732167
3199509767
3199508751
4273251087
4294227753
3172764651
3172518827
3172649390
3172653487
3212508301
2948218956
2947022860
2943885324
3206029356
3210421036
3214541359
3147694638
3130851950
3130795614
2655794894
2651328398
3741923726
3712493966
3569953165
1955212732
1956254124
1423442396
1412956488
1412985096
1413144840
1411100444
270314285
290229102
1401194974
1385007502
1452248207
1456377997
1447993741
1579065740
1579061716
1451156260
1459151137
1441326371
1961421922
4041865442
4033530002
3492465026
3492432770
3559529090
3559523970
3576627714
3580690982
3584823846
4121699110
4121436462
4121439535
3584620572
3584608456
3576220808
3610805384
3611009160
3577405624
1547362552
1547313224
2086153480
2086153016
475728424
417204792
417204761
467541515
452928010
444343050
442249530
437002542
437018735
458023341
424449437
403290005
407484340
407484340
407875988
474984852
491696572
508473596
374247432
383169800
397847817
1370983227
1353943850
1358334826
1349947386
1412810698
1433190858
1433354571
1432765195
476455723
476390191
1550148398
1550284094
1550243102
477596958
475367774
524590494
1044884622
1044882575
1045201037
1045201052
974098604
974057644
974528748
991371564
962004236
945686285
947787550
956184110
968699438
968699422
1002257930
1004289802
986216250
986228715
449356219
449679771
449679803
986493099
978104495
1041019055
1041085631
1024375951
872847758
877043086
886476574
888129310
879523646
875308847
606613295
610799145
612044328
620365564
903492253
937108365
899228045
362336669
1418260639
1552459007
479767839
486455565
485419285
485378837
493230597
493231621
191234567
191234823
176030519
444469542
442315046
441198054
440954279
508093863
1044948407
1053470861
1053528205
508072111
503882926
923317414
890998950
893294070
897496406
895911223
904236053
929405972
929479684
925297924
2133257989
2100182583
2100237862
1953174054
1961558566
1957234286
1957169071
2008556445
1993876364
1985504140
1456133016
3600466920
3600404265
3619473721
2511141177
2515331899
2486037307
2351916810
2624393738
2632713034
2628322282
2628391402
2360026602
2365090031
2381903965
2675551692
2654578124
3726222284
3726222156
3663311148
3663373613
3659197487
3659417662
1595344910
1595345934
1560741214
2080782238
2093884346
2089624474
2089558938
1552703930
1502372266
1502279082
1502235963
1503202072
1509440264
427305736
423365400
423496476
421396748
421396748
424554780
424419693
164372975
139257326
1213053371
1212529085
1212660637
3381640092
3415195548
3397891724
2408026765
2374402719
2374931118
2363261870
2222490030
2352711086
3426403502
3426360475
3711577483
1564092745
1530538760
440023864
975903032
980949272
989342987
989340682
987275274
450404619
449417513
994619689
2043195945
2026476137
2022282857
1485412989
1485421181
1485683287
1490008423
1477335271
3624798435
3624799378
3642360962
3678016642
3673846658
3669742210
3668542082
3668542082
3669603795
3669534048
3669536608
3673728612
4269340388
4197988052
4197987988
2050504613
2050768039
2067733670
2021000342
2028078278
950141958
413603590
413412869
144992805
150235681
138160673
136064545
135008817
147796019
143159331
161050658
194703362
184193026
175802370
1244629459
1244629397
1315937173
3471415949
3488135839
3484989115
3736642219
3669615275
3669746346
4206420650
4206420651
3135825581
3140243309
3945548557
3928809228
3945655564
1798171916
1797565724
1802874684
1767226972
1766178764
1766309820
3913523116
3921907629
3921776317
3909212879
3909184079
3909167646
3910216234
3946126122
3949398058
1810827310
1789905950
1789766670
1790815246
1788718094
1787669516
3939478532
3943675076
3910045828
3910046396
2819544748
2819493548
2841578156
3919317677
3921419245
3921426717
3921488141
3904775431
4177405191
4177470722
2029986866
2027691042
2026687698
2018289794
2018289794
1749461121
1791401088
1791133056
1782809040
1779532080
3926954784
3926942241
3926926883
3943836198
3923118630
2847476262
3149400358
3148351542
3132636166
2595824646
2610503750
3382387014
3364496326
3364500935
3364818087
3364621479
3360426150
3355707574
3355728006
1208379534
1225664910
1271803271
1250835844
177110468
181108212
168318436
169362852
169362844
186346892
186642324
526379940
533592996
516218805
373611925
373675447
370316469
53652628
287489220
270702852
1885575940
1885575700
1625528884
3769080372
3768893236
3819747125
3802957350
2792326694
2788070950
2788085286
2788052710
2787515302
2792827286
2813606039
2912295301
2895523205
2899783559
3168020158
3159635694
4242484798
4244450094
4172027950
4172023870
2041321502
2040870927
2036743181
958864396
957658124
956606220
687910412
687980092
687980284
721534653
704748221
704744125
704748205
771857071
771856807
771988647
788790503
756161767
741743687
606477399
1680215397
1692796901
749077349
748946213
750055943
750035463
754232839
1009170950
1008965906
1010145314
741652514
1832228898
1849066499
1849589955
1848279169
1848296096
1785352864
1785411232
1785278112
1802054385
1768434211
1776822819
1776822310
1772633118
732703758
732769294
733752334
731655182
696790031
696859663
701062159
969538911
961264991
994811359
424252831
424261055
424261563
424263609
432775065
428605337
428600219
428571099
428489051
466237739
457849131
453580091
455020811
420442379
135262475
134541625
138719593
139236844
147701180
147700156
147569052
143309196
143310724
143300484
143296460
160075092
180985125
180927781
438037558
1511711750
1511706702
1510654462
2047509422
2068480687
2026480301
2089332365
1825090188
1816701853
1833549535
1830459262
1698361646
4114247998
4096409918
4096327998
4097382190
4095221294
2085108270
2110261855
2139623375
2055865805
2056917069
2059022351
1526341659
1526407211
1526210859
1526211386
1543004955
1543038777
1540927336
1540930392
1539947464
1540013000
1506459336
3653869128
3653883480
3645457147
3645571818
3680178602
3679400362
3679261866
3645650106
3645661322
3637076170
3364610122
3364544522
3364614203
3364474927
3436761135
3428373613
1276737773
1276844221
1275730333
1141513612
1141528460
1162531724
1095484044
1405649548
1405650588
1398377148
1398389420
1377413804
1916316588
1916380572
1916506509
1915453901
1919533165
1915277355
1915248683
1915561003
1919892538
1919827230
854474574
866537162
820465290
283397770
275017610
270886331
275210731
283603434
283472170
283403054
1374446126
1366090286
1374479918
1374475822
1370265119
1371244301
1425706253
1434094861
3580534093
3609894733
3610873695
3615262699
4135356267
4135371115
4152356971
4160741499
4139638907
4137545837
4141740141
4267532525
4263452925
4263391455
4280161419
4231665034
2088646554
2097034906
2092892858
1555825338
3703321305
3703320264
3703335544
3439127400
3445402392
2401020424
2396962312
2394853896
2259587592
2276295227
2276229866
2213069486
2204649390
2251032998
3324991670
3527310518
3593887878
3610665094
1428611270
1416028493
1416012557
1416019485
1411897881
1411701277
1411672895
1562651454
3710269710
3693216014
3697279262
3719299374
1603408366
1317151150
1317036470
1317069233
1317056928
1581285540
1577353388
1577353384
1444261960
1461101576
2000070664
892578056
875731481
875748091
1953684154
1951878810
1960067466
1978974362
2141634778
1587998814
1592189214
1609032511
1566876199
1550167589
3694508597
3694500373
3694443285
3698702615
3757481239
2663286023
2663301447
2663039319
2595831846
2599948326
2591567910
2608407862
2574918958
2574987054
2566401902
2566457078
2562344903
2562443141
3652772740
3648561812
3375936244
3359167220
3359298512
3625604480
3692701073
3696962739
3696835763
3705355447
3722386615
3755951493
3740780421
3740783303
3472224983
3472155245
3482641199
3486834987
3488906538
3480688938
3477014826
3476961562
3480889610
3464181066
3472425290
3468230922
3485139258
3485077802
2410160426
2380803370
2372421930
2368227354
3409497114
3409543515
3422261577
3384452056
3384517624
3450374072
3429403064
3425208760
3308816568
3610937528
3608853900
4145718156
4158235325
3851981487
3851977454
3835201070
4034432559
4029390373
4046122517
4046087685
4046333395
4113372386
4125887650
4121693346
4155907250
4139134146
4142277826
4142277699
3605467461
3623289396
3589607972
3572774436
3572770388
3572789116
3564400108
3564432877
2514275517
2514470109
2510194127
3048900127
3082528319
3085477419
3077088811
2804459067
2804530714
2804456250
2787936299
2805763307
2803876011
3842928783
3825606799
3825607055
3825611695
3772135343
3769961453
2696165853
2712955213
2730289421
2998774541
4076774925
4068442653
4064068126
4063777342
4063756846
4080541742
4047183918
4101637166
4105831502
4105831631
1956324557
1436034188
1440245132
1427915928
1161776313
1194745227
1194730890
1433565070
1442039454
1607709422
1603314286
1605673791
1593090333
1584766988
1579590668
3727602717
3744371997
3744121149
3710599997
3715826477
3707441965
3703378220
3703378220
3703387420
3703385357
3707518815
3573317606
3562926054
3562915750
3558719894
3577659782
3615150470
3598382471
3329943429
3329916821
3597361141
3597227367
3739776295
3739771175
2678612286
3718898494
3719029559
3719029543
3697856805
3694706788
2350400580
3423169540
3691702276
3692751172
3699030852
4261055188
4289367764
2126284743
4273766542
4275339502
4261716078
4261732398
2115199022
2115122206
2117479742
2054569774
2058821166
2057248311
2057180692
2123961284
1582834052
1595466116
1545269380
1545270656
1560004497
1555691154
1553589906
1553594034
1553491554
1608262178
1467823906
1194145090
3308076485
3291421684
3228441524
3237874564
1084164996
1134312836
1117528212
1117544628
1119379628
1118368173
1122554798
1114145390
1110216238
1110286142
1378588942
1378532366
1395371022
321559566
321567758
388684814
392824862
377161983
377100461
372915629
377304743
1475818150
1425412742
346161798
346079942
278954758
278962222
278962222
278962219
284224808
1358297960
1347869416
1343736488
1394461352
1381730956
1381664205
1383825679
1382776863
1407950887
1407950887
1911201845
4117405697
4150964224
4150952048
4265181665
4263109025
4279989669
4279973287
4246288295
4235798246
4244190958
4238935790
4104652526
4104656855
4104676807
3572034951
3563630471
3563826821
3581585029
3577386693
3610937157
3594159381
3593069600
3597526052
4134494245
4142813207
4142809111
1986871398
1434211558
1417616886
1417549126
1426003270
1425871126
1417490742
1417421086
1434394894
1425933839
1420708399
1420515949
1420319469
1425567369
3581437577
3575120523
1427702682
1434128810
1358901418
1358897322
1358700730
1374953675
1375015371
1106712025
1106730488
1098210808
1098148281
3245828569
1098350027
1139230027
1135429403
1118782267
1118380859
1118319407
1118318893
1122574636
1114251565
1110057260
37376260
37635332
37637389
54480141
20793631
58673439
58670399
58666815
67055423
66926397
66930493
66705213
134067037
100504029
100504021
75339191
74290615
74292407
70106323
70236627
70236659
338672051
338619827
1412329395
1412313011
1416574627
1416443554
1424299698
1425355442
1421161395
1437606323
1152393699
76554273
76554277
80765989
72416309
72596501
340965633
340965636
359829252
376545221
305370501
372475269
370376837
370249911
1442881702
1447092390
2009194670
1958887662
1951793422
1415910670
1424762686
1424827950
1420437119
1420433103
1437140687
1441535631
1207723933
1207821821
1458550621
3606025997
3597504268
3597438780
3596922668
3597510460
3606033164
3605893656
3740045881
3749528303
2635989742
2619215854
2619214062
2623473902
2566654062
3640409182
3636341774
3636338702
1220162319
1220284956
1220280892
1224536616
1211408936
1228193320
1242676072
1242016076
1242016076
1510193484
1514309453
1514574413
1598460493
1549697629
1417331229
1416250911
1417367095
1417236262
1549299046
1566076006
1573448822
3720989919
3716861135
3582643343
1439353989
1430860981
1460154517
1460285829
1472934823
1468535463
1469588143
1436037807
1423708910
1413273302
3291790150
3224676614
3224676358
3237001223
3253902407
3283522629
3283517700
3283517700
3316564260
3299664164
3303858468
3295474980
3291340069
3425393959
3425306898
3425306882
3446279106
1332284338
1328037810
1311717250
1182733186
108466818
116859571
116794033
114561696
122684064
68166624
68182320
70447360
70376720
81840432
81828144
77707536
77773057
111327555
115512770
107118722
107196594
372355314
372281634
372278818
389080610
1433527842
1425176371
1370886161
1375077376
1367215104
1363020865
1095375041
1095449009
1137204131
1133018802
1116301186
42612610
46805891
46798771
38344609
38287264
1112487856
1112352688
1111761825
1125413875
1161286466
1147327234
1155916294
1151640118
1151644206
1152168491
1303163688
3488137000
3459812648
3728247064
3659114760
1528474953
3625625035
3629831626
3640313290
3640380762
3639331818
3631971050
3631754922
3631752842
3656909706
3652796827
3686449321
3667648680
3667501228
3737690556
3738740612
3730353988
3732450068
3728259348
3727342900
3593125156
3593400609
3609641267
3564564803
4110341059
4110403525
4110274469
4101888999
4236110183
4252887335
4286375991
4267502615
4262732806
4279500814
4229366046
4229305134
4175307310
4171178534
4170981926
4186731286
3649888326
3633094727
3637028039
3624458487
3691600035
3691645075
3692972930
3697167026
3751726774
3734886022
2661077634
2665018050
2396647922
2396643687
2415452517
3455590756
3430424928
3430420848
3426419056
3296331104
3296337888
1148927712
1149123200
1148070528
1198414464
1177406080
1177339568
1110233777
1114485395
1123005314
1122992630
1122808166
1349296166
1345102886
1345102886
1345104934
1349299239
1350544389
1356774400
1356781824
3504261440
3495873488
3508195056
3594147568
3594220240
3598414402
2533048834
2528854578
2527646754
2527650850
2661867554
2649411586
2632630531
2633753156
2633524884
2633526948
3698920100
3715959461
3576957093
3610523815
3591645334
1444029574
1444028550
372400262
376565975
913346917
938516772
905024820
888315156
551721228
1885505548
1902286860
1969470476
4147356700
4147344444
4113957932
3040216364
3027635756
3166113324
2629123628
2629120532
2628530695
2628530694
2376884838
2380841318
2372453478
2288569462
2355812694
2355820994
2356865922
2235067282
3342363558
3594143126
3593077126
3605660038
3606724999
3606598567
3615024037
3576226277
3559432509
3492588557
1349299213
1357700125
1357337917
1357263119
1357254926
1097203982
1164315934
1165363518
1148651830
3304544566
3354916918
3334253574
3333201926
3337191622
3337257358
3337273991
3337286325
3316277924
3232327332
3500945060
3505139172
3492576300
3492593676
3577643020
1430163468
1998496781
1985787935
1984202813
1984268351
1980144766
1980145790
1980145742
1967579982
1959707390
1955524334
1687141359
1687001325
1692178668
1612224588
1614331972
1614467140
1612636212
1612595493
550851361
549720865
1891903233
1883584000
1883704848
1892044336
1892612656
1888401969
1637784129
597604929
587172291
577604802
573412530
573437106
574451875
572272803
571220131
638395555
658970535
667227814
663035574
1704270454
1706301974
1975261702
1974217222
1437084422
1442454566
1476009206
1471880598
1452883333
1452818076
1469660844
3623386796
3275277980
3274232716
3241058765
1093116239
1365554463
1369755455
1369754175
1369795133
1369860909
1357277485
1348884780
1361332285
1361340445
287599629
287696140
1395057932
1400821020
1398752556
1128810276
3276328757
3276405557
3280595511
3280579126
3280576022
3280639766
3280638054
3280643298
3246951650
3519842547
3508308113
3508324500
3510556820
1897855428
1897852612
1897850567
1900995270
1909256950
1909245606
1900596902
1909186214
1904933606
1938517686
1938368391
1368011205
1355423956
1356472372
1350116656
1345944368
1345976880
1343789616
811113008
836340481
853183489
847159299
841908225
841908289
573489393
573493473
573502433
593360545
550305441
550304437
550300613
567056853
567130359
567254135
558863383
554677263
554689567
554691623
554626087
559840551
559893863
601689559
600643015
592262599
592394239
592393965
601437933
601439997
596188863
596188831
596131470
596131534
596125390
579428958
847802974
847827526
847888967
332001863
1363703381
1342734037
1342856069
1347049861
1347049860
1356732548
1358773700
1375483332
326381892
309801748
307634980
316613413
316416807
865871142
835480878
835242286
826853710
860461518
860466382
860595406
860532942
860532958
856416510
856286446
826924270
835275886
831129893
831135012
835333908
826879748
822619668
822683188
805910068
810354196
810304196
818791044
827185044
860684213
307035028
307010452
1389206420
1389338524
1385150348
1385149404
1401860412
1351524668
1351527701
1889315126
1893501222
1885113126
1881115174
1628342822
1645139462
1645105926
571429638
571228455
571260967
583847013
596499557
562944069
567072837
567138501
558889173
588249463
588249463
588249447
592378215
600766823
600832374
600635462
600635478
592304214
558880886
558848222
558831998
558774639
558774638
558709598
558709598
567097950
566967934
562771710
562655966
562614990
562614926
562598541
562610060
562674584
558623736
554380248
554383960
588127000
588128056
592323881
600711482
600584474
600592650
600622410
566789598
558406878
558480574
558609597
558608812
558543276
554410940
1661707196
1628157884
1628159916
1632349100
1640623020
1636497916
1670302077
1671325983
1671326750
1946100766
1933390910
1662852406
587996454
554506006
537790214
550376966
546255414
546068006
546098982
546082071
558663751
554211527
587970807
587905255
588167399
588150887
588068983
554514519
554580583
558774887
562970215
562901751
562836167
562844357
546099597
550342797
810398109
810401693
810531513
827308777
567196411
600750671
600746831
583969038
583840782
575176766
591953967
587960367
587915311
587980846
554226022
554550246
567264174
1640814270
1640824462
1632402062
1640577694
1909144254
1888107182
1888108198
1888104151
1888036804
1887972676
1373121796
1398286596
1377511680
839532288
839524096
839534336
575389952
591978800
591968037
554209061
554209061
554224239
554261103
554384239
554318703
558512623
600520943
596195583
596130015
596196559
596188367
600513743
592001503
592001919
592001918
592141166
600529774
600439166
596175182
600373583
600430927
600545757
592435709
592443901
588249564
554695164
554696189
558824957
558890493
600697341
600701279
600430687
592042015
558463007
554252575
554383647
537542463
541732395
550059629
562564717
562564733
596118365
596401101
600594911
600701407
567146975
558889470
558627326
541850110
542112255
541964799
541956447
541956445
541965661
558873949
558890365
558889341
592411007
588061055
588061567
588192623
592386927
600718191
596590463
596393807
562847567
567041359
567138655
558750079
558889343
558890367
558873981
558871935
558872575
558872063
541701599
541703679
541703391
537508063
537639135
537655517
537590013
558529021
592062845
575287165
575352413
583736959
583734895
579343983
596132702
596132702
567071198
558739934
541962718
537771486
537763294
542087679
542096383
542030847
542031839
550418383
542091215
541964255
541963695
542094767
591901887
843576479
843568319
844035263
844031423
844033471
1926229405
1942871949
1909444239
1909378695
1909893078
1962385686
1962385462
1961205810
1961140274
1961160755
1416089639
1412321317
1429079077
1462372117
1445596693
1449791029
1592348213
1588129301
1458106125
1458086927
1462481935
1462469711
1428849878
355124470
1433322678
1466914230
1449735159
1449734887
1458123495
1459184295
1475961493
1425613461
1417361029
1417230213
1425542549
1425545636
1425615284
1424833940
1441734020
1475164084
1441030884
1441063525
1977930295
1977939495
1970578982
1970316838
1999746614
1999819526
1983300358
1981272342
1985311094
2011001134
937185583
905463081
838421816
830105608
863643720
322644169
322439305
287836299
288232587
292426126
15602334
11408030
11407966
11342342
11303462
11332386
28092706
61782307
40541443
36339969
36340481
103449344
103461840
103457745
103519665
103519667
120296611
1164547235
1147780514
1147788722
1147788754
3295280626
3304718306
3573116898
3573100530
3566935938
3566799763
3566820256
3567058336
3583311268
3612671396
3591681428
3591745936
3591807184
3591872560
4130645011
4146455554
4112966914
4096711938
4100902774
4109291111
4104948327
3836520997
2763828020
2763828020
2768023348
2776471348
2805453588
3074388756
3074306820
3074298660
3044934948
3048148260
3030989076
3030984980
3032034052
3048828420
3048825349
2545533495
2549662582
2541277686
2671309986
4248362146
4248358050
4231715970
4231722114
4252689862
4293580486
4293523015
4268287765
3194545973
3211325221
3220762477
3183013485
3183079407
3149518846
3130578334
3201881502
3191391742
3174650358
3157930966
3157926642
4097450595
4110029473
4106028688
1894530688
1894525824
1945057664
1928206464
1927728256
1927775360
1659207765
1650758693
1650768933
1663343660
1663347756
1663474692
3794173956
3794190613
3861267045
3861250791
2808480486
2812552934
2778998374
3047433526
4288947462
4238750726
3701879814
3702991878
1559570690
1291135234
1282877715
1283333171
1283392563
1282998275
1283129347
1282031939
1277862899
1282056930
1286186722
1302892467
1185450929
3333196176
3333200368
3329014000
2653924576
2519642336
2519724512
2519561120
2536387248
2515411618
3031114402
4037550754
4037818018
2431389602
3493596114
3493400322
3492691202
3492686850
1361978387
1374564355
1370423298
1370243091
296272167
1370001701
1404744765
1408940045
2002425860
907647044
906606677
906737861
1713222879
1849463023
1849659631
3996053743
3997098223
3997066215
2944213730
3179094754
4244439782
4244439766
4239987446
4238881382
4238882918
3701999655
3702077445
3719981057
3476678721
1329133635
1329243330
1546313794
405438786
418022178
430614306
1068084512
2125048896
2120793280
2116584576
4264133792
4265260448
4279953056
3961071264
3965268608
4242088611
4239991462
4105974438
4104917606
4104401710
4104414270
4104448030
4158973966
4143425546
1987487817
1448519884
1444347084
1444299852
1377632525
1379598645
858407717
904552999
883615267
883604227
900372737
933988352
908692544
908694736
641568944
1715441824
1715446176
1681761952
1685425841
1684523652
3828210308
3761072820
2687315620
2758553252
2766939877
2762736167
2762605110
2762609158
2762547718
3035111966
3030918190
3030911022
3030976574
2494171158
2494183430
2498390019
2491051011
3493355521
3493351552
1343951232
1343893888
1362760576
305794944
308873648
308808112
310122912
310121632
854389152
849654261
849387781
866165021
601930797
593528877
589535293
572696861
841148941
824583687
807809542
807797302
808321574
821822054
815269094
815274082
278673458
278670339
280915971
29274113
107655425
103518981
103519061
107721589
242014061
250371949
518790441
510530907
528360779
522069323
525084139
424420842
432809466
416081354
416060874
163941834
172459354
173520186
173518906
173514778
1515692058
1523032122
1523032106
3666255915
3683034217
3632702569
2563146233
2554757593
2617754587
2618180603
3156149226
3160212398
3168538542
3168607150
4238162847
4238097291
4259068553
4292622984
2119444104
1582572168
1578115976
1043411864
1043342316
1043342316
1047535981
1072708719
1039228014
1072782446
1072946270
1072954570
1064549578
494122442
477214542
477213567
477344559
485733183
485732637
485601565
217174332
217305148
217249036
217251084
1290993420
1291247416
1282919992
1299566344
1333118217
1316340937
1245136027
1245525163
1249715626
1526671034
1588991658
515323562
514859946
519053738
506466698
506466443
506470553
506487017
523264489
1064400361
1064402409
1064426985
527685113
527677307
527545211
527544603
527544603
535925054
1341239614
1307686718
1303492414
1286848286
3434266142
3438722574
3438722574
3439238670
3436889727
3436762797
3713554365
3709405084
3745187228
3749315996
1610497164
1609972893
1608858797
1600138413
1562387691
488644811
522199371
527442251
535851515
535852527
535852525
525432301
508818941
508753373
525506013
1062311295
1064350063
1064350063
1030795647
1030861151
1014084895
2083635007
1949417278
1947384374
1951578678
1968347687
1968360999
2003977815
2004030919
4132447454
4132643054
4132570366
4132570190
4140979214
4153668926
1888532270
4038368831
4038375956
4036274708
4107570736
4095053616
3558311696
3709264656
3726565840
3728089472
4269670531
4268687506
4276945314
4276949922
4273746854
4122814142
3568773774
1553279626
1549036186
1544842154
2097474986
2101670394
2110636361
1973190920
1958314776
1962521384
1948820008
1948821032
2100010520
2134625112
2117847545
2119944683
2124078331
2124340235
1607910415
1551287309
3694653461
3694485541
3698843937
3705070435
3700941538
3750224530
3603330690
3604371074
3604432274
3537224866
3532715170
4069581989
4069584052
4075859084
4063276428
1915784660
1932760324
1932698884
1914892309
1914957863
1936023591
2003116070
1969627422
2095448590
2092303882
2092829242
2025392746
2023230186
2023229866
2027427995
2027431051
1020813448
1039720840
1031393720
522121640
522150312
1058825644
387277220
387347380
402019268
364298820
363320836
346095380
350280480
350247713
350444305
350386755
367192803
401854115
384909986
1450271426
372368194
388227330
337900338
337646370
471873062
471875366
207632686
211949614
262278174
1319240714
1320288330
1253179595
1255162299
1246815659
1246799273
1270917097
1237563353
1338152905
1339200456
1607635928
1601278329
3715143017
3713121579
3713120555
3742480698
3725835034
3728137498
3728634138
3728609562
3749249338
3707318766
3703251367
3703185828
3703247264
3703325056
3699163520
3694428548
3426129220
3442912516
1328982788
1466149668
1466038828
1449515724
1382402956
1927647113
1928431019
4071862698
3803226538
3799032170
3794837786
3793846811
3810636347
3777275437
3760565805
3761753645
3765897065
3847553513
3843359129
3843166649
3975292329
3971098027
3836939691
3836811738
3836754250
4121979146
1471211786
1458612506
1181855002
1177812255
1177998607
370561045
370602033
370602017
376881185
297713665
279871488
284065792
1345291264
1345292564
1345292916
1882176100
1961867876
2007870060
1923923468
1923912206
4072444526
4080849254
4030558434
4030472418
4030279906
4097708242
1961756034
1957561986
2007899778
1454193282
1454914178
1457003426
1457269922
1457286306
1457286274
1476254855
402034053
385261189
378973943
378905895
383033383
374644775
372559923
353853490
336994354
1410741522
1415449330
1419643554
1553926834
1553341058
1572305538
1605500547
1588703873
1586537120
2123408356
4219511276
4181762156
4177568812
4212325420
4178716716
4178720877
4180818925
3654421229
3650227951
3650162262
3649058370
3380635138
3385911058
3377509410
3361051698
3373579282
3440770051
1295449280
1295936896
1329466752
1333661584
1332678577
1341595313
1341398691
1330654882
1292906466
1291855686
1292068102
1326642446
1330824462
1334887734
1301341478
1301325622
1284683541
1284945680
1217781104
1214040496
1210009744
1209944192
1260279936
1243512256
1243078992
169141040
172270369
172008227
172008226
188785954
155254050
134249586
402775282
407035363
407043553
415420224
1505924672
1539475008
1522763713
1522571249
1577105379
1577117154
1577117090
1577506226
1594291619
1975975345
1956564369
1956628864
1956497792
1960695937
1969020053
1964274919
1964254438
1897145574
1897342438
1633036262
1744175846
1724990087
1724936901
1992352453
2118182669
1052834109
2127616285
2138073372
2104572444
2087852604
1550976540
1559364365
1490158077
1484808677
1501619365
427877555
461417666
465736722
457347122
453152787
1527943171
1496753155
1495706883
1546029826
1550240466
1550305938
1576389266
1605754550
3667719846
3666634406
3666618023
3670811365
3662422756
3658228196
3676242020
3695067252
3699261508
3707159748
1555481024
1553330624
1485104097
1489264995
1497638246
1531321382
1497766950
1498811446
1498811670
1498897671
2035529487
2025948941
2038466125
2038466173
4190152429
4190154732
3942690300
3925974492
3926365692
3926308332
2852583340
2856736749
2866152430
2861892078
3958640750
3916706926
2843032702
2838969374
3109436446
3118350109
4191100540
4220325468
4186711756
3633063629
3633065679
2290888326
2290909094
2361777574
2404895910
2652277926
2656472198
3739135367
3734875780
3755781812
4231831268
3157102116
2888796724
2888801060
2888673828
2904861220
2926026261
2921771526
2922832390
3994366710
4010029734
3843820962
3850111138
4155181202
4071561362
4072553619
1925067907
1929273475
1382473795
1462150146
354853890
338005042
337696806
337729591
472201253
477379876
483663396
1552221796
1485243124
1484985044
1484808901
1489035991
1505796726
1531164022
1531163990
1514386886
1514257630
1530969310
2067840159
2030148765
2030279868
2030238884
2097348068
2101497828
2136082132
1607598788
3757126336
3723567825
3719373539
3652268643
3652268647
3683652135
3687895815
3687905031
3687884551
3687886135
3654335791
3644890415
3644890478
3640844238
3640850382
3640809422
3640805366
3641116135
3645052375
1497445573
1505833045
1488986389
1489051925
1489064759
1505875494
2042689134
2076222446
2059510270
2059514254
2059440542
4206925214
4198546875
2051145209
2063859065
2063752508
4182924332
4185332796
4193719324
4176875789
2027311373
2044121885
2034750079
2034627199
2034542463
2042932591
2042947695
2076506223
2068150335
2047301663
2046956558
2046952222
2046951998
2051224110
2076189230
2071994926
964702575
947926239
952122573
952121549
952203612
952301948
969342237
960952077
994498319
994563359
994424190
977581182
2051847390
2051846366
2068689118
2068754686
2068755310
1775145519
1775076909
3922509372
3914116636
3943562840
3943620184
3943583480
4010675960
4010675865
4011593627
3982230958
3922985134
2022965486
2023166174
2022056014
1485185102
1484923958
1233398070
1237592338
1237592322
1229269250
1225096658
1225642882
1229910658
1238028929
1335542400
1337639568
3485060784
3483945888
3488406432
3479465443
3479463266
3479462178
3479200034
3479294246
3488673854
3751075870
3751063610
3683947560
3690305640
1534969928
1529661512
1530742856
1497303368
1496727368
1496736600
1530323704
1534509801
1541378809
1524408989
1523360668
1540137980
3649879917
3655317823
3699030318
2624518446
2624477486
2623932702
2649114382
2645901838
2645836318
2677297710
2677301806
2683593518
2667331630
2397782125
3446277244
3425375236
3426235404
1278944268
1278883084
1279143692
217975308
83692060
92220164
226388229
222283777
221545491
87327027
360158003
393654833
922137376
922132784
644325376
573408320
573408336
573543664
590271712
590298336
590101472
1647065825
1659640551
1722554982
1990991462
1990996598
1455174210
1438525379
1555703235
1291483075
1291438019
1291424499
1289327330
1289335778
1280943458
1551543762
1551608018
1559881906
3707366578
1559815314
1551385750
1597506998
1580799414
1580875702
1593450150
1588469421
1588344748
1587816364
1591747980
221259148
219354556
68315044
67364516
339796660
356561553
391295873
1475523457
1475515329
1474336113
1465953571
1465954087
1566633766
1566661422
1558333742
1558317358
2095192366
2019630382
1483742222
1498426382
1498489871
458429471
458428703
457249053
440480605
440496989
440431480
171979640
239080824
239172920
256080184
121862428
100890908
100825356
33741068
33737996
33734916
38191364
38191445
38191605
38261169
38130083
38131107
38131107
121920935
121929191
88111463
222390591
205596991
205596991
138488639
138488639
147009055
147004959
146873919
146811503
415246959
415263599
415267695
415357823
415423327
415497055
952167279
952167407
943782383
943831551
943962622
943963614
943963614
943962046
943830974
943759294
960600766
960608958
960740031
969145087
1002962941
1002864124
960918908
960918908
960918909
944577917
944520541
944519967
944585499
969882426
969816891
1003371803
1003306251
1002976283
1002976287
1003058239
994596159
961084799
961085311
961141631
961281023
994770943
994770429
994696701
994696703
969797087
969796095
961411583
961403390
961379198
994786142
994786079
994721567
994712863
994712893
1003044157
969423229
969423229
969439583
961149407
961149407
961280478
1003093470
1003093502
1003199998
1003199998
994819582
457817598
458095102
458095102
466353150
466353150
462125950
462125951
462126941
466318813
424277500
420075000
420075001
403414521
420067833
424524795
466467803
449690587
449428955
441169371
441169357
436966879
436966895
1514913767
1498128311
1489674131
1489682307
1489682307
1556798851
1556733875
1556675489
1439263667
1464483731
1447957907
1449001393
1448559009
1381429489
1383567381
1382061109
1935714356
1935714356
1935976501
2003277846
2003732486
1999275014
4114252038
3980051206
3963241186
3966452450
3974959845
3987477220
3987997356
3964933772
3959713420
3959746204
3963944892
3972308409
3968318618
3985030218
4007638026
1853812746
1713795098
1713840154
1713647674
1714226218
1831733290
1828595754
1824402218
2090740314
2090482378
2090342030
2090337165
1553465740
1574437036
1595613356
1580933540
1580872608
1581130403
1585324786
531436086
531382806
363651597
397189644
397259288
371958296
371963672
371887416
372934680
354060488
341477515
351963274
351988106
74246026
74187450
74187518
75371063
75379237
83763492
83763232
83701792
134165504
116287492
116361476
242059733
242064343
250395638
250396134
250131950
250261598
518697030
510308439
1042985043
1059758193
1026203873
2100012256
1697363104
1697293728
1697309616
1697317505
1697186483
3828090530
3840685730
3835967142
3836485350
3836549662
3836488462
4155255054
1995188239
1986799645
1445865525
1445856309
1578762295
1578840119
1585066290
1337594370
213526018
145362435
145316545
149519041
141060801
191490496
1248573504
1256897744
1252754673
1257799843
1266213026
1211753394
1209660082
1214084786
3360504498
3368893042
3437095730
3432835362
3434925346
3299656737
3350045696
1190110272
1311737024
1311503536
1311456416
1580088736
1580088992
1585327777
1593779863
1587294918
396112582
400044654
400045358
362442030
899344765
899279068
352041164
339459276
271286476
272142533
270041463
268993319
285771558
306957602
315292707
316335153
920313856
911912965
2115678213
1578810822
1494924182
1482554014
3632056990
3631565566
3697745630
2624590410
2626687594
2492478058
2509251309
2509513388
2509517748
2243690884
2238185860
2217214140
3291100348
3291097500
1144662413
1142565773
1088301965
9702301
30676397
53485996
53534856
120635592
120627240
120627245
19967021
3188781
2201637
2525189
2525185
3049729
7243265
351175409
351249072
384603056
376209841
1445953969
1445953955
1445451170
1445344674
3529913762
4066649506
4058263462
4105449390
4103355070
4102830734
1954819726
1438936719
1430574845
1427424061
1429324575
1461973775
1461823263
1461757758
2002822446
2103553318
4233346070
3963784199
3963783172
3963787572
3829578292
3847666228
3877027344
3862876688
3795730960
3795321440
1630012129
1613234403
1617428514
1894453298
1890268210
279586866
279586818
296364034
61479938
111676674
115885122
254333138
220771826
1298906850
1308277490
1203415747
1186499265
1185454768
1185461936
1185460912
3597185696
3592987296
3593183904
3594166688
1429843121
1966647539
2004400354
1983510626
1714093154
1714093394
1651162610
1634580899
3773606321
3764763009
3760687749
3760687749
3827813991
3827590695
3831767590
3831767590
3882623526
2792100646
2800485414
2796358694
2795980862
2812729407
2779174927
2780207119
2895555341
4103449101
4124356141
4128563757
4128592623
4128506031
3862167727
3996909743
4009623726
4004383934
1823357326
2091789006
2091724303
4243330828
4243353896
4243349800
4243350312
4240238120
3701239336
3687607864
3687589464
3687592568
3721204207
3704438894
3704602670
2630778910
2488187918
4098799695
4107253967
4107189133
4158566029
4133454477
4131160735
4129604543
4062663087
4112986479
3844287791
3982567726
4020447534
4003670814
1856191246
2124750414
1994719950
1986855310
393085102
485367982
482226350
482095286
496775350
513598630
516730087
239908919
241154070
253675522
205442050
1283389698
1283107330
1291495938
1287227938
1488488994
3686313507
3736780032
3736769600
3472523456
3458826464
3324563616
3307806880
2217353696
2485793504
2494169696
2494318112
3569155616
4106005044
4156336644
4143876869
4143876423
4143220966
3862207654
3996418214
3996418222
3996553406
3996561646
3996574190
3879200614
3831850599
3831957111
3832414999
3828285702
3828104498
3832297762
3840678242
4105112370
4105046578
3568175634
3569158658
3300666882
3485149122
3468309890
3467363714
3467152801
3467164064
2397617056
2389228448
2389425072
2385227232
3727208416
3727204768
3727401344
4280985024
4248474692
4231711796
2083129383
2083207202
2083465250
1818626354
1827044098
1822842627
1823786560
1821673088
1824827024
2118296192
4261581441
4127376003
4128719490
4130800290
4142675938
4138478882
3081518114
3030912006
2963810311
2968201223
3496617987
3496893201
3580759745
3623749249
3606516355
1448424067
1179915169
1179914725
1179918372
1163337740
1148596232
1148599560
1088821512
82201353
1168427803
1185201978
1319413530
1323599162
241993002
237601914
242916570
242915530
1325055179
1316660424
1312338168
3727200488
3727274984
4280984300
4235895532
3837503204
1687722692
3835214401
3831078210
3826816102
2753090662
2771927270
2804810982
2771262674
3832420739
3836353153
3853195907
4087945907
3014138514
3081256578
3085528962
2536129986
2502579650
2418675970
2422936322
2431136566
3500679974
3500679462
3501733230
3501722863
3503818911
3558353039
3575261323
1161439629
1161440141
1165643469
96223837
129282613
127181604
399810848
1578475552
1578606625
1578606625
504803329
387358979
353813315
339608515
271124145
271129509
271133605
283650469
1353197999
1353198990
1403542926
1386775950
313295246
1391301054
1387176366
1387176430
1475195183
1466736941
3609502508
3592741420
3592839732
3609600533
3749052961
3723760419
1555308835
1555312950
1555308823
1559634703
1306408717
1306398473
1298073883
1297926251
1549580523
1551673547
1551669386
1559006346
1605141914
1588499098
1592169054
1512501790
1512976934
1512710694
1513693218
1524113505
2056794336
2055946368
2056994944
450617476
423293068
473617564
1010550968
1010550968
1010534568
606837161
619228073
619227019
619491787
619544650
627736602
657190954
656957482
908602730
1919826730
1928202794
1924008570
1991053002
1995186890
2011980298
2012176906
1957511723
1958503977
1958571560
1962490424
1953172248
1948977928
1948912968
1953056216
888677224
922232616
383263529
370680089
303572287
303628334
307953710
316276798
328881422
347796807
347782983
346787398
485071446
486128374
475577058
470329826
470338786
487148770
1560964322
1493855314
1507519570
1505423203
1538961120
1521125056
1521189504
1525252736
1529447296
1495909824
1479104883
1479092514
1479092514
2015914274
2145974306
2125322290
1856680962
1856667712
4004217024
3999891616
4012679328
3962347680
3963610016
3963495072
1813458657
1817459426
3975428706
3971234402
3970185570
3970174194
4238820547
4272348353
4209437888
3660007872
1512508240
1512446496
1525099040
1520707105
1521230375
1522279214
1526468910
1516040254
1510794254
437167118
437169158
425624774
209700034
205507762
205487266
205483938
406547106
1492904610
1488702083
1487653505
1487641280
1491708480
1483255056
2066525216
2049813536
2053483568
1852283952
1846922273
1846340897
1846308641
1846292007
789454351
756956687
693770775
697895975
697828390
697040918
763625542
1011089614
939655374
406984414
411445982
411445974
411331318
411364086
428649170
445427266
445293314
445284369
1515880480
1511686160
1528463360
958116864
941210704
1008385248
739945696
744143328
1870301936
1853868752
1848494784
3995933376
3995933280
3945611040
3911984416
3907793188
4172034356
4172100388
4172100391
4188802854
4188277042
1503934546
1478760514
1479546962
1477589062
1476536902
1476536902
1208105541
1212156484
3384814148
3380620244
3414175204
3414245348
2340576997
2340576999
2340507366
2340440806
2340473838
2344667502
2336508286
2303544670
2300271950
2300210526
2282384255
2282445662
2299034446
2299063246
2307451854
2341058910
3398154622
3398417774
3398409582
3397881199
3401944173
3393555572
3389295684
1241877572
1242479812
1242478788
454990016
423528640
406767697
406321489
410515793
945257809
962034769
960965713
956640593
956641141
960703077
952306277
964758133
998525533
444885599
449079647
440724863
440921439
440851807
440847709
449302397
449306461
466539853
458212685
425674057
423182425
405487737
409671161
409671161
409550587
417938171
413874938
413739770
414722810
412625626
415788762
432595706
449815418
445560187
449287529
449100905
440707177
973387896
973511692
973509709
990281933
956727501
941523135
943685807
943714470
943619494
946805414
955189926
950864566
2024479478
2024503863
2024402439
2024318487
3920143143
3958939685
3933774901
3931679829
3943214231
3909729459
3893034402
3961149346
3961130658
2893745842
2758348466
2758284962
2766676710
2812813942
2796122887
3869827341
3869827084
3869827096
3865635848
4129875976
4148091160
4148054120
4111878248
4099152089
4107607257
4109832653
4110291919
1421742790
1421738998
1425822178
1417470306
1433199650
3748570114
3740173314
1592699907
1592634385
1584266256
2116934736
2116934896
4281325476
4235187876
3975856804
3971728124
1828241949
2088263965
2134384957
2117611832
1713972520
1714035497
1726614315
599395114
565906250
815467466
819922570
819856010
285098634
282907642
282915307
818717163
818718057
818776425
282037115
282041179
1372503497
1407100361
1398792521
1379713353
1379911003
1378778477
3531501421
3539889965
2462023437
2466071308
2482783036
2480693804
2442945069
2157711919
2156663342
2157781550
2157716014
2230845738
2222459946
2238396442
2406103066
3481171978
3460229194
3726158026
3725100490
1577616266
2131264138
2131264394
1867157930
1871356075
1871357097
1876667560
3978017961
4246330555
4228795546
4228255178
4228263918
4227995182
4257682990
4137095726
4139057983
3602661644
3602662660
3736663364
3464101204
2386218436
2402975104
3426380755
3426380498
3429595890
3706322930
3706316754
3706450882
2633745218
2632500049
2645082976
3723027232
3748143908
3744006932
3425240884
3425373988
1283014444
1287400749
1291595070
1157442830
1283394638
1278676126
1295400078
104267150
108498318
116888982
112697782
111124918
379429284
1453105316
1457299620
1981587620
1981587684
1983815732
1983815684
1982767412
4147114788
4046407212
4050587181
4050521663
4058909310
4127066878
4110158830
4110167550
4108067038
3571265566
3566932255
1421546252
1425621516
1416154628
1432939300
1466468640
1459128353
3602417781
3606807685
3596255364
3594158212
3610935684
3577648772
3577665188
4099761828
4108068517
4115931814
4115931822
4151325102
4133490926
1994396782
2141207558
2107649030
1575169030
1549937670
1277328390
1549978885
1549977396
3705902628
3706827316
3650138644
3682644692
3665867476
3128989428
3196100327
3192240871
2920651503
2922875757
2940111711
2923337295
2923405839
2923291231
2805850702
2805752302
2804707566
2909537446
2917926054
2901292182
2897092806
2897092806
4239269958
4244513030
4244447511
4244383031
4177276695
3640208133
3640351261
3636185724
4189625052
3136858764
2591598284
2589688460
2591982220
2667496124
2667451053
2658935719
2675704230
2642157742
2633896110
2629763262
2495021247
3300327627
3300135945
3294898185
1143273785
1160035083
1193650446
1181149454
1181670662
1164853510
1143619586
1143652386
1282076962
1282072834
1147846914
1156284947
1105822257
65572576
48794272
40487600
36428432
36428672
1110048656
1378394548
1378394276
1919791525
1929286517
1929150997
1919463973
1915265575
1915265575
1915248679
1932140583
1881800743
1885998119
887752806
347748455
348011126
346962438
347045378
1420595715
1089241857
1080856624
3291787296
3574903840
3608448096
3594976064
3331751616
3331728080
3331728097
3600032482
3602133730
2533098470
2473378918
3542662190
4080647230
4047157262
3843729486
3877349453
3876358252
3809249512
2718801112
2988340168
2988323496
2989892268
2742428332
2711892653
2695631535
4037284282
4037283978
3500421258
3505665242
1076123674
1076140042
1076213770
2205966
2337038
6458119
275154695
342262019
477004546
1483637506
1500422994
1533977314
1580110498
1579900594
1579748242
1579752354
1592524194
1588192674
4272530865
2109319040
2092478272
2088282912
2100865056
1966648352
4147810304
4131045376
4131258368
1983774864
2000552352
2004817568
1975262881
1975328403
1974943362
1889871494
1352935062
1352934630
1105470502
1080099846
6431750
2321411
2194705
69410065
69606675
69602578
74796450
83871122
234784130
251036034
250053010
1323676082
1323676082
1252373874
1319938338
1323624738
3471632678
3740052774
3723146543
2628420908
2646248740
2646118196
2683870996
2658706964
2654577152
3728388864
3577377536
3560575777
3493724514
4030596578
4034858466
4043249846
1895635126
1912356230
1929340295
1384018829
306070157
305943231
310142766
309881130
317253930
870885678
1944627470
854109190
845778950
841646086
1915388182
1916449266
1916461474
1916412338
1932203394
1898776722
1361909922
1353455778
1353452450
1354569398
1354638030
3232506446
3249286671
