313373110
1387115446
1387115454
1388165054
3533684655
3540761007
3507206573
2433391004
2433395660
2437590540
2430133772
2430099976
2488803897
2222470699
2230983982
2226789422
2226784302
2226719854
2247886046
2271019470
2271179598
2278454095
2278449999
2240799077
2223564133
2228813156
2220382708
2149071300
2151184768
2151603584
3275675008
3258884480
3265168259
3331818370
3330577074
3334775526
3322193446
3338983974
3305380398
3289656078
3507890638
3544586398
3536192702
3263561918
3263504542
3263438991
1132732557
1099178380
1078223276
1077167276
1076119036
1076323788
2581836
2618700
2545420
2529037
7247631
7181598
1097831710
1106154766
1106156814
1101904154
3282873146
3266231066
3266222858
2196672282
2196734762
2192409578
2193601467
2192552857
2192356264
2213319592
2154070956
2149895596
2149984748
2149984748
2149984629
2154178871
2163091763
2163094787
2163085571
2154742530
2154746626
2204803842
2263524098
2259325186
2263467058
2263401506
2255250531
2255252961
2263867312
2263535504
2264434340
2256049828
2250027700
2535301764
2500764292
3574572740
3557664468
3562860260
3562368997
3564584423
3581285606
2541094134
2541093974
2524857350
2524859654
2532244742
3534614278
3534286134
3332957222
3332957222
3333973026
3329822754
3340435490
2233073698
2216297266
3290305042
3294233090
3298427394
3298361922
3298296386
3298366163
3298375393
3298312161
3294128609
3292035559
3292331463
3308221894
1198462406
1206714694
1105985846
1089212711
7151908
7151908
3088660
3080452
3081476
3081988
86990596
120544020
237984532
1311734612
1189969396
1185771956
1185771956
1118433716
1118433716
1118368166
1118368166
1122554278
1093268926
1093264798
19525002
19523978
19523978
19524042
19524042
53188938
321624331
321632520
321502472
321502472
1361682200
1441373752
1437179448
3316227640
3450452524
3450464812
2309564972
2309556780
2309556524
2309556268
2309556269
2309556349
2313750623
2313750751
2313754847
2305366495
2305374687
2305374718
3379116414
3379116382
3379116382
1231632670
1231632670
1227438142
153696318
220805174
220805174
220821510
489257286
1026115910
627964279
627964279
627964279
627964279
627964279
627964279
627964279
627964279
627964279
627964279
627964279
627964279
627964279
627964279
627964279
627964279
627947895
627948919
627946997
627945909
661500349
661500348
661503412
1718466996
1714010556
1714272700
1714273148
3861756732
3878599213
3845043823
3828262511
2754606702
2753875950
2753875886
2758040510
2758040510
3848559550
3848634303
3848372159
3848367551
3831590302
3839978934
3839980983
3840102903
3840102871
3839975765
3831587077
3831718149
3831655732
3831647028
3840035644
3840101149
3839982157
3890310735
3873530575
3865268943
3865265115
3865133995
3881842603
3848286123
3839901097
3839901112
3839964552
3840095624
3840095436
3852678396
3835901181
1688415317
1961043031
1961043026
1419980882
1419972690
363008114
94515410
94515394
94511234
98702466
90328194
23317650
56726962
56664499
39887319
39887701
39883548
35689004
35694124
1394650668
1361160764
1365490460
4058159900
4054032157
4054027791
3819079198
2749530686
2720236142
2720105198
2720256742
2804413158
2770625251
2753835745
2758018017
2758018528
2766413040
2766159056
3970119824
3970055296
3970055296
3986846849
3986845891
4024688834
2138169666
2133975378
1864491314
1830940962
1835128098
1835095350
1836152118
1836180790
1869870366
1853019406
1853015310
1851968782
4007889982
4003507246
4003507246
4003511354
4007887898
3999498250
3996352607
3996356735
3996364909
2922618988
2943542764
2909984748
2909951733
2905741047
2906063607
2904883958
2904822518
2943103718
2947298662
2879921270
2846365751
2829809685
2829740037
2833968129
3089884161
4164546576
4164513840
4164640816
4164825392
4162728208
4166914384
4225044816
4202984768
4203052356
4203207493
4203187063
4203068006
4208311934
3957101150
3948184270
3943990222
3910500826
3910645246
3893800175
3893864621
3910641900
3914442988
3931213020
3931341004
3933372621
3933376893
4000559725
4000424549
3998328357
3994281525
4010989077
4012951093
3979671077
3978614055
3982806055
3966225443
3966224418
3966097459
3983005747
3982948401
4016503057
4016503057
4016537429
4016406517
4016396213
3982841525
3982820021
3966047157
3965784981
3974182292
3974118548
2900442260
2896379092
2897359964
2897355020
2897420556
3165856524
3182633752
3181451112
2644512616
2648722297
3177220985
3206581017
3194067721
3068242699
2929831691
2929829146
2925572906
2921370410
2921628458
2921824810
2921788014
2938561262
2837858030
2833256182
2833256342
2833260439
2850103191
2842767253
2838571413
2876254645
2884638949
2880506101
2880505941
2844867591
3113427974
3096518914
3096518962
3100766498
3092299874
3091235010
3091244166
4164985991
4165182853
3913455509
3947009925
3942815693
3942752093
3976249133
3977292077
3960580399
3977428271
3977415966
2937242894
2926757134
2926757342
2926757358
2926658990
2943358894
2943367095
2817730199
2817664693
3086030497
3069183649
3063943073
2527075761
2543922323
2544053379
2275552387
2275556483
2246134915
2237697171
2233570451
2267264467
3341004113
3609242929
3609242929
3609242673
4146314259
4112694291
4246912051
4230126626
3156384802
2887965986
2887966002
2892388198
3974583014
3974890215
3974894228
3966513884
3966509788
3966513912
1684813688
1684880696
1685010744
1693407512
1692915976
1692793161
1692712523
1709213386
1734378186
1713603274
1713541722
1847779962
3995197738
3999555630
4007948334
4021227582
3987611663
3991805965
2087591997
2095526189
2096575277
2092381756
2090163740
2089867788
2043718221
2035329613
2064689869
1796259535
1781630926
1781694718
1784844526
1793499374
1794547950
1794547927
1783947495
3927236709
3927237989
3944150381
3914748287
3981837695
3990294527
1842682783
1708469151
1708469151
1841773501
1820662676
747966336
882194304
882057936
347288113
1423971074
1424003842
1424007938
400733442
379757570
1453501442
1586662403
1586797665
3734288612
3730090156
4262766828
4145974248
4145973864
4145977900
4126580228
1958057732
1958072577
1952800802
1949044770
1949052962
1413230754
1999503778
1986922370
1991118466
1454251650
1454194306
380452499
397158113
367273509
342106900
337912588
338978588
339013165
343386661
284604965
276073237
307542357
303859077
303988869
303992965
306106501
1379856535
1462662563
1441691555
1436906402
1436840742
1436820246
1474568454
1432625174
1411654694
1550723366
1554917646
1555958590
1570528111
1586261853
3469502285
1242100557
1243267917
1528464335
3625628663
4175144933
4170758117
3901528037
3901538156
2831662652
2902965804
2902769196
2902769196
2902778396
2886103596
2887135788
2767454828
2778989039
2779517102
2779516078
2779515070
3047954582
3043506310
3040487558
3023973510
2487102598
2642292166
2684304726
2679979286
3740024582
3740017926
3739754806
3739947302
3753509367
3719954837
1559769508
1291335140
1333528948
1312581892
1310484740
239070464
238988544
1177990416
1194758417
1143378177
1143379905
1144948609
1149011633
1423750817
1422714531
1436346274
3587630502
3587630566
3581191527
3579112759
3579112711
3579113231
3587468749
3587586541
1473644973
1475807677
1459436959
1451038143
3598520509
3593818365
3577200764
4097298708
1415623188
1424007732
1420866076
1420866076
1418748445
1305684534
1297226534
1293031462
1293027366
1563822294
1601621190
1584837830
1593225414
1593213383
1593737943
1610392295
1608295143
2111612645
4250707687
4246515695
4280221167
3073789423
3077983727
3077983615
3086439807
3086316831
3086247183
2515821855
2515920191
2499278143
2490877303
2490811735
2490815959
2490882007
2507536279
2541021111
3059017639
3059079103
3054884797
3059054557
2541053949
2549572445
2514957085
3706139421
3706007837
3706007853
3706002735
3706521903
1559038015
1290024991
1306798110
1332155414
254148615
221691907
85311489
85237793
84189216
84189216
85374144
353809792
322342529
1399754385
1408081585
1400684193
1381805733
4065109735
4073497445
4090401061
4091449637
4158633253
1987964213
1983735831
2117433398
2118064182
2117993510
2117992678
2117992582
2129543558
1873793702
1822789286
1688571526
1688518278
3836061262
3970277919
3966018088
3962888744
2888887848
3979364904
3978693480
4012312936
4007926104
4003797065
4003869771
4003885066
4003876874
4009037870
4195622958
4178845790
4162200782
4175309822
4173204142
4238936750
4238872239
4239931037
3707527820
3694977676
3695026820
3692553940
3709331156
3713396468
3713331157
3713511383
3713466327
3579236311
3581343559
3581343559
3581924119
3581792567
3581703479
3581244735
4151778623
3622704511
3622703967
3619558237
3753718397
3757847065
1576284697
1551176473
1148665128
1148659752
7612457
7612461
16005133
7617547
24395851
36094154
36094090
36622347
36622361
37671225
39686952
63744808
298625576
298617352
1372560328
1137613256
1120836040
3336214088
3606745688
3601511160
3618284200
3618284219
2510987690
2510856362
2649273514
2536033450
3609975962
3609915786
3610157642
4147028494
4117669390
4110200349
4101806652
2956311092
2956442164
2688457220
2705231428
2738848324
2720825956
2792223268
2800611879
2796351782
2796351782
2930570534
2934504742
2926303543
2926237719
2926311453
2934569085
2867387517
2867426557
2871599311
2906202255
2887394202
2887390894
2899971758
3969387182
3971484590
3969391038
4019747022
4141410382
4263028751
4263160845
2115675140
2115670068
4263346229
4129083414
4112404550
4095611846
4231923382
4235136678
4239212198
3970722466
3971803811
3969690544
2895949248
3164384320
3155993668
3158282324
4114006260
4113966324
4113962469
3845529255
3857125031
3852734119
4122220223
4155778767
4155795151
4160022343
4160087319
4160089399
4151835735
4151696471
4151702743
4147570135
4151760199
4151722263
3614917429
3589624613
1442079029
1416913205
1416966453
1412767031
1412897111
1412839878
1551243718
1576930182
1604849542
1592276934
1525166934
1521037863
1521034023
1537745701
1504207141
1491657012
1484304468
3627921652
3642667508
3679961076
3662000068
4198804421
4265720277
4265721207
3192370279
3192296741
3193341220
3075919652
3044929060
3044932116
3179273748
3185440308
3185439269
3218952807
3218952918
3212604070
3212599726
3053210798
3035516094
3031320734
3035585678
3040705934
3074387407
3074319695
3074319695
4152321151
4160713855
4122991711
3048655941
3052850181
3052832788
2784475428
2775952164
2775952948
2773990932
2904012308
2903880245
2771755573
2771710503
2771703334
2770652710
2775370622
2775370206
2775439838
2775448030
2775447902
2775578974
2775513470
2775513470
2775447902
2775374175
2775439709
2775447900
2775513468
2775513468
2775447932
2775374204
2775439741
2775579005
2775579005
2775579004
2775579004
2775447900
2775382364
2783836509
2783837663
2783835638
2783801782
2808967606
2775413174
2775396534
2909745342
2909748382
2918070430
2913876127
2913876157
2948479117
3216910541
3214814669
3214763981
3218956997
2648531671
2640147191
2640148470
2640148470
2640311798
2640311766
2650756550
2550093255
2550092247
2549969271
2549903735
2541511023
2541581679
2675801455
2675793279
2650660223
2650660127
2516444447
2516444431
2508181839
2508050783
3581793279
3581802479
3579803629
3579803645
3579147741
3579139421
3579139167
3581236351
3581375615
3581375967
3581306311
3581335495
3588212695
3588212215
3621647847
3621578215
3623739895
3623743999
3623743871
3615348607
3615356927
3615325567
3581771135
3577707903
3581891967
3581891919
3589765071
3590313823
3590313599
3590181749
3623670645
3581206901
3580158325
3581277557
3581400437
2507593077
2507599351
2541154262
2541125574
2541176790
2541045750
2515882982
2515923831
2515919709
2499110677
2489679637
2506391349
2506437940
2541172020
2541162812
2532774172
2549551384
2277454616
2277454616
2243902776
2243721576
2243746027
2247936186
2239547786
2168245642
2167719354
2205668282
2272719866
2281071450
2281070874
2247565626
2239045947
2239180856
2230715448
2231242008
2231328072
2231231960
2239558616
2273104856
2264761736
2264896904
2399120553
2658969771
2654255274
2536803514
2503120266
2503123658
2490540634
3027415610
3035689530
2490655290
2490721851
2507549241
2507553080
2540640296
2548894776
2548827160
2545696840
2545795144
2543293432
2543297256
2513741545
2505348857
2534770395
2524436170
2524443610
2520527274
2654732778
2654536186
2636775578
2620013787
2632853721
3702417416
3702515720
3702303752
3702304008
3723271448
1608883691
1593224362
1987507374
1981087934
1997996222
1997668526
556933542
555889382
597885478
580911638
581968646
586162190
573632542
842264618
571708714
592612906
596019754
1670352634
1653114506
1653114249
1720225928
4158230920
4114261640
4097502888
4231686824
4231670440
4097711801
4125885371
4155244731
4138471674
4138602714
4139655371
3623755851
3615367483
3581880123
3581755195
3564911418
1425816378
1979464506
1434221338
1433983242
1969784074
1970831626
1945682138
1945817258
1943724201
1942741160
1942610088
1934165148
1929969796
1930231940
268899004
268841708
282223140
278979076
278980101
278965765
283155221
346208567
1470281750
1457690630
1445103622
1579336774
1579548870
505753726
505700654
1056236331
1069015848
1016459048
1016900376
752659208
761182216
792693768
641500232
641515721
641482938
572937386
556679082
544095914
552548010
549205642
549200522
566043322
599728811
582759083
851186329
855380617
930943935
368453607
349579127
345204499
345036290
1420858931
1555084855
1555148343
1574152983
1607575831
3661666358
3661731894
3661731894
3657693238
3741744174
2639150126
2639148078
2626557742
2643346990
2643281461
2677589588
2677595844
2681784900
2407041604
2407321172
2235487844
2506023524
2489246436
2497700580
2497544935
3034350310
3036448438
3023866590
3023866590
3023018718
2772351694
2789124814
2789125774
2789074574
2788479678
2788442554
2792640682
3866366122
3873771690
3890689194
3890625722
3873844442
3873843279
1994795023
1994796047
1994875933
1994874941
1994780957
1929367821
1929298191
1904132447
1952433406
1948241310
1948208518
1952402326
4107230886
4103438054
4103366374
4103354102
4124059334
4115670726
3579129238
3587521958
3587452070
3566480550
3565512086
3570922895
3570915277
3572860868
3571760980
3588534068
3043274549
3077021495
3043397430
3043401526
3043475254
3178610470
3160792614
3160790567
3161314868
2888816176
2892680752
2892713760
2850573600
3114814736
3219684352
3211340816
3207144496
3208192112
2671456481
2679768294
2677935270
2678000038
2677803446
2411465477
2273069828
2239729412
2248062212
2277418308
2545725300
2667351783
2658962086
2654767846
3191705206
3208545878
3173955142
3157172854
2888688358
2888681126
2905558422
2938988693
2927388820
2860271764
2866088148
2857770180
3933613060
3950390533
4235609891
4243998514
4240267058
4177393426
4175226690
4192003410
4200394194
4208750067
4200300535
4267579383
4267574773
4284417493
4234089925
4235664853
4244053461
3705017821
3700889437
3704648031
3703595287
3703857430
3703895094
3704020278
3704020790
3705069110
3705593462
3747468871
3732910789
3730277316
3730080228
3725899244
3725960684
3724994013
3678599119
3678625742
3644858350
4181999470
2017804142
2027298686
2027298078
2027816223
2029977628
419233852
435957780
435953684
458499092
453258548
436485412
973363492
977590573
977598781
977665407
977796447
994573695
1002829183
1002829293
960795117
960861183
944083967
675788795
692566523
961001979
994572635
995031387
995031243
995096779
994925771
957109707
961365499
961501163
969832171
969828075
1003480735
1003288463
1003290527
994901951
961150895
961149871
961280446
961272222
961280414
961281438
962248030
970636574
737914174
736660798
736658751
736730429
703311165
728476973
993634357
706451509
706447397
705402917
709541223
734707559
696958583
680172359
680048967
671660103
688429063
688396343
722082854
722091046
723139878
735711078
697896574
697835214
697839310
697839310
697839310
949501646
411631310
411697102
411811806
411805663
416004061
416005596
407608796
403298780
403429628
957044956
990517708
990788940
974010188
974075709
994915887
1003238958
1003241022
1003241278
982269726
982333727
982334749
444939548
986004796
977550636
973372716
990141756
990207356
994400637
994433405
726006143
726006143
726006143
692435327
692435327
692435455
725989887
734378495
734371293
1002814941
1002812925
977647615
973583359
973583087
436663019
440824506
449263258
433012666
412039594
411973802
415897755
415893643
407640267
407645193
151531785
168694025
168710921
172909357
181166895
180647214
197459246
155508014
155580798
189127006
197515742
193453534
193461726
193461724
193459676
159904252
138924412
134726460
403161884
403170108
134603561
134606714
134535546
138795482
138926538
1212389835
1237564875
1250146251
1518769097
3666252744
4203123160
4203188712
4203001064
3951332456
2818869352
3960245480
3978134669
3978219661
3980288431
4013826735
1866334894
1853817530
1862087354
1857823450
1857367578
1856453386
1873095434
686041866
677654282
673453834
673448202
677642522
687276090
683611242
731782395
982129817
982181001
982032521
978878601
1058832825
790397355
777955243
785297067
785295019
772186779
637964939
637977307
605438505
605426217
538260269
538182956
810892588
817769508
884876316
884872205
348000269
331285773
46073101
49237468
116119736
48871608
1118350488
1118340504
1118339512
1119654568
1084007080
1350869736
1346736683
1879544366
1879216686
1879225390
1694673966
1715907614
1711770638
1712161866
1711915082
638239946
1846179066
1849304810
1860839146
2057897578
2074677834
2024288842
2024350282
1487544927
1487618429
1487454300
1491635292
2020130172
2015931388
2032839564
2049616268
1781177741
1782154383
1782153663
1782178735
1784373933
1792746157
1792615084
1786258092
1782063853
1782069033
1794909225
1807494203
1807563802
733820954
733296650
735324170
994326538
990731530
990903630
994473822
994473854
994408302
994342702
1002766206
969252350
969260542
700562911
700554653
1774427548
1749261756
1749262268
1749130964
1744942676
1744942612
1745090100
1744975397
1744977199
3914472558
4224846062
4203874542
4202891454
4202707086
4202720650
3670074826
3670057290
3665932570
3665933354
2592193578
2323692586
2328942634
2316372010
2333214762
2333219882
2345805354
2308322922
2341930715
2343833289
2348043976
2348075724
2306136796
2306277356
2306273260
2297933820
2297536244
2297667300
2564005476
2555427364
2572204581
3104881461
3138497287
3137448711
2869144327
2869075527
2869079751
2869096167
2839699111
2848132775
2831158967
2831161015
3904909750
3896521126
4165009574
4173533350
4173552886
4169201858
4169197634
4185974787
2596382723
2596452355
2588080129
2596424705
2589066545
2597720849
2614231569
2559705825
2559574755
2558539687
2558537126
2562731190
3623893126
3623959702
3624025335
3640802503
1493314885
1497444101
1539321604
1539325460
1250131772
1518501677
1539570989
1539366205
1530977625
1530961225
1497415131
1497480313
423738489
956561785
956561755
956521307
956520987
956440186
960642682
994260830
994129374
994391262
994393310
994384990
1002772574
1002780959
1002928415
995061021
995097885
978320669
978165117
709664127
725990911
725990910
725990654
692428026
692567290
692567290
688371962
688380155
671422587
671561833
671496552
684079656
696651304
696651304
696518152
700724744
969156105
960771913
960517451
944110939
944110075
944110075
952490363
969275739
969406795
994573643
977794379
977794394
977663354
994377070
1002765678
432405870
432405998
415759870
415759838
415752158
415628254
415628255
415628285
432503676
466058012
986086684
977728796
973599100
973205868
989901292
989901309
960541083
960599962
960600986
960748474
960748474
960723946
960916474
969308618
969358667
969241867
1002729755
1002795307
994570539
994570539
994570523
994439450
994432826
994368362
969275755
969275771
1002813755
1002944825
1002878281
1002877257
995070411
978293243
978301354
995078574
994555326
961000639
961002687
956808383
956751033
956488104
990042600
977427420
977435468
2051170124
2059489036
2059425596
2076202812
2043115324
2026268476
2026271549
2026324533
2026639911
2018256423
671884839
671891239
676084071
684464485
680278293
680343813
969750788
2035236100
2035236660
2035105636
2043510116
1502378276
1501919540
3649403668
3682925332
3414555508
3414547300
2340674404
2340670052
2340543092
2340485732
2340551524
2340772709
2311407973
2311407973
2311440743
2312489335
2304100727
2304104791
2304109399
2303060823
2303064951
2304072567
2304067959
2304592247
2304727415
2304735607
2304735607
2304629111
2304366935
2337925591
2338056663
2337008087
2336881143
2337921494
2337929718
2304367094
2304498166
2304506326
2287729110
2287729110
2286680534
2286938566
2286938567
2286938583
2286943222
3360611314
3377388530
3377461618
3377330546
3377331538
3411016914
3675188434
1527184594
1493687506
1493498050
1497688514
1531308482
1531345746
1531345746
1527144242
453467442
990190850
990657542
994851926
994851174
995047782
994982246
995040086
994851654
994851654
994917702
994803030
994671959
961052631
961085430
961068534
961058294
692688382
692828126
734771166
734707710
730577886
1804188509
1766439773
1745599069
3893280333
3893280477
3893268205
3893296805
3896958631
3922124471
2877775495
2864799365
2856335237
2852132773
2852134309
2856525285
2860715109
2877365253
4219481351
4219481350
4223675654
4215370790
4215428134
4198681702
4207070406
4207000774
4206930119
4206934469
4207000053
2864889333
2873278309
2873270117
2835451444
2835389973
2818698773
2818797111
2818719270
2818711078
2818706982
2832403750
2828209190
3920889910
4189329470
4187232286
4219746318
3683396622
1535912970
1271725386
1263337306
1263386490
1229963258
1271905275
1271905275
1271773691
1271766525
1531944444
1531944412
1531952636
2068815356
2064621020
4212047324
4195335644
3926244860
3926179308
3926244844
3926309868
3926309612
2852559596
2869336812
2869337724
2835783292
2819001964
2818950764
2818885228
2823149164
2824820460
2841396205
2944140221
2927362461
2927562911
4017041567
3983356095
3974892730
3970370718
1822832782
1823615182
2024941662
2024811790
951067910
414196999
418460935
418542871
433222933
466810197
450090433
440635793
440504721
440447920
994091940
2067834852
2034282468
2034282340
4215323428
4198611748
4198612788
2866001684
2861732372
2861732405
2861793830
2861597230
2857431598
2836447790
2819637806
2819752502
2889224758
2893287734
2901671990
4239654966
4239864886
4239795254
3702930438
1559632902
1559104518
1290669062
233639174
233051511
216274423
216273399
207884501
207958213
224866775
224817655
233264631
233166295
233174359
233174358
233153910
224764274
258318450
241537106
241664211
107446483
107393265
107389169
125215217
125216241
1198962641
1383577585
1383446256
1379178192
1379243760
1379374833
1377806049
4062029479
4060936103
4060926374
4065087654
4065292454
4082065574
4056903846
4040118662
4041168263
4041045973
4040976357
4040454117
2983526391
3008679903
2992099294
2992103422
3002593198
3019367870
3015176638
3015037374
2985578687
4050935999
4050919613
4030148781
4029026532
4033286500
1885671732
1348808980
1348806404
1348546316
1356937740
283257348
10681860
10669828
94471428
98599381
132157877
124821935
104051647
371360702
371361726
1449309630
1449387519
1465968117
1461744981
1428256093
1428369789
1432494959
1436689263
1470304606
1201734622
1201755102
1201927166
1173485550
1173397478
3310665198
3541347839
3541542351
3545674191
3531047879
3539436503
3539391223
3547783783
3514135397
3514061157
3514052709
3497275492
3504734276
3505275972
3522057668
3589273557
3580360405
3580221367
3609520055
3609585078
3593720990
3597911198
3606115550
3606111710
3597756286
3605227118
3538113134
3533795886
3600835119
3617616221
3589296460
3228582980
3224554868
3224558868
3228751636
3237213781
3253854743
3245433350
3245699846
3312795958
3346486310
3338103846
3338106934
3330103318
1182619655
1182752013
1190909196
1189856540
1189855548
1181454652
1110151452
1110151452
1378587444
1395364132
1366004068
1349121508
1349091252
1349066389
1344868031
271523502
813113006
821041134
814759214
813706286
817903678
817899534
809510926
826354695
859983109
860278021
869125909
600612645
600620909
558669677
558735229
592223615
588103167
588103023
571456879
571456879
575256959
575387767
575584374
575584470
638495942
638500038
638514375
638510295
621700343
743334885
751706741
747512405
1032659485
1032593945
1036788537
1028412249
1011703769
1011866587
1019648715
1015454347
948345483
679779979
683970187
693405339
722707387
1796383659
1796383147
1762906603
1761788911
1749283695
1749411695
1757733677
1757700405
1757815045
1767256335
1800802591
1779564831
973275451
977471275
1002512235
1031813611
494938553
478161033
478166153
76549257
78761099
81970587
81981855
73556414
6496630
6501174
6497058
6497059
6497059
2236723
2249985
19057921
36162305
36031233
40225617
40749651
40230771
40204147
41185571
39084327
306471207
843378983
843895143
843896175
575460719
592223599
558677359
558741887
591763807
575125887
575125885
575121533
575121437
575125533
570800189
570800159
570865679
570854415
570854495
570858607
570866799
637987943
658958439
793237877
793233781
760732021
693630325
693588343
695685623
695669215
677843455
677721082
678769658
687159034
687161082
682965754
683096795
951533259
949239371
949233227
411313739
411066971
411165643
432243147
432243163
423727579
423728127
423752703
151249917
151217149
152253437
135463421
139923965
148189693
160772605
227881469
228024797
228061661
267747789
132481503
107316639
107320734
107460030
107460030
107451838
375756222
1466283454
2011410366
2011344830
1721937391
1726199293
1851826300
1847631996
1847631996
1847828580
1847763300
1848828388
1865676261
1831886245
1813003687
1819360695
1819484087
1818431415
1843470263
1876967350
1872773014
1872766918
731981638
731981574
698361094
681583878
685780743
681651991
681721653
682761757
682704652
680803084
696596749
730675461
982261005
982269197
986543375
986476895
466407807
466481646
432927222
147190774
138736614
138769315
138885043
138876819
146937233
146937233
142744961
142744961
142740865
142757249
230837633
264488321
265536977
266438097
266442225
262186467
1335928163
1319216498
1320271714
3467747106
3469852450
3461480226
2264104754
2259883794
2259751734
2259690278
2259689766
2257596710
2190475559
2193638693
2193935653
2202307876
2202896756
2202896756
2202902516
2203033524
2202779572
2471206836
3007945141
2975709621
2703210677
2685384884
2684860596
2685843941
2685843821
2687941421
2703403821
3844271917
3877760317
3877760319
3881949503
3882076479
3882338687
4016425463
4016397815
3915734519
3915716087
1751594487
1751594487
1751199223
1751465463
1759853425
1760500593
682564369
683621137
683355393
681125121
680011009
696787201
700981569
701199699
692786675
961033715
961034231
961229783
432681943
415896471
411768727
143136646
143146374
143146386
143211923
143340931
214832515
215876995
234227073
267601297
266454417
258003441
257995249
124822001
133276147
133276147
116503030
116503910
1188146214
1181989942
1181989142
3333528886
3332504886
3332439351
3332437303
2191775029
2191705380
2191901984
2187706720
2189411280
2189349824
2189357776
2264855280
2262799345
2262611937
2279389091
2279387043
2245836706
2507968162
2507968162
3174342578
3174546370
2906040642
2903681026
3977422866
3977488418
3977292838
3843140646
1694757934
1694749742
1694745902
1628687659
1633144123
1635110267
1635638651
1642978683
1643109723
1668276059
1634598491
1634598491
1634598523
1634590459
1644025851
1744599035
3883693018
3881661322
3881662362
3881779130
3848223658
3856481210
3839704058
3839836122
3839305674
3855951818
3889440714
3885245850
3867485627
3867481279
3884188829
3850638477
4106433677
4106364301
4106371021
4102176509
3582343807
3583327006
2543069966
2262052110
3327470862
3326948702
3264033278
3265098670
3533300654
3600331181
3617363116
3621553324
3575415996
3558179988
1412871620
1949476676
1949492740
1949431335
1685112358
1693570854
1693707558
1708355334
1708224014
1976822286
2001992255
1733492269
1735824925
3816260877
3798828089
3807150121
3807944827
3805847755
3810034139
3809399467
3842925227
3843958506
2770217706
2758556203
2762225963
3030652955
3182303243
2645173258
2678726666
2411401242
2377777214
3434623486
3432571302
3432555942
3427305639
3557394612
1410173060
1980733572
906664068
639282372
639542340
639541348
641589357
645492847
555286778
555286683
538578360
1615727272
1619937960
1619872488
4035824200
4120689160
3046944264
2545721865
2533138954
2666324526
2666325550
2662126638
2662121510
2527969318
2532229190
2523582663
2653610181
2620059780
3693792396
3559836044
3559836044
4109273484
4110191516
4242332652
4259114988
4275896092
4284307260
4284301116
4183764797
4169086527
2021013286
2029459302
2028995046
2045772262
1540362370
1514152066
1514201218
172025026
172080242
172211250
180795410
1254553602
1239346434
1224601362
1220212305
1220466324
1553911476
1557941924
1275337396
1325677460
3456580052
3456511015
3456580646
3457496086
3327996166
3315557134
3298416166
3298329318
3297281702
3297281445
2361962924
2617807036
2669257868
2652548424
2652548616
2654645768
2658840124
2667349548
2667378216
2675734312
2641974568
2625307881
2633633195
2633633194
2629701006
2629766542
2650046366
2641688542
2507470686
2537354014
2541740879
2550129629
2516378612
2516345516
2507691692
2505705148
2535077533
2535340031
2524910974
2457605230
2456552494
2464957502
2531681290
3623283722
3621178382
3587628366
3721915743
3696749949
3696584045
3423933820
3424063828
1276261124
1276261136
1276260880
1280390707
3436195634
3432000306
3431999794
3381811458
3469924354
3468067842
3467542786
3467608513
3467411920
1319412192
3479478496
3476326624
3457583248
1309075648
1309075904
1309076933
1590080455
1456902855
1465812677
3581578949
3581648629
3564680933
3564675941
4034437989
4030255909
4030284605
4030346111
4030343151
4032444911
4041148655
4038854893
4089187549
4076679368
1920954376
1916584200
1916584504
1916057128
1928636968
1723116075
1723181370
1723185242
1721011402
1851031690
3994267786
4010971274
3960647834
3960664490
3960627946
3960551022
3964675630
2893293102
2897487406
2762288686
3030720110
3030650871
4055107975
3522439302
3545573511
3528865941
1380333716
1396911236
289612932
285356484
269878228
269763188
1364788
20747053
24936491
24941611
58693690
1407096842
1369344266
1369344267
1369357067
1402908489
3550389708
3546067452
3524042924
3524125100
3540985252
3540916213
1359879925
1360934515
1887310451
1895305826
1889039202
1905848674
865645654
847817926
852011078
839432214
839433270
839561238
839553046
840618038
824066102
809390398
813305471
1962543775
1958415007
1958677134
1956407942
2090134166
2139418206
2122637838
2124206878
2124210222
2128404527
2119983141
2115711029
2115637460
2098856860
2082079405
2027553455
2090534590
2090351262
1555573406
1555589534
1572399326
1587198175
1587263500
1593545740
1581223948
1580175388
1580118068
1580113972
1596896276
1596906503
1495714818
1479362834
1480543010
1493051938
1488653090
1486428434
1486371858
1486367746
1489513490
3633003570
3634060386
3633864102
3701014437
3707305652
4243103420
4243103420
4243177148
4234721972
4096309940
4097358480
4097374800
4096522784
4096359457
4096271394
4100730914
4100870194
4100903987
4293844227
4273908417
4273900160
4271868544
4271738496
4277962401
4286359010
3207914530
3207879718
3188983846
4262934562
4199950610
4204146178
4220913158
4187882054
4187816518
3629912694
3625714534
3625715046
3624416358
3653774374
3683134662
3683134598
3683150983
3414850948
3382367636
3378152836
3376252804
3441395596
3709837277
3709120301
3721703212
4256539948
4256604204
4256534556
4252270604
4164206620
4162274348
4161149228
4161153836
4161153580
4173740604
3650493196
2610302732
2593589004
2324955916
2323919484
2391040748
2407850660
2357506983
2357494690
2218823074
2270267826
3325528498
3325467026
3591814534
3524699270
3524698246
3524699270
3541476566
3495337166
3505817806
4043213133
4043098732
2960977444
2960715300
2424034868
2977612309
2986034993
4059575603
4059571315
4093328611
4093254819
4093316259
4076801203
1383996563
1379800194
1379799426
1379357634
1400173350
1408557862
1375532830
1375515934
1371321663
1405007421
1472111148
1471914524
3587745292
3709398541
3692755726
3694844190
3715778606
3715762222
3749251102
3732411406
3598258190
3605725278
3601543422
3618321326
3567788718
3567789741
1424498364
1088961180
1088977564
1088977596
1097398972
1362688700
1362688700
1362852508
289046236
289046268
289144444
289005420
830004604
830003532
830044620
830036428
828312028
828312060
861799932
324940125
324936029
326983967
326922558
58250558
66641214
66706718
66836766
66770950
64673798
47959046
47897862
43703570
114982146
131755266
131755266
1308261634
1291476226
1291471826
1286332338
1151981218
1151918755
1168679841
1172873636
1206428068
124301484
120172716
103526520
371961896
371831848
371833896
305904664
842701832
842959880
909560840
911660043
928498954
928269626
924063226
890507770
806684090
813107131
821495483
820448955
816127675
816127642
816070298
820258458
821306010
821322426
821420714
817210090
833921642
851227434
855414058
847035438
846838830
842643502
842766382
842700862
303749150
1465538574
1415198750
1557805374
1553611518
1488534254
1488468670
3366468286
3433573054
3433577151
3433577117
1156070044
1156070044
1156070044
1080572860
1080572348
2636220
2701756
2829244
271264444
271203004
271268540
808008348
807930572
812395228
560225277
560290303
560290303
560290815
568711647
560322911
593885567
593885567
593885567
560331135
560462199
560462199
560462327
560323063
560323063
560323063
560323063
560322935
560327031
560326967
560331063
560462135
560332087
593886527
828765503
829280575
829280575
275632511
275763579
275763579
275743067
276792587
275691787
284076299
284141835
284145995
292485451
326031435
309251147
309249099
309317947
309190959
309195055
846057775
847049071
847049071
847025639
844996071
845008359
593480167
593484279
601880951
568191287
561805623
561862967
562002231
830434103
838860343
838786615
836738678
870102614
869046230
869041654
827295230
1908841982
1908850174
1904716799
1904585597
4052064892
4089879156
4065770036
4061588244
4061588788
1914108965
1914166309
1987564583
1987572790
1987507222
1987485702
1970712774
1952874630
1948631174
1948632198
874991014
874986151
887568999
933575207
648292919
648309253
1726279429
1994907911
1994821655
1970700503
1952940167
1948631175
1948634247
1948735911
1952610981
1961065061
1990285860
1721793076
1721788933
1727063813
1718935861
1719054375
1735819511
1685504135
1680326791
1680198791
874993847
874978215
618994407
665131557
648354349
648298015
652502799
652534047
652664887
937869382
879149190
874856582
875365510
875501758
875444910
887569071
933575277
916814396
916744716
916776460
920953100
913088573
909021245
875462671
875462863
1009632415
1009764527
1009130415
1013398189
803551981
782580269
783629885
787767823
787800847
2130567487
2147397711
1961787599
1953333391
1949156495
1949293759
1948712623
1885829807
4037372589
4038404781
4038339229
4038340252
4037289628
4058789564
4058972828
3555660444
2473407196
2481205052
2481204524
2212767788
2179206204
2175218700
3232182284
3232182285
3232575502
3249304878
3250373998
3254305262
3275342234
1127981530
1094361866
1092264458
1761802
847370
838171
17615403
55572922
42989706
43748491
45842569
112889993
116052361
133099913
1206842637
1336601895
1336535334
1336469538
245951522
250126390
237666310
170557442
170565635
171697152
170589184
170581008
170579040
237618656
254394785
208257975
208241303
485196471
1555011255
1420672695
1420671623
1420597895
1358793399
1895602855
1895082983
1911877095
1920423127
1915171030
1982796022
1983844598
1983852774
1446981862
1448874862
1473774126
347803150
347765262
480930317
229239308
245934860
250128428
174631980
171552812
1243250700
1310359564
1310359772
1562018213
1545319077
1549506229
3701055125
3566833285
3566832279
3569060518
3568930470
4109954790
3026775846
3039777846
3039650870
2502239286
2502370358
2507355446
2500925190
3556770630
3569361526
3565236966
3565298663
3699783157
3432406469
3299331524
3354169285
2267318933
2250611607
2250554791
2251599022
2518003118
2522211774
2266260438
2232820230
2350256642
2230190866
2225668386
2225610786
2225873954
2225869874
2229666051
3303408385
3479568961
3488023105
3486782033
3482637924
3482626852
3478432060
3476457740
1194297604
1160484932
1143520324
1147703488
1156088016
1282052272
1277862304
1277862816
3475677840
3727337089
3727642242
1579419314
1579489250
1591817187
1588601185
1586503972
2005934364
1971348744
2000726280
1996732728
1996601640
922859624
922860616
822120652
823427277
555057371
555667630
824078510
860782502
864955047
848177793
848113281
1921786497
1389105809
1380910007
1465786790
1442586982
1424764198
1420769542
1152330502
1151670790
1168456214
1201944374
1336161046
1335964433
1341325616
1297096996
1296310564
201601324
201798972
68565256
2030344
25086920
23628680
57187225
40409515
309101738
304906410
305131690
306143402
305422506
303518122
314987178
1402397290
1102373418
1084531258
3232542234
3232606761
3299453480
2510924584
2506729772
2670299916
2671479308
2669407820
2673501836
2673484447
2675582638
2550020014
3623095470
3614705830
3530885254
1377183878
1393780870
1930554566
829661380
812818636
808628572
808948536
806654504
823957032
557615656
591251995
560982570
569338154
565148714
566186010
838746123
836694281
928424713
1918285609
1918147433
1926007277
1993115819
1984728203
1981776010
4246646922
4229882254
4229834382
4233506542
4241963630
4239669806
4172299822
4189075230
2612007182
2616209438
2614124557
3653296140
3636584540
2562830844
2562840060
2562842076
2286025180
2353495004
2370272253
2403761118
2656501726
2666973150
2666627518
3203502526
3201405374
3201349055
2931861468
2940251852
2801909276
2768352828
2769318444
2771522092
2753693228
2766288428
3030716206
3030715182
3165391150
2645035054
2376599582
2309491806
2309567742
2309632206
2309628110
2292768910
2296951950
2288623534
2284821438
2368183231
2367916957
2402523532
2400364940
2382539660
2382539404
2386624220
2403431964
2235773468
2244096573
2173842222
2444243246
2443461670
2443463798
2447657174
3273971926
3275021446
3541490823
1392940229
1359126981
1359196628
1363445237
1363512821
1942460881
1926085073
1917688017
1917765825
840857793
857091521
825630145
808859637
812982885
821305957
817111653
815014693
546596669
563105053
566249501
826284063
826288415
826415423
826415919
826421039
566371903
566240799
834934535
834932487
826559815
827149751
827136439
827133367
827268535
827275703
567228855
566573495
835008951
868497815
868497815
868686215
836140423
828665335
811888103
811923815
811923811
811981171
828889427
828889411
828823875
862452051
862321011
325368163
325434739
57128275
57061651
23572754
6665522
23444770
65378610
48732434
49264915
49133875
317634817
317627649
309235969
308969473
304775169
287932547
271089843
808012962
807999650
808130978
820656806
549011110
1622681254
1622680278
1907892942
1909989966
1364730698
1348269434
274516346
281336698
277732218
294472539
329145161
329133000
316548040
41886120
37695912
35598760
35508648
319062444
319062508
859872621
827701565
829794623
829860127
829860175
859220303
859286991
859072495
859055023
857027502
828256750
1356726630
1358823718
1353400626
1353245954
1353230594
1353222914
1370004243
1386912512
1391107328
1382722624
1378520256
1915454640
1915467184
1916527520
1899979680
1614766821
1627374567
1623032111
1622982957
3791453229
3783059513
3778832648
1618627352
1887071080
4041870328
4042002317
4043061135
1912419214
1908290238
1891513254
1371485094
1375482806
1375479234
1367091650
300689731
300689681
334245136
325659921
325793653
325792631
308810535
310116647
310116655
326385979
276160795
276161803
276101401
276072761
274565915
6261275
6195722
6198794
1092522510
1178501646
1312457182
1323996390
1319681190
3735590054
3668496534
3668635782
3669680773
3669680804
3673712292
1580740320
1547175636
1547305540
1547313476
1551507684
1555570852
1555574948
347634832
81328256
71866496
1154136496
1099606400
1133414784
1121356225
1123204419
3269698867
3529614642
3538002226
3529617714
3529880354
3513774882
3496727074
4033414694
4033351221
4033350180
1885879076
1886923044
1903765540
1937390676
1935282373
1926955207
315117702
306770358
306763174
307022262
323766726
290265430
298728247
278805255
278801157
280897285
280781621
1098703655
1092391207
1124892967
51151175
319589839
332188671
328039405
294599549
294533917
298727693
290336013
17703261
286077277
286011901
286003695
860636655
860671471
860658031
860723519
592427295
592423199
592439583
575666487
575658295
575658295
575658295
575527287
575535607
843971063
844102103
852400599
852400599
843954647
843888855
843954647
844011735
844011735
844085495
843954423
839759942
839825478
839555270
843749622
860485862
826861734
826866071
810211719
818583958
818584055
835254519
860420343
839444727
843770359
843770343
843741685
843586005
856168903
822819271
541785029
551217909
551222005
546880245
550021716
545827604
562792468
591956020
570988580
572041252
572057636
589199589
538851749
543034278
550378134
546122422
545532582
545532582
545532598
545528454
546572999
819726919
821828119
817834518
816802326
816671254
821852982
276581158
274483510
274680086
819951878
819821399
815623029
819821429
811432933
828202981
824041461
319414261
319396309
324639172
47819076
1121560916
1121560884
1113307444
1121622292
3264915732
3264915476
3264993364
3281700964
3233433831
3233437926
3237611942
3228244918
1080638118
1344827046
1344831142
1345969814
1362689734
1396239942
322485766
855223062
849996566
866707718
866769175
870993205
1367012660
1346036565
1413145301
1413195412
1413000852
3564677876
3522730348
3551041580
3534469164
3534415996
3534420188
3534622157
3539864990
3548317606
3508340390
1360856806
1363085158
1361919750
1366043910
829172998
300710214
300800455
301844935
282970295
274548903
291461303
291469495
291400183
327088629
335542644
334277460
1391242068
1391303444
1382980436
1382976068
1391434324
1391307380
1391310820
1391449060
1399738855
1366192366
1345204458
1345196282
1349467594
1349331402
1357199834
1080384362
1080384298
1076222734
1080351502
1084541711
1084550973
1101457188
1118204724
1122898752
1114506176
1110311376
1110262241
1111253987
1115448290
1123869558
1107153206
1082102054
3229588518
3229530166
3237980166
3233396742
3250166022
3283798790
3271194182
3262784070
3262776262
3261732789
3286838692
1140336804
1131952292
1094191244
1094207884
1092185484
18507244
274351469
276710711
276264247
276690231
276618551
276618551
293403959
293386519
291346710
291363126
323864886
323995926
323934486
324991286
324987766
325054294
323878358
323606998
323537302
323537334
323574198
332102134
327903735
327903733
333015380
333019508
324626804
324757877
320567637
324651349
324655575
324663767
299489749
298437077
818661844
811268564
811264468
823912932
827910628
861456868
861456885
861526517
857471445
857438677
857438711
861628791
836462967
836401431
295377174
299448598
299383062
299440951
299698999
299850549
299858741
299760437
291298133
290228693
319592917
307009943
307075511
307083447
307214519
307149043
307230947
325056755
274659665
274659651
274659587
285145363
285010211
301758771
335304755
316496179
308182371
308166627
308158193
307170944
323817088
323952256
290406272
274541444
274545300
283065012
278870677
278670070
280767470
280247278
275021294
271017470
287695310
288661966
322217422
322215422
309627366
309692902
317032566
317175830
333884422
300327943
283549703
283566341
283533588
283595052
275056428
271847020
269748968
286530264
290798282
295041754
328305498
1401982298
1401988410
1389404474
3337728282
3333853466
3331833662
3331648046
3470010926
2404724278
2404779814
2413166886
2411593767
2378104933
3451679876
3451709572
3447519364
1295829412
1276987812
1142303108
1142304132
68297604
70415252
74597348
73458533
69247781
69248789
73440017
350272307
350337811
350403331
392346371
375561475
375555329
509772033
1583579168
1600188448
1562387488
1545610272
1545610289
1545679137
1558329315
1503807170
1538412162
1588677506
1586547090
1318119586
1312090274
1312090278
1580690567
1579639948
1566957964
4234580716
4234581613
4243031591
3705978406
3701780022
3701796402
1420057107
1147484785
1143421920
1277573600
1277561056
1294338272
1306921168
1306667072
98707520
98711617
98699715
232917458
232918482
224595410
258022898
257981938
266365410
245393891
245426659
111208931
107018723
102816225
102824353
102824369
388020625
388020659
354466231
274840054
274971090
274987474
274987346
274856306
274815282
283203890
300046610
60963075
48381187
115489091
107034961
106985761
123762977
98597153
98695475
98752771
98752769
90429713
69327153
73455904
74512672
80771376
76765488
76700432
83000064
32701248
23256000
23252353
23235987
56858002
56866194
40076690
40078738
39947250
39893986
39889506
56666978
56682850
291698771
291658833
291587312
288441568
326194400
326204512
326135137
326139187
39865618
39930130
116553986
116538130
116529970
246749746
246688306
247278098
247081474
178928130
178920963
183127553
183029520
174622496
170431840
187273712
153784784
204117376
205168000
73107856
68913552
1804688
1825168
18569649
1125858721
1129981347
1138431395
1117323699
1134039987
1138243427
1140352803
1106800435
1106800403
1090091778
1090156802
1081748754
1081752882
1098519827
1132072195
1123683777
49941376
50006912
45812624
62462896
12139936
16334240
7935409
4047345
3969313
3973409
3973409
20747040
66949936
29274640
12490241
10471955
10406450
9325346
13527346
6187026
18769922
102659074
104747010
104480834
103432386
103432658
241882098
267116274
95026930
212467441
212467312
1286188656
1286188656
1290382960
1291430480
1308203600
1190759025
116956002
116168738
242007074
238924834
239071282
238968834
238953474
222241811
204410211
208604899
78584547
78518995
78592706
78478018
95255234
28180178
32505586
23985906
19787490
2977522
3096530
7146451
8195059
8141281
8137185
64761057
48053425
42941585
42941841
47136145
55328161
17575843
806819
5032355
5233043
5238161
5238225
6286673
7253249
6991107
15379715
32155906
61528322
61524226
65784114
57235746
57243938
57354611
57294273
57348033
40587216
36273648
36306224
37342512
37275937
41478433
66890017
16562465
14522673
14601475
13553411
13553618
13295570
21675458
38452674
38448578
38533442
46725474
46717218
59267363
9075969
13246720
13246720
5907216
22754064
56300304
56165136
56100657
64510753
38304032
38295844
34265349
34273605
35388741
35164609
54034883
24809874
6992274
15380914
15380898
15457698
15464882
16476658
28911969
45689121
50019616
41493792
37315888
37351761
37736897
37717443
41914258
58690450
32345010
11377074
12450290
16529635
14428257
6041056
6172144
6170496
6174336
4986544
5003168
5033889
5017505
13483955
21933955
55485315
38712195
38711747
39760195
39755778
49995830
49865774
129525806
94980394
82475786
216673034
225061386
191367690
171445770
173539870
173626174
181134142
181068087
182104337
182104401
198869456
167350224
157858480
187300560
187382481
187374417
170531123
175840290
201010210
201008178
163278914
230392003
230261187
217678226
217686962
1281994674
1277930386
1278974870
3292240310
3560553919
3562582252
3571249388
3571242472
3570825196
3570825836
2499205732
3572947700
4109885169
4235498099
4231307890
4281565698
3727880710
1580360454
1580345350
1578313766
1578379302
1590958118
1586960470
1587426373
1455408068
3602891412
3602748068
3615273632
3560874624
3560870529
3564028547
3568041634
4104775334
3030970350
3031230826
3035392810
2485926666
2486057483
2486049291
2485595946
2514755886
2645819438
2662662270
2526441694
2525487262
3603427462
3725037702
3456602247
3473379463
3712087287
3695240423
3695406309
3691151317
3691142773
3713228391
3721492055
3750884933
3750872644
3750807124
3721451236
3713072868
3440600820
3424020116
3562502037
3579069861
3579602085
3579798676
3579737220
3588150676
1367263124
1350354581
1345087175
1361929798
1361961766
1394921510
1399111718
1390919702
1403438094
1403436047
1407629583
1474599725
1475648301
1467461437
3614893325
3610689807
3609542750
3575988334
3577029998
3564528998
4109821302
4103587190
4120150518
4120154581
4153717076
4157907812
3059065380
3055022636
3037975052
3037947404
3037867576
3021151785
3025406250
3029600554
3046471898
3048568970
3082050702
3086238862
2540781710
2536685982
2538791326
2538791414
2513690983
3050430775
3050418485
3048248629
3031473444
3165699900
2901458236
2905718076
2905969981
2906636589
2906308889
2937733961
2941993723
4015525611
3940051627
2866309802
2866310042
2868410570
3942143050
3933798475
4277796939
4277809273
4292485241
4242153720
4242155497
4175117033
3638237931
3638106874
3638124250
3638318794
3638346314
3705455114
3705507866
3701191787
3701122281
2644159661
2673524108
2654569868
2654573452
2654598076
3191469996
2658723821
2667079535
2524526367
2524657423
2524591878
2532971798
2529039654
2529104998
2528920806
2667367654
2658518470
2637596103
2624755141
3698499909
3707080757
3707015207
3699156015
2619139119
3155978543
3155721070
3155762030
3159964654
3218684879
2681814351
2661225741
2664896269
2396459788
2413236796
2239771436
3296733156
3296733093
3296976279
3229915559
3250886819
3523513507
3255284866
3255214275
1376166147
1360438018
1344726530
1344761378
1349257766
3500935718
3500935462
3233549542
3280276614
3246789766
3301315778
2224428483
3298109155
3298059809
3432312321
3438669313
3463302656
3458850577
3458924289
3458923779
3458921474
3458912258
3458846770
1329127538
1282990306
1289347555
1285272496
1285198736
1289470592
1283313280
1279119232
1279052464
3426081441
3430280162
3438668114
3455371522
3487878146
3462878214
3462864914
3462603058
3403903794
3399709218
3399705187
3400557283
3402651635
2319515635
2319560163
2319560051
2344660311
2579610949
2571353557
2571214309
2571142628
2638321076
2672015253
2672033717
2671898532
2672033460
2638476980
2638477044
2631128800
2630997728
2513690224
2515795520
2540829460
2536823088
2520045604
2524372020
2524371973
2532758529
2532823105
2547311091
2547316647
2513758119
2513794983
2538950567
2467778471
2450984887
2453016471
4066839175
4091816839
1944070551
1910647214
1893861550
1885800638
270736534
270744710
270607558
274736326
274738647
283131367
299907430
299923830
299956598
300022134
300022135
300153171
300153169
300087633
291764561
291764593
291633521
23198065
23198065
23199027
23198003
31586611
31586611
81918259
82049299
81983763
98760979
98826515
98826515
224557315
258111746
258177298
224426338
224459234
225507810
233953746
234084818
234093010
233961970
263223794
262241778
245593554
249721298
258109906
224612722
216027510
216035687
211842431
77692287
82016605
82041304
73587144
90372552
86170056
119790024
119659992
107083260
107083260
107213308
103018988
102887788
102888805
102823269
102890853
103021941
103021873
102889779
123861299
258079091
258079091
224524659
492960115
492960115
493091187
501479763
501479763
501414211
501397827
493074770
1029749090
1029749090
1029749602
1029749554
1029814834
1038203442
1029814834
761379362
1835121186
1836317218
1878195043
1878153568
1878202848
1867586000
2131835328
1058085328
1058216160
1062418656
1070676208
1037121616
1037121600
485701952
485570880
485570881
477182801
477182801
502348625
519190849
250771905
250763713
242309617
242244065
242252257
527464931
527563251
494008819
225704434
233961970
233961971
232913907
233044947
233044435
232978769
233044305
232913233
232913265
224524593
224622865
258111761
253917441
253982993
253851953
258046257
258013489
493943153
493935073
491837921
491903411
491911603
491911603
492042643
225704435
259127794
259258866
259258707
224590083
224655635
232913203
232913203
233044243
