712685677
708491308
708487196
708494364
708444188
691666972
674889764
679084320
687538721
685249137
685253329
952641207
948447927
512375447
513411719
513415815
247007887
112722575
115884943
107495851
107266539
207798635
207811883
216197947
216132410
216050490
217099050
231778682
248624586
515998154
516129178
1053000170
1053008107
1044750377
1023713321
1008709657
1010741257
1009665051
606734379
606735147
552213098
548145770
548145738
547621387
597953291
853945611
845553691
845553947
853938713
867648089
831308536
814535336
814527144
814522024
281844392
281385624
340179593
1409739403
1543924362
1543991226
1543924970
1549164586
1601572890
1588465678
1588211726
1588224062
1319792937
1319638824
1323830056
1245194792
1243220536
1245322073
1245329802
1312362894
1298677902
212582542
78545038
78557573
79077792
78951840
70296736
221291936
238071664
372484864
372288288
909158689
909162530
908246066
1717735442
1713799170
1730576386
1965981890
1950340082
1950184034
1950097954
2084318754
2083334690
1953307154
2108431154
1990985762
1990985842
1991066818
1924067458
1391390850
288264322
271569075
808439969
808449440
1625794208
1626713824
1626647072
3790907920
3816077824
3811878416
3809800720
1628783127
3776381471
3760063086
3764257518
3841721770
3031173290
3031177370
4105123978
3569232010
3569231050
3317571914
3317367050
3349758266
3349730602
3345595434
3341532206
3727340830
3731535118
3739918603
4273508376
4276650024
4268261480
4264079592
4264395980
4282297548
4282318316
4013883116
4017015396
3874376292
3870252784
3870160593
2800543377
2793203121
3040703923
3024035715
3023969922
3023964866
3022981730
3031177762
2762481186
2896702754
3181915250
3215469651
3215509697
3207121088
4248553664
4246383808
4229868784
3978208612
4014974436
4005867396
1849993868
1849993868
1849924276
3863120558
3863142062
3888234926
3830497322
3827318842
3827367946
3760328713
3760594952
1613113640
1622018600
1622018600
1638533656
3819686600
4088984715
4093173898
4045979802
4047028394
4030349482
1881028266
1906192042
1938766522
1988901514
1452031626
1448884106
1444885966
1176379854
1310597470
1310597934
1283400238
1291727374
1287520782
1286555150
1287450174
1287171877
1287171364
1220078624
3363331104
3426225184
3425176864
3425390112
3425365536
3475697152
3467298304
3467280896
3467608784
3467481824
3332944610
3332960994
3345486566
3290960614
3425252854
3425320190
3425314910
3425314890
3425581130
1328429066
1315771402
1324138826
1185722874
1185460666
1185460651
1202232744
1470732712
3614157224
3593186744
3593184648
1445826696
1445822600
1915699419
1915621610
1919821290
1936075434
1910913706
1978534538
904661642
896280459
929313161
895758841
895705385
820174889
811655213
811638797
807441421
539079725
539208765
544389997
569547309
852658733
854690333
842041605
840999941
841342981
841363463
841351295
845546927
834014895
816712342
279907974
279905922
279724678
279769831
346335207
346340711
1973725991
1994828039
2129045511
2120648710
2116330582
2116383062
4247716478
4235067950
4176413230
3098285614
3098290734
2561419838
2565613598
2566143006
2377453598
2377519118
3449188431
3432431821
3380907436
3380914348
3376728228
3407726756
1312475332
1311436100
1311416580
1580900612
1580896516
1578664253
1578935598
1260169518
1495186190
1478400526
1545509390
2090764826
1975288106
1975287914
4139548859
4139552936
3615269032
3710665900
3694004388
3695061159
3694537638
1547053734
1555443378
1555509954
1572299330
3753370114
3752690240
3752633056
3756827364
3744244708
3710682092
4230842348
4231974380
4097764856
4101921275
4101392602
4101441754
1970609370
2004104266
1986801674
2003636506
1978536490
1957573163
1957503528
1957442072
1424757256
1416364552
1428959752
1445744168
1445906952
1445919435
1449982602
1449965978
1449958586
1458082970
1470861706
1471058826
1437504152
1420202920
3571818920
3693404648
3710247976
3710315788
1596385564
1596390173
1600577053
1609451023
1605060111
1609040638
1508389802
1501045674
1534600634
1516006906
1582853354
1591307370
1591340286
1593832654
3602830542
3602632847
3334005916
3337151676
3320509852
3295336332
2154745548
2154745365
2154155559
2162491174
2158292262
2158290214
2158425383
2162606385
2154742544
2217591552
2217592084
2487211316
2487217268
2506059252
2546685397
3603575767
3595186807
3730518590
3747086878
1568161562
1568237882
2088495162
2101004346
373016666
372806858
372805770
372801674
370720937
370679976
370877612
303703724
333063852
280626820
279580357
279776774
1084493318
1088699942
1088695598
1105469742
1122394414
1118204222
1119142158
1117036813
1117031548
1115982060
1111988452
1126074580
1094617284
1076791364
3058948
19850501
58684215
47763814
316179942
324580774
828026274
811248515
1893378691
1625262785
1625131520
3759972112
3762068768
3762070816
2754535712
2754503456
2758673184
2897019489
2896955043
2896692898
3165142694
3047698102
3085451190
2523405718
2523608454
2523538566
2523800710
2532123799
2549886101
2516528517
2440965509
2440974229
3514715797
3514713733
3580756869
3580696469
3580638693
3576440173
1411657021
1411852573
1965505309
1969306399
929312543
929309982
937767230
938815791
1039413565
1028944189
1029480829
873243133
605001133
609205677
1707380671
1707379679
1732545359
3875965708
3859196684
3859196700
3994460716
4011254316
3977642540
3967156776
3967025704
3841196841
3975946282
4244375594
4105963562
1421674554
1455294474
1186871306
113191182
112988430
116179206
103661654
19579126
2814182
69886198
69886406
74337158
82758294
78617303
78494419
1152170707
1153219559
1153213415
1151116263
1205711495
3338568327
3330179735
3593372387
3593379555
4131240419
4133267683
4141656295
4137588933
4137073860
4143415492
4130636004
4130660708
3073728800
3073778464
3072734048
3085238624
4154720738
4138152322
3081123202
3048152466
3030650790
2497972902
2498173830
2499049934
2490658255
2490688973
3042879309
3051270749
3051329245
3047003775
3051140719
3042752047
3038556717
3040662301
3040858893
3040236303
2755061039
2767715695
2780289391
2778057199
2782185951
2807360911
3071665551
3054985615
3054907807
3055432095
3078500831
3053400430
3049066799
2494303271
2494302263
2498504711
2490165255
2490297607
3589207879
3607020231
2529084039
3607086999
3598468519
3527175335
3527175335
2470438285
4085179789
4057899981
4057437149
2983564157
2985604909
3040128813
3040132647
3040124423
2972829191
2972860951
3023180582
3027383270
3031635878
3182632870
3182496678
4260632966
4252248454
4252445894
3723898950
3752267783
1604669447
1604378629
1608556549
1433445428
1561439284
1544792372
3691157812
3561134373
3587608437
3621160903
2530662343
2532755398
2532820982
2524235622
2541021030
2505368166
3025527310
3034571342
3030233855
3047004141
3046672877
3084421613
3071838573
3074002268
3073042252
3073041228
3074089805
2776298493
2780808173
2780809133
2780614567
2782678007
3076283334
3072289030
3071683862
3054973206
3057070342
3078500614
3081642294
2511286567
2494301287
2494303479
2499545287
2484918471
2483997063
2500767623
2538514055
2531189383
2531182471
2533150119
3598503333
2534731173
2534796693
3008816517
3017208709
3017184149
3017249749
3017061221
3006568229
3006564135
3006314255
3006392079
3006715663
2973127983
3044414830
3052869103
3048684975
3048676797
3052739981
3077844109
3077907596
3612811484
3621138509
3551932429
3518394382
3567640862
3571771182
3563913006
3559705390
3560742670
3558711055
3579742031
3621693135
3621708495
3740980167
3757819351
3749496295
2642212197
2638013797
2635965709
3177096965
3177092885
3219031893
3219098999
3202194791
3193740647
3189556583
3206468431
3206443599
3172880991
2908517102
2900124398
2898065390
2895929327
2912700927
2916936141
3210013005
3205917773
3189117197
3189641485
3195932941
3221106999
3183415654
3166503270
3166440550
2631678047
2623301711
2623531471
3713986511
3755919311
3751723983
2545927119
3623666095
3615282351
3611061423
3575475631
3579735437
3587587981
3587577743
3600111574
2530539302
2522150182
2520044838
3526676758
3530924038
3539374342
3552481542
4055806021
4122648820
3027799204
3023603884
3022559660
3022699436
3022711516
3022941772
4029616719
4028891742
4100207470
3030655278
3030659118
3030717479
3031713911
3033851973
2488592453
2485030341
2506020293
2547966917
3623809927
4160668567
4152148903
3078418917
3074221549
3073748045
3078531148
2810095628
2810091549
2805964061
2805454621
2805330463
2809459247
2809516591
2809643567
2910143087
2907977551
2910136263
2918651879
2914453479
3166111207
3170176470
3161728214
3161728214
3161793750
2633839702
2629776726
2646549830
2646503238
2684284166
2679868678
2662892822
2662904631
2528682805
2549658428
2674512252
3207124200
3207077096
3173517544
3173718264
3174705352
3715770824
3719970632
3717729865
3717727963
3700966142
3700998894
3701011110
3701007015
3707560611
3694981809
3442759313
1310135936
1175595904
1175595456
101857281
116594739
379836450
379694114
1457628210
1449496595
1449570563
1428599555
1412334083
1412007539
1411993267
1412111010
1948981922
1953045154
1957181602
1957442722
1990467730
1990598786
1995890818
1450619074
1377081190
1381281318
1397811758
1884674618
1884736458
1903611339
1911981241
1912049853
4088692876
4092887180
4084708812
3509042556
3576035692
2502421804
2535647020
3076715068
3085075005
3081998911
3082008110
2947856934
2931079974
2935269670
3191179270
2923363334
2923356422
2923323846
2772054438
2889483174
2897954214
2897989045
2897860740
2897803460
2910382148
2906187780
2939874596
2939874853
2952449573
2948220455
2948157239
2885212935
2860042759
2855889415
2853841463
2853911094
3927653942
3942200918
3942127078
3921151142
3907650694
4176096390
4176358534
3703520418
3699645602
3703864402
3703891010
3703891010
3297153218
3297149393
3566109568
3566909056
3589979792
3598289584
3592997552
3526183552
3526326912
3526110117
1378627047
1919230190
1927741694
1927758079
1944309887
1935733119
1935716735
1394650493
1931512157
1394706783
1382472055
1382473591
1382471431
1382474247
1399734791
1399744279
1366255383
1349479703
1349474679
1357859059
1357139123
1348824450
1365702018
1374077826
1374061202
1407554290
1407498082
1927589154
4075072547
4133792823
4134384693
4130181140
3861811220
3878604860
3760903468
3760852780
3760851500
3832089132
3832093244
3832031789
3773312623
3769110511
3836344251
3854300831
3885545103
3872964239
3863776910
4132212390
4132437606
4133366818
4269681698
4268696610
2657951778
3731828786
3681423362
3656265730
3635298818
3634284228
3636054660
3367537284
3634928300
3626548140
4163414700
4164595384
4164593289
4233794505
4238184761
4259094572
4267499564
4263272452
1981685764
1983776100
2000553829
1912475361
1891438322
1891573442
817772098
285103618
276677891
1350345827
1895607523
1941809379
1656663171
1659801475
1646757506
1646757522
1646777010
1646785250
3810813606
3760467622
3827576750
2766416110
2779015406
2813643902
3871134734
3871106062
3875299598
3061653774
3061722222
3204328559
3200194797
3197700301
2665163852
2673483789
3705282829
3566875165
3298427453
3300524591
1152910959
1157114607
1144527551
1142426509
68708749
118154637
101622156
370573640
303202572
319979836
269526060
273721388
809543724
805550108
285382668
318934221
839304333
839828869
840598181
851088036
1924838116
1924702720
1922605568
4078477840
4045255216
4028544512
4028552753
4032693858
4032300898
4034405730
4034602322
4042916930
4037610722
4038606050
4053281942
4070239366
4069192837
1921627268
1925750964
1376313508
1376313580
3506992364
3491386724
3491650919
3504225894
4104072822
4104089158
3703471686
3703459654
3752545606
3739974982
3731717575
3727488981
3728012004
4264878820
4262765292
4265915116
4207190892
4202995988
4202995972
4275548420
4280284445
4248728879
3711829286
2621310310
2625506806
2633960918
2633960902
3573357894
3571216198
3583797206
2678056902
2679559110
2662777798
2666907126
2658977126
2675762287
2673665407
2648106829
2648155725
2643834589
3218380541
3218380799
3209999727
3205803119
3205932399
3205944671
3172909903
3172954959
3177047039
3168794605
3181369325
3183267309
3220753885
3212373453
3191860557
3191760221
3055432013
3059618767
3078493087
3053329838
3049200047
3048540335
3048474789
3589549189
3581157517
3713475021
3715502861
1558590223
1549865774
1550071086
1545878830
1546413342
1547232526
1566106891
1037809481
2110490313
2143850136
2135469736
2132324024
1998241688
1964686749
1947901341
1885308317
1885193631
1356330142
1373032630
3545678070
3530997798
3531432230
3530384182
3538940422
3534410253
3534407196
3551057452
3521703484
3514420936
3558501256
3558571417
3562618282
3562550506
3562607978
3581542714
3615101210
3623358778
3350732858
1102581821
1153105981
1155224629
1146743861
1141615893
1141615877
1411030789
1348111877
1415220741
3615145541
3594168021
3594037157
4130898341
4130898087
3055075495
3059536039
3067998638
3084838574
3082217135
3082184359
3052689077
3044304261
3040142805
3040306372
3073516868
4151714116
3613798725
3622252901
3622270309
3588576549
2498186263
3563539463
3563584775
3563449623
3571967798
3618043718
3602270150
3606529502
3530837422
3527171502
3527175599
4083148175
4082557325
4057440717
4057313757
4042568575
2960434991
2960437039
3023342125
3040136717
3040286223
4113961743
4118155583
4126605615
4105437294
4105450734
4105447662
4105464030
4101306831
3574958543
3575098831
3608650703
1461186895
1465303327
3614888231
3589689639
3589764391
3572989221
3572980021
3570781013
3587563477
3621185477
3604403143
3604382663
3604317015
3530850599
3530859815
3526683951
3078008077
3075910925
3050804511
2983695711
2983695839
2966918655
2958329839
2684651247
2685191917
2684670669
2684867149
2751914847
2774001007
2782389615
2780126575
2782350847
2815774159
2815774093
3075831181
3059164557
3059163533
3075875231
3086365103
3086357991
3047506982
3047967798
3035393095
3027037511
4117751111
3580814279
3581821895
3581821895
3548333431
3555532071
3555469671
4092356967
4091833815
4091930053
4093104589
4057433029
4057437141
4057314277
2977216357
2973011749
2973015573
2972757509
2738025989
2737985333
3044415271
3052869478
3048554342
3048549158
3086231830
3077848334
2537364486
2539467798
2510233654
2510254102
2493444103
2495537413
2495390981
2239532324
2503772516
2501871972
2501807476
2501828549
2506026949
2547934855
3623769735
3615428534
3615230374
3611041190
3611045294
3596493966
3604897998
3600797791
3602894909
3601649724
3597448244
3593250100
3593111348
2502854165
3027141125
3031336453
3032385029
3032321621
3034357367
3021782759
3021795047
3021794919
3174969173
3207994693
3208068180
3195485300
3204324468
3200126068
3199093844
3199136836
3199193287
3198988486
3194794214
3073160422
3039593702
3023996118
2755569094
3833521606
3841353686
3832876534
3962838518
3157597670
3174505830
3211206510
4290512686
4290524686
4290520590
3751491086
3717862926
3701023302
3700958150
3436716535
3436720373
3430416532
3430630812
3429521820
3446307740
3475700364
3459963533
3459906510
3459841870
3464020238
3472638270
3468181802
3468239146
3472564526
3405455662
3405328687
3422040429
3455590892
1291334024
1291403656
1291404680
1282956728
1278769576
1278835112
1293838808
1293838603
1326865162
1326927626
1316832826
1321038378
1318806298
1251692810
1251504426
1251500138
1268277481
1224274088
1216070040
1214958984
1215028120
1214839736
1211759017
1228663226
1262152010
1245373706
1257947402
1252770570
1252573994
1252549418
3417858858
3422052655
3378073709
3378077932
1281056952
1280995720
1291469192
1291538312
1283062712
1278802856
1278868392
1295706568
1329260875
1312738570
1312148746
1316013354
1320476970
1318576442
1319031050
1251733818
1268343082
1302028585
1289445864
1291535256
1291406232
1283021752
1278761896
3424181161
3441027515
3474648458
3474645322
3487286026
3485057562
3451437610
3451445806
3451511342
3422282535
3422282020
3453706276
3453710844
3436954008
1280951704
1280921496
1276672952
1276672936
1293674936
1293855179
1327409482
1193249034
1465682202
1457294634
1452913962
1989845262
4271542284
4275740724
4263092260
4263092324
4263178400
4248437648
4231661189
4234807942
4238936742
4238871206
4238883758
3719834030
3736610190
3740803274
3463176458
3471815482
3471618858
3471369022
3454656798
3438014783
3303731261
3303723036
3303719128
3304607160
3295168936
3290978728
1144671112
3308936072
3309236104
3309172683
3614737370
3614737210
3615261483
3623719723
2544538169
2544542265
2678825533
2678628909
2683888365
2642002607
2671362991
2670445743
2653603055
2523847903
2533289029
2533289029
2541743109
2541677573
2503933253
2503890389
2487157239
3560899063
3563983863
3572368119
3569222247
3569091173
3569102573
3569101740
3304860092
3341559996
3324787084
3324386701
3324395919
3328360863
3336696685
3336610349
3328221740
3336611380
3265310212
3265377808
3265516320
3282489635
3282485286
3321348194
3292348514
3292287202
3292493010
1413377218
1545431490
1545104070
475794119
1003817540
449976836
452072964
443691268
443752484
441458725
457203823
943776991
943757502
960600479
1027840415
1061394829
1044561293
1044559244
373470661
390247637
335578145
335568931
268509218
268578914
272765410
282198754
297141922
313412230
313457286
317492102
317491591
317503639
309110975
304407739
304373947
858140859
824582378
807805418
812528366
816648814
816599614
816629295
833412733
837610237
862776308
862845332
829344148
830393492
830393748
829351396
812639076
812507941
812495661
812417310
543982862
539793422
539531326
539727910
812554278
1903069238
1937689607
1920913735
1914590021
1914589909
1918309989
1918178853
1943344677
1955927557
1956062727
1956062983
2090149174
2094799910
2086427686
2085411894
2081217622
2097714374
2131333254
2131341447
2101977495
2043585191
2106503845
2106491629
2144175740
4266441996
4261723148
4127693832
4128674824
4128687368
4132884009
4160056939
4160056042
4290198250
4290190058
3740536318
3732144350
3732672974
3728613846
3728630742
3615417031
3590251457
3573471041
3569338112
3569207056
3569149492
1425859124
1954308908
1950097708
4097585257
4097574123
4099673258
4123855018
4119595450
4153150410
3620494154
3620306442
3621414410
2277122873
2277122344
2277056808
2276986936
2276982824
2276982824
2281178408
2281377065
2248032042
2247978794
2247950122
2247918362
2247918430
2247988222
2248126910
2248127387
2516365960
2439548556
2435353228
2972293612
3074078957
3074074861
3074075887
4147830863
4147798095
4145680463
4150137135
4292809262
3755810342
3751747126
2627680774
2627676678
2627676742
2627698374
2576938694
2576913286
2614657973
2614923684
2606543268
2606555620
2669470180
2669638116
2668500836
3691921252
3696114481
3704499057
3704494929
3701415889
1557936081
1549034385
1544872848
1578598784
3590751616
3594685888
3594623472
3456150304
3456150048
2382425632
2403345952
2374370096
2374370081
2375942435
2375819298
2375622690
2411446386
2411258050
2415438998
2398665110
2407045813
2671348412
2671352476
2671295180
3208160780
3208159496
3211436076
3219824687
3186339942
2909521126
2905263350
3173698962
3173707398
2905239174
4016729750
4016798386
4017674898
3992779714
3992778834
2899613746
2899635219
2891443201
2887148545
2903655424
2937263392
2920429088
3193057888
3201499872
3197436577
3197375139
3197907874
3080476066
2543344838
2539186630
2535123398
2537187590
2470082567
2469005317
2469202965
2435657733
3496943621
3237946357
3300795053
3298755247
3298049710
3296996014
3313765294
3318041006
3292986790
3293752726
3295847814
3294734212
3290476420
3307243456
3609429568
3593638400
3592593920
3592593925
3756175895
3752023614
3718258218
3722709290
3699116074
2620983339
2373584953
2574927881
2583419912
2612569352
2595791176
2595795816
2593698280
2392371433
2396631275
2386084010
2251818158
2636778670
2620001710
2620005022
2629446286
3703123599
3566792335
3570970335
2503523967
2537068063
2519315983
2523640335
3069030959
3068961327
3070010667
3069740331
3078262075
3043674891
3026905867
3026902815
3022671135
3022603743
3022537983
3026735359
3036239087
3032118527
3032118495
3036374087
2507756807
2507892487
2507896599
2507888183
2507888439
2507763479
2516153621
2499368277
2491110871
2489045463
2489307607
2489176567
2505953783
2506093014
2539648470
3621778934
2531259895
3067999743
3059541247
3059545341
3061699997
3057108409
3061831609
3078615737
3078484729
3086873289
3053318731
3052271419
4125947177
4117521769
4117591161
4117696601
4050522441
4050519385
4117694329
4117059115
4118050347
4118079035
4118079003
4160004635
4159996697
3892151577
3892284536
3883833592
3984496888
3967737816
3967737548
3963508429
3962970829
3895931591
3916698343
3915657702
3958382822
3941602550
3939579078
4224917574
4223852550
4187156502
4187149366
3650214934
3654319110
3687872774
3418364190
2327972158
2411862334
2408983831
2375501076
2224936404
2224419764
2224353940
2224349836
2228536989
2234961582
2268469926
2251758374
2250508582
2251044902
2389517318
2393792526
3736002574
3752828941
3685266476
4192767020
3089664044
3090921772
2822416940
2822417956
2822415972
3896092276
3896043204
3896012501
3910679269
3943250596
3939110308
2865628309
2860922005
3129290911
3128960158
3129174170
3129141386
3112413390
3095439438
3095444054
3162611301
3159537252
3023536724
3022504656
3039695536
3057525408
3057524897
3061712034
4143645874
4142611634
4142476470
4160235662
4122503310
4105750990
4105865674
4105080266
3568086474
3580669275
3580468266
3576400942
3576421487
3580460159
3580573175
3614062055
3614061543
3622437733
3739882279
3735740215
3601373957
2532092164
2531567876
3076888852
3160774420
3160835604
2893448752
2891359776
2887034400
2887036528
2887171552
2903954659
2939307170
2921529522
3999469750
3999477926
4000523686
4004587262
4002492126
4002758363
4019535579
4287901387
4254871243
4259262411
3721936858
3721935642
3721145114
3713543450
3713611066
3713732890
3724153114
3719958810
3451531551
3449315836
3482907052
3478685100
3457717436
3457789116
3457789084
3457789069
3747327373
3722096031
3717902303
3755929599
3747596157
3745314173
3728598365
3728205132
3747015756
1599569237
1565941047
1498832151
3646358838
3629389094
3631505702
3631571734
3640586758
3634288134
3651044935
3654059751
3654069991
3645681573
4283283892
4283349492
3219036628
2950597076
2908719444
2774373428
2770178101
2770186301
2772299821
2772177453
3879539247
3811443311
3811443439
3849062077
3853262745
3853260937
3854047369
3852023945
4120538249
4154092745
4158317769
3621668809
3623815129
3623688171
3749461994
3715903466
3716099582
3716103519
3716101469
3715576844
3312939020
3321352460
3321139484
3585376572
3585114940
3618677556
3618743015
3620976550
3526660014
3526675886
3526707630
3526232254
1379805322
1916676234
1937648010
1945910714
1912350186
1890345786
1890575130
1890312762
1894298154
1902686778
1898485306
1965857338
4113533482
4285434426
4226730506
4226338058
4227354825
4227334296
4193915032
4177146024
2021270696
1484662184
1478307228
1476668812
1476685252
1480877557
406971605
407106757
423841920
507663488
507671952
507666321
381836977
381834913
382023347
851730871
843374758
860156078
823440559
808959231
543603039
543590687
568822047
569350175
661436429
1714207759
1982725150
2116973598
2133726246
4180555302
4168758822
4170913326
3632797246
3632801342
3632803390
3632807470
3382189354
3386379354
3380178121
3380341960
1211870348
1211862412
1211862428
1480300476
1480308636
1478207388
403613084
403105212
407360941
406877631
406928799
406993343
406993343
469899703
201398679
205602691
205730755
214053379
210915842
1286849282
1303429922
1341171490
1207085826
1186110210
1203145474
3350628818
3315567778
3315373219
3248001185
3279454368
3525935248
3526264260
4063137284
4063136308
3795626532
3795626532
3795625516
3795759628
3795816969
3860644138
3860644074
3877376170
3883678890
3850246330
3858643082
3992857483
4021693117
4021559213
4273231309
3203690575
4277461006
4277444910
4141327150
3868632678
3885418215
3890071237
3848034245
3843846645
3827044580
3827109997
3778945341
3778962748
3791551788
3787245932
3785148876
3784592332
4031056588
4026928780
4031124175
4041089790
4038926954
3501990186
3500945450
3501986922
3501988042
1352415370
1373436042
1365026953
1460513928
387940488
907509960
907456520
907190328
909287464
923963432
655483944
588277816
588478680
554891689
567475115
567462554
563333770
562152074
567640714
544703307
543588667
556564779
590127919
1646846501
1647235623
1659815463
1722764846
1722567518
1991002334
1995364574
2139023502
2139023503
2105470095
2105521663
2113442287
1843966445
1844027645
1835790429
1965813853
1965764733
1948988653
1948988909
1953439725
1961822955
1957497578
1957436106
4104923722
3568053770
3584831002
3349947931
2259497496
2259489292
2259485212
2259436076
2393694764
2394731308
2394522927
2411299878
2411434018
2382070818
2365555730
2357101586
2352909378
2285821122
3376081346
3409603202
3409590915
3413772931
3420129923
3482848929
3449300640
3452463008
3444502928
3453911424
3349054336
3348399536
1184148896
1188342176
1175886257
1110886609
1109805251
1378810946
1395647570
1932501042
1903067442
1894155010
1957134855
1961132565
1684316717
1680123433
1681173033
3845433899
3860130602
4007057450
2928052266
2929117210
2794832907
2786385931
2903925001
2887152153
3170259496
2897625644
2898002668
2896958124
3170636445
3162243981
3174830255
3179028655
3187609775
3182822591
3220572367
2675255311
2670995469
2668964111
2669029647
3746967311
3753259790
3753247502
3752132638
3752083498
3722715179
3694395497
1275330649
1275471304
201730760
201730633
210115102
209979662
228444174
262047758
243246086
238919686
1579848006
1579844038
1592427394
2129298065
2120913584
1999344288
1965597344
1948804000
1613246368
1613310368
1617508513
1621629094
1621690534
1672415366
598725766
581886022
586059778
585990435
577019937
576757792
841015328
908210212
926024757
926092625
890384115
877800162
882248418
884412147
1958072004
1957015108
1420143108
3585579520
3514145296
3541351984
4078216800
3004473952
3008873188
3019784869
3019469478
3001841062
3001834662
3001829542
3001829622
3001899126
3060717574
3060690182
4130219782
4264505910
4264112918
2133337446
2105027814
2092567702
2092828807
1555970180
1559047300
477898132
489956772
525623980
517268140
511767231
529593054
485601870
476231246
1411554826
1948420618
1952877066
4109208346
4122774058
4255951403
4260144649
3173818891
3174875658
3208593978
3191756074
3065867306
4139517038
3870885102
3868852429
4082770124
4028239880
1882849832
1882858024
1882923544
1882726936
1886918232
1893256152
1620625545
1619560587
1619757195
1687140491
2010035339
1984868745
1981194632
1983295965
1983029549
1999757359
1999694887
1697704239
1735641903
1727179551
1722981135
1723243781
1727496197
3875307541
4135354405
4152094759
4097466407
3023709239
3023973734
3028238054
3032288934
3031369382
4105110150
4104984198
3567531670
3589545382
2503215270
2232703158
3340171398
3608603014
3323390534
1177935366
1181079046
1189467654
1185736564
1454137824
3332645024
3328450720
3307552932
2217133556
2216872708
2216851972
2229283333
3433310774
3433327142
2359785254
2360275238
2376843566
2376630510
2380824750
2373492911
2637737117
3608717452
3608914124
3594168524
3594169548
4131038284
4131038237
4063150175
4063057119
4079889919
4046340078
4042133182
4038919871
1891439295
1891382015
1961636463
1961632575
1952801047
2082860039
2082793495
2086991927
2086701367
2086836487
2137437445
2117513477
2115469637
2119995861
4274823589
4270629797
4270646183
4270814895
4291692175
3612280718
3596564414
3596494255
3598582189
3598647773
1399787849
1366171913
1416573704
1424832280
1424768825
481044779
481044778
485304602
1215117578
1214778634
1501085963
1534636313
3682119960
3665343352
3690508968
3686310568
3684213416
3684290205
3751484078
3755550382
2673423278
2671575278
2502754350
2506965018
2490343434
3565136906
3571361803
4108171528
4031613240
4044335400
4077561864
4082799624
1926938632
1928855560
1916280873
1664688363
1663709610
1630144170
1624901294
546047630
545529486
545533582
818207389
818150015
289667902
289565502
319974174
303181582
34744078
39195486
1117065710
1117521070
1117523118
1134053566
1134156990
1129966750
3244007903
3252396364
3231621896
1086235400
1086300936
1080864552
1076660584
1077447144
1077598648
1092282776
320522632
302699913
302698889
304009615
306102670
288129534
271352106
275030314
821012762
1894750490
1894627610
1945090058
1928247306
4075727882
4067074058
4067147785
4067098856
4068094376
4076806828
4074509996
2983988908
2967211708
4031579804
3490652812
3562873548
3504083484
1351877213
1351877326
1353715110
1085286566
1081223334
1076955302
1076906118
19982470
36872326
35815622
48398406
44466230
44867622
317499427
1391241505
1391180583
1114303030
3261786678
3261783574
3240772102
3223978502
3228172870
3232383430
3232481447
3501761700
3501763756
3501779180
3510147276
3275266060
3275420684
1094344716
1079648269
1088360470
1088369958
1088306978
1079908898
1075711730
1075646082
1885826
8226434
33456769
49198977
45003665
48739233
40166304
304374692
304358381
304361961
305410409
854883625
866425128
581343496
581875976
585934856
573351944
573341768
573866184
1645576376
1662419112
1611849896
1611817896
1681007272
1685132009
1626355435
1621114410
1621113386
1621375550
4037810442
4037806090
4037827594
4075737099
1392410633
1384030217
1381933832
1383899688
305931817
18094634
1379114
1443898
1147013166
1155414062
1174156366
1190928454
117293254
107905222
116035714
116036018
1336586675
1336669617
1304034737
1308159972
1282992100
1278830572
1278751596
209195816
74974008
83362600
75174440
75113000
209397288
477638456
494455624
518818248
518949257
519018889
1055693979
1046779066
1063293114
991989946
991998122
724807850
722645162
722641131
722657385
722591849
726913128
726913129
793964921
1842508667
2110935931
2109821818
2092988282
2092990314
2093055850
3703783290
3704766026
3717340750
3717338830
3717665503
3449623263
3455845069
3430679509
3425506165
3425657189
3425592629
3295569173
3296024327
1148548935
1173847623
1173806789
1140314101
1123340197
1123351973
1115483573
1114633365
1110425733
1378861205
1378873781
1379754405
1395925413
1365582309
1357328743
1357189415
1088696615
1088692518
1080306982
1088765718
1088830214
1084689158
1084558086
1084627782
3282492870
3265449350
3269690758
2191622582
2192614310
2259723238
2259788327
2259005989
2397340452
2389477156
2657914148
2674633780
3207244836
4012550436
4012555812
3978993156
3963264516
1815655941
1815651063
1815667118
1815761070
1832584367
3879275693
3866757292
3871214756
3870692788
3801232028
3801297420
3803214344
3803211272
4159762232
3030445611
3030576666
2493650442
2489452042
2485388826
2419852778
2417495210
2424903850
2441746602
2508855434
2240489870
2413374926
3464112078
3463062134
3463062053
3404362276
3404321568
1248391984
1311278400
1311346112
1312470400
1578804096
1595515808
1544069796
1544266388
1544214156
1545326220
1410947756
3560499884
3568888301
3569088558
3552180462
3535326398
3534242975
1122518174
1110061246
1126834358
1093284278
1362031510
1362007766
1910935062
1906609686
1940176647
1940169988
1897960716
1881313548
1881310732
4028812812
4029828652
4096797228
3052678444
3048477740
3048472604
3048603660
2511736861
2494968094
2495036742
3702877142
3706997414
3694414498
3692317330
3692193414
3641860742
3665191302
1517748438
1518141686
1517823206
1517823078
1517823014
1525163310
1504183850
1504183866
1504198171
1235758603
1235955211
1240087065
1231769144
1232653848
3375931096
3375935112
3375937416
3374880664
3358169016
3630805932
3705320356
3700077493
3700142993
3699943328
3562782624
2537540512
2519649232
2519652608
2519656704
2523819008
3601810432
3618427955
3718574114
2629628966
2646402342
2683893030
2656749350
2604287746
2302297922
2284470083
2284334401
2288528675
2289593378
2289658962
2298113090
2381997506
2394617794
2394587858
2394654417
3467216592
3471367920
3462986080
3458758752
3458889828
3458869348
3459918919
3728352450
1580860290
1329201794
1280975490
1285247618
1285084806
1285085846
3431513062
3435964706
3561531682
3562580002
3621426179
3602554944
3602550976
3581792464
3559723152
3291349904
3292137136
3560847970
3497998946
3501992674
3500419810
3533973890
2192501121
2192475520
2192540288
2196538080
2183967264
2183963172
2456592676
2460787749
2460789798
2460794150
2456389366
2470150790
2434511494
2434458246
2417649350
3560582422
4101646354
4109056018
4104796162
1420441666
1420429381
1437273284
1441336756
1466509220
1462444981
3324711830
1182270326
1190667046
1186488622
1186722094
3334070574
3333997870
3266954558
3283864859
3285895624
3277572492
1192946060
1159375244
1125820556
1126079668
1124958356
1125417348
1125556612
1400283972
1374069300
1365746208
1365292577
3508859427
4045727522
4058277158
4042526054
4040165870
4040165727
4032104733
4032183829
3495306773
3503515205
3503351365
1347739591
1398050775
1388613106
1384484274
1921430978
1925620930
1985389570
1981195298
1983357990
1714664486
657626126
624069646
607292446
741509182
741734718
741697902
1815560171
1748305577
1748828840
1819869864
3974693608
4255715944
4255658728
4289210056
3752340172
3752340172
1337473756
1320697535
1316688574
1177486078
1176716250
1176682826
1176686666
1177807898
118532138
68200490
72591370
72528906
80773386
349471002
343507246
486182190
486185007
1017886757
1038792724
1042987076
1043244100
975605956
708215012
705868260
776053733
1858118309
1858118311
1858118327
1858187951
1824748207
1682256811
1678054283
1678640010
1611546538
1692216298
1622936426
1622944522
1622436107
1891429130
1907141386
1382977034
1378797066
1445863966
1445859870
1445860142
1458442542
1454125350
1454120996
1453912380
3602624844
3615008132
3289942948
3292171140
3292179329
3560606338
3560472226
3560452774
3559396326
3567989222
3567919270
3567919270
3702205636
3701999820
3697854668
3693644028
3710757084
3727599708
1580707020
1444196812
1578414476
1577443772
1581392301
3728875951
3737269678
3749854710
3432397062
3434482454
3433892646
3299351086
3299346974
3299370510
3299402319
3454571148
3429401244
3425206948
3425210080
3425212960
3425413649
3559631360
3614091536
3601508384
3601499152
2523561984
2519384128
2519384960
2502616720
2499472033
2495212450
3029916070
3028863398
2672313294
2668376590
2669552138
2635997706
3178897962
3165355306
3181955115
3181955113
3081275593
2506656648
2502466184
2485772936
2485854856
2485789337
2485789421
2422878255
3517775975
3517713655
3552324743
3533448327
3533463717
3255599276
1108115608
1376493704
1376690632
1913563656
1913629192
1914538520
1929349912
1923524633
4066812987
4063211579
4046438427
2955854154
3023717066
3036311210
3029957290
3029924525
3029908136
2761489288
2891507656
2904089288
3172590156
2939868012
2952675695
2914406638
2913992814
3992222846
3977541854
3977771262
4010191358
3993414110
4001804110
4002332493
4003315660
2925306620
2803884748
2753487564
2688434924
2686993132
2699835116
2695642092
2695641452
2695649324
2695649580
2725141260
2720953860
2720948996
2725048612
2729230372
2729234469
2746012775
2716653030
2709046262
2688140246
2688439286
2688430582
2692620638
2754551838
3828104218
4096595994
4235081822
2091788490
2108565642
1605253257
514592136
518817160
505971592
506106841
2130358555
2130288687
2121834543
3996688429
4013601549
3963261444
3829301764
3828269820
3828269740
3828108973
3832294061
3840686255
3853256943
3886811358
3891147982
4126023887
4117635279
1971197391
2113814255
2109684479
2109553655
2109505463
4290541446
3757335430
3746919366
3709293558
3696694246
3696505830
3696501602
3704889714
3700830465
3700823300
3568766212
3316914548
3346803188
1114511828
1110312068
1110311301
1114571143
57414111
24916779
22815531
6170411
22888251
22858009
57977098
66423050
334858506
334792970
334267514
325943482
309252250
40562842
40530074
47853753
46805928
46672552
46676648
315112120
46672520
38743688
55452552
89547656
74879816
14857003
14725930
283157802
274770218
807446570
807450650
824293386
858163274
845579403
847151241
845049993
912142525
353312943
1415324070
1423770338
1352536678
1889478182
1891428918
1895610902
1902950982
1382985415
1387176644
1928233612
1919910604
1916568172
1915521640
1915259624
3794315496
3815635176
3819883720
3790520456
3790520521
3782132555
3782132270
3781841454
3781961262
3760989726
3777766670
4050461726
4041999402
4038855722
4035905771
4102961403
4102957529
4102908621
3582783181
3599627917
3599688333
3599622541
3334758829
3322175909
3322152353
3590457281
3590480643
3603161875
3616580897
3618679841
3518478336
3514206208
2417395776
2483850224
3557609184
3561891537
3498976915
3500025506
3499886242
3522694562
3554150562
3529136258
1917773954
1917692034
1913433234
840740054
574399510
573367317
573334548
556680244
539887148
539889196
544083516
543950349
812130831
820519486
870871358
866697246
330858510
294243342
1435035934
1418258718
1154083166
1145759950
3290069198
3308914062
3278438798
3270071182
3534418622
3552223918
3552092845
3516442284
3570965164
3558378124
3558866632
3575541336
3577618968
3577618955
3560846602
3573429550
3569103918
3567000623
3499901965
3248013321
3281555720
3264984520
3264916872
3264915848
2195253672
2182629800
2198407592
2164926408
2165969672
3277533992
3264750379
3266847534
3266863406
1119412326
1186517222
1180221606
1176027286
1142603910
1276836038
203090183
205187845
221964817
247310896
113028660
113029637
1186956037
1182433543
1328186374
1277922406
1411954918
3572021414
3568024742
4105872550
4103845029
4107829669
4094202788
4094224052
3825919636
3826934436
3831374436
3837014820
3835953188
2766143508
3026202628
4096926724
4101121044
4103221004
4237434573
4253159310
3616738702
3620736414
3608153518
3608415658
1444353706
1448485626
1456824906
1473536586
1574199817
1414850108
1410858797
1410764588
1413975916
1413785580
2136257485
1054250957
1054246348
785812676
776247332
772057124
772058151
773120030
641077254
573964294
573440046
573440366
569116334
816581294
816650918
817830550
1889352326
1352415874
1351413378
1082958274
1133347009
1116709216
1390322480
1381933616
1377744416
1377674528
1381803104
1380753632
1376552144
1343147137
1343146115
3490331522
3491367666
3505326626
3517791778
3534496306
3534234130
2460508690
2461651927
2461582229
2480442788
2429062060
2420677540
2420702116
3557452416
3557435072
3558482752
3560644896
3563598113
3568050210
3584504850
3605412866
3328591874
3459696642
3457633346
3729056834
3733774838
3733955238
3599667887
2525529788
2526596744
2505637560
2436487848
2419776424
2419781016
2420010312
2424202507
2423027514
2448193322
2481743662
2460603166
3534607118
3535290686
3533193454
3537387695
3529126077
3524927628
3527024780
3543794828
1345987788
1344939340
1080698652
1084827148
1084752408
1084932616
1089132040
3496576520
3514338856
3554196072
3550264040
3499997867
4036865706
2967252650
2956756650
2955776666
2956911290
3007242938
2990432958
2994610910
2994615062
3002597678
4075294766
3551010862
3500680254
3500815370
1424634891
1143603209
1143604489
1144731400
68693768
68709128
68721420
69176076
350128396
366909700
519865349
510435335
1580105730
1580109906
2116989298
2116727666
2099933922
1948922594
1953174242
1894324967
1906850533
1940404732
1923623068
1923692700
849884312
849879176
850927752
836550793
282898857
281846185
282034664
5150152
5153864
5137416
5125128
5127432
14048057
9865771
79145518
1286908430
234135310
259817798
1312588246
1311683542
1177465794
1176925122
3324408562
3341177506
3353761186
2276783522
2526347169
2458379905
2458314369
2458685089
2454507171
2451099302
2451228079
3527041198
3543818462
3493486606
3492438030
1361732623
1361830957
1344861228
1349113132
1357567516
1425720844
1425788492
1423625932
1415241420
1411081965
1547184103
1295529806
1299121430
1332686118
1324166438
1191124246
1191056390
1191055621
117379333
50163988
41800004
25084868
8279956
8331199
8195006
1081936314
1081936314
1081874666
1132207610
1123865978
1119658282
1101833006
28082751
1370260028
1403887916
1382851620
1378655268
1445757984
1580123136
1580077057
1581129730
524157730
482017830
1018758830
1016598202
1015560857
344517272
1422437304
1443399832
1443534984
1980476552
2115543176
1848156552
1735037881
3836387950
3836387886
3836642878
4108619318
4096023078
4112792102
3055827494
2518956326
2532125734
2527986726
2527997975
2527731717
2158632964
2159684612
3233495876
3233508044
3231243964
3235415716
3222831781
3221787303
3221856918
3238635406
1091087294
1124895422
1108314806
1376688839
1377761797
1379820801
304898065
321675297
292315169
283537633
283525315
283528323
301386626
399612658
378579490
378579746
383053090
303358978
1394393282
1360708082
1423590275
1421484928
1421747088
1153250196
1147933652
3291219828
3291221541
3295439422
3568167454
3568155194
3500968746
3500968298
3521940954
4063200395
4063146120
4062617756
4062552220
4080312748
3778331628
3778470636
3778469476
3799350820
4076107572
4076155156
4067905556
4067905556
4067909684
4076299316
4159995165
4120894223
4104047110
3571375622
4110141022
4101604958
4101605214
4101606670
3078130750
3864570991
3864568941
3864764505
3859529817
3859300571
3859288522
3877254074
3780788138
3772386218
3770157994
3769383867
4105005961
4105170825
4109349576
4100821756
4118655724
4152144621
4152156901
4143768551
4143833511
4133310887
4129100183
4131336375
4148049319
4118705639
4117658965
4109303557
4109336325
4109138693
4109118213
4109184789
4243470135
4243522406
4243390950
3573289390
3572838846
3614905790
3614842334
3606453598
1454642446
1454649610
1454645515
1442787337
1442709512
1417281560
1417282856
1413040424
1345899304
1343851288
1348049864
276336008
284723081
292324249
305042073
305066651
305033866
372126362
372123566
376188334
401876206
368312398
368316422
350253062
350351378
350482723
346223393
347467568
83193600
125238528
236346693
236864839
236897750
509134822
1610133478
1572384750
1571327470
1437107710
1470660814
1454018767
2125115533
2129310716
2120984300
2117905004
4282247724
4013873980
4017608764
1869663261
1731227657
1731215435
1697644747
1695682731
1699885995
1703084715
4253036266
4118817402
4152371770
3620747802
3591387658
3595574794
3606446858
3602264330
3619557689
3619553768
3518961064
3237755320
3225177016
1077734040
1075604376
1075586952
1075585416
1075642505
1077362939
1076346987
1088728111
1352968246
1353033734
1352830230
1352828434
1398964754
1377994242
1914869250
841199362
841002259
841016611
573911075
571867169
593363041
587071701
582639684
580773964
579643693
579644205
579636011
579123979
574923785
1661247496
1611046920
3759595592
3761648108
3828221668
2758545120
2968263392
2964068064
2964075233
2964075107
2964071282
2443714882
2443736134
2481511494
2201729110
3258628422
3258645318
3241835478
1075396486
1092107654
1159268742
93981862
94248114
110507185
1320317105
1324544451
1327735106
1327730946
1327735826
1293984802
1595974690
1600237618
1576513843
1555484961
1553859360
1423773476
1415064356
1409821604
1409821604
1461272484
383386549
379126663
110625671
126616454
76338022
80524590
72202534
341748023
394176772
1584314628
1315801348
1316265940
1178374836
1178456724
1195246228
1077805748
3501077154
3500941730
3500418210
1369713826
1386481890
1378748610
1110314050
36578306
305012994
304948007
326971943
293351982
282858027
282862123
13371961
13371929
13388317
13421213
5032837
5101957
5149061
39752065
107909249
103715200
103715120
103723296
116306208
1189982496
1181524336
1198432704
3295642048
3706491808
3702366117
2628239022
3164977902
3165436463
3161242159
3157064221
2638178829
2638096909
2570462509
2573533231
2581856494
2645889214
2643923118
2642747566
2642682030
2642682302
3452190878
3439640714
3305406602
1142268106
1142398987
1410768905
339190792
343139336
351534088
275963144
1429391896
1461111512
1443269256
1577880200
1582075531
1590462090
1590481610
1583280650
1593766698
1522442542
1522442535
1589612592
3665334288
3659059232
1494786080
1477091680
1544204932
1549451908
1425690252
1425738383
1962490526
1960340398
2010672558
1995973034
1995968906
1726480586
2137587722
2104098874
2083138602
1009330218
476592170
476592154
484972810
480773642
413717018
145289853
145551996
145072868
135766752
135440032
151161472
235051904
503483281
507688369
517124273
512921744
1592950912
1584627840
370180324
504423460
336618796
336737580
1423062829
1420957486
1354106654
1354500894
1375476542
318650894
318667278
310004238
305088014
304927293
304927085
322212073
861188265
830779565
1904521389
1908719020
1900321724
1879415692
4026964876
4043741836
4047944260
4040601093
2969540147
3027034658
3027034658
3043812130
3060592930
3060613410
3056484419
3056493760
3056474304
3060664448
3052079312
2494105648
2494106657
2494061602
2494063874
2494098690
2515053858
3077082402
3056239922
3056247618
3056251395
4129993473
4130248448
3861879040
3861748000
1848440864
1848436832
1848440932
1798307068
1752093900
1752024269
678253773
677803213
677795031
1818316967
1818243238
1826632102
1709189046
1735403158
1741762198
1737566902
1737964215
1704398519
3837070983
4105447047
4105447247
3588576543
3589020703
3521915935
3521931325
1366259821
3580517869
3580548509
3589981071
3590050463
1475982047
1474867774
1466491694
1596482863
1596728623
1596855613
1596331325
1600525596
1274938636
1268711704
1270812952
1270821128
1270686472
1236804360
1222120248
1221071144
1216882537
1216954234
3368688474
3368700762
3369814874
3369684234
3369682186
3367616794
3367616826
2293874986
2310664490
2314854702
2348377390
2338934079
2322286879
2322291039
2322278783
2330673022
2330531678
2330477406
2330481535
2330522479
2330514281
2405990893
2355659245
2355663357
2364052989
2364317117
2355993005
2221775277
2217720237
2217656221
2234433421
2238621645
2238621133
2238572029
2238494063
2238555375
2206114301
2206114269
2187301788
2187100860
2187101868
2202834620
2198716092
3239034876
3238980972
3507481901
3507479615
3506922518
3511055446
3544608982
3544609014
3527923094
3536308118
3536176790
3536180919
3536172727
3552941749
3611670452
3611602916
3608522228
4111969604
4111904516
4111908628
3843464501
1698143525
1698020405
1698020391
1731638309
1731642421
1712766996
1712541748
1712402532
1712402532
1716585964
659622892
569445373
552803037
552807119
548616911
548474446
546313806
813699662
830485070
327164478
327164454
25174818
75501874
79745298
79987010
80053699
474323397
470260101
1544980868
1530300804
1516673412
2049351044
2050331076
2050273380
2048172140
1779753004
1763173421
1750494253
1749437741
1749421431
1749224951
1749097975
1749097878
675364246
675294598
692071830
725695922
776083378
784471731
780342963
780146321
1049636481
1066430087
936439431
938522310
903919318
903983959
903983927
1956754229
1956885301
1961079604
1952691004
1411634988
1411604268
1428298045
1428298045
1965448253
1969671183
1978584079
1979679951
1975489999
1977456079
4124874719
4150048511
4150048495
4128633582
4262974446
4262949358
4269089006
4269613166
4276035630
4275970102
3739099398
3740955398
3757757254
3724145607
3707348885
4244354949
4235888516
4235956101
4230975413
4096636325
4096566759
4096042279
3827622958
3844404270
1734636606
1717915711
1717973055
1717964831
1726349627
2130116921
1995772217
1993676601
1993809241
1993809353
2002221449
2002606475
1979534219
905760667
1979504283
1425928859
1425928857
1357869753
1358848701
1895752367
1895817895
1895691959
4043174583
4043109110
4109165174
4125418038
4125419318
3588517671
3579853095
3613407527
3596630053
2523346996
2254837780
2264271876
2260598789
2277441797
2226979589
2226856453
2159796755
2158527010
2158527074
2172158625
2201518753
3256406693
3255366301
3272241805
3238925259
1074668875
1087244602
1087186986
1082992762
1084058874
1083499658
1156882570
1450475658
1448509834
1993778587
4141264825
3864506024
3860115176
3860104936
3778319064
3761545944
3761566456
3844371177
3861198315
3865394283
3873835054
4142275591
3064340485
3064410129
3601276931
3584434178
3567652930
3571859586
3568190610
3703504294
3701336486
3701271014
1572662311
1600971828
1596739588
1596932100
1429102604
1949000764
1948936492
2095774428
2108344972
2141833868
1990780556
1986585244
1982390952
1982342057
1982345706
1735001194
1621767210
1621814314
1638575146
1672129626
1659413962
1652074187
1712889545
1644990185
1645203176
1628319448
1612588632
1614684712
1613111592
1642332200
1621098537
547356715
548474890
814755850
343943178
79706126
71325726
71338038
4492566
13009154
13534017
81703684
108967168
242133072
242133088
506435808
506299601
1043173506
1042845846
908832942
909829038
809132714
809123482
809179786
875117209
879242153
753413032
749480617
800001673
783160265
1051197707
1051197451
510160939
505962539
254287913
220866089
199913005
178802221
177739349
176711175
1250715143
1250730758
1250332978
3410399522
3441329474
3426389378
3363474306
3366619778
3634989970
3634924195
2573772455
2603393767
2586763815
2653315621
2671059493
3205505636
3184534244
3179291132
3179614380
3179676840
3046001816
2508900488
3587963016
3621365960
3598297320
3328747625
3324568586
3324530698
3325837342
3593978158
3577148198
3496928034
3501126146
3501104962
3501099459
3517941888
3555510416
1395398816
1362898336
1346316196
1883120300
1886286509
1623048871
549228150
1622977286
1627170818
1613531153
1630316545
1647290368
3794706432
3794727680
3794682368
3861775072
2788098721
2917929633
2896966311
2896699822
2896700606
4256969914
4256967834
4252772570
3694865610
3694797898
1546264651
1546330377
1551647544
2096943672
2090640952
2107419224
1872669400
4020157064
3873348232
3864828569
3860629145
2721874683
2720957019
2720961051
2720985643
2788123183
2787909935
2792100901
2817395735
2913864787
2897087699
2829991106
4173212678
4173147190
4177280310
4185603334
2033854214
2033857287
2033930516
2046349420
2025369836
1754833080
1754833032
685281464
1825160376
1816832169
1867163834
1729018010
1711704986
3864431274
3796993706
3799044746
3794858698
3794133562
3798458922
3815203370
3823593002
3789956923
3789960459
3782606873
3850186795
3833409834
3831313210
1683766810
1683765786
1683753502
1691880286
1855528446
2126065919
2126131400
2126131336
519712968
511325416
490219752
202909884
202975447
203046854
73077334
83362518
78119510
78430726
78560770
128891651
112101649
246196272
514632752
2129440864
2116849888
2116452496
4263936128
4263940240
4248219808
3828869024
2752783008
2756977312
2767532708
2696164028
2695635628
2964071087
2964065982
2963804062
2967997326
2972208526
2972243146
3005867210
4066960586
4075332811
4075470680
4067072520
4062891528
4079517192
4045940328
1881678568
1902903784
1940652267
1923941546
1924007082
1923482798
853684374
304222342
304222406
304099398
304095542
291583267
274932499
274870791
820130327
815878701
815809065
816103977
820281896
559187736
558205720
558336777
566724873
601274633
670541834
628466698
740601866
740589578
740655114
741785626
739656746
1817078634
1825466986
1821309530
1871692490
1721287369
1726513803
1713935243
1712911258
3859412394
4127943082
4132187051
4090366633
4107155080
4107608712
3571717064
3504615880
3500486744
1354119176
1419180072
1419028776
1456974111
1459007246
1986494478
1915060254
1915064374
1647620134
1712631906
1694794979
1678674049
1678678656
1679747744
3967646432
3949805280
3933158992
3932958480
3949735200
3920374880
3970899297
3970571202
3970570946
1958222546
1958226402
1949841634
2098732150
2132284422
1057563654
1057628167
1061823205
1070528229
797740711
663259783
663259791
801676173
785168781
785296261
713993159
709799191
705013015
705011731
772263955
789975075
622202977
612238561
615386592
615402112
615447168
614922944
670538305
653629747
1721017378
1724163106
1711595622
1728372950
1677984974
1678118318
1678642606
1839078318
1873550054
1857890839
2126326276
2126260740
1056730884
1044178176
1042194464
2115928112
1983311936
930529479
809485702
808307110
808258470
809310886
1887255206
1893542574
1889347245
1889297133
1889297196
1889329428
1892978964
4027884852
4027877680
4027026224
4027026192
4110851024
4115044992
4157009537
3214332547
3214393986
3084665506
3067876262
3084658150
3078104294
3078120806
3077207366
3043714310
3052004623
3052121373
3053100349
3048901949
2816314685
2925301021
2921118989
2921194765
2921262189
2922802415
2872446383
2841054639
2824224655
2832611215
2832601798
3098870614
3115586342
3115595558
3149163782
3153357062
3109517590
3105315094
3155613974
3168722198
3164505366
3166339845
3048993540
2683888388
2671273316
2654472548
2652440677
2669287527
3176806758
3164233014
3164264198
3028980294
3179844295
2676527797
2672334517
2669211309
2669177775
2637834671
2621061550
3157932270
3170503710
3166356766
3166408983
3183058948
3182994436
3153636356
3141045300
3107489844
2839189540
2837376295
2837341734
2904454694
2950300182
2931491542
2931300071
2931300007
3199737815
3212323278
3174574302
3174709502
2625255518
2633632782
2495218702
2509902103
2677760773
2660788036
2394451796
2390281572
2386086245
2402998509
2373647727
2631595374
2497349502
2493219446
2513995511
2514007765
2404970181
2400742359
2402838887
2671409263
