2173186364
2156401924
2157497344
2157485409
2163776993
2172226035
2171247827
2204810450
2204809666
2200615874
2200615634
2201746162
2436497058
2436497062
2971252646
2975445414
4057510295
4090279303
4060919175
4060913541
4060912517
2986785669
2986797717
2986765015
3016124951
2979401238
2962492990
2964596286
2964596030
2427724842
2444502058
2478574638
2476477486
2203846686
2170362894
2170502158
2160999695
2173640463
2173441823
2206994735
2257338671
2391593319
2346504573
2296173021
2289956316
3363830236
3359521116
3358996828
1209416984
1209939720
135144200
135144200
134489864
402927416
402926440
407137129
138901833
138870091
147248459
163693019
163697083
155447743
155448767
222426535
239123879
104971687
105119127
37936263
37999767
33813687
302249143
303135911
305470695
275122551
275122951
283515399
284023357
283948589
283947565
300725039
325890863
325947711
326075161
24085273
1082105625
1081596697
3228981769
3237362443
3233168155
2159438619
2224385802
2358527242
2408890682
2392621358
2392686702
2398716134
2256126183
2255025329
2251848881
2251972017
2239377105
2222598849
2230987329
2229930497
2230258195
2230082083
2164026147
2197613347
2197605219
2189216595
2256395079
2255477079
2255321447
2255322471
2221827351
2221827334
2230203655
2230209815
2230078311
2263636839
2389506917
2389506421
2389498357
2385500663
2318308807
2318315974
2335094150
2284762502
2288688518
2292883334
2292946583
2292757155
2292769441
2297225893
2288837293
2284643773
2284710124
2369759468
2390665293
2388568141
2399070221
2390742025
2397585723
2397569835
2397778730
2280269610
2246721322
2230061866
2230128414
2230191374
2230261199
2364306879
2364331439
2364331439
2363792791
2355411351
2355411893
2355469285
2351143541
2351077909
2367859221
2405609237
2389880596
2396237636
2396106437
2386602741
2382400165
2399373989
2635516655
2641816175
2514836271
2280409407
2280392991
2280468239
2272210718
2267885343
2234321215
2238646311
2381191207
2376480807
2376349703
2376865863
2381056069
2381142343
2372925783
2372925781
2238577013
2238552949
2238693333
2171582423
2171450295
2171450303
2154664895
2154672575
2154821022
2154690742
2154657975
2150586615
2151561415
2151032903
2165713159
2186702087
2186728199
2195641095
2191438359
2191307623
2258416615
2262598631
2281473703
2238553751
2372910743
2368716735
2368649727
2372844031
2402199903
2671683869
2654858045
2671497053
2669332175
2673533663
2681955247
3187168175
3052945838
3043546302
3043546303
3039550717
3039483933
3040536580
3040471300
3038440196
2505763588
2513063684
2509128964
2509194533
2542560547
2525847842
2525713186
2529903458
2530822130
2530856403
2524708049
2507925701
2491152580
2489309636
2489305428
2497576549
2497504805
2547802727
2656842470
2656830182
2654536694
2654601650
2373587378
2355770802
2356035458
2356050626
2357123778
3292252739
3308891089
3325668817
3732512848
3732508864
3739910336
3739910352
3588932065
3563672931
3559464227
3492355367
3492362534
3492292902
3546901286
4075552534
1924912966
1928958663
1928954759
1929347462
1918865574
1930227886
4077675694
4044111022
4044168350
4077795742
3536732142
3533585967
3535283756
3535283724
3535282700
3534234188
3270059996
3244982196
3228192660
3228191639
3493481366
3493646262
3491559334
3491554982
3510413014
3514623686
3521963526
1890123294
1890122542
1890318638
1894496558
4033591343
4029254975
4029527311
4046430477
4046364941
4080963884
3792537388
3792473916
3796421500
3821587324
3788164076
2697657324
2966089068
2966086781
3084514399
3058196574
3058196830
4127789566
4061004798
4065211390
4157478910
4107208126
4106882270
3033160911
3025860813
2488920156
2489116732
2504845596
2538405132
2529643788
2458273084
2458276132
2458346276
2458727204
2462909220
2462925540
2529970165
2546520053
2647390679
2631825862
2355067334
2287737174
2354841894
2357017958
2625185702
2558011318
2608345782
3682145206
3682276246
3644350855
3627606405
3626541444
3626542916
3626740228
3626674949
3710561055
3748244799
3739858206
3741036814
3740975375
3751432525
3455717693
3439001901
3296202029
3564640557
3564861709
3497752845
1348328719
1348306190
1398636830
1383956574
1383841994
1379582090
1379583386
1377753515
1913449387
1913449387
1917639611
1925498249
1925496969
1925697736
3537297512
3537297704
3556663596
3523163708
1354702388
1354436324
1354440613
3501793190
3505986470
3497876406
3493649854
3491536318
1360836046
1394386254
1937548559
1929159967
1928918063
1928983598
1945818158
4084909102
4051619119
4034846527
4034918925
4034915076
4034394884
4030200148
4028099044
4032167860
4039495345
4035399347
4035319474
4040636130
4032046690
4029955618
4029955874
4045679890
4066716674
1919368194
1927613442
1924406290
848566290
848562195
851707921
869010736
323813680
323965236
290418964
290320404
273477684
273471541
273209461
273176661
289953877
323623237
319437125
306898757
306881092
315527748
315397092
315397092
852268772
936164076
919452380
1070463708
1065958143
2139821806
2106208750
1556754606
1481302190
1477107870
1478009998
404269190
408467591
433690757
1071356085
2136652935
2132452423
1981722631
1983283207
1983295543
1999037751
2003234359
4159065655
4158999287
4126433015
4124344055
4124342263
4107555319
4107653621
4107662165
4107793237
4099404597
4101371701
3027626549
3036146197
3052927505
3052919635
3077885811
3212099943
3195060711
3195130358
3060953542
3060949490
3067176418
3067114722
4149302499
4115748051
4115920065
4115850305
4117947456
4101174336
4117939520
4113679824
4113692640
4118243041
4151727859
4160177874
3082045026
3048494946
3052693282
3044042518
3044239174
3039915350
3042012658
4258491635
4258422003
4288040131
4288109633
3755412817
3748730161
3744544049
3677365553
3643881249
1498625827
1485913891
2021665571
1484794675
1501571841
465582849
436419841
167910657
167779585
436223249
453012273
968940405
964819831
964819831
969014135
969145703
956497255
956496231
956365127
956356935
692181463
960592215
960723318
423820758
423817686
465760670
465744318
465614270
461413822
461486526
461486526
428063229
427997660
432190812
419602716
402829660
402887005
402752991
402688222
406903022
406857966
406878255
423819549
448984844
448963084
440566284
440447548
440443436
440443180
436253741
436247661
436313215
1510126651
1514321227
2059838795
2128514507
4293630361
4125727129
3832069049
3827935929
3827941001
3828191881
3828122251
3827663531
3827667626
2753881067
2686509935
2707482479
2707484461
2707487533
2774588221
2774588221
2774653759
2774662975
2808217407
2808209214
2808405822
2774916926
2774916414
2774925119
2775055231
2774916095
2774911477
2783042037
2783050197
2774596053
2774857815
2808609911
2808508791
2808504639
2909221183
2892301119
2892301119
3965794103
3974180151
3974445363
3970238483
3970242579
3903208451
1756767235
2025201667
2025205763
1505637635
436147523
436014915
436019027
167583603
150803827
146609523
146608467
146633027
146665795
167752147
167612883
192778706
192778738
171939826
1248835554
1584379890
1584240594
1580062674
1596946419
1501034481
1501029873
1509270880
2046145568
2077597744
2060951553
2060955649
2054652163
1782022419
1782023506
1782044150
1779922406
1780312038
1797007335
1800152751
1775048351
1804285583
1805352845
1805254029
3952868767
3953130887
4009538951
4000620695
4000809126
4000764134
4000772342
4000800854
4285751590
4252198182
4252183846
4252450582
4252441095
4294385271
4287958629
4287895157
4287903301
2111055428
1960650452
1952397285
1960777189
1977417943
2013003983
1474044110
391651566
358101486
351801834
351827451
350778827
346607049
350866889
351010121
1147837705
1148884233
1165731099
1182377275
1459332379
1451140361
1451134301
1383959981
1390185901
1407030685
1398714765
1398707101
4112417469
4114055853
4113871599
4112822895
4112819759
4117014318
4150568751
4159029551
4152312127
4152299807
4118422815
1970941053
1887045821
1887045821
1895505083
1908094107
1941516683
867697035
867959739
335295403
293351147
289172059
270858763
807692827
828668442
929421066
912691210
921075722
385253418
519348266
510959662
1582604334
1582667046
1581616422
1582288166
1590647798
1468410782
1434856349
1418078620
1418070428
1346439612
1358957980
285224348
285240732
319874396
823256861
829653822
837124926
820290367
828748349
828867132
1936168764
1937096492
1383369516
1918208828
1943441244
1909892877
1909908255
1373020446
3520504878
4048913518
4082404462
4081372254
3540370446
3540435214
1393980191
1431708221
3564511769
3572970009
3572971035
3573365563
3573356906
3573287402
3724286091
3488881803
3488875659
3483631833
3484889337
3451806185
3451871723
2241618346
2275205534
2275278766
3335108014
2261353902
2252963974
2248777862
2249760910
2268651743
2267800367
2234185262
2490037806
3572122123
3567976969
3567985161
3706213913
3722987816
3714631720
3749201961
3745011931
3608696971
3608790153
1465630856
1457176712
1448788152
1983639720
4131103656
4134187688
4075463416
4075528760
1919459864
1915544072
1361854984
1344734744
1345194553
1357777467
1353058619
3500411003
3567532283
3571719371
1416627403
1146241225
1154638041
1167482987
1201037694
1184260894
3331736110
3338519086
3325862446
3342644014
3611079950
3581713679
4257187852
3216935196
3200158252
3204426285
3191711295
3124622094
3124711694
3124629742
3124629742
3107586286
3099198894
2830763422
2830751692
2829640268
3099369996
3107758604
3141313032
3139412504
3088016957
4161744511
4161674223
4161685998
3905833199
3902785663
3904735245
3955079181
1790944268
1779867660
1779933236
1779789876
1778454589
1778581549
1778516267
1807950698
1770072794
2021731034
2021862090
1485187786
1536572106
1522289354
1252542170
1256739707
1248391464
3391746344
3396002156
3395969476
3442106820
3429381520
3429395875
3433791398
3434766246
3434831526
3298318310
2224583014
2220380206
2216165422
2216235022
3290049549
3293260552
3431537192
3314092584
3347795576
3481977544
3461014216
3390677976
3392700920
3392701944
1245224312
1249413400
1249622280
1245359225
3728385257
3745165275
3694825163
3560607370
3563753102
3572217503
3572028063
3572024303
3504866282
4059575274
4084934058
4082707882
1914191018
1914182810
1380454538
1380520074
1389035658
1452196042
1456385306
1465297690
1567075098
1550101306
1554287418
3701847306
3651567630
3686170637
3680288804
3675001060
3674747040
3674876320
3641322128
1506425472
1486494336
1302011521
1285037698
1289238178
1279029154
1279196610
1295944962
1328327938
1340909091
1319937568
1588109860
1454093076
3588919556
3580527636
3560606948
3575154861
3575175343
3579444639
3522839950
3506057606
3497664983
3225100311
3224973333
3225361668
3224189220
3236703012
3232643620
2209226244
2259617284
2259420932
2393687895
2393755622
2397577190
2322087782
2322085414
2322084646
2393535238
2393567558
2393416166
2393416103
2414379439
2406060479
2406061503
2406064061
2401868733
2402009020
2403054492
2401166284
2367578952
3713950472
3722322697
3718210843
3717626170
3713390635
3711223849
3576989816
3576019272
3575951176
3575939912
3580134216
3618017400
3619070185
3619070126
3619610798
3615257766
3594276002
3593424802
3610136210
3609867906
1466573506
1466573378
1441280595
1432879975
1550331254
1550453078
1558923285
1560004916
1572703036
1606192700
3736371724
3734282765
1590993419
1515561514
1514513962
1577580846
2118572078
2136361006
2128481334
1996095501
1450709068
1446518988
372908508
389681868
355074760
350880456
350948937
346819098
346827290
79452698
79555386
78506266
128507918
115929294
107528350
103465119
1181409461
1206575524
1172988836
1156142036
1148801996
1148739416
1157135144
1151134248
1151330873
1151179562
1436322090
1459393850
1446805530
1446875482
1446687194
1446687706
1446683342
1463456671
1429919639
1429994935
1434055863
1434054821
1903751333
1954082981
1887363221
1887363461
1887425940
1887434676
1887389589
1903955893
1903964069
1903963813
1937600165
4093605551
4093629087
3825189583
3790439007
3790381615
3790384701
3781995037
3798776349
3794582045
3794599725
3794563117
3794534445
3795779647
3795726558
1669215390
1627273406
1891502238
1890453638
1891568774
1895044230
1884582054
1897193703
1930727783
1934922293
1945415220
1941219860
4055214592
4058425857
4058426113
4034309891
4034773795
4034667366
3764204134
3764204278
4028437222
4032569318
4032563686
4040951927
4053542981
4053543045
1405888645
1389116548
1389300868
1385039236
1401820055
1402876598
1404969638
1375494886
1345122854
1412219438
1412227850
1948577546
887544634
887544122
2112280619
2147407929
1600064520
1595679816
470024393
470238187
470205166
1019671142
1015407142
1015325190
1015062790
495038519
378703876
374509644
370296012
1444219048
1443195048
1443359400
1455876776
4102335144
4105492168
4104422088
3571749451
3504779978
3504775854
3018252966
3069568678
3058968226
3059483314
4135322022
4143714477
4150788329
4096398363
4096407562
4096272394
4096272394
4117358650
4155160603
4138378248
4272664840
4273504840
3197674024
3201868332
2790831652
2788721956
2788854821
2720697378
2720920610
2788558130
2788562434
2788561426
2921731634
2934193702
3131844902
3115071550
3098478606
2561542158
2561570894
2561666118
3366774773
3372000992
2556200608
2552207008
2551621280
2551621280
2551623344
2585169792
2652278144
3193355649
3193372098
3200574930
4141639138
3067897315
3084727525
3078095973
3061326917
3061522501
3059376197
3084837188
3080648036
3051210596
2513227460
3578584773
3574357701
3708690391
3709738998
4250807806
4252970494
4194162158
4194162158
2881328639
3957110623
3957106189
3927745052
3944522260
1746760212
1746350644
1746285100
2014712109
2094137386
2092238890
1955924010
2006321162
1452681290
311847114
43354250
43287690
43810971
314081448
1383760040
1377480872
1376428200
1376625580
1376555685
1879344869
1342279285
3489888788
3490920964
3493014036
3497208164
3522176036
2458918948
2256736261
2256670734
2189570078
3281258282
3254569514
2154338858
2221447994
2271918346
2389359886
3464007949
3464003848
3392770312
3376124188
1211765020
1211764484
1211767620
1278876644
1278941600
1551645089
1423714693
365178245
382198149
243704196
109216144
109281684
113480148
108317984
119851296
337967905
337964833
342005554
342004019
343052595
391348691
390116739
373337219
373528707
386062483
889378963
876796067
1883425250
1884473634
1911614722
1398828290
1382117122
1382119170
3529994770
3539350050
3535083046
3535537702
3549974503
3516418548
3518515604
3514321284
3510204804
3510267316
1362784164
1344202404
1881003700
1880407684
1896922756
1645252244
1649523188
1658038372
3807552548
3799228436
3793785092
2787410444
2771231256
2754504232
2888706600
3093969449
3102411562
3098019882
3098020074
3114796170
3131572362
2594832522
2611617978
2611732650
3110642841
3089672584
3089672648
3089869064
3107629320
3212487432
2920984072
2920981016
2919858745
2920137258
2924409710
2929644014
2931639462
2930508978
2926063762
2788827266
2772050050
3829015943
3829017221
3841600148
1622878916
1622686212
1622681876
1624779828
1675109396
1918566412
1918500877
1925857583
1925793582
1921568606
1938422154
1938532491
4052269211
4052257177
4052272537
4052480953
4056572841
3579536297
4047196651
1899696427
1898454074
1881683978
1882007818
812542475
820931081
838753800
829702728
856969672
855916696
855654571
860029354
868290410
864095786
864235034
310518282
310600474
327204890
328515609
294421560
290228268
285968476
285903308
319465868
856337292
923459468
923403917
923407247
1025127342
477897198
1558454574
1555300654
1555046718
1552950046
1568694814
1602277966
1333834718
1266983871
1267048876
1233501612
1548523948
3691874804
3692988692
3558779140
4095651588
1950262796
1904116236
1920893517
1918812749
1914619607
4064042726
4064042478
4064050350
4085152926
4093531278
4089368782
4055810254
4055875663
4087341077
3617415213
3623624749
3581753133
3711835693
3711842847
3716029006
3716030030
1576810078
1576809342
1574703390
1574703370
1573663515
533472040
533473064
525287224
256851768
256859512
252696040
118265336
101483912
105677961
105155769
105233581
102212783
253124743
219553926
204611974
208798166
216138478
212993774
212863726
127150831
110422767
110406393
1187296968
1178899016
1180533256
1165918728
1156489784
1089383977
1089468973
1081924135
1077677607
1075316226
1075513282
1142554754
73274514
1172182194
1188961458
1323261122
1325089986
1320928514
3468276499
3467227697
3333005857
3332941344
3349735009
3299402469
3316154788
3317403812
3237647532
3237645468
3227240845
3508324749
1359760301
1359826863
1393447326
302915722
319168650
1392910538
1463813210
1430276138
1438959914
1436461370
3617434394
3617106698
2662903561
2663100936
2679804424
2678755880
2646315560
2650313452
2620953252
2637989540
2637532583
3174943910
3173780646
4146858166
4146468998
1965439110
2000038022
2000039302
911486885
919606973
848307853
848309965
848359369
317848527
292731855
274906054
283283410
1357088114
1348763682
1881440290
1881440290
1881645362
1894687250
1924047362
1991168513
1991131648
4133750496
4112792480
4097059236
4028041700
1884441060
1905355716
1657826244
852649415
844296518
840094006
844288039
575795303
592503911
592471143
592464903
574639111
574800983
583198055
583198247
1656981031
1673561639
1615103495
1616156165
1612096005
3759596045
4094964527
4094689770
4115662314
4257353130
4286975466
4286981994
4153155930
4119601354
4119618779
3583820953
3564686488
3576224184
3576425880
3609913225
3609912715
1445904842
1391313018
1408073834
1371054186
1371070586
1354620939
3571367967
3571368047
3579765103
3609126206
3592355598
3592343054
3596535310
3596546574
3604935439
3600761629
3619635517
3590127935
2239511594
2352752698
2352949562
2352888634
2631891770
2627565114
2627596891
2629612232
2646377112
2645852840
2506412712
2503216812
3577035436
3575065004
3574999212
4111870125
4082515125
4082553988
4051148996
4028932100
1881186564
1885381124
1885377045
1885438518
1910686254
4083340846
3546480430
3538148398
3538996286
3622882318
3612736527
3579241485
3579247628
3579235340
3581330748
3589723452
3589793564
3589665557
3589559071
3581235583
3581366766
2508158446
2508189166
2507536894
2507536863
2515909599
2513805279
2547291661
2471883277
2455237135
2450879038
2467566126
2471760430
2480148782
3556708398
3556638782
3556638730
3556377609
3545910472
3545815240
3507271816
1427024264
1410252168
1414500745
1415352731
3697070506
3697070570
3696649067
3707135855
3707135855
3724011519
3757434319
3755274703
3755266511
3746886143
3746947566
3713524206
3713430910
3579198814
3581877534
1467817246
1476203839
1476202799
1476145965
1375482413
1350332957
1344066063
1344046879
1343006063
1359789567
1397721487
1389267343
1380883847
1380883911
3529422279
3596529959
3596476455
3615252517
3562877221
3563008309
3562942740
3571336989
3573239677
4105821165
4059675389
4075588303
4067199631
4063018911
3794580891
3795628441
3795103929
3811889321
3776336297
3759547049
3826655917
3830907567
3841196774
3835692006
3835703614
4104134670
4104201246
4104271934
4239800334
4256688398
4256541006
4287934405
4287936396
4287927180
4015293324
3860104172
3860235116
3859972660
3859997236
3876741684
3878827556
3857846125
3853519343
3987736815
3987737818
4024437962
4025693258
1878140250
1808999690
1867589386
1832990490
1816163642
1825628478
1820368926
1820374030
1824560335
2109772943
2101460127
1996660159
1996658071
1963103639
1963120551
1883490215
4039428007
4035216867
4035089729
4115850497
4113753857
4113753857
4151424801
4134594339
3874550563
3866218818
3864150466
3862053318
3862054358
3883161063
3841206255
3834980351
3835047883
3835002713
3835493161
2784820073
2818349928
2793184632
2793183048
3879510860
3879707212
3877016156
3877016429
2807297319
2807100455
2807067687
2807059511
2773614679
2691826135
3765831383
3765833366
3774159542
3773840102
3769646054
3819975918
1655705614
1659965455
1651707915
1668489227
1628644665
559098155
549456187
545278299
545577419
562354635
831821067
819298571
813138251
808367099
808379119
808281838
811864038
812912102
821431394
368450578
359015426
359800835
124788755
105931041
105960225
381846277
381847365
381852101
381790647
364947879
281258375
805481359
805472143
808682383
825263039
1664131567
1676714287
1670423853
1670425917
1641057036
1666288152
1729207928
1729214200
3875665628
3875718893
4014135023
3989041006
3985698158
3985697919
3855741967
3843216461
3843225037
3843254268
3977408164
3981580965
3989965479
3851439014
3884997103
3885030751
3872447759
3996349703
4013122823
4012992311
3983681063
3989970790
3989905382
3984603622
3984603622
3985979574
3851820246
4120777942
1973162070
2109485063
1845256197
1837032461
1736418317
1732094988
1729931532
1729412044
922783368
838913672
1912688265
1644316299
1648555946
1720888490
1653712106
3817907322
3784356874
3769803787
3764565261
3760371228
3760452140
3761328684
3828548140
2754740777
2782005098
2813335850
2796554298
2813347850
2813454602
3082005258
3214386763
3180827209
3180692056
3176444780
3172262252
3172229228
3155506277
3155573863
3155564663
3159754966
2891331782
2900261334
3986611158
4020166359
4003305159
4005340869
3862225477
1714709220
1712601060
1712469925
1645361061
1649541542
1670381734
1669345518
1669357662
1938846734
1922091022
326354958
322332934
322333202
1363077666
1440402978
1956348466
1956282945
1973068608
4256867776
4285183424
4281311168
4147091344
3878127248
3845359264
3843079840
3830509283
3837849575
3837816166
3855643943
3847427191
3830584695
3828422623
3828553359
3830591135
3839049390
3851427246
3884997806
3884993743
3887123535
3887324175
3849431309
3845368380
3828541996
2771574332
2771570236
2807121724
2815443244
3083882796
3083030836
3079820036
3046269781
3029427174
3029366758
3031453094
3035647142
2489338038
2620737750
2620804098
2620800002
2624990210
2633376786
2633379122
2650676482
2684243202
2658819394
2667206082
2665174467
2660880787
2660823473
2664981477
2673370087
2639878119
2507675623
2505584615
2237214205
2245663053
2245925324
2245933516
2271156428
2254249468
2262632316
2258453341
2274943710
2277307118
2243461866
2247655978
2268628526
2401882718
2385240654
2389402191
2406114057
3354091560
3447308328
3715877944
3699087368
3565070344
3565070600
1434364424
1430170120
1463586568
3577249885
4114120943
4112036007
4095398055
4095398309
3157938865
3178900115
3152685762
2611690050
2594708066
2594708066
2662078182
3736871422
3753124026
3753124010
3755217067
3742634125
1426350220
1157947528
1141239176
336062920
1346824472
1356245288
1404483896
1392412936
3530458376
3526001416
3525870140
2481496620
2478350892
2476510757
2476526119
2270120486
2501512742
2637837826
2573869570
2578129202
2577932326
2561159206
2561409070
3630973135
3359461581
3359596748
1208901828
1208623172
134881364
134947892
147405876
147405876
139083012
140123396
142214916
225052420
225001813
91050359
91058551
124592501
258946389
258938197
258940407
233643447
233651606
233602454
267154870
250443702
249910198
245584822
245526902
245526839
249647409
242250017
221339941
204628244
203836692
203901749
74435413
74435525
74226627
82616243
82613155
91075507
124563891
107983283
107917747
107917747
107984307
242202098
258995538
226489650
209708322
1291822370
1291821875
1291842323
1308608275
1342031377
1342034481
1340961329
1340813873
1307259697
1299910945
1333268771
1310208035
1310401651
1314530755
242945475
115953603
116088466
250298034
250294194
1323902386
1323839670
1323827350
1324286102
241856726
258695446
234447639
213411637
211348260
211348260
207153444
202956068
205059328
205095168
204374272
204374337
225346003
225374707
258864627
225310065
225302385
233797489
233797489
99579249
82670963
233665907
225305075
91091443
120439251
124617107
107970963
116363697
49264049
49266065
49266067
40877459
40894355
36530067
36448178
40117666
56959394
65348003
65479075
31924691
32321857
15471889
7092017
7087921
7107361
7172897
7009043
15389443
32162563
32147203
32216339
23835923
23823635
19498259
19510579
23700787
23836467
32233267
32229171
90830707
90826609
90826097
99337521
99336497
99324209
99197233
124363057
57274643
36295955
36422931
103531825
107730736
1458284404
1458152820
1459139964
1459131500
1459139688
1459151148
1440268844
1419448888
1149903401
1154097706
1154097710
1414079790
1410873518
1417304206
1416284302
1416267918
392990110
371495854
371299230
371348366
371331982
371274047
371204392
358621224
350235688
346040360
211957769
211957769
211962122
212127178
145524650
1239716778
1248105402
1248301470
1248244190
1257697566
1254027558
1251795238
1268572451
1234739488
1217978656
1213776160
1209581920
1228652784
1228588480
1226458432
135935297
139994899
148449073
148580112
148508464
209260384
209215472
1281945472
1328123776
1181323152
1189971856
1185781648
1185911440
1118827184
1118779040
1119696801
1119102370
1123296418
1114907810
37159010
37208082
35684354
52461826
270573874
274769718
275815222
273976294
272927654
323259318
1380355974
1380353414
1380360583
1926669703
4076121581
4092901740
4084508972
4084267837
2992827934
3068585502
3061191230
3077964334
3072590382
3039568430
3035373870
3031003182
3165242413
3165178076
2628290700
2556995724
2570693004
2671750044
2652299916
3725779596
4275192525
4155638383
4155585326
4159715118
4117768495
4111477071
1964124361
1964124377
1901202633
836109513
836174281
298058057
298058537
298066731
289760047
323380591
331840990
331635102
323275166
323275166
323471759
860265869
860272012
860271036
1942401452
1926538220
1926276716
4076117548
4076113468
4075077180
2993137180
3009865260
2976278060
2959484717
2968390959
2968455454
4038658254
4038593726
3522696366
3548053678
3509190862
3510268102
1346232326
1346169862
274524167
282888212
282974260
22992964
1098808773
1132344775
1115571143
1115673334
1459483238
1457058342
1473831462
1436069735
1436064229
1440651764
3578706356
3742345652
3742164405
3724927879
3728921287
2009252422
2006110758
2005935910
1473258790
1466970150
1467093023
1427247117
1427243021
1426129224
1426074056
1430547352
1371835048
1401260712
1921419912
1921425288
1922544520
1928692361
1660269225
1647682281
1629790825
3760580137
3760586045
3760475180
3760475180
3773170732
3768976692
3770028800
3769917953
3769688583
3769688614
3841188198
3874665582
2792524878
2786232334
3054696718
3190876943
3190844989
3195036201
3220247080
3187081768
3170173561
3166115835
3164481947
3164502174
3164031167
3186903231
3212136335
2675339917
3077976717
3077845743
4151583471
4118029102
4118032430
4118023214
4059302958
1909734414
1910320142
1365189647
270409743
269377653
269468133
273205157
281905875
277715539
277850371
277784579
331787267
374775809
1446424577
1446412291
1580613875
1580597667
1597388451
1574253219
2090612390
2090612390
3701290703
3701288525
3717990668
3722213676
3655101228
3646712700
3680390856
3739108040
3739091593
3733914267
3733717674
1590436266
1582063786
1577901226
1594656938
1595705482
2132650187
2132714569
2136903688
2136375304
4149641992
4118185480
4118194728
4116048424
4115983081
3185389225
3217884075
3217883579
2681016763
2648637867
2648376811
2629377322
2629335354
2645092362
2661853194
2661854218
2666050586
2385018906
2654502969
2654572648
2671419756
3162154876
3168438868
3029973620
3029900005
3033045605
2957545062
2954412782
2971320974
2704994958
2771149742
2775370926
2783824110
2779748381
2813179916
2808915980
2939004940
4012826636
4012769356
3878552556
3878552237
3857654438
3836479138
1890061026
4037548578
4037556498
3517458499
3622316096
3597215808
1178233856
1178258688
1197131264
1201206816
1166565923
1418207778
1418203686
1170952494
1325974574
1310247982
1310255118
1578690894
503966158
504037343
508218845
382389453
365579404
73030797
473623693
1547347356
1550554092
1421444076
1419285480
1972938665
2006486955
1473821678
1566276542
1545288638
1545224110
3692701166
3705283046
3701088294
3699912710
3699949571
3699942656
3704142640
3712526896
3746146832
3662326272
2588584512
2584395328
2584446688
2585314016
3189244897
3189375475
3193577922
3204079826
3199888611
3216570469
3216566500
3183012044
3168332684
2484828812
2484735628
2484732558
2488926878
2516059054
2549875886
2532052206
2532050982
2527733766
2260346885
2398694404
2402838272
2352660992
2356855296
2361041664
2361040945
2360901730
2360904930
2415429858
2384038258
2249886210
2249914882
2249862658
2252022278
2272932694
2158625007
2426929389
2426929324
2428243132
3296483468
3292436936
3290349256
3306857160
3607667400
1443406537
1447605163
3595089322
3595173034
3613092010
3709479146
3692702154
3428462414
3701104206
3703292494
3719885791
3753423343
3734540781
3663237357
3659038949
3659044085
3675826293
3644385541
3627706693
4164610823
4168810357
4183739749
3118302565
2882835924
2865014740
2865537620
3146031700
3116671508
3108483636
3171340836
3155624741
3158049063
3174892646
3169780846
3031303294
3031305294
4106098702
4127090702
3623872781
3596204093
3596204060
4133071885
4128878605
4263100495
4280008910
4095393946
4099588522
4107945642
3969436330
3969448622
3969428126
3972575182
3973620815
2887312397
3157845005
3156959277
3156877349
3156873508
3177841188
4156424781
3602842318
2663197438
2661816943
2661812783
2393393727
2385046287
2385027407
2401936335
2355794895
2364441550
2297332670
2297349542
2289883366
2287790310
2287790183
2287790373
2573068565
2321538820
2329899780
2329895428
2325574452
2392617760
2396860769
2404922849
2350435811
2350500259
2484767123
3560614274
3560614274
3615136131
3605761408
3605630352
4134114720
3057493408
3057444256
3078415649
3053249827
2783890722
2767047686
2758568966
2754374694
2758724646
2767111206
2762917207
3836625348
3832295876
4097582020
4097779444
4114491109
4116588199
4154396310
4154199686
4153949638
3617143943
3621399684
3554290820
3514506388
3514370484
3573111484
3573251772
3568957084
3569153671
1442706166
1429578278
1428533798
1998955058
1999414066
1965875234
1969808418
1969773618
1416235074
1412040898
1413097938
1417292658
1425686034
1354434050
1354286611
1354281504
1354281776
1891276032
1970967616
2000327872
1981527248
2115608816
1981649136
1713358049
1715392993
1715413731
1718887139
3874820838
3891725022
3891606238
4120651482
4120653818
4238092762
4238207434
4238277066
4104034762
4110192586
4117268187
4146631419
4146958969
4147040888
4147041004
3078509548
3086770668
3053200557
2986159277
2984130751
4048951454
4091414926
4091415950
4076668302
4076614046
1928602078
1928798718
1945580014
1375015407
1374963175
1903478231
1903476183
1903472087
4059086165
4059336021
4059336021
4034371445
4034307889
4030112305
4030198321
4030034465
4030019105
4029038369
4034271521
4034201633
4042528819
4040452163
4040648899
4040611267
3500066690
3516842691
3516547651
3522843155
3522757155
3504870945
3504877345
3496488225
3228056609
3228056609
1147804689
1148851201
1148863553
1163641280
1199166928
1199150288
1180284080
1314502064
1314633648
1314633456
3464214224
3464206033
3472463569
3741103715
3757879139
2667359587
2658772323
2658919795
2658922839
3732656982
2591773526
2608411518
2574787950
2558011758
3629660398
3646625966
3648723358
3757775246
1610094479
1324090255
1324155805
116855205
133636261
103817377
103817377
103834753
36808897
305305603
322082819
291674115
274896899
811767827
807520289
807456801
540016677
537919525
538390841
809902889
818364969
814596649
814516761
814254667
814266955
814267083
814332106
835435722
386576526
370839695
373207183
507441309
2134831269
2134828709
2109663909
2142993079
2140887687
2140692102
2140690054
4292371182
4283982830
4283966318
4250477422
3713671534
1549730166
1415327958
1414804626
1414804626
1413821618
1413817522
1422336434
1149399955
1166169025
1200800513
1123403521
1113886481
1114418981
1110224677
1110372103
1181667087
1181470685
1199165357
1165520813
1146974140
1146972052
1146640308
3302541280
3302806496
3311330272
3445023552
3486966080
3472277825
3468150627
3467986915
3467916003
3467912099
3488883619
3446940067
3692327079
3692347631
3692553242
3692554250
1546758410
1563470090
1463007498
3593910538
3593918730
3594502410
3596403467
3734946685
3734930156
3583939236
3568890528
2495383472
2499776432
2491325345
2484517795
2501361058
4246134930
4279689346
4267106434
4266746066
4291831143
2136223014
2136225838
2134640686
2138908734
2129601566
2125340939
2075005193
1538212360
3656172104
3632045576
3629947448
3637492264
3633228328
3683625529
4208756235
4200378894
3128394558
3121856814
3138576750
3109216614
3104044902
3103852150
3103793742
3103859214
3104186890
3108902730
3113814250
3099068651
3098040555
3098060987
3099240587
3099242121
3109589705
2870510105
3191448105
3191452201
2791945192
2724786668
2720531620
2720599168
2989362320
2989362336
4063104160
4091943072
4037417088
4037156032
4037176768
1353772609
1353748066
1368428130
3554007666
3612666466
3608443426
3608423203
3612683569
3579259952
3587584017
3570798593
3566600195
3300290563
3298713602
3298647074
3301710114
3293317926
3288861222
3288861410
3427406578
1288581763
1284448899
1284243861
1263296676
1242426548
1242466500
1310099652
1310104004
1312209604
1324460741
1183883991
1183883742
1456705790
1443090670
1442869350
1442844710
3506577459
1342338819
1351800323
1352060423
1352518151
1419618823
1419569687
1582102823
1577863207
1510804519
1510872066
1511923714
1530728499
2021020451
2025251425
2023130816
1754041984
2022483632
2022482608
4190937776
4199330480
4195148452
4194841255
4178186927
4229576174
4236052718
4240181354
4240312398
3703441486
3703498958
3722357966
3747317711
3730539471
3741025246
3673855934
3671780846
3663424998
3663408630
3661575670
3682537702
3690270950
3652260070
3650236647
3650105431
3654342003
3679512355
3674258994
3657547318
3661740566
3393435926
2328098822
2323838982
2324101141
2345072692
2412693796
2378943228
2378825404
2630483644
2627321492
2627321492
2631515812
2641924007
2671283362
3594290338
3592717410
3592867842
3592871938
3609649154
3580814609
3589209648
3719224832
3702413824
3723151872
3756640768
3757624929
2683891425
2684078035
2684016579
3715876227
3715683763
3698914471
3698975991
3707466998
3707466962
3707368694
3699172454
3699238246
3716152662
3749707590
3758092102
3741183830
4278056822
4278048631
2675757927
2675753781
2642395701
2640273941
2635821653
2635690997
2641961461
3724222933
3724214487
3703506135
3703522551
3703528533
3707591701
3707559220
3698650404
3715949940
3716130244
4286485444
4286482052
4269704853
4001275605
3867131639
3866672679
3862474535
3879251238
3878204718
3844710702
3844845870
3844837678
3844718894
3844654382
3844721966
3849047350
3882863894
3882737015
3882745207
3882735990
3882735990
3882735990
3882735990
3849189751
3849321463
3849321429
3849321301
3849190260
3849182068
3849190260
3849190260
3849190260
3857578868
2783837044
2783796084
2783796084
2808961908
2808970101
2808970101
2775415668
2808970100
2817358708
2817358709
2817350645
2783805429
2783838197
2766995413
2767060951
2758671831
2758605303
2758670839
2758801910
2783893846
2817456471
2809063751
2793335063
2793269559
2792151351
2792213823
2792348959
2792224127
2792224126
2792182142
2808959478
3882701302
3849146614
3849154814
3849285882
3849287930
3849287930
3840866426
3836672090
3836672330
3840862542
3833456463
3829195599
3829191549
3828208493
3849311212
3882865636
3866091504
3874479056
2800737232
2800614385
2800548849
2817293169
2817293169
2817358709
2817481687
2817490839
2750234551
2817277878
2817269686
2808946614
2817343382
2817342902
2813147575
2946842005
2913828053
2897044500
2897043460
2897076228
2901271565
2892885053
2888821039
2909718830
2943273774
2951628318
2952553038
2908496462
2887525198
2887590254
3154772463
3168404719
3164276989
3183089869
4290394317
4273613007
3740937679
3740812766
3738960382
3755741694
3713872382
3447661422
2373924654
2373926190
2348629294
2342468926
2392663310
2392614158
2409424142
2375853359
2359067948
2354873708
2350482676
2350493844
2623119540
2623053988
2639827364
2640020384
2534057639
2534055586
3072315042
3072220850
4246613890
4246613954
4261294018
4240314326
4240377814
4239742966
4239770930
4259807538
4260729090
4294226182
4285833223
4262764583
4262780965
4262884373
4278597076
4245037044
4107669156
3030257316
3030322868
2979811204
3065804740
3070031684
3061831508
4135565309
4135429869
3866929135
3883180014
3848048110
2774371566
2757074174
2752877629
2753024060
2889167108
3962839556
3962905124
3961923108
3970305571
3970174946
2913733810
3199995026
3197389954
2664805506
2651169922
2651104454
2651105222
3729237701
4287801076
4254269156
4239837932
4235480060
4231269276
4231806396
4248708525
4248707574
4252893462
4252696846
4260974862
4109921566
3573049646
3706218798
3706350366
3702151686
3585789446
3585721862
2547827558
2521612774
2655834214
2656022630
2664345653
2676929812
2676931844
2676866836
2673399332
2652423780
2669265644
2669339564
2673537965
3176911294
3025692094
3021860286
4095658398
4095658462
4099333070
4050968398
4084524302
4067746079
4063621175
4063752247
4064243767
4066332711
4066133287
4073543462
4069455638
4070504214
4087281431
4091532759
4116569559
4114472071
4114603159
1950282933
1954476183
1954500819
1951682807
1951674471
1947676798
1947608286
1947676110
1979657214
1975466734
1472138990
1438385886
1421620814
1420304909
1156084508
1147719996
1076744508
1128255612
1111422156
1110893708
37156236
36097420
304517004
305498812
309631661
309636585
318022889
838115579
829730939
813027355
808927259
808849451
812791406
811740910
820189862
821238423
818952839
818949767
809527175
1363206294
1354952790
1356001282
1349775378
275009570
275018022
275542326
284054334
1421757998
1436437039
1604241948
1604053260
1583147084
1578953932
1578950792
1578451336
1577452185
1577452203
1598427822
1602565806
1602498478
1602497926
1603019974
1306271942
1148809695
1157255677
1157317612
1157158893
1148776447
1144586223
1295579518
1329330446
259718414
519732238
515594525
515595580
520035644
527242540
522539820
522638140
523408380
1058051068
1061204973
1061200367
1027641830
470004198
469954918
475160878
477447486
1424821598
1424902622
1420716430
1438542214
1170041222
1172077958
1172107654
1163710878
3346973150
3329675614
3337019702
3265723686
3332692774
3332676390
2258935591
2280431413
2540537620
2674886420
2674361652
2641339940
2640948772
2574908964
2570812964
2570731060
2604277271
2604146278
3127405798
3135818983
3148598439
3148586113
3215500416
3219694464
2670244528
2671493792
2671395476
2671403701
4246626790
4108217382
4104013862
4103587894
4155820055
4139563013
3605837828
3727590412
3727605828
3728109764
3744883173
2625004261
2628912743
2629109351
2629047911
2633245303
2633786165
2684280869
2680090660
2511918132
2545478933
2549672213
3610826807
2520369254
2452277350
2452507862
2452489414
2469789894
2440433862
2432045958
2157392534
2157392567
2156147364
2156143276
2156143340
2161407720
2169769720
2205616856
2183535240
2187733640
3261541257
3261360554
3529536682
3525361834
3525427386
3542331546
3542261962
3508707593
3508773640
1348592152
3496078872
3496213016
3504568872
3504601640
3504855609
3030682123
3030681354
3034874746
3027534762
3040182970
2503447194
2675413722
2682607354
2665877418
3731761578
3727042734
3664128174
3689809054
3686662286
3753783502
1572614221
1576853516
1597546812
1596498220
2133632872
2133634841
2134752027
2134883083
2115934987
1981717257
3591297340
3528853804
3528721724
3529244940
3529376028
3287949548
3233427884
3233415580
3232366991
1084755342
1085020590
1080883630
1077713322
1092397498
20818314
20883914
272559050
272557834
2618138
2392890
354714410
388272942
1474666798
1470603566
1605738534
1605675013
1604102148
1603115204
1427032196
1426983044
1428032644
288227716
288228052
871785196
848687869
847553245
847556285
851746221
839158013
839158013
823036125
807324748
809428044
812572684
1952756532
1961206308
1706538532
1670745636
1653907221
1652858135
1648659510
1644665958
587687142
537272486
538321062
538312870
544604590
548733867
548738746
563358410
563358410
831793802
831793802
278211210
278214282
278135434
9716362
1083565034
1087824174
1089905967
1102495004
3283463220
3270880292
3261447476
3258813724
3258748892
3529293500
3554475692
3521042093
3521009583
3495883694
3508454382
3510485854
3546937102
3530075919
3530092317
1382607149
1382668397
1395346669
3509210541
3497659807
3497930638
3506317198
3502127030
2445234534
2448740647
2481254709
2477040900
2443489036
2427236156
2427423532
2426837292
2431027439
2439351783
2434829798
3005255158
3005386710
4079134278
4062373398
4062438934
1914928646
1919122702
1920158742
1920011302
1920204838
841224210
858005506
807804934
275128582
283509262
279315983
279383567
279411215
284551951
276081982
806661486
810859994
636980874
665225882
648460698
648527002
643871902
639672510
774955182
791830702
758259886
695345326
703792550
732105383
715463413
715471361
715467271
719793671
989146630
985425414
1002235414
1000121910
998815294
713604959
713595036
713603260
734771388
688576684
738875820
739908524
607787692
607784620
543690381
543696527
543715999
543814575
543793662
552378694
547652358
547591990
547657246
543464974
539278862
1613167118
1629895182
1663449662
1663449902
1655113838
1654917294
582222991
582287500
580321420
852955308
844439980
315630252
315621988
313541136
329314817
299950851
6349059
2154519
6483207
6482191
283302671
283298573
333892361
316967449
318019113
854897193
844407529
810844841
542409643
542475691
542619819
1616361642
1700182190
1711733902
1711726734
1712775374
1853255726
1877221414
1843666982
1839473702
1839670567
4192625957
4227265821
4202028303
4200464143
4200398367
4208782911
4204586542
4204655166
4204679983
4204725613
1515719789
1511786733
1528760500
1528699268
1495150468
407790212
412017284
411996804
416122497
407145825
1543809059
1562159203
1597811954
1581167746
2116466050
2145813378
2007401122
2008401570
2109007586
4260685602
2133614631
4264321063
4264370229
2116952093
2120880412
2120876840
4294641192
4237893224
4237916872
4237847240
4237851273
2094590603
2086203051
2088367786
2105197242
4135502746
4143415775
4143223023
3873480813
3865092141
3861167133
3860896863
3844119006
4112702414
4096141966
4029550214
4033351334
1894258343
1890066853
4037550244
4104659188
4121502919
4155141122
3605723394
3731785986
3731659810
3739528226
3735331894
3752129542
3719236623
3714583597
3643476260
3643412196
3647606436
3651872388
3686277772
3686277772
3489161868
3478713081
3464009449
3472399192
3467426168
1189906536
1182238840
1177988168
1175889096
1461105097
1343656907
1886814922
1886818042
1886817006
4034181806
4029984430
4027885446
1628873158
1629405510
1630486838
1630486822
1634082855
3789955109
3785823269
1671499125
1675631045
1667246533
1663056773
857742213
857872263
568472463
1705132943
1705234909
1705025917
1705026924
1705027884
1705031964
1700830028
1629739852
1612846788
1612849909
1613898727
1618093030
1639067942
1671626790
1939866630
849372166
849406982
316713222
326416694
290756898
272927794
269323266
269403138
269353986
270402610
272508258
351145539
363466435
380178113
380116688
384319184
384581584
384581089
376188261
375663981
937692539
904355162
904394106
904248698
635809786
635809786
635805626
669360058
669882298
938317722
929929118
1999609758
1999617982
1999616934
4147034598
4147047782
4126043431
4121322789
4104529781
4104529621
4104330901
3504343685
3495955349
1348471207
1932535975
1920085221
1919038685
845288652
845430092
841232204
858058476
824489711
825329518
825262910
829522234
870418234
849454910
849454399
1990435892
1471390740
1433564180
1412568116
1412570148
1344669732
1344686885
1357303303
1369886215
1403356742
1387574854
1391765366
1377084902
1376036071
4060579047
4060513479
4127641797
4145471701
4151763445
4126568821
4259795797
4256134711
3702351655
3702385957
3169647895
3162303767
3179129143
3179191095
2784922149
2915011189
2952633943
2942101191
2937873095
2903253751
2904437478
2904425190
2755396326
2762740710
2762740982
3047955670
3047962838
2512201934
2510170191
2244880461
2278434828
2274253068
2274280708
2207109404
2208100652
2208100652
2210189608
2213331304
2205008233
2171422059
2150439290
3224320346
3224254746
3224255242
1076771338
1346252314
272380426
287052554
320610570
319554922
306971883
852230319
848236989
848187789
314995081
331739529
289468841
272683497
12637481
12840249
12773643
4385035
4385035
12773643
1086769483
1086835147
3281968075
3265191883
3334362955
2260349723
2260410683
2193170735
2193104943
2193121325
2193121645
2176369135
2162741183
2162985919
3228342699
3224230315
1076746683
1076886683
1075769551
942541
942533
815575
803191
13452063
13456141
9336589
9334543
13527823
13556495
5146895
5016862
6073646
6071638
8295879
25067973
40796309
1110347925
1110356112
1110302865
3258914033
3258847473
3263041889
3267244641
3265077861
2207539815
2174005879
2442441445
2427754471
2424081319
2418522759
2436213493
2470361813
3057552069
3057561157
4131300865
3862467361
3866685730
3865636898
3865636898
3999952930
4016709698
4018024514
4248704066
4231404866
4231403794
3157736230
3170122534
2629057318
2629054263
2559914765
2291610445
2308182861
2310292461
2344403949
2339210731
2338962923
2339093866
2318056282
2318056267
2318051595
2317920601
2317916616
2317905288
2334794136
2557088168
2565477288
2292847528
2292843176
2292712172
2298220101
2285640455
3358996786
3358992754
3356846322
3356752258
1208134018
1212329347
1266857345
1317176704
1317240977
3468791969
3456151715
3323326627
3325436115
3258332610
1115037234
3534097954
3551349282
3517733410
3500994326
3514606878
2470224938
2451149866
2450097498
2454294474
2462698058
2475280922
2173324074
2245672235
2228890667
2231051385
2365273209
2365136377
2365067261
2361200287
2365533885
2289858221
2285159396
2285142996
3426071236
3423969988
3423969932
3692428956
1543895724
1409776301
1426471855
1444288654
1377249422
1381442702
1391923406
1386610910
1118244974
1118052398
61091878
60832822
27269414
27527973
27544101
31808052
19155732
19680085
20838749
20834589
1094711581
1098897693
1107155772
1102952764
1102952732
3283459356
3283588412
3283456316
3247812989
3247944037
3247943975
3231169826
1081448738
1094027554
1110956050
1110894594
37120002
37104642
37101571
104202243
108462467
39781299
64954018
10291874
79432342
79432326
79436422
78985862
213198486
213148262
213181230
213181231
229679399
228634917
95519013
368280885
2113056053
2109909460
2143402132
2118228381
2114099597
2114100805
1996658181
1996670487
1628755495
1614181927
1614171943
1642449967
3819226351
1655160983
1655099527
1659687309
1647100557
1697399465
1680740905
1680751145
1684941609
3857459497
4138477609
4138690569
4272839689
2125217803
2057846859
1516814843
3665490411
3644727791
3627953238
3627944006
3363768642
3372026210
3367845734
2292000358
2292002374
3364630166
3431739047
3447991975
3469110661
3469092229
3460760997
3456126373
3472903597
3472943517
3439585565
3440639247
1278336271
1290888455
1285636366
1286816574
1286755118
1217795886
1212514222
1208769455
1225653151
1259338639
168733069
168668557
169715085
173908477
1263907135
1299689790
1299362110
1299365182
1165162806
1206933814
1200626150
1334918565
1201018285
1435899308
1172180396
3309047725
3308523501
3342093839
3341871631
3339771422
3344035646
2257708862
2391926062
2408838447
2410830895
2410830895
2377145391
2380564527
2238549375
2372902399
2372911037
2406324157
2540541853
2523766685
2658122652
2653797052
2653797052
2653272765
3208051421
3174448719
3174444623
3158189614
3165914414
2494827566
2493783086
2511084590
2242649118
2276203598
2263872718
2263844095
2263725311
2255262975
2255330511
2255461582
2272180702
2267986287
2272188719
2272189725
2255485977
2255256600
2255240248
2255437176
2272140760
2238584829
2163087039
2163021759
2158777278
2162972606
2162972094
2154594238
2154626006
2154823510
2154725191
2154719047
2171560543
2171560797
2213442373
3288232396
3271373276
3258716648
1111229544
1111229736
1094585608
4078344
1993224
6212105
12360475
29134139
66880554
37523498
37728286
37658702
37662791
376340551
376344819
371892450
373006579
372880627
930854055
1971305639
1962785957
1962777748
1693293764
1694342228
1685885988
3829183532
3829195052
3829387628
3829319165
3833578999
3848099254
3881653670
3892139438
3892142078
1744699358
1744436510
1744436542
1744436538
1734999066
1718215690
1714021402
1730929722
1865106731
1831535995
761991035
770640733
804199261
787430165
653077268
921517684
921509552
918369968
851255953
313403009
296621697
279265921
279216769
279032467
279032467
279032695
350270502
878750766
874555438
891394110
2100418622
2100430878
2100693310
2035681839
2044601903
1778061839
1809523215
1805214239
999879231
999850367
966303999
961061055
940088509
940144893
1007253749
1008368101
1029364325
932891173
916049413
915965445
920564037
906997879
906793187
906858723
906924278
891204790
874425510
1683996070
1683880934
1692262374
1692164086
1708947438
1742480366
2010981231
2002584327
1910313735
4108138007
3567205922
3567139363
3567065650
3573025346
3564646082
3430557378
3451536002
3482993283
3466090161
3481861792
3481840608
3445139808
3424168224
3625626880
3625624832
3625624832
1528397873
1511759891
2048566274
2048573442
2117746882
2117796002
2116747682
2112434850
1822954157
1824076472
1824007832
1956129416
1951935176
1952017096
1900723144
1908967881
1939639755
853311882
1918730698
1918865866
1920897274
1914613995
1981719019
1985979755
1984757066
1984728330
1984791866
1984951610
1984886058
2002679098
2136892682
1600020762
1600090426
1600082286
1608466814
3755983326
3722433503
3722418143
4242511823
4258772941
4258641885
4116027325
4116035517
4111853565
4111988733
4095205103
4101865199
4101988079
4244574207
4260171647
4260107647
4252771647
4252771391
4252971071
4244320543
4244320543
2092642655
1555788151
1570362615
1608043733
1599663317
1582886101
1578810869
1583003125
1585088343
1467925831
1467925831
1466942535
1467798742
1430086902
1429108214
1433293814
1433354990
1424782062
1420650239
1420162655
1437916445
1442110749
1433726013
1463084156
1446502524
1467379964
1467896220
1434338204
1417560732
1417664212
1425931988
1424878292
1962797652
1962737204
1954330164
4151616308
4134908212
4134895668
4134633524
3060895780
3075732772
3050567468
3050569260
3166928445
4233590391
4233574134
4233368246
4233364390
4233363622
4241752230
2106589374
2110918862
2001867854
1460807694
353446207
336603693
282077741
814754329
294927881
330580491
318013770
310280670
307663854
1913037734
1912906658
1917095331
4090268896
4073700516
4065242260
4061031556
4061016004
4078574148
4059695716
4054396655
1890068206
1890067178
1911034090
1903689898
1344082106
1344020622
843974
820230
4555795
4561953
5745713
5680385
5679873
324446977
316049857
316054913
309830785
304382081
304382101
305500325
303407269
1897259501
1880483821
1884749805
1894967919
1890806367
1890597583
1890597582
1911827454
1945447854
854982822
854982839
846532791
846467319
863244583
829686065
813105664
275128837
275194389
284512829
284685853
282586636
282438156
277125932
277645612
281839997
809868621
822580301
822526031
822527103
822482023
860823653
843981157
843981396
853418500
316539404
311165548
311177896
311168936
311171512
311257531
328198586
26131850
13546890
4685962
1933322
2981898
1076793370
3056698
7269402
275445770
1365936459
1407879609
1392217016
3535380152
3539833528
3539767992
3530396312
3525833432
3525800552
4083421736
1910776363
1889535274
1894071338
1893993514
1885670426
1882135562
1882139658
808201482
812402698
821872682
278432891
1352516809
1356841416
1096798664
3240030664
3239497977
3251033321
2172976367
2206530670
2189808718
2189873614
2189865966
2190844846
2197067438
2213859239
2171390387
3240941969
3240581553
3510033553
1362552209
1393746385
1376838417
840098305
852673025
852681221
858874661
859070765
823409705
811338025
818678570
814615050
277748234
277755402
281817610
1088160602
1090257258
1085804778
3233496297
3250223321
3267000520
2189093320
2189162956
2192102877
2193412347
2193412203
2193387627
2210226283
2209161323
2213295471
2204966239
2272202735
2406419182
2414812926
2347581022
2347581006
2347580942
2347269918
2338881342
2338881327
2334678911
2301189583
2301230478
2285497742
2282483086
2282352014
3368676750
3448368543
3448487357
3347749276
3280636300
3281766812
3269314988
1113377196
1127730668
3275146540
3240542492
3240292621
3240141071
3223364878
1081183550
1083541822
1099270590
1116572094
1116703662
1116638127
1116666541
3259494061
3256108941
1110791565
1126594037
1076257797
270951430
270806022
275012918
283467574
279403047
279333429
280451605
299133460
324300084
324334900
320336156
286699804
269910324
269844788
307492
4489253
12880949
12962007
12961943
29776006
46557574
1116105606
1116098182
1116041878
43078295
38851263
35705583
52482861
270557997
270623516
274937656
274806072
275003192
