1678611176
1678561833
1679316522
1681406506
1730702122
1718114350
1860716590
1856718862
1794035726
2062475278
2063527950
2054598774
995545334
961791170
940657858
940640690
944839138
953236454
949042150
679484406
947923446
952118614
2026057543
952245831
952311383
952122999
952118903
952118903
952118887
952187495
952179287
952113751
415251063
415251047
465582965
448805205
448804933
180369477
172177493
172111957
180500807
163723591
138558279
138558023
146946631
147012215
146815590
146815590
146824039
163600743
163675511
146931063
146931031
146931031
146931063
146931063
147061077
147061077
138664277
138664261
138664261
138607045
189004101
188971332
172194068
172194068
180452660
180452660
172064036
167869732
436296996
436296996
453015844
989886756
993020276
627964279
627964279
627964279
627964279
627964279
627964279
627964279
627964279
627964279
627964279
627964279
627964279
627964279
627964279
627964279
627964279
627964279
627964279
627964279
627964279
627964279
627964279
627964279
627964279
627964279
627947895
1030602103
493729271
493728182
443396542
443396542
174961850
1248705722
1257093562
1252899258
1235859962
1219100282
3366647626
3367695114
3365528382
3365462895
2295899645
2287517116
2300090812
2333710780
2333777804
2317006732
2321200780
3680142988
2608565949
2574909039
2573790766
2573788974
2573788478
2574110750
3145519166
3145523247
3145523503
3151815485
3151951740
3151953772
3125463404
3121170813
3121154333
3139115295
3111792207
3103401679
4177142463
4171760303
4171761581
4177013932
4191959212
4217112732
2047175876
1510468676
1527162117
1527165719
1531875878
1532801574
1532535350
4200182582
4207580518
4203386087
3666578677
3671821533
3747273933
3745176780
2637876445
2638138845
2625556447
3170815999
3170651903
3170658302
4243875710
4243940735
4252333439
4252365311
4252365309
4252497373
3172464509
3172327293
3210059309
3210718780
3218978332
3151803916
3126387212
3126456860
3126514221
3126530605
3128427885
3136830703
3152547055
3119056111
3102343375
2566529230
2566529226
2566529226
2560230906
3634057194
3717750762
3721949162
3705201659
3696796107
3699015753
3699015688
3694890040
3694766376
3711544104
2118036264
2118036749
2117435661
2117386253
2117386367
2117529711
2136399975
2086068327
2086071763
4233546691
4233611971
4233611987
4243980001
4260684513
4294238929
4269109955
4269232771
4283773618
4283703970
4249888166
4241505446
4241770662
3969218742
3986680975
4024362447
4276069839
4277765453
3195581741
2927142189
2921916201
4281033481
4280951609
4285141801
4293460265
4272423227
4272430139
4276643883
4276676651
4268472377
4276788505
4135227721
2000322953
1950269833
1883160713
1882592429
1881617583
1948591534
1953834926
1961960126
1957900942
1956730454
1956761094
1956945414
4104433159
4104955409
4100829713
4146696757
4264133157
4265329255
4264519015
3995935970
4000126178
3870101735
3870691495
3887468685
3853660364
4107367624
4095003992
3828652856
3828656696
1685368344
1693955592
1693943309
1685358365
1815364903
1815356454
1815557238
1815483878
1815484390
1844843430
1857423254
1856444294
2125954503
2125782341
2125761829
2120000549
1042063413
909619469
1983287583
1981252911
1981269351
1917242727
1992740087
2009521335
4123452565
4107723909
4107724165
3571373701
3566634741
3568813669
3589600805
3580126757
3609486613
3613663285
3580108837
3589480487
3572629559
3570861526
3562477014
3562503574
3562462594
3564555650
3581316482
3581250946
3589576659
3623138273
3598033760
3593331536
3593425680
3610186016
3609923872
3580441888
3723048801
3706267473
3706529733
3723308997
3720298437
3720289153
3583334801
3587526113
3310733281
3341865683
3341873735
3343970819
3314659858
3566315042
3566316834
3572541474
3564406818
2502264866
2519632899
4130247939
4130251265
4130243073
4130243105
4134507365
3865634279
3866649831
3883414765
3883414765
3845862557
3827967453
3832165849
1626277689
1621952313
1890325049
1891377673
1891377677
280769037
282853919
282855222
281871670
5184550
5176374
6220806
1079946243
1107213505
1198490816
1181517200
1181586832
1181717936
3607016352
3600593825
3600331427
3600519906
2528817890
3061363298
3056116323
3039355511
3022709445
3022709445
3027924676
3027961796
3027832277
3044548069
3078101229
4142413999
4138286270
4138284190
4138676366
3623821710
1412772318
1412772182
1412773654
1412771638
1416899382
1425288054
1420951382
1437775298
1454539202
1454539074
1454473539
1588630304
3740313380
3727732516
4281380644
4281515836
4281784076
4281779981
4013867293
4026520879
2914645289
2914581801
3187175291
3162255323
3023908555
3023976379
3028161455
3034399151
3029713407
3029852247
3032462389
3032325143
3053235207
3040652290
3208635394
3191796738
3191751682
3191736178
3195930342
3216967334
3216836262
3216774806
3200000647
3197919637
2656854188
2669420796
2501715165
2485005645
2491316573
2491304285
2497595709
2493308223
2543637791
2526856013
2526921293
2533216797
2671374887
2620945958
2621011494
2621073190
2633692454
2650526998
3204166671
3204162573
3201999884
3201940524
3193486380
3193483064
3172593176
3155848792
3155836537
3021606507
3023570670
3036153070
3031958630
2495087703
2495298628
2512022532
2541415424
2537221888
2520417792
2518323712
2530910835
3063521634
3062404582
3062402534
3059256806
2803407862
2803416030
2769989598
2755587550
2755538910
2759724919
2763851303
2763785763
2767983155
2759598850
3028034882
3162254450
3170651362
3182315714
3198834882
3198843843
3198877377
2666133217
2667083489
3203950561
3195561445
3195560165
3210305781
3160039621
2631557445
2631554880
2633715536
2625113057
2625124833
2625124595
2625247426
2572821714
3688440018
3738902722
3737870530
3754652115
3720992161
3720928673
3705194912
3713595824
3742951825
3726339521
1581147587
1463693635
1467351809
1442185777
1425347108
1425281572
3572773420
3570695996
3587500828
3620059980
3738024648
3733764824
3733757593
3600058074
3604251578
3593961642
3593904302
3593920686
3725746326
3742507142
3713147270
3704763286
3700556774
3702802214
3702804262
3705957150
3706481423
3698289415
3698227989
3698007317
3698857429
3447194005
3453694389
3453628837
3453896161
3453962097
3487332113
3481069312
1312678400
1312813572
1312768516
1312686604
1582961176
1608192825
1574438185
1289227307
1289226347
3436726347
3371722955
3371755978
3371751882
3371732426
3367601610
3367731546
3384447354
2344264042
2327486954
2331685359
2323296765
2323292340
2319036852
2316890548
2333729716
2304435956
2287625972
2355000932
2354925348
2354863396
2220719380
2220846148
2229234900
2229236885
2241810839
2241806774
2212316582
3277604262
3239857574
3238877590
3272571334
3541564870
3528974805
3528844117
3530613596
3530597372
3507528684
3557861357
3561004015
4098067439
4098001887
4124220366
3872631246
3874663758
3866264590
3862069278
3861024815
3861033263
3877876015
2803999023
2770465071
2770588975
2887992623
2909226286
2892434750
2892307934
2900704254
2900704191
2897676989
2897693340
2845277836
2849367756
2851398476
2842730780
2842730540
2842731564
2825970748
3893488925
3893555007
3893558830
3910290990
3910356798
3913305886
3913313566
3921800478
1770126367
1803652127
1807784975
1782623239
1778445319
1778574359
1795347495
1795343463
1800586343
1769456999
1768278007
1769332471
1769045751
1769041655
1750165239
3897647863
3906024023
3906024055
3905958527
3905173119
1757687391
1757686367
1757686623
1774524767
1804470351
1804471375
713888847
713826399
713826399
713908297
697163980
1754046924
2022483916
2026682037
2017769111
1476769414
1476916870
1476859526
1480988310
3703702694
3699508390
3298165926
3249996934
3249407110
1101992071
1139609988
1106064788
1106065396
1097692020
1080914228
2973972
2973972
19886356
19820820
19813140
24074004
23941908
32330004
32362772
57528372
57536564
57536564
57536532
53461012
19873813
19877909
19886357
24064821
24072759
99439223
99471991
99480310
133034710
133019606
133019606
124630998
124629974
133034966
133034870
128807286
128938295
95367479
100475174
92103030
92234070
92229974
100483415
134070615
133026293
57668085
53466612
53458388
19772884
86881748
91197908
91197940
91074932
91074932
91074676
87011445
87027829
86454645
86455159
86455159
86454903
99037815
95236727
95236982
95236438
95179078
95277398
133034326
124638198
124376055
124375799
124777463
124778485
124516341
124384757
124351989
124350933
90829269
90812885
91207157
225424887
267369975
519027926
519027926
510500054
372093078
371568790
371560598
908497079
908521639
909533349
2004230309
1953572325
1961963495
1961963111
1957768822
4036050518
3499112014
3498325598
3498325631
2424583807
2424585855
2491907615
2508683805
2240150069
2525290021
2525290023
2659489079
3737423927
3730079847
3658776803
3658924275
3658925251
1511421123
1527917761
1477651825
2018586401
944844321
944842289
953233941
952115765
947921461
947921469
947970649
952169049
1505803227
1497414107
1497480155
2063842266
2067971018
2051185610
2051118538
2051047882
2046853338
4194468078
4194480366
4198670566
3141697763
3109408097
3100966241
3100966176
2824142640
2824208176
2826304292
2834692644
2834680356
2834614820
2834587173
2826198821
2821739831
2838566167
2870026515
2852332658
3930268914
4206965970
4202706130
4202702034
4190250194
3636606146
3628207298
3628207426
3637714242
1490233106
1490105874
3639949074
3438629634
3438630658
3455407939
3321190353
3354746593
3354713765
3354713765
3337410229
3337461381
3606027973
3741302741
3741171173
3732712549
3727991909
3725963477
2115481813
2115416308
2114367732
2114101476
1850189024
1833280736
1816522208
1812329972
1813509620
1813509557
1813902757
1818064807
3982456487
4026474166
4026343095
4026350263
4026350231
4261232215
4261166597
4260111893
4260110357
2112630837
2112688181
1566912529
1550200833
1483105281
1491487745
416763153
416620081
416626193
408237572
477431300
477430356
226301556
234698740
268178836
251469748
251486132
251657877
251518599
243113670
242063302
242201942
518501494
518434934
518500466
442609906
443658466
439591138
2048123107
2051268833
2034622949
2018828773
2018867047
2014672631
2021088983
2021620470
2027776758
2027776758
2027186902
2026172102
2026176071
2026239797
2043008821
2060760368
2060824624
2052436016
2047209520
2047135792
973459568
973230320
956436720
943850708
944964948
953235284
418592340
418592261
418592261
414520837
414539285
414572085
431339031
464827975
452236871
443844167
439125974
439195606
457094646
1530848758
2050909350
2048746658
2052875426
2060726434
2058817714
2056654978
1523978434
1540755650
1507272178
1490365794
1490380642
1553299058
1553298003
1553330897
1570108113
1607840720
3737499088
4265983472
4127570416
4144339952
4148673140
4081561188
1666575924
1628796476
1628771868
1629230652
1629229612
1629229357
1625047085
1619804223
1619837007
1624101967
1615846607
537841631
537878263
554639351
592330621
583415165
583410045
579215711
583344463
583296351
600112507
600103291
566548857
558668633
558735113
1632608009
1666160393
1645131289
1645196841
1645065833
1649188713
1649253741
1649384509
1666169919
1640479807
1623651375
1623651375
1690762286
1682369574
1816591398
1816647783
1750456439
1750456695
1767233911
1767233909
1767373141
1767373141
1767373141
1767210357
1767210357
1767331317
1769412087
1777668595
1777669106
1811224498
1811224242
1811232434
2075475634
2046115506
2043887234
408043202
408037058
408037315
408102851
148187091
148190929
143988433
143988467
211107571
215299795
232068819
232067651
1307857473
1207202497
133456848
99973104
32905200
1087770224
1087835697
1089814323
1106526002
1098126626
1131705634
1110794550
1115156818
1121960386
1116570066
1116504486
1116517287
1120712100
1112315300
3259872692
3259869116
3255674812
3255613356
3255601068
1129174956
1104111084
1372466669
1369385199
1407133934
1400842414
1377769646
1377748382
1914602382
1931391630
823501454
806658806
806659622
807177766
809011746
808053282
1344940546
1344941314
1365912610
1437211682
1470630946
1454971970
1186604226
1185555586
1185310592
1185335216
1302366112
1295024544
1326502368
1192337456
118661136
101900288
38952964
41040900
36833540
36047812
36588220
40880828
49057432
317490056
292328152
812560921
812556825
812556841
808234539
808233515
809298478
540822254
555552446
591271830
1664487590
1739915430
1991446694
1991389319
1452417217
1452420161
1188046897
1179658337
118499557
97663991
76943039
76482223
76300974
76321454
1419551407
1415358381
1430030765
1429047764
1429056452
1932372484
1932441092
1898877440
1882104321
1882124819
1886343714
1886178594
4042049570
4042098722
4042168322
4092508162
4075718914
4143548226
1450758867
1981297379
2115515363
2115773922
2120101026
2127963363
2123829411
2123694227
2140475523
1070887303
1062265742
1024516778
1057028010
1057013226
1044420714
1054316586
1056348170
937867275
393120777
1433043977
1416267544
1424654968
1558872808
1558942440
1441309436
3589116668
3622802156
4143834093
4135444847
4135581054
4131341438
3593886846
3610672254
3614932094
3623179358
3590149198
3573313614
3573379422
3573502334
3569276781
3569284965
3573544532
3699244548
3715485188
3711286836
3581259312
4151684656
4151686960
4132804400
4128740624
3860312368
3860312368
3860320545
1714868481
1714827523
1714290950
1731003182
1680352046
1685597802
1694046842
1958284282
1958218154
884481163
347618441
347630729
129625291
111131770
111057962
108958766
104759358
104693766
373010438
393908246
498766115
1554678112
1558941168
1546238080
1563027584
3745212848
3728355233
3594139297
3606643362
3618387618
2511152866
2495555266
2243770050
2243691206
2274628326
2278831078
2270449901
3312808188
3304513676
3296126092
3296124296
3291990920
3291974616
3291855864
3560221672
3610553853
3598562783
3606041423
3606037327
1458455391
1475293999
1149051183
1149051175
1149182245
1417613349
1415386173
1417492764
1082071436
58661256
41941896
40287112
308776840
1382319032
1919202216
1919198120
1659150888
3823411752
3781534255
3777340966
3810893350
3810969186
3810939634
3810919058
3777429922
3781427362
3789829350
1638169638
1638230038
1671883782
1671932935
1671734277
1634116613
1697031189
1680251956
3828791572
3828780548
1693894196
1705984628
1659699788
1651249868
3861131993
3862177771
3875289514
3871086762
3887929514
3887888522
3787222410
4125939082
1953334154
1953403547
1962849001
4110328429
4127056492
4152158068
4148030836
4128631924
4128603348
4065739972
4090889348
4057334196
4053148581
4038402727
4105446054
4105446374
4109657062
3493098854
3493137750
3493137670
3493080326
1366703366
1375082262
1370896150
1370846981
1404335900
1387656508
1391963452
1381481564
1392870596
1359250500
1342472308
1342488804
1879568612
4094095268
4099336868
3619089040
3064908416
2527645312
2527642304
2527654624
2527654436
2527617573
2527617573
2548572711
2649232175
2640839471
2619867439
2624454682
2632860698
2628709386
2628642842
2650581018
2642189530
2673642698
2652744842
2651761818
3188636858
3188636830
3189700495
2652829325
3068052109
3065987829
3065795285
2533106039
2524733479
2541576230
2499752230
2495488790
3573431814
3573485062
3563653654
3559459671
1428897095
1395338309
1395211461
1399524533
1399527589
1400596885
1912499845
1912587909
1409139357
1409086141
1931272877
1898750637
1898746479
1881965863
1894034470
1889900594
1890032690
1890497538
1894690818
1903075331
1932443649
1915634737
1915641056
1915357601
1915358113
1919556242
2011827842
1974273734
1437091334
1437128246
1474883366
1474882870
1466494226
1475017987
1437267216
1370146096
1353205104
1350051056
272114848
272182672
809119360
825886336
863962801
868029089
865891041
865924833
1905061857
1892474833
1883819973
1359732679
1364088791
1406014375
1402348455
1402414486
1368721798
1368660438
1356085478
1364207846
1427188951
1460810182
1198920006
1182139142
1115095846
1131750182
1106535206
1102901542
1102901543
1134543109
1134200076
1134280476
1121495852
1176037948
3325680156
3308969740
3229255501
3233448287
3233317231
3235677159
3227288550
3222053862
3221874535
1091237683
1128934659
1129983234
1115307010
1182341154
1178352738
1178416371
1182667975
1207845317
1168036804
1167889140
1166317284
1422170092
1430298092
1426177132
1426236652
1426236636
1430299868
1430301885
1430318253
1430485167
1430666407
1431704998
1365115554
293470946
15676002
15016498
14950914
15147522
14824706
6546435
6419505
18988080
19306752
23497472
58624512
50235984
1119854320
1118682608
1122807984
3262939296
3256651936
3524043168
2453971873
2479134375
2475089638
2543221346
2510125666
2510039586
2226989826
2164141314
3229425922
3224895538
3224961122
3493531746
3493523682
1367011779
1366994753
1373346368
324569664
302557920
1980279521
1984469475
1980273907
1980289203
1981567157
1981681844
2000556180
4235072388
3706585780
3702339244
3568053996
3569102440
3569102648
3616812056
3331599385
3266673690
3266649210
3286699242
1092945130
1077216506
1077281114
1075725070
1075733262
1087955462
1082712598
1099666966
1137352514
1120571330
3259665874
3267931378
3267931362
3267998898
3268129954
3263931555
3264984225
3285947553
2480506080
2455340512
2457575264
3526991456
3525885488
3525881396
3526995573
4080795509
4114349557
3028016341
2489015509
2489015797
2488877045
2497261172
2499493460
2516262484
2516139636
2549708644
2545538421
2545668181
2545651781
2511970375
2516166007
2490938742
2486803838
2486815102
2486917630
2503875070
2503875038
2541624798
2549037022
2544841694
2512204630
2495443254
2495377714
2495402290
2499588914
2491196179
2621223475
2637018627
2670634499
2674832901
2674820693
2617036519
2614947559
2572972015
2568758783
2635867615
2635866447
3709800794
3747217770
3755619690
3751490923
3717737819
3583520075
3315080523
3319287130
3310997338
2237374282
2203817946
3276505599
3259609519
3267928492
3263755180
3532145324
3533177508
3528987556
1379472548
1396315300
1396577441
1360405687
1360473286
1358982470
1363201798
298880519
299087367
282308111
1355935293
1355848237
1351715693
1351850365
1888659813
1892788261
1884335159
1880200215
1879146503
1627619607
1661124887
571663127
571630135
571896357
587466277
541854245
550243061
818678423
818694535
818698375
281828487
328627331
43397251
43397250
43388994
1138167842
1087643938
1087643938
1087841074
3237361170
3233155586
3249408514
2192509442
2259421698
2259438338
2259470198
2259481446
2259448687
2397852523
2397852010
2397860330
2397664682
2389276090
2389278122
2338946475
2338945449
2305649052
2300864908
3374448012
3374437772
3374567820
3409158623
3409158526
3409027374
3406933310
3411131710
3385964830
3365124374
3367155968
3702963456
3707150272
2624949952
2621214352
3174993552
3073806016
3057036992
3056774720
3056795168
2989612576
2750438944
2746506848
2746540001
2746011635
2729217458
2730263974
2734458278
2791110070
2803754450
2772251922
2755534130
3022404914
4096142642
4100336690
1961833522
1420759058
1420693506
1151995907
1151995904
78249984
79364096
83428608
70848336
71110608
71043536
75254224
99376624
225213936
203711985
203710961
203768273
208126419
233296243
233288051
233288177
224896497
124235184
107457968
107462576
107320976
115704468
111510164
111530740
1185370684
1118245676
1123296556
1131687209
1079257131
1079248922
1088161802
10243082
26853658
1121632634
1109049818
1108005338
1108005338
1107874217
1095300008
1086914472
1082784472
1082915544
1087085464
1087281547
1078898058
1356836298
1358793930
1929284810
1651412042
1647219722
1648275482
1648341051
1646043177
1646043177
1645060137
1661829161
1661305129
1661387113
1627804520
1661342505
1665546025
1665609513
1740980025
1876171609
764681161
682965897
681908873
681839243
681843339
681582474
681578890
966791578
463679642
447885454
177348742
177349074
176169442
176188770
176191842
197196066
188807458
155318578
163772674
142801154
142792962
142792962
142858515
142727473
146913649
138648017
235051968
239246272
239243072
113479440
113280288
109094176
1199612193
1438688353
1430303971
1426111650
1962974370
1929676978
1661831555
1661897091
3809393601
3847138049
3856574992
3848257072
3846022704
3845972772
4013712164
3980144932
3963422052
3963358629
3966503331
1826884002
1822493106
1822498194
1839411586
1856123267
2125603265
2123588032
1586553152
1456514848
1463873312
3573807908
3577829669
3577829670
3586160942
3586162030
3552626174
3552952734
3544695694
3511145350
3519861398
3519858343
3519975333
3519982001
4116621441
4112492673
4147494033
3879124179
3878065351
3877802822
3877872146
4146192946
1948283442
1948268066
1948266018
4095748898
3563075874
3567392802
3567388722
1168509954
1185809474
1185809602
1185612930
1118375058
1118404019
1122594227
1139375507
1097424787
1080654770
1080683442
1080814482
1105983890
1139530130
1118412210
1118346658
3270028707
3270026721
3261638113
3278414112
3223892256
3223892256
3228219152
3228215056
3496732464
3509413668
1395472164
1378748220
1378752316
1400710716
1375479608
1356609336
1356072233
1078292777
1079500923
1079898315
1079869579
1087865995
1085703563
1102480779
1102487433
1102487451
3253010346
3240421882
3240380922
3274006010
3525801466
3529924986
3538318202
3534213758
3535065727
3537146479
3536101997
3536102253
3552940341
2983100476
2983100476
2984150068
2715661604
2740759844
2803670372
2786954725
3860776437
3877533173
3877512631
3843958199
3848148454
3858630118
3854369254
3887333846
3887346126
4255458767
4256590799
2096561095
2094386039
2085681959
2081479975
2081477943
2083581975
1999663126
1983000642
1444032706
3595713682
3594591395
3602922915
3615702691
3582334609
3247834753
3232630467
2158515906
2158555858
2162733794
2154338146
2167117154
2167119218
2468986179
3525946689
3525946368
3526005760
4129985556
4147098932
4146969892
4113547044
2771238692
2771169061
2771232311
2755572262
2755576358
2759836214
2759840374
2759841399
2758794999
2699550693
2716192213
2707801541
2704659909
2737960327
2737958310
2742054318
2750438830
2750500270
2733707678
2733715870
2732597694
2732667375
2749576061
2749707064
2707698488
2707700024
2976655641
2985109529
3014600763
4138604554
3601730634
3736805450
3736613322
1337471451
1304179113
1285301672
1281114024
1276976045
1277042589
85944205
85746061
119329167
122991039
122986671
85303551
70754335
69710879
69450046
73570606
1172474686
1201834510
1185070862
1185068302
1181123598
1181007982
3324895470
3330171118
3346944430
3353245606
3319756470
3302979222
3304978053
3573415556
3572498324
3563902884
3563910052
3576488868
3609588708
3609703284
1462219540
1428545853
1428481343
3559189823
3559258429
3563518269
3588676381
3622226701
3605516045
3739534605
3739533365
3735351334
3753762854
3724468274
3615420514
3346941410
3342747282
3342730882
3345876611
3312393873
1156398833
1156328928
1156852768
1156850704
1148657664
1146425360
85291281
87482625
259449091
259424579
90672579
90671507
73898417
73906609
91597233
91531669
389330309
376471957
375620535
385004455
385065967
929080110
1965073198
1948313390
1948314927
1948515119
1952635695
1961024287
1961285903
1432702215
1461993735
1445281846
1449619814
1457938914
1453728162
1453724546
1390811010
310251394
49745811
49616288
45360288
313794788
330588268
301260812
276071692
276147481
276085551
284461358
282365246
273974294
1342997527
1410118775
1963762914
1997464546
1981735587
1985893011
1459503747
1458525059
1474761091
3580178931
3564450083
3564380450
3571722018
3567527458
3567527458
3567543830
3571904006
3622210310
3605891285
3538716836
4075329700
3060304020
3056174476
3056304781
3056259726
3073274558
3039699694
3039568494
3026985766
2783715374
2779541550
2762797119
2762989580
3970868236
4243564556
4231825420
4232026220
4231981100
2084497420
2101242884
1966998596
2000552437
2004746721
2013213345
2013225633
1992192657
1991660161
1990607489
1457865603
1449480595
3596624355
3614450531
3589546535
3572769319
3567595071
3567594015
1424309023
1155864863
1147996167
1148000263
1164905479
1207910401
1207943219
1207939427
1182770162
1182708690
1177457346
1176929986
1176997842
1181190642
1189476578
1207265379
1173628961
1291069473
1280320800
1280323872
1276392240
1276191536
1280451088
1307710016
1307722432
1303627457
1303497603
1307679634
1240578482
1274063286
1274079638
3471900118
3472115710
3472184254
3467998126
3467993518
3467927982
3482608047
3453247663
3444856237
3440662013
3423827253
1276325680
1280388912
1289039648
1289043248
1289166128
1282741552
1211450672
1211552000
1212084483
1227786050
1265600450
1257213586
1253023410
1253031602
3401428658
3401166754
3401099681
2398661024
2390288800
2390556128
2386361696
2390746400
2399135024
2394924337
2411577139
2679479074
2644818466
3169094178
3026488866
3026682387
2889847297
2889855504
2889716336
2754463328
2754547680
2754546656
2771196897
2771196386
4159519058
4138285122
4138415170
4138364994
4138397762
4155154499
4156204097
4122713408
3847850832
3759708768
2704906848
2705038944
2772145760
2804725344
2771187296
2771181025
2758598115
2758573299
3832314995
3832509553
3832426865
3832426961
3832426945
3832494033
3840745459
3840743859
3836688819
3970907027
1823357825
1873756033
1861172609
1852126593
1851995281
778253489
1054946529
1050752033
1050682403
1050684419
1050766338
1055058946
1046657026
1043499027
1043499031
1060342837
1029016629
1029151029
1012374325
873974356
873941716
823610100
827788020
1901550308
1624598944
1624599968
1620393856
1624709760
1624709760
1619466896
1619860129
1623989922
1623987874
1623724962
1892167842
1892167842
1355363538
1355299842
1104685058
47720706
43596034
43653378
43653138
43654162
47853570
41558018
58335234
57282562
99306755
82430289
82418160
74029552
69974512
69974512
69974928
90946448
32357265
28154835
61718514
61715954
49132002
57520226
53323234
53455346
19917250
19913539
19467011
53021458
53025586
41493794
45703522
62616050
129757587
95007123
99201459
74036659
70227346
70229394
1143987602
1143299506
1281716194
1290039266
1286893411
1286963059
1287118659
1287118081
1291171073
1299559697
1333113137
1316336433
1316791093
1331471909
1327294245
1293745445
1293732965
1297960165
1293372629
1295408257
1328964739
1332896131
250758019
246596243
1320272563
1324413857
1330702241
1330703777
1326508533
1292990932
1163074452
1165171604
1307713476
1307707332
1336083444
1302335844
1302339876
1302388772
1302372391
1285595174
1286648102
3706950694
3698433062
3694173222
3694238742
3708992518
3675436806
1527932430
1527914062
1494617726
1501497966
1492917102
1488727406
1488729198
1488244814
1505013774
2073075982
982623493
982688820
986882068
974290944
2048098304
2047930404
2047946789
2048007206
2064785390
2029389550
2025652990
2025390814
2025403082
2023285449
2023272136
2023271400
2069407976
2048432360
2115868824
2115417224
1846976648
1846706312
1848804345
1865609967
1829954159
1836150319
1844472359
1873045815
1873098759
4020634629
4276486213
4218814533
4218880245
3646232549
3637849711
3633393199
3635494526
3635492558
3366991582
2293244590
3364905642
3436218283
3422586783
3422664605
3422791557
1275306629
1276289669
1276289989
1142071621
1142022421
1144189189
1344435469
1092750605
56757005
48314943
44375803
44375706
44304266
48498074
52740267
53248235
321695995
304914521
846177544
854040328
845528441
845458665
1920312553
1915916536
1915912396
1915928796
1966232044
1948394092
1960977964
1688406575
1956915774
1957440046
1957440366
2003581438
1445872078
1450066382
1450176974
1449980415
1449976165
1466868007
1433310519
1416529158
1416531718
1416613638
1416617734
1433263894
1466750758
1466822951
1585406255
1585402191
1602109903
3757983135
3724500383
1549753759
1549614495
1549628863
1417507263
1425896447
1421693757
1958503213
1978458413
3589072173
3615484973
3611280431
3745272847
1578963211
1599472395
1607877147
3718137401
3701431849
3701271081
3701271337
3704925033
2639568857
2656338889
2655359947
2663817674
3737575642
3738067182
3604754606
3613131950
3579448766
3581557646
3564841870
3564645018
3564715674
3292136090
3313107786
3237490974
3232243998
3232260415
3232260412
3232255292
3236550956
3224062268
3223997772
3223994828
3237638605
1086013903
1086013791
1090438527
1077921581
1077739117
1094510184
1111287384
1111466568
1110868936
1177978185
1178043769
1179950187
114605162
534029418
525640794
522186826
1511964746
1513801034
1518009722
1543169322
1543037226
1526260010
2079907963
2079896025
2042278888
2040181480
4191721128
4190682776
4178356872
4279220873
4279156379
4245593850
4249339818
4257531322
3185374650
3042932158
3042866622
3042865599
3044987277
3052851596
3052852700
4126459356
4126463476
4125417332
4150652732
4150781756
4129805589
4129637653
4129584183
4129563687
1982210087
1987448887
1467351062
3590258950
3590062854
3573494550
3573430046
3569245982
3569049422
3585695710
3585671135
3619221503
3619477421
3523004324
3497313204
3493123060
3493286388
3491164660
3491161044
1364648772
1389810437
1389871879
1389658406
1381274918
1913955366
1914484014
1981652238
1998490894
1947896142
4229597646
4231712175
4234892719
4234703279
4243088303
4243153581
4290470637
4271469293
4271383109
4271383365
3730579511
3726389287
3676116014
3644459078
1211762758
1290405894
1286277430
1286278418
1286078722
1302917890
1286120193
1282061120
1282052816
1283101424
1278975728
1161542608
1429978064
1446874608
3598552549
3606873319
3606901878
4133352558
4129059950
4128777710
4145755614
4112122766
4122608319
4122546857
1975001768
1972921256
1977115080
1963484488
1963906376
1964432840
873921753
805661929
805577963
805568715
269222091
353255771
366920249
345949756
345892380
347909644
1425846029
1417588559
1434369487
1467910046
1451067054
3598557870
3597521566
3597517534
4134400766
4142719535
4143768367
4143768623
4143768637
4133485629
4133418045
4133483605
4129157333
4145991877
4112437701
4095133639
4101490407
4109754087
4105567983
4122273391
4155793983
4142166799
4133753103
4151054623
4151062573
4117566569
4100397545
4234549723
4235598799
2096511695
2110873551
2144355279
2127585759
2118148207
2118148207
2136138239
2136138205
2102580701
2085801420
2085718876
2097191724
1832954412
1874897448
1858113033
1859166729
1866507023
1828892958
3960918126
3960864934
3961389222
3963552934
2087392678
2112816566
1840120710
1839601351
1034364429
1017441804
883206956
632596524
653568044
1714728012
1712693452
1645707404
1645641884
1647755436
1647731373
3849724589
3837204142
3837607550
3836557886
4104923710
4104923710
3035114782
3051892742
3086618694
4156162247
3602452660
3539477924
3530043300
3525848724
1395271308
1366172300
1349399436
1895285069
1895073081
1626647849
1625598249
1642375961
1667541768
1646564617
1646559499
1648197694
1648345198
1665007854
3879604390
3850240422
3836609446
1957630678
1957573191
1957638671
1421615885
1425810189
1146959164
73340728
14094136
5574520
6036360
24918920
41683337
40750489
40891835
310227387
310157754
309637562
310149434
309104938
325886250
275554602
275621162
276733194
1348373258
1356761610
1373551226
3554520794
3529488074
3537535627
3537535625
3621422009
2547700140
2549735852
3078152429
3044861181
3074412669
4152283199
4152284191
4160681231
4127124751
4152360213
4113956149
4248624421
4248665893
4250826325
3185464901
4242429511
3168097015
3184817895
3176457191
3176976807
3209445783
3192680854
3201097942
3201294550
3200967910
3193631846
3195718686
3068848399
3068836173
3069950796
3069755356
3076036568
3038573016
3021861337
4095627769
4095607791
4099802094
4040962542
4042535422
1895116927
1895116927
1895247931
1962284299
1979079945
2012732168
1995741720
1458875176
1986308376
1982112776
1982103560
1982693577
1982759065
1999274155
1978306671
1974128943
1978266919
1684562214
1680367878
1680548686
1680478174
1684949934
1689111470
1705859494
1739447430
1739444358
1744629894
1744629998
1736302702
3883787630
3883890047
3799997949
3799457717
1666662325
1700085405
1700085404
1683308221
1960132269
1976901311
1926436607
1924216638
312476990
312484878
44051471
48245773
48311325
39988252
40008972
40029964
57050636
32343644
32346844
284013276
284013532
1895674840
1895675865
1616756217
1615707515
1611513194
1611513322
3825577451
3825594283
3825692587
3825544873
3825475241
1733560232
1727005112
1722814873
1722888347
1723019403
1722957003
917645578
917645582
380709646
384838414
383790350
375463950
107364367
124141575
99500055
74399795
74275955
86988881
120543569
107903313
116276081
116341619
116162291
116162291
65822627
65888183
32341943
32374453
32374421
23953077
23951093
23950941
23950879
32335679
32075583
27879739
27883802
32065818
32098586
99211610
125548506
125416378
91853759
72987551
1417650591
1417524639
1416468919
1961724853
4109343668
4102011892
4102008564
3023872740
3023888996
3040469605
2805551653
2809741863
2808682286
2817072430
2817005614
3085441086
3085506590
3077462030
4134411278
4135459855
4135531533
4143936796
4139742508
4139733028
4139630644
4139372564
4277710868
4269649973
3980366637
3963588207
3963063038
3895954174
3893738202
3892689626
3892619978
3893161978
3893158890
1745871722
1800295275
1766785391
1757941887
1749558391
1749560435
1749630195
1758344403
1758344659
680399571
948830913
948306625
429274817
529866305
261360449
265619729
232200467
232208659
217414914
217338178
207995218
224903634
224891378
1340576162
1323807138
1323807154
1319474610
3466968467
3399859697
3668424177
3673667441
3681920545
2570380835
2551703075
2552200738
3629995554
3629909618
3625517907
3629711811
3631821265
1484267760
1484333296
1484747984
1551889601
1568134337
2102756547
2144701907
2144443859
2119282131
2052189591
2052192151
2050170805
2050166773
976429045
976297316
424752416
416293920
412098592
412164144
142680064
142614528
142614785
147010817
138564865
138561281
138560339
155271538
155447666
155439442
197379410
180439410
172058994
180447570
176249170
176249202
176257362
176252226
176447826
1317290339
1318338915
1316767074
1178357090
1177409906
1177540978
1181604214
1185741174
1185741158
1202518373
1202583908
1206909300
1194326356
1194195284
1194195284
1194326356
1160771925
1093663062
1093532022
1097709942
1097709942
1139653110
3551377910
3551377846
4088249271
4088249012
2712648340
2716842644
2687351484
2687351484
2687482540
2687498924
2687466220
2704226862
2704091694
2741840158
2750229518
2729190430
2746028094
4121755702
4104978454
3702461440
3702471680
1223100416
1214449664
1211308080
1211250688
135412736
135408640
134360320
134360320
155260209
188756259
172040226
172171282
172167170
172164178
180427122
1249913186
1249913186
1249929570
1249929570
3397477702
3397538118
3397828950
3397697894
3470033382
3470557671
3338440165
3338639861
3337591797
3329080164
3329022564
3345570404
3345570420
3307944796
3307944284
3307813245
3307812973
3345553501
3349747797
3316472148
3316472180
3249404261
3245341029
3241146727
3241015638
2167273798
2205006278
2209200598
2209200599
2175646199
2175777271
2175778295
2179971047
2179971055
2179970991
3288317357
3531585708
3527391404
1915599004
1647294668
1647294668
574535756
589214732
537830412
537834556
537842732
537779244
537909549
537878317
543101485
543101567
551498335
551367293
550253309
550253309
550245085
546054093
546126557
814627551
814628559
277757646
9385678
10237646
29177806
32472414
24116574
7321430
7190358
7181110
7123767
23892791
40867605
40809776
36617520
305053488
305108784
842896176
840741729
575452001
583840359
583832167
592232039
554482275
554564339
554531570
588217059
588135395
575551843
583940451
583874899
579614803
596408403
596441171
562870339
562870339
567130179
558873427
554613363
554613347
554679026
554564338
554457842
554515170
1628256738
1640839394
1671395558
597620950
579844294
579713223
579647557
579647572
583907348
575649812
571455540
589281332
605992964
741783556
741799988
673630309
677705831
677706087
677443943
727841127
712112503
712112503
728889719
695466327
695462215
695462215
695335287
728877415
728877415
712104311
712243543
712243543
712243543
712112503
712104823
712104823
712244055
737409367
770959831
611580311
611568023
543410583
544332735
544275119
1618012847
1614113470
1614224062
1617369790
1617238766
1625569838
1642342958
3823381262
1654925342
1672296510
1672419390
1638799391
1621964815
1890334735
1353451791
1345063687
1076632375
23862070
28051830
61675895
61675893
28260724
32455028
19872116
19742068
19755333
23908813
23957983
91066874
75346362
83734970
79540634
347977115
482327033
1031518425
1041938505
2115676169
2048567305
2048568329
2048565321
2048585931
2050494618
2050625706
2066354602
2045380266
2024412842
1487417066
1488465418
1488465418
1285045834
1285039802
1285039787
1152918185
1157120920
82362776
6848936
2916780
2986340
2986288
3061040
3058976
2534448
2537472
2526208
3034112
3081232
2687329
2822881
78320353
128922337
111966161
111998273
111975489
103390289
103791697
103726401
120503617
355448145
288339248
288199728
321885232
841874464
842001440
846167328
846143345
602869315
569187922
552425058
553416290
553449058
1625093734
568112855
559718343
593280757
589086389
589086629
572373413
574617765
578812071
576583911
576716022
575601910
575599862
575595734
575663326
592313758
542038966
542005926
1624136342
1623686790
1636269718
1669691062
3800331958
4072941462
4072681430
4072893910
4089604566
3050466247
3033627349
3035684596
3033593572
3033785044
3033707076
3025240580
3027534356
3044331813
3039093799
3039161454
2804377710
2939570430
3195406814
3193310158
3218353102
3218091598
3218155294
3220377886
4159897886
4126154815
4121961511
4119868455
4119933973
4123147525
1891777812
1896029476
1879379236
1879312660
1627654404
553913092
558107188
566561316
566496821
566495805
566508319
558119191
558176535
566746391
567268695
835499479
827102663
810325394
541957298
542087331
542095539
541571219
537377169
1611053953
1627830913
1627827841
1661382273
1661380529
3792020897
3793016227
3793014179
3813985763
3780509667
3780603875
3765534435
3764395939
3764404131
3839896482
3839963058
3840098194
3841081218
1693592962
1826713042
1822456866
1822447667
1822488595
1877075969
1852041473
1780640000
1780645632
1780703024
1784758049
1808867105
1770000161
1757416209
683686723
675294035
675363699
683743587
696473715
696506451
729996355
730039363
729912515
734045379
989898131
1057024433
1057126561
906107057
906102945
843188385
578951585
579997569
850527873
849494659
849466003
853599971
593554979
539028003
606136867
606108451
610498851
610409763
753024275
753020163
753085698
685775154
955259234
953161826
953178418
952139059
953412883
953347331
953352003
953342787
995318337
974346817
973294161
973299505
978408737
988935201
988937265
984669233
986757153
985704737
977320737
973127217
973256257
2046997123
2051191427
2067960451
2034419347
2013383347
1744919475
1744918963
1749121187
1757444323
1758489635
1760584739
1760649219
1760813315
1760618291
1752203043
672168497
671177235
671308595
675502371
683890723
679631875
679664899
683922691
675329907
1749071843
1744942579
1765971393
1782748289
1782744241
2051120289
2051144881
2047076481
2051209361
2051168417
2143508643
2109880483
2093103507
2093104531
2084771251
2084770707
2085753475
1548878467
1551045251
1566652082
1600138978
1591749090
1591752930
1587554546
1587555442
1587768338
1587704834
1604482306
1608603410
1608546098
1608541491
1608611123
1601401875
1601393683
1565607011
1547719907
1547724258
482374626
474018770
474083922
1413607954
1413731842
1473699590
1389795783
1392417153
1391380865
1382668672
1382600112
1933100964
1880671140
1881068212
1898885808
1634640624
1633985057
1633986081
1629793826
1629796914
3777478194
4029142562
4029010466
4045869858
4033220914
4042133522
3501129778
3517776930
3517781088
3551411392
3551402112
3262007424
3257845888
3257833600
3257314755
3257382210
3278676754
1097654818
1106043427
1152250657
1152336672
1156400416
3295444256
1143765040
1144871984
1144413185
1144413507
1165391298
99841490
301037042
332488178
315677922
315675746
315946083
316010609
318107888
309645488
842289568
842293152
859048612
860883620
868289188
852703932
852651660
852715404
854615117
1383130173
1383195711
1400108062
1365439806
1373882174
1373750894
1369556974
1370543550
1100017078
1099159990
1095915910
1098021254
1126595974
1114076039
1122448343
1122317301
1122834293
1114377493
1114388788
23866672
6760240
6451984
73585424
1147240720
1142984976
1142993200
1159769377
91269409
91339059
83016451
15923971
15866627
15862531
1081279795
1093992802
1093992802
1129779698
1121395154
1120231826
1120195506
1136953250
1099730594
1099729570
1351137970
1351199413
1351330484
1884924916
4147751988
4129930292
4130055188
4130316304
4130234369
3593338929
3593338913
3593339425
3755871969
2627603093
2627672711
2627566214
2627598982
2644287366
2679935702
2675745526
2636948094
2637083230
2620827230
3157633902
3156011302
3156006950
3160234022
3185257526
3067682823
3069907205
2531918660
2523529956
2523538148
3530243828
3514505685
3499702469
3499702469
3499825349
3499870661
3506018164
3509105508
3525870436
2989326900
2989273652
3006042676
3006039573
4047093271
4047234614
3040572966
3044677414
3036359782
2495285366
2629507155
3707451395
3699320833
3693045761
3693079617
3693012033
3692463555
3579217859
3620976323
3599873778
3604086514
3595656818
3524595250
3541306914
3547606306
3522440226
3516151842
3499362339
1351879763
1088232642
1078795394
1078795650
1086660498
1086660530
1082990514
1083972018
1083980210
1090468242
1139702210
1139731714
1114549506
1114483986
1122811171
1139580193
1135384864
128817200
133142544
388405264
522685456
523469872
487772208
469905456
469901360
469903136
474033760
482355808
478161520
478243520
344128192
360881793
381914499
307332483
307594386
309822898
310286242
318681762
1927262898
1918674594
1918693026
1914498018
1897716578
1885272850
1893625606
1962829574
1962893842
1953325586
1954292530
1954296099
1954283809
1415315681
1549205665
1549152659
1558061507
1574838723
1304307141
230633300
230506292
217856820
209206068
203964212
203957780
208156164
216531716
216793877
216989975
208589075
208572755
225411410
233673170
99455954
133009906
124760498
124760498
103790002
1177531826
1181726130
1181726130
1190114226
1190115234
1191176102
3606964215
3606963493
3606883621
3606883621
3606883621
3598560532
1451150596
1446954244
1447018772
1444761652
1444900900
371154980
912154660
912187428
920581141
920640517
863882245
826133511
808311870
809499694
826276910
826267750
830462310
838851174
836762214
832437878
815625047
819802439
810356813
273485917
273617261
282014445
277820140
277692136
277625560
277621453
348941005
340589261
336371661
470058445
471122311
473289111
406319542
427192742
468869542
464658866
464724435
200356291
158404865
141627697
208741153
214984225
479323697
496086531
512986690
519146434
519146962
509971606
505775254
1042649238
1043828918
1041674406
1040621798
2114445542
2118639974
1841820518
1825564518
1825433318
1825433334
1825432534
2093872086
2085442006
4098446846
4094170622
3829931502
3829997551
3839581935
3835387517
3835287129
3835229704
3839403528
1683793672
1678550840
1678542648
1695386936
3842481449
3842481449
3880238377
3863455035
3863454555
3863450457
3859268185
3859137113
1711798141
1711697261
1845919020
1850607660
1851722813
1859984445
1859990589
786375743
786309151
721294351
721292614
989793606
1005522902
988614646
984440534
1001225942
1001258950
968748486
951696582
1022991574
1014611190
1008315638
1008331943
874245287
610004390
610008998
1691999911
1687801519
1686757023
1690955407
1682501535
1678274047
1612545519
3760018927
3764143471
3772602351
1623058173
1623189181
1622671004
1622461064
1679084168
1679084168
1678896600
1678860600
1729306664
1731399721
1735589933
1692471613
1689329981
1689347869
1687256853
612489989
612552517
616717765
1682070917
1963083143
1983071639
1982023591
1717819310
1726085054
1722939294
1723135422
1721021934
4002723054
4009013374
4009156638
4017020990
3983466798
3966694191
3966686831
3967801069
3917469389
3915249356
3914655692
3914655228
3915244844
3915371836
3925824796
3908924701
3976164639
3967702334
3967731070
3967797246
3965570974
3964468110
3989630862
4023250847
4006598557
4275029901
4133438413
4130816845
4130764591
4129764655
4133950759
4142208054
3622121494
3584368898
3567461138
3702731283
3700888083
3566671377
1154948881
1154943249
1172261185
1197426881
1180158081
1444280449
1377150097
303407281
306557089
306221217
859885729
822133920
806358176
806501552
806497712
808595360
821178016
815873761
547384915
564194819
564178450
601931282
601994802
669038386
660649266
656454930
656530482
623074355
607263779
607272227
605175781
617758629
612568757
612372101
612384389
629157765
931194245
935440773
938651973
870494471
836808999
811630886
274765094
270644534
270712070
1411558662
1952628530
1960939298
2091091507
2107803143
2141368901
1591911236
1583591748
2116126036
2117197157
2117200101
2115102951
2119298278
2119427286
2119356614
2119352518
2117255374
2117259518
2117263855
2134111727
2104612335
2096199663
2096199647
2087806559
2087790175
2088052351
4243943013
4105666149
4239871605
4256648709
4260747013
4118082821
4115980597
4149600565
4149670229
4124557781
3854685629
3846305197
3829527999
3829522367
3829522366
3829530554
3830579130
3830578602
3832608250
3848331610
3848397082
3856785726
3856725311
3856790847
3848503103
3831725941
3831594999
3848347639
3849525206
3883012950
4159848822
4159914326
4158746902
4154582291
4121027889
4121034037
4126211412
4151336276
4151401812
4080147732
3799392052
3799457572
1667579437
1667508031
1635017535
1626428286
1624359390
1624561038
1623510415
1631637405
1627442109
1627606461
1627553213
1631741373
3822200317
3824297277
4087570717
4087378204
4053857052
4053854012
4037146428
4104181052
4105297181
4107393367
4107524454
3027492326
3044204518
4147304406
4134728646
4134728518
4143182150
4134596647
4134597669
4130399269
4130710557
4130848012
4132937020
4132801836
4267494716
4292730173
4259247381
4259243285
4241944887
4233613366
4233483362
4233485410
4232248818
4232248786
4249015746
4282504643
4265632211
4265636337
4131746801
4132914145
4158080737
4157964001
3050667733
3050798791
3050733255
2513862215
3588054550
3587966246
3587970150
3589547110
3589743830
3589682370
3587593362
3612824722
3545707907
3545638275
1398150611
1400702835
1400665893
1400660533
1400758837
1400763965
1383921469
3598499133
3598490909
3606877469
3621750047
3588145503
3571368319
3571438439
3562993655
3565088599
3699310423
3697274199
3697077607
3713852903
3730822999
3730752070
3730752326
3604988871
3604337127
4266976487
4283753701
4110742757
4110743029
4115589077
3042895813
3051282375
3042823879
3044593397
3027828453
3028025057
3028022897
4043265617
4043133777
4043051043
4043046946
4050588722
4050531330
3513660498
1399731314
1400836466
1408963410
1406751555
1402533441
1942533712
1942536176
4081631216
4081688513
4081817541
4081816279
4148949751
4148912871
3613353727
3596300015
3596172653
3614980205
3623369845
3590263813
3584950287
1420701711
1420767238
1424978198
1417670934
1430234998
1430106102
1463336919
1448644567
1381552085
1381682629
1381692613
3531268215
3548110951
3581665319
3572162871
3567964951
3501113863
3501114887
3505212949
3497807397
3493621605
3493604709
3491509621
3563001159
1415513347
1423312195
1154901346
1157555554
3573458386
3573522626
3623715010
3741089987
3739582931
3741286771
3741298977
3730695457
2656888097
2656855073
2657055781
2665419813
2615086181
2614955487
2581143503
3655020286
3646498542
3646501534
3755492238
3755557774
3747205534
3713585646
3692621295
3692620783
3696946127
3696949839
3697008207
3696809551
3713585999
3713778527
3747250534
3730538790
4267548710
4276068370
4292845635
4283281491
4249649395
4110714087
4110927077
4144420341
4261869012
3200669564
3197585004
3063698988
3065804380
3086757468
3078368988
3075833837
3075823021
3084206511
3050636187
2968912526
3505795726
3497404110
3497861086
3497802222
3497797870
3522981102
4089442526
4072657103
4070408525
4074537244
4065895212
4061701676
4078485032
4047411772
4030630701
2956892461
2955865389
2960127287
3036463879
3036463686
3034432246
3042886374
3042898658
3075405778
3041852866
3042965698
3051354195
3042835571
3042833521
3042963729
3076448577
3076448577
4150161733
4292695253
4292627687
4283190439
4249709735
4249756806
4245038470
4246148487
4250208167
4258549477
3214245477
3214405380
3197497092
3067405572
2530534677
2530599205
2530668839
2543240487
2443068710
2967291750
2958841330
2954647026
2954745843
2954287089
2957440721
3041261185
3041189505
3041713793
4115453841
4149081525
4157501687
4157485223
4150146215
4152042663
4118363318
3581881782
3581882262
3590286982
3590321798
3590308678
3581248262
3581182230
3575951670
3580339478
4117163286
4125543734
4294396966
4285799654
4266931366
4267123863
4269151629
4285925277
4292019885
4291838701
4254098045
2110841629
2110841661
2085676351
1951655199
1947391263
1951843613
4099327293
4107715949
4125083133
4292642253
4283217357
4283275229
4283402205
4283420509
4249878381
4234047277
4242437437
4242425117
4259250495
4259062078
4150010174
4150227262
4150228862
4150231039
3620503037
3620494781
3586966916
3561800068
3561931140
3561939332
3570328053
3569809383
3587692519
3554138070
3554141510
3545589062
1377072470
1393833318
1394029870
1935040815
4085215535
4059878175
4059878221
4059349837
1909770077
1438959615
1439029247
1439094239
1439070158
3611703246
3612747742
3612551150
3612435886
3587274238
3587298766
3587241422
1438705118
1430318558
1431436798
1465056750
3595763182
3595814118
3604201718
3604201686
3738394837
3738263925
3729875300
3746640676
3696427828
3698463500
3706864413
3702735673
3702546217
3700452137
3704679209
3704941433
3696679883
3696679883
3692480463
3711418831
3711930831
3745485279
3743396221
4280132900
3193810212
3210591508
3210723092
3212752404
3178939956
3178907188
3178972708
3162183284
3178829799
3187164646
3170386086
3170369718
3036295302
3027903622
3564840342
3564645798
3581420966
3615368583
3598587269
3598124492
3598012764
3605386556
3605320732
3605304348
3623134216
3589778441
3585522699
3585514523
3585576298
3623126378
3611095914
3611292254
3611185678
3577627166
3581895470
4099760942
4107894078
1960433950
1952176398
2103179526
2138748934
2121972743
2121957447
2117697735
2117845143
4265267383
4282053541
4252663461
4261101221
4260961973
4244117157
4239942309
3166233573
2897929175
2898171895
2898037735
2902240103
2906434407
2803739223
3877482055
3843416647
3826737735
3759542819
1614152482
1613038370
1625558306
1621376034
1621373986
1671901202
1923493890
1923493958
330191046
330943622
332958127
331913709
1384684013
1388886889
4066028297
4066027273
2994311689
2994438681
2992288297
3038290668
2757272300
2756346548
2890584740
2899900068
2901996965
2902249703
2892288047
2938171438
2921586719
2921524235
3929171977
3927058696
3926076024
3947039448
3946986201
3922075338
3901621978
3902473722
3904372906
3970453690
3903365258
3903365262
4188579022
4222135494
4227374134
4282039334
4263177254
4279925766
3206167814
3210358566
3214560870
3181006567
3180912349
3183001181
3182997068
3052973900
3044583260
3044714492
3040585708
3038496684
3072001956
3071936421
3072202661
2994608037
4076740535
4076748679
4160175495
4159974535
4158940359
4126270535
4126203927
4126187799
4118000407
4117991967
4116952607
4150638143
4150632237
4117073725
4051093847
4047437237
4032753077
4032777621
4032644501
4041036951
4060042423
4051579062
4050522294
4084093334
4084031862
4058309158
4054115878
2963598887
2963581493
2695146037
2699344693
2707921749
2737229509
2720454293
2720428709
3794211493
3794080423
3794022839
3794018487
3814991015
3769584871
3769550973
3769604109
3769411597
3769412109
1668066829
1647099407
1647171102
1647121950
1647187502
1647187246
3882747118
3853452462
1689126046
1690188938
1690184842
1687956618
1887710346
813989002
819252426
819104970
829595098
1902355962
1633723771
1642116475
1642169691
1642300731
1633926457
3810766653
3810770493
3844249149
3844249133
3844272935
3831755557
3839938877
2896544061
2896614701
2901862703
2916534583
2940590870
2856712982
3125078790
3120885510
3120916238
3121049934
3120967902
3192803558
3197780134
3183165605
3166421136
3165245824
3169384068
4230508180
4230507188
4230490788
4230621876
4096404101
4150659719
4141944454
1990202262
1923101078
1924149422
1924145327
1940922541
1911562428
812654732
808480908
270660828
270791804
270793756
1348721949
1080284430
1088591110
1088591110
1084656902
1101500182
3282476822
3266231814
3333332486
3337537287
3329214229
2255340853
2267628855
2239419671
2239430006
2247862626
2247736818
2547752386
2547750338
2547749074
3604578530
4141388003
4133007520
4128810144
4130927776
4265151648
