1105296382
3287431486
3285334334
3264358430
2190484510
2189497374
2189496382
2206208318
2172912942
2177109806
2160331582
2160855870
2160876350
2173458726
2177685879
2177751383
2178799957
2203965813
2206161237
2205112661
2172614999
2172615510
2170518374
2177858406
2177727335
2169338741
2170386756
2172483908
3321747780
3454900564
3454909940
3446521252
3475881380
3408770477
3408772527
3391994254
1244511118
1248697222
1252374966
1253423542
3400973718
3417486791
3386025461
3377497460
3627198452
2551361476
2551623620
2555812804
2572458484
2572462564
2572528100
2568944996
3175009573
3175007525
3179169572
3187627812
3187435045
3116168805
3116160608
3119831012
3142901716
3138705733
3138775367
3122065207
3122062887
3142735382
3109160454
3109109254
4182780470
4182784294
4183033903
4191422511
2076182588
2076652557
2043027469
956706829
1027997740
1007957293
1014246661
754190598
627964279
627964279
627964279
627964279
627964279
627964279
627964279
627964279
627964279
627964279
627964279
627964279
627964279
627964279
627964279
627964279
627964279
627964279
627964279
627964279
627964279
627964279
627964279
627964279
627964279
627964279
627964279
627964279
627964279
627964279
627964279
627964279
627964279
627964279
627964279
627964279
627964279
627964279
627964279
627964279
627964279
627964279
627964279
627964279
627964279
560855415
560840055
829272502
829272502
292401598
292401594
342733242
342733242
350600634
887470522
1961212026
1957017663
4127111437
4118723340
4279936588
3189408332
3210379980
3153777341
3153732271
3153601263
3144164206
3107459374
3107456058
3111791642
3118147595
3113760969
2576881800
3751291016
3482855816
3482852744
3466203544
3468296363
1325072558
1177026734
1194082542
1160613898
69641226
270968842
807839755
807573773
862095372
845264924
841003020
842043405
573865997
587661481
537788847
537802415
537798318
547304110
549204651
548155995
834417163
329000459
295496475
27044651
30193962
21863178
123640590
253597518
171803086
170840462
170266767
186790023
157429923
165818786
145978274
411067810
411068326
411068326
478207406
495181194
1552079755
1552087993
1434639273
1463864237
1442892188
369163660
369255820
370292108
370288044
369238957
352461797
340923365
349307845
349389637
349237509
349217061
340829485
340835629
894680605
835893773
1943181836
1934789388
1933613340
1933622316
1929413932
1930871145
1930822601
1931350670
1910375054
1908278190
1908213166
1908149678
1910250638
1364470926
1393831310
324416925
332539325
399647157
399597957
366010823
357605591
70361174
70430998
73568534
98730759
367236615
392277525
375435045
371501860
1446493476
1450613813
1448510469
1431732293
1411285189
1411301509
4097737660
4101938860
4110335660
4103978732
3852250876
3885803229
3873220303
3864847326
4145894382
4114026862
4097245542
4097245542
4097249362
4101451843
4109639761
4103413856
1435902032
1469452548
1455292676
1455227652
1190921756
1182281260
123219497
89665083
353975818
353904394
389562682
304660538
308920410
309248074
310301770
327145306
270333674
270284458
270276234
272504715
276708507
330185899
314522794
45884602
45895818
49254794
23957982
2404654
2400294
6594594
15049762
10925074
45003779
44994560
49184768
104763392
104513536
104464400
104531060
87703012
8007404
280705773
280500957
280779469
284986957
285052495
279873135
330147695
314352479
310154182
304054726
302829990
302789026
906768802
2001613218
1955472802
1955210626
2092595074
1555822211
1555804802
1551476370
2134419362
2117645474
2117647527
2121841831
2121919743
2134535375
2134518981
1563302229
1429145909
1429149991
1466769191
1454126883
1454125587
1454051907
1185575491
1185665731
1168741057
1157341905
1157334736
1358663248
1357482852
1357429092
1349036388
1395437044
1378795460
1378273221
1379189685
1377059303
1393844711
1364484454
1373037671
1974920295
1974908275
2007404355
4159094723
4150693827
3878129619
3878000098
3877942754
3878724583
3862012775
3862163991
1647571509
1646289445
1646272813
1650462765
1667235897
1625358393
1625424923
1692797007
614873422
614873694
884279862
1068763654
1052513799
515641863
519451399
1312186631
1244811638
1228030438
1213427622
1220570022
1216360358
1216358310
1216361406
1216549510
1216484343
1216484197
1212154660
1276118324
1276127492
202516740
202516740
202512644
219285764
236067076
108137732
107413765
107282741
103223607
103276823
103055653
372027687
913080679
644726135
778943863
778942583
778942583
707639415
707639415
707639415
707639542
707705030
690945222
674131174
673521126
677722854
681917159
698448485
714209893
713064020
717250884
704651332
704651468
721817801
672006297
675938971
754650778
1017711258
1017715386
1017653930
1017703098
1017686666
1017684618
1021870731
1022919643
889164137
889102633
1970709549
1966517301
1463151621
1597369365
2134342741
2132155749
2077626149
2056654373
2058829367
2058710533
2062837253
2052388404
4199851556
4182091364
4232557300
4232418956
4232352412
4228702909
4228670127
4245033646
4283306926
4291629546
4158390314
4122542138
4105900058
3568974922
1423587531
1415194761
1411017097
1427827593
386901641
390894219
400327306
398230106
401506602
1441177898
1432792106
1433386030
1462737951
1462752269
1430242636
1430143948
1434321612
1434321628
1434256125
1442591343
1440491055
1474045231
1474114619
1474252811
1576980491
1568584971
1551807755
1551667179
1551667178
1576832746
2111604411
2111477467
4292518619
4284146411
4250560107
1595483707
1582902575
1583037487
1591413807
1591411775
1582891013
1577586693
503930949
504029396
491451268
484099716
480169600
482315905
481660295
485858454
471137462
1410657446
1410657446
1427468206
1968629423
1974916847
1958593245
1958515277
1957470749
1961665069
1961666095
4126012719
4159167527
4150774823
4129704997
4130737221
4147522756
4097189316
3562411732
3566618213
3566682742
3566494230
3566526998
3562333734
2488589862
2490813734
3623798870
3602839750
3602902149
4143961220
4063871108
4063838356
1916359084
1916494764
2000577452
1887265768
1617749963
1617751370
1630338314
1999494938
1986973466
1995345674
2007994122
1978457883
1953261341
1949132045
2083414293
2087645221
4244029543
4239835494
4122394950
4141065542
2127605574
2119286646
2119671143
4267171111
4267527205
4267445311
2132286527
2065175598
4179570734
4183691582
1509299006
1488335390
1503008286
1536498238
1250179647
1250175775
1250175309
1250175181
1246110927
1258685439
1208353535
1208091335
134354630
138424022
146811623
146828263
146856807
155244903
155318647
155318647
155318647
155318655
155318647
155318647
155433471
155433471
155434495
188986869
188855797
172078581
1245822453
1245821140
1245952212
3389241460
3389241364
3405969684
3359832836
2294480388
2290275860
2290336308
2625671780
2625676005
2646648486
2646640038
2672856486
2519763126
2520094902
2518137014
3054942406
3188123718
4262913094
4128690278
4131274982
4101636294
1961496711
1961492621
1953041549
1411910057
1411918505
1416178347
1437280954
1453928010
1453875726
1202250254
3316154686
3299442734
3299517486
3299518510
3295324454
2218297638
2239466470
2550040263
2545853125
2545779284
2549908068
2520551716
2518458464
2518474789
2522603559
2547672166
2549746790
2549747174
2683964279
2683193981
2683263580
2666289996
2532081100
2533125512
2523419785
3598261387
3598326954
3594132650
3593143726
3593155486
3609928334
1156260550
1152328199
1151672833
1084239361
1088440867
1080052259
1143011889
1194388225
1177724672
1181922048
1181123072
1181647360
1177190928
3341524561
3291056881
3296242407
3296243686
3304646118
2493047022
2493018286
2492989614
2495485103
3573431725
3573357485
3312716476
3346345612
3262391940
1108357780
1376809908
1379127796
1110700149
1113648149
107015175
123890690
119692546
86115586
86378258
124651314
99092258
79168290
79167783
77230341
81453325
75428685
71075800
6085544
274521000
282393000
290760873
307670187
303472779
320110731
320635083
291340587
283026217
285205288
276783912
272574232
339619080
343832841
352242635
1438026154
1471195562
1454419338
1454409098
1458602138
1458610602
3591479658
3593708394
3593642858
4130792046
3078021743
3086931823
3053307879
3053241823
3053249997
3053430221
3028280652
3026025821
3021765949
3023910189
3023450925
2486571821
3563259711
3723572023
3752934709
3750788405
3734006807
3732958214
3729058838
3457532006
3460219078
3459170758
3710534534
3639304854
3634980582
3636029158
3633868518
3633868527
3629657839
3691528159
3691675087
3712646605
3722075613
3617142204
1469588920
1457005976
1457006072
1381512168
1377513832
1394225512
1360990505
1839371
1851658
272928030
281319742
813992758
813992711
814188869
1640413381
1649845444
1647747204
3794186628
3794174592
3794191024
3794170592
3861324513
3877905127
3856934638
3886292330
4020504698
3970697242
4239333402
4255782922
1604987914
1589322762
1593339915
1324921209
1316524393
1316520412
1312335820
1295693380
1283110405
3707409925
3703213571
3703278883
2512161826
2513741859
2501179747
2232896467
2350780097
2352883393
2357072625
2360939111
2360877351
2360878118
2243439654
2243438646
2243442734
2272807022
2184727038
2184923598
2186986894
2195366031
2197463229
2188943548
2184745144
2201518296
2151317704
3224289224
3496913608
3496979192
4029463272
4096563881
4096560025
4148012427
4131365323
4135575770
3057115519
3191235375
3207996205
3174442797
3186036269
3182239533
3182173997
3183220607
3183228879
2682005454
2682004970
2673608170
2673673450
2506044570
2514429338
2514446218
2516571019
2545910665
2543682969
2531042728
2524753384
2537332076
2502860300
2502862348
3039733260
3039732248
3039744828
3077489452
3085680940
3086574904
3085446457
2506698043
2490054718
2490042406
2498693174
2499742770
2495599698
2499666002
3034423634
2506072387
2541660097
2524882497
2520680001
2452604433
3526300273
4063048291
4079755874
4092339554
4121697511
4121692391
4155316423
3605691462
3598382086
3592089606
1444475142
1381556582
1380479470
1397367215
1414147245
1415195052
1415195036
1415203228
3571404684
3573337804
3523008013
3287078431
3287082543
3337381423
3606865711
3602851119
3736995199
3751675133
3751752813
3724031277
3711451455
1547194655
1547297631
1547297759
1564009470
1501097390
433613310
432560591
415971599
408628495
408559903
408555803
408551707
148509450
148574986
148387611
144189739
161020203
161012091
144416203
150574539
150503881
150503899
150573563
142324717
135963501
1209705327
1478144335
1528477006
1513785166
1517979470
1516865402
1516869242
2049503866
2049450618
2049446762
2049442666
2053703146
2058163690
1605178618
1605120202
1571565770
1286352970
1286352987
1286353016
1286353272
1307390328
1332688248
237901144
103682376
103682376
103773019
120386426
225219418
212767563
1286510025
1286512121
1554816488
1575796136
1584184744
1583920568
4264276120
4264210584
4265259193
3191517417
2920980587
2937757737
2908397865
2900031289
2900095517
2917102140
3193778732
3055292972
3057386092
3061581804
3068921004
3064935604
3064934548
3048092804
2494446721
2498197891
2489809810
2485616274
2485465682
2535797250
2519081734
2263228686
2259099662
2243375162
2226404650
2230585642
2222721883
2352831177
2352872392
2406281160
2397618632
2397618504
2376814872
2360013096
2359993128
2361041772
2365170415
2633541614
2624098238
2640940942
2658045838
3190734494
3190800062
3190657694
3191722638
3191857822
3208602286
2906399470
2918724079
2914522351
2913473775
3165199485
3182042205
3186236431
3186502671
3748603151
3748099870
3598144286
3595916126
3595855831
3594872277
1456336277
1447947445
1447947429
1465840791
1432244359
1432240263
1367228614
1366753574
1364463911
1374954277
1374955300
1375158068
1358839572
1350450948
1413445132
1413149196
1413120584
1416200841
1433962169
1979228075
1979235243
1977138090
1977527978
1969137290
1969021578
2134131338
2134262266
1969627374
1969627374
1979131119
1979067615
1442200783
1442257375
1442061822
1465150974
1448371534
3604869902
3604345614
3602228030
3602228014
3602691374
3623652654
3604842814
3604651290
3604659465
3604648972
3596333116
3594031148
2520289388
3040575725
3022689757
4096433999
4100639310
4243279438
4240007166
4239942895
4260897965
4294516909
4281925820
4248306056
4097450920
1949958828
1962541736
1958286024
1958225480
1958227465
1417161482
1429830442
1434385194
1467932442
3621685066
3604267722
3599024858
3599008442
3599598505
3599733736
3599754728
2531124604
2675565836
2670449948
2536173613
2508107821
3581857853
3590255631
3588158733
3579772365
3574562269
1141644717
1074530725
1074727333
1347292625
1356735761
1369338113
1409216768
1409143040
1114477312
1110356544
1110367939
1128188594
1094699682
1346198242
1350335078
3506205975
3502043445
3517772076
3551322924
3538870812
3530478092
3526259213
1379742567
1362892270
1347945702
1347946726
1078660182
1086995458
1154100482
1154182594
1154081202
1155244418
1171956098
1190035842
116294547
116364209
107738032
36271604
304626148
1378445548
1395288236
1366026392
870906249
334009737
308855691
308838859
308969754
308989998
326000686
288123942
1361864742
1366223622
1374617095
1404995077
1385792004
1387890180
1392215552
1113167392
1113122336
1107846688
1107825201
3238662978
3226079730
3235590370
3235385570
3231273202
3231379650
1083896003
1083867587
1100579907
1436392563
1436334183
2002561255
1998432487
1983355087
1714849999
1714652365
1714536637
1714442409
1714430377
657662891
624043690
611526314
617627310
613430958
1687491262
1687622350
1957450254
1957470734
1973986110
2141753142
2141825846
2112596757
2104212244
2104147216
4230657040
4231709728
3627959393
3695064369
3644734723
3648924418
3657382674
3690281526
3686612790
3684448022
3684446534
3684192710
3684225535
3684233645
3419977645
2306404005
2302279413
2285633269
2285534935
2285796951
2283697927
2573096198
2581455894
2610816022
2610688055
2610663543
2610464103
2583201253
2574824941
2637823997
2637954813
2638182365
2642294749
3721805404
3587575644
3621002028
3614718252
1451044156
1451176988
1126641688
53882904
3616780
1069324
33044
4227365
12625185
281062689
281128209
289586945
319194629
840337095
842958471
1915651479
1915591863
1647156397
1651293357
3794599080
3815531432
3783205528
1635656345
1643590331
1643459242
1638154218
1621371114
1621371002
1625762894
862397454
845537291
573939721
578204680
1658227740
1658095660
1649707052
1647622204
3811484940
3761152524
3761156620
3761160813
3765371566
3773567662
3773576878
2699832750
2716613822
2699828382
4037950606
4037946510
4038993038
3502190030
3504091087
1356656079
1356629453
1373091660
1373026124
3521025612
3615405948
3615467309
3598563117
3598505277
3598507325
3730631981
3739086141
3739198781
3755644221
3755643197
3755639101
3738861909
3741024503
3732440295
3728270502
3728473238
3728366790
3745127878
3745385794
1563821362
1567953202
1571889970
1555112754
1555112722
1555292931
1555283457
1559464768
1410566464
1410701520
4111837392
4145327312
4128547268
4130833108
4130783972
4130763493
2809537255
2784240358
2767988454
3031178726
3030911206
3030911206
3031047366
2516204742
2684234950
3732876630
3732757862
3732790578
4278189330
4277908482
4277772371
4277772529
4294684880
4248473988
3962209668
3962279364
3962304500
3962306148
2892525093
2901159457
2766937633
2767007237
2759667523
2768002273
2762755232
2813119648
2797522309
2797504133
2795417281
2791095905
2786916901
2788973348
2788964644
3055828276
3072800532
4150670849
4159058434
4138087218
4138991970
4139516066
4138516658
3601510530
3605705858
1462416514
1412074882
1412012723
1948891815
1953348519
1693231590
1689102462
3886917663
3875388477
3862728749
3862753341
3878477919
3844497919
3828220591
3828220582
3974891174
3971759782
3837538982
4104925942
4104921678
4104397583
3571785993
1425346840
1416893496
1433476152
1601251352
1596991497
1333000203
1299687626
1298435466
1441564570
1441567674
1437438394
3617960378
3601248666
3601248683
3605438953
3597001068
3592693540
3592695588
3592888100
3597016868
3597030688
3597005104
3596935184
3592790784
3576078848
3559821888
3564013185
3572338338
3501054626
3505191330
3505159330
3514590370
2470208658
3544081538
3544081794
3514705858
3497998290
3505141734
3506188263
3573296623
3573292910
3571191582
3588038158
3621682958
3607061790
3741082670
3741077550
3741077566
1593594943
1591639101
1583277260
1528751556
1478399940
1478399940
1478395844
2086637396
2102168868
4266437924
4265913380
4261909524
4262367492
4279161612
4229841452
3156083244
3160348271
3168344686
3164084846
2629310830
2511865966
2549614846
2172128398
2161774735
2157584525
3231326860
3233473204
3233321637
3232534179
2418313827
2418317858
2418522674
3576080898
3525750274
3525747202
1445347842
1445855746
1445856226
1458375907
1588345953
1588342816
1588342800
1325277184
243146752
87957504
71177472
75369220
74124053
82434677
82418245
82360012
48796380
48796648
40670136
309179304
309116328
309111977
304907435
305107098
306098314
288289162
271509386
271478282
271473450
292314410
334259246
317513738
313520138
296665098
346980810
346982330
347048603
348117656
352123560
1417472616
1461479976
1446805288
1446781224
371994940
103747597
103677959
107610135
133828658
96092658
229196274
229360566
229375878
1282009990
1277815686
1278081750
1282268918
1291145830
1286623870
1284518703
1283466029
1287659820
214049052
205661468
201471256
218248968
252130568
239404296
240387352
243074424
133973497
99415547
82609579
82609595
1148162459
1156493722
1156493722
1152315898
1152315887
1169056254
1202610526
1185833279
3333316911
3270329645
3261975864
3257723176
3257723176
2185013624
2184747464
3262693832
3267281353
3267285849
3267261307
3267261226
3333956394
3353879338
3295152938
3425258266
3425286490
3425278286
3426457934
3359221838
1241092302
1253736646
1252692164
1525321856
1512747184
1512743072
4197098912
4197101472
4210731680
4223184544
3900479137
3894198977
3893813761
2016895521
2033460769
1802774819
1860450343
1856260135
4008069173
4008101888
4000237568
4025386304
1827508816
1819120340
3962409668
3962427121
3962566371
3983306467
3991677347
3991674275
3983281555
4230888899
4113443777
4126030785
4071365090
4071364770
4071371938
4071370931
3547209859
1345200515
1076757127
1076298413
1080492781
3232045353
3233028137
3233032233
2159290376
2176264200
2180442376
3282993929
3282862857
3333194555
3333194602
3333197930
3337400558
3324810338
3324877042
3324999890
3324917954
3341691074
1160653763
1198394049
61808337
61683201
1135440385
1118630403
1118630435
3257705763
3274484775
3241052167
3224275271
3224303943
3232586103
3232595447
3232592375
3282841775
3282841775
3282837675
3228307883
3224257419
3224303243
1076820619
1077803707
1075624635
1074576267
1074571659
1091410318
1125047694
1129240462
1205785230
1203688094
3350156014
3349963366
3349996326
3349979438
3622679599
3589256239
3523056669
3523052813
3615327500
3546256732
3541941756
3541622252
3524906861
3525201533
1914570269
1918767903
1927156031
1929130047
1937514553
1897668633
806821912
269888776
273025544
281283288
277613209
277662347
294443914
332190090
39637210
57536634
24047674
7249966
8298791
6202147
6062897
5014037
13534981
26122181
1104068557
1360968589
1363123087
1361943455
4050426287
4087660458
4087658154
4070875786
2724508299
2721026713
2722018024
2720965228
2720916012
2741822252
2716655916
2716692509
2692625739
2755607770
2755401902
2755397806
2767063470
3035504014
3048089486
4154991566
4139262206
4139262190
4138410095
3601473631
3613928575
3609733229
3577297389
1463426509
1465796045
1474150861
1474154959
1474146783
1465688575
1465688559
1599972703
1600103710
1465842718
1467993150
1467894846
3581807646
3716029726
3698263326
3698291470
3706614286
3702444574
3720200829
2677863148
2409424620
2681519852
2673643116
2537328236
2537459501
3059662125
3063850031
3063915583
3065295903
2524230687
2520009775
2536508463
2503083127
2484217687
3025281575
3046322727
4289746471
4273266213
4272200465
4272199681
4129589249
4130117681
1982239953
1730580673
1698078849
1698095237
1681200550
1681202086
1685396142
4101249710
4109638382
2964667006
2426879566
2426872334
2426741262
2158309934
2158232111
2158232103
2225398629
2221248629
2217054293
3290741829
3559241740
3560355852
1966512396
1983293516
1981196364
1981125701
1981055061
907296885
355733863
271979111
339096098
351675938
1421085218
1420106258
1152334594
1152330050
3316594882
3329034642
3324794754
3333243778
2192560787
2192560881
2192569073
2192372704
2192372576
2175590756
2163011884
3236812092
3224127789
3224197417
3224181033
3241089307
3257800971
3257810187
3258868043
1123828571
1119667179
1119650795
1119654767
1119654190
1118608679
3266230305
3325012001
2251143216
2251136272
3324938048
3291387584
3559818880
1412273824
3572496032
3568301733
3568170150
2544693414
2527880358
2519477422
2503870606
2218662350
2218666575
2222860813
2227116573
2226929213
2226922031
2226938735
2277302782
2260505006
2260500910
2254734758
2250543014
2250619830
2267528094
2502344078
2486615502
2486611279
2499257359
2494952765
2494887213
2498000684
2506908204
2506962477
2508134185
2491223407
2499611966
2499549246
2499553342
2231118910
2229023774
2229010462
2245857334
2279547190
2275308311
2277425733
2277494485
2280442613
2272053989
2267859685
2201274988
2201385788
2205560604
2205558540
2213880588
2279875372
2279884076
2279884140
2279918957
2271530478
2271518206
2271721982
2272246270
2272246238
2255468766
2255477958
2272197830
2272160966
2272160966
2268999127
2269068791
2235436021
2239105877
2239130373
2230741765
2230794757
2226470404
2225346100
2242660132
2242729764
2242737444
2246860133
2246888943
2246887918
2238503934
2238569470
2238610398
2234415454
2238675326
2238675070
2247031894
2247093447
2246945989
2381091972
2372701316
2372242580
2368182420
2401671668
2670115300
2670115380
2670127636
2670012932
2671061524
2507550244
2516461092
2512332644
2445018533
2445018534
2443969942
2448180374
2481312918
2472932534
2451682494
2451813566
2451750110
2451765262
2452809998
2519886606
3593550350
3608152638
3608151582
3750888202
3716288778
3716292666
3632734314
3365680363
3369618665
3357067433
3359148216
1211734216
1478012360
1478010312
1478145992
3645551308
3653928924
3721366524
3217861612
3142363885
3150756413
3146692189
3214848607
3214578271
3220734575
3077100134
3072901990
3072904422
3072973879
3056163891
3190496279
4264170502
4264174662
4265223238
3745123798
3755609494
3717930910
4237918110
3701079966
3701012365
1419294684
1419290092
1415095788
3694691564
3695172860
4231986420
4231986261
4248223063
4118191926
4160194326
4139095814
4139553542
4139626807
4139577381
4143472677
4118291557
4097447141
4097445285
4101640119
4034535095
4032503447
4056438407
4090001031
4090295943
4090413719
4091474581
4093600373
4084163388
4050473784
4050401080
1902915128
1886206520
1886276152
1903053369
1911541018
2003619850
2004664330
640991322
639099098
655797338
654747690
935766312
2005317928
2140452104
2144641036
2098700556
2098639156
4249809444
3721359905
3704582768
3700306528
3570283104
3562996320
2424177220
2424182468
3505356636
3552434540
3552368875
3535591658
3534542970
3530356858
3526156090
1379824186
1377710650
1377706554
1376723246
3528224886
3587162182
3570069570
3570065603
3565856193
3565854416
3565919984
3701184240
3719954113
3598203841
3324512739
3324520674
1445472482
1445477474
1458180146
1458176258
117056322
108685122
226092611
209229811
207197683
207196403
207196337
206536849
474928513
475977619
484368051
1553989287
1553788839
1553246119
2084873647
2080681389
2080808349
4228292060
2081921820
2102709788
2144652860
2138527292
2121675324
4269158975
4285862718
4260696430
4237635822
4237558958
4236536966
4236569734
1422190726
1422179718
1413920135
1413915525
1428071045
1964937972
4078932596
1937740597
1937612581
1920776503
1920776247
1920768055
4064122942
4064187486
3795767518
3795763358
3809984702
3809989031
3780502437
3772768932
3770151652
3770143348
3790033412
3811406340
3811320597
4079756327
4083956775
3857452078
3836611694
4105045070
4122887247
4156453135
4293882127
2129424671
2120507710
1986291002
4147408682
4147982186
4116594650
3571060682
3566800794
3700954554
3700953594
3573035866
3304596250
2231051134
2243572590
2277118830
2277130750
2191049119
2258408892
2258412972
2281483692
2537328556
2537328316
2536410828
3073285964
4147031836
3878522157
3882720557
3849296957
3845045309
1831855133
1831165973
1864835125
1849045031
705823783
973278498
986123554
981933618
982912530
1050546691
532550209
1572590272
1287238336
1283031424
1283163520
1278987664
3430669280
3439328225
3434998758
3432835814
3432804326
3432802278
3294393318
3306701302
3306864962
3579502915
3623543040
3623592240
4150833952
4146639472
4146701012
4113216196
4114252420
4028139189
4044932781
3776496303
3810029999
3799643370
3802821722
3802815499
3869932570
1995009146
1987701834
2000352331
1967051211
1967014347
1952269275
1960572795
1960574827
1975254893
1979217773
1937270221
1916346765
1916416445
1916416429
1945776559
1908086703
1908022975
1908280006
331304454
335308326
309092646
309092390
325853222
292433942
3027974
1076501510
1079643090
1087048354
1082855090
1083905666
1083773570
1150882438
1169765047
1168667364
1202217828
1198317860
1177399604
1194176820
1194111285
1194108269
1178379501
1180548253
1180614029
1188015513
1187887033
1189074585
1189074585
1207354105
1140246507
1375197039
1400157487
1400157231
1449432109
1450021941
1445835780
389014532
355136576
338580864
338035585
339083939
1953714850
1957720738
1972429218
2140202178
1586555906
1592813570
1580214326
1596139814
1466318382
1437468206
1437205037
1554514488
2092724808
2113725272
2101125992
2100605816
2098638920
1024894024
469996568
872451115
872478783
872634399
873596943
890392343
915568167
512848623
512955287
513151110
506855558
238421382
254156450
216415906
212082338
480526002
346302163
77603536
81879760
73589696
87224704
120685968
103859617
103869923
120717302
393393718
368218646
367100478
1436844590
1470407482
1453698330
1588570378
2129570059
2121972027
2115733803
4263021913
4263024457
2117640985
2116674361
1982587177
1982492716
4146737260
4097450093
4097457245
4099807692
4108192460
4103998028
3566012940
3503045148
3503046396
3515621032
3549111976
3550098091
3281589166
3281523118
3252421038
3229352102
3225177314
1076845618
1076812802
1076276226
1076276227
1097241873
1114018817
1114543105
1177453569
1445889217
1445958865
1445966929
1445704753
3614156131
4125748963
4108938983
4108941031
4100523687
4100457151
4101513887
4101514943
4099418031
3564645871
1425554551
1425808471
1425814535
1426018311
1442766855
1476308999
1476296711
1476297991
3623784262
3623784150
3623852774
3623661286
3613192111
2539447727
2539443437
2522731757
2522759260
2482913548
2481857332
3551339044
3551339045
3552327277
2482780015
2471761263
2434011374
3490066686
3490590970
3494785114
3297251658
1149765578
1149781710
1151057598
1151052526
1142467566
1277005295
1326943311
1310106639
1578278927
1578278917
504803333
504750117
522084652
534672172
496894508
496698920
536350264
527970120
494746953
494738811
475333978
475346250
207357707
206312987
206386731
206399017
214492717
214476573
227059021
127439071
115245190
106856582
102137990
102137990
102080914
387424758
353870182
341178150
877977381
886438692
886548772
620214516
620079252
657501312
640725120
640778368
573735856
573735584
1651684001
1727062689
1725984481
1650470439
1646275335
1646275862
1646400806
1650852130
1927741474
1923874834
1940860934
279592262
279583618
11143810
1084869251
1084852864
1089440644
3228337988
3244599076
3286540836
3269829156
3534070308
3535041831
3539210278
3531345966
3548315694
3506307114
3502112810
3233678090
1090396682
1075588623
797261
806477
577485
905167
9409999
9346509
30316804
34256900
35305492
35174448
35189808
102264833
104468483
121241602
69866482
82453154
79241890
79241907
79389315
78594691
48513457
39862689
39866785
40989041
38829861
38857261
30452269
282110521
282245896
819175176
818974488
852789224
853508792
845066904
840872601
840741545
840755115
1916544426
1664496810
1643517102
1639318702
1622618502
548676038
816145222
828695094
556573222
556573478
556765486
560627742
560630795
594253835
577284153
574134313
1645791593
1645036937
1645101961
1645089673
1667117995
1979593642
4104796090
4104798094
4104855550
3567796079
3568856879
3568854813
3589825309
3590058781
3589952317
3568980853
3569248119
3569122791
3573317095
3564985831
3560852822
1413402438
1427553795
1461169665
1985326641
1985260832
1985788960
1715244068
1648133140
1648264196
1715376128
1732153344
608076832
606045991
605873766
605840102
607986598
607977902
1680605358
1684800686
1692665022
614929814
614864518
614938254
614807183
615802509
1689546380
1958014604
1953951436
1899417565
1915602925
1915536365
1919742959
1659691899
1655567163
1672344379
1911553851
1903099675
1903095051
1898792219
1898713115
1932263451
1903038523
1894658107
1357844527
1354699837
1354698045
1895782972
1426057852
3623860988
3606888068
3539776132
3526197893
1378779783
3526283926
3526259374
3555488174
4088161518
4054640878
4122802427
4127127625
4049512520
4078938120
1914567688
1914520776
1914569913
842932651
842932654
842863534
828310446
815661722
832447114
331293386
331146762
331132442
334270270
56990478
283553550
283553551
820419341
820939021
611289388
742172972
1816045623
1765710854
1765721094
1765539894
1764229350
1764229294
2032796078
2041185966
4188673710
4222170806
3685234311
3685232260
2343103108
2343090820
2347342580
2334767732
2385230628
2385419556
2654896436
2666963732
2660672115
2660541154
2534717090
2484375202
2485045906
3560589698
3559524482
4096403602
4234881170
4261095570
4252707970
4261291138
4261290434
4256641810
4256462389
2107932196
2107960868
2141515316
2137323060
1446450708
1981088340
1979982565
906244262
906236134
583385126
583303182
591495182
558006282
809676362
818064074
1891809994
1342212778
1342474922
1879363242
1963251674
4157011003
4153848873
4138116140
4272333884
4272202828
4268008517
4264985797
4213081477
4161726423
1746822758
1814001446
1827983718
1823789415
3971018991
3975213213
3960579205
3959471493
3959463845
3963661997
3972134653
3989009109
1708274245
1699885845
1735594279
2003042599
4151117094
4151184694
3622701318
3618515206
3618580742
3316459782
1152342286
1152290062
1437500174
1471447614
2008855341
4139556908
3870597228
3862212716
3861153004
3877930148
3844522172
3962980012
3962971820
3963031214
3975428782
3988011758
3988011886
3988535327
4022082575
4290662407
3183370247
2631819287
2619101223
2551980135
2552112614
2554739366
2626034342
2642807479
3733393031
3734767237
3330015941
2250785285
3324695316
3580618036
3563629860
3563628852
3560679765
3575307717
1461441733
1444741325
1448935647
1451163759
1451111787
1451108651
1182673195
117259066
112732442
110634250
110637323
110625039
106578206
104477022
121250262
70918550
70975874
73124242
73128342
81501062
81758871
79662775
83342039
83141143
368353573
393524260
1446292516
1446291492
1446489124
1983819204
1983821188
1985921941
4133479077
4158518183
3890001831
3856449007
3858021743
3816078623
3811896591
3794855199
3795046461
3862319149
3879145517
3832881455
3841336885
3837140503
4106096199
4106046039
4103891543
4108119639
4108111447
4150249175
4129285826
4129186498
4129170306
4129100198
4068226214
1945906342
1944008919
1910380759
1910443101
832373053
831795516
831795484
301216008
273953032
273998104
269790505
273451817
281905945
298813769
852400201
852400201
302944331
303992907
306098267
305045595
858714203
808341609
808376937
821025449
1890441899
1890384555
1891433098
1912399498
3531555466
3539653306
3534377646
2477420974
2477339054
2443719918
2447928527
2448125007
2448416125
2448422237
2448291781
2448421845
2439893861
2473447781
2472924453
3542479893
3525702677
3542613009
3542547520
3508958272
3240514880
3244705088
3253162864
3521467172
3622171172
3622105892
3622609205
3589054773
3580732693
3564014871
3564019486
3559841302
3559872022
3560904262
3577546446
3560769278
3564897766
3569095910
3569112295
3569284295
3703481413
3707675653
3713901568
3745293680
3728715121
3728649555
3594503410
3593749730
3593826466
4135023010
4141249458
4137050802
4153766626
4120180449
4103401104
3571216000
3491593088
3491699600
3491700112
3493797296
3510058400
3522561504
3551925488
3552015440
3518264401
3518260291
3520357714
3520361954
3512128482
3546207202
3525235170
3525235138
3531076994
3530866051
3528767975
4074023909
4072975349
4064590165
4065705237
4066309909
4085180181
4050576949
4059027045
4059027175
4092592103
4076657126
1918688438
1918762134
1914565830
1914564678
1916620806
4080939030
4046332974
4033748526
4037937726
3501132318
3567979022
2494052878
2494049805
2225614380
2225606444
2246589740
2239249724
2272802076
2247635788
2179683268
2175463845
2175394214
2175567266
3253505442
3240999314
3241015698
3241015698
1127152002
1127115138
1127114114
1127179729
1131245939
1131214195
57464115
40164659
40205619
48725267
48659763
1123446131
1123511795
1140256723
1140260801
1107216321
1107265473
1106085713
1106089265
1097708849
1097645361
53258529
52996387
321501219
36346930
36344850
305066002
305065986
388940802
389989714
390023074
369050530
364729250
347943314
352133255
343482759
338375119
350949099
279644777
279534185
1353247467
1370024651
1382606475
1378386379
1378386137
1915257081
1933214184
1903867176
4040878376
4040948536
3501971992
1358748184
1400665624
1382838808
1382810171
1919812138
1928212586
1928143086
1391202478
1466843278
1412322446
1412304782
271567498
271423898
1886238890
1621670058
1622715563
1639754953
1673301832
1660921448
1648273128
3795755752
3795772152
3812496028
3812492205
1631392169
1634468009
1621887211
1622083835
1638807755
1655580873
1923950665
849896520
308854792
308838409
288063497
275415325
275690287
821012270
821013806
1911535662
1651292222
1652328463
3793651727
3860766159
3860764302
3879654062
3845984942
3829142190
3829150378
3833340586
3032229866
3031177450
3031177258
2965125130
2445158411
2449369099
2480907273
2543620873
2510127689
2510258937
2512229036
2491208365
2486978221
2486964143
2503876543
2535073183
3621397903
3600365003
3604493515
3747097675
3713559819
1568402697
1551629577
1559811851
1551681339
1547490089
1545466745
1562276697
1594778440
1606836504
1603760488
1435827560
1440008552
1431624057
1427433817
1427437771
1461181642
1381417038
1390313550
1392410831
1392480509
1381802468
1448911780
1447986900
1464764096
1464763969
1465841155
1463346722
3597198114
3605553190
3601481766
1453998102
1610285070
1563959311
1547248651
1547315531
1547569867
1560152762
1555909290
1554803354
1554804617
1571603337
1606189449
1606321144
3489575720
3447513645
3447464487
3447202582
3455771426
3720007970
3719988450
3724051682
1601932418
1463463043
1463460992
2004587760
926520560
925463588
925643813
893133863
809247014
1883116326
1895178791
1888830983
1887751685
1888275972
1905036868
1922010692
1923012420
1929298244
1920864589
1920807229
1914450731
1931227690
822883882
806173402
810302090
819739530
815536282
815532170
817628298
849760395
312922251
317100425
317100425
317109033
316715305
291545385
270579003
270661946
270645530
342341898
350664970
367433994
363235594
1571586442
1441563018
1441628570
1466859930
1467920793
1465819565
1457447341
1474162085
1474165988
3613248620
3609052444
3608954124
3611055884
3611039512
3615309353
3590269482
3724159530
3757714970
3485153038
3485008186
3484942442
3466068206
3482853630
3484950742
3484951959
3485020065
1341799328
1312443296
1312443312
1310378880
1310363520
1329248128
1299874752
1291432497
1281925665
1281925665
1290315553
1281927969
1214818595
1216063523
1499105297
450533441
989501504
980059200
1042907200
774602960
1848291472
1865068720
1680781472
1680840096
1680137892
1679882925
3831524009
3764411048
3765455528
2699061948
2699063004
2699060940
2699350732
2699379532
3773657364
3773575223
3773567014
3773038638
3764719662
3764794430
3760598046
1617307678
1692805182
1957048158
1957037774
1957954191
1421083277
1437909645
1454874589
3601247213
3597052525
3592796765
4129603149
4129595933
4129591853
4064121388
4064207404
4078838500
3776848549
3760074403
3766295458
3783002274
3823896738
3803056258
1656630402
1654530178
1926508962
1918124966
1917907638
1903206870
1902355559
4058229799
4053903399
4053837831
4121275143
3617963527
3622208007
3077472774
3077477895
3077410599
3043797029
2783492133
2783741988
2784922884
2810094084
2805637636
2805715476
3074232949
3040613222
3039575398
3211528294
3198826750
3198826718
3198826510
3198825486
4272545806
4205355022
4289244217
2112597016
1818788872
1814593560
1814601752
1815666776
1832476904
1832526056
1832526248
746193576
616235672
616239816
614150729
881340937
881344011
1955084842
1422420458
1549461674
1551599754
1551404171
2105312395
1986822281
1994817929
1726387145
1726394637
1727443245
1718919207
1647632423
1664561191
1662451750
1662980134
1629433902
558825838
546112106
546113051
546119179
813967883
814508559
277654031
818718983
810322247
811502789
828276869
847155333
842707077
842707125
1914351777
1914302881
1913402277
3792447143
3779866351
3767474927
3784116911
4052490895
4086050703
4136463755
3599717791
3599726015
2546923007
2548033007
2505958767
2505875775
2489168655
2497032973
2513941085
2513875583
2514465535
3042744047
3076312558
3076312302
3076513022
3061758047
3061775391
3057642509
3057476877
4131333389
4131266821
4135465255
4143841575
3015508071
4055695862
4043126150
4034801286
3497942662
3497937542
4032776886
4040981222
4057754982
4091044902
4076367910
1937268766
1937272846
1897492490
1901793307
2010775592
1468682024
1469803112
1608116968
3749247656
3711490700
3714633356
3706308237
3702441613
3702450079
3702941589
3707052469
3446940149
2371101156
2404459492
2404394980
2396071924
2396077524
2408675796
2408610292
2411757045
2412838261
2412894039
2404615959
2672924454
2675029286
2675027238
3052645686
3050551558
3050486534
2773654038
2768276022
2768277030
2701172518
3775119150
3775106606
3774991934
3774958126
1627589166
1627593262
1627466614
1631594598
1640314982
1636124798
1636649182
1669978310
596175047
592165063
587897031
587906023
554367719
558557927
625732327
625503223
625507287
621283799
625609077
634001765
634005861
629876853
629680199
633890887
633957446
625695958
625724886
625594102
634126054
634126054
667471831
659082695
659082437
659289341
659189996
659173612
659173884
625680828
617292217
617296829
885590687
885787279
881670806
881846998
881830614
1972215367
1988920135
1994236103
1988001991
2116452551
4263936211
4263952611
4265048035
4264830695
4258539111
3163825709
3163891229
3163825677
3164354061
2626436893
2630645037
2647479615
2647553359
2640213326
2640008662
2640043254
3722173622
3755564214
3747099830
3742901398
3743229334
3743314838
3747508870
3755918038
3757896307
3757891891
3757891889
3724337204
3657229349
3632037159
3632150806
3627944710
3625847574
3642694198
3646762806
3684246838
3684430111
3684270556
3684205052
3690504620
3677914556
3661146012
4195984796
4211713436
4279936436
4246398373
4250854823
3177074151
3177012711
3177127415
3177142231
4252899271
4118753863
4118619735
4118626039
4127013567
1979464623
1979460013
2013015229
1943875725
869740685
324472969
299307513
293032235
274780458
274770234
1344317754
1348573466
1348704522
1441175818
1470533898
3618537739
3752755529
3753804269
3758007277
3745506157
2636109589
3709793815
3693016599
4099896895
4099503727
4116209279
4116217693
4149754317
4078447773
4082769085
4082767007
4073390239
1926168733
1926037693
1389130157
3532420013
3549217773
3554530893
3523208973
3496993549
3564102429
3496407869
3571898169
3573014331
3589660187
3587504923
3612667739
3612866042
3612866042
3548365211
4085236107
4093624715
4091398073
4091056041
4082687913
4078562969
4080658121
4080658379
3005998075
2985025899
2963951979
2964214138
3031429402
2515325230
2506642734
2506708286
3609945374
3609931022
3614129183
3614391423
3589211231
3590198607
3455983951
3489608479
3355251517
3355275581
3355239741
3355223101
3614419997
3580534029
3576335629
3559623949
3563828509
3563697436
3564744988
4097372460
4097372525
4114092397
4114219503
4118426607
4126872558
4122940030
1472139790
1472139787
1438397195
1172055833
1146891545
1147091225
1149163801
1149212939
1149017546
1147962762
1277985178
1596752282
1584305054
1584313230
3731796894
3732841383
3741295591
3741099495
2684151143
2640180517
2623405879
2623504182
2621142546
2621142546
3694883346
3694809874
3697955090
3706437650
3719025745
3735786704
3735794880
3739856960
3727266880
3728459248
3594249700
4131350500
4147981988
4101846692
4099872413
4108256909
3571254925
3569161919
3569102502
3573362422
3573509846
3590154054
3623678214
2549932054
2527948854
2394780726
2399108134
2398960934
2407279974
2402887510
2373595974
2381972294
2377778135
2360939511
3367511533
3367529964
3363330540
3375917516
3376115148
3476710860
1312715593
1333719885
1300152639
1281148215
1281158455
1276946487
1276946483
1277082899
1281274179
1165918659
1199473089
1181647745
1181648595
1181736659
1474820723
1441135459
1425336675
3572821027
3564393475
3564584963
1417105427
1148612915
1156997683
1173755441
1173816849
1174216208
1165766160
1195143024
1195212144
1199527409
1182717315
1191100546
1182630018
1177071762
1445564546
1449821570
3622483890
3584802467
3567894245
3567822565
4100499052
3040667228
3611289100
3611197228
3598065452
3740600620
3740604732
3732870173
3732869151
3732742171
3732693051
3732795451
3724447962
3706620042
3702425995
3702491531
3706698686
3698179758
3697861294
3559449262
3563610862
3580519406
3580585454
2507695446
2516346327
3590136287
3588043231
3588174303
3588118525
3588114429
3588055037
3588026357
3588026325
3613193557
3615356247
3577606439
4148008231
4282365247
3208623375
3210714383
3202326301
3202260541
3202274861
3202241069
3193705021
4267455005
3730580264
3730583592
3730571304
3758030888
3707636760
3707639816
1425946697
1150683595
1284770442
211036842
232004266
181686202
173282746
236335546
236855706
236925338
222237114
209596862
209592782
215933382
215844150
210544934
210544934
211069221
213363012
267828676
1311147404
1176928652
1176928668
1177977276
1178051004
1450680829
1459090799
1450493231
1467280686
1417015098
1423439643
1423431451
1423425823
1976881455
1968468013
1997828141
1460867133
318963741
268632349
272840509
272838197
281095719
281094679
277233239
277153527
10224519
27001229
50250125
50237837
50237919
50173935
318551919
316452714
333229930
291284842
290755562
290751450
290898891
353780043
890642809
1997939817
928394345
936783225
936803673
399824715
400347977
358400841
354324793
337552425
1432265835
1432267883
1442770426
1475739082
1459045838
1458962894
1458962766
1452683550
1452679471
1469326125
1435771688
1422156584
1427412760
1461030664
1444715336
1446816712
1446808011
371885450
371896458
1445634186
1428873374
1416290526
1357537367
1357528564
1353325988
1358706849
1350314385
1367158163
1379805059
1383990914
318714514
318583474
317534898
330055398
300691174
283389287
837036397
308753788
308687180
308678924
57016588
6553896
6578472
6680856
6683928
10869528
10996488
28232200
61775368
45019915
45007626
44876074
40682858
36533610
37647722
54388074
320643402
320635722
860848970
839825402
839892459
571324649
571259112
571317464
1645064392
1981657544
1981715161
1983836907
2000564970
1967010542
1950166702
1693198766
1957439662
1957562510
1957561486
1958088847
347349455
341058047
336601583
335555822
339757294
360761578
394389723
377678281
377662920
105029900
235045132
370180392
369156392
369156392
369156136
386040136
273844168
273844872
284592777
284134073
284146603
283422123
325361850
321163482
321290446
1344709070
1348904790
1357293174
1357289058
4041578209
3504730833
3496993472
1399767616
1399669344
1382883936
3526177381
4062979686
4083956838
4159445102
4121712878
3584940238
3568302286
3568164046
3572334798
3563958686
3589271983
3589169583
3522109925
3556586997
1409101173
1400712501
1400712500
1400714532
1399664933
1399795991
1366241558
1350505246
1079826238
1087151982
1082691502
1099466686
1133221790
3532304781
3532304780
3553272204
3541934524
3575423464
3560878936
3558770184
3562466825
1416944186
1412753966
1412753966
1965877550
1986837631
1994948749
1990901901
1449840773
1579872389
1579839635
1596613538
3697960610
3702090338
1554528802
1554807330
1470917379
1454369025
1458489360
1458457600
1450066944
1445937152
372199632
373125280
356475041
876069011
876069766
877762230
880910006
880844518
880852582
880864550
876635190
335684614
470951943
491915573
525797924
517282340
112474656
112473648
117207552
116302273
107905154
120225970
1143583138
1147778978
1156160162
1420401315
1420794545
1420729297
1470938400
1996267552
1987878948
4131225660
4265582604
3996558348
1731636236
1680264708
1680264804
1684879020
1684878015
3840684702
3840687790
3840679854
4121696430
4155390110
4155390086
1992195142
1992096775
1995748405
913744932
909550644
775402549
773165089
773238819
756453395
741785730
741818498
740753590
740758950
741682854
750004902
615791270
613424807
881858189
883962565
363864580
368076292
91356932
74578708
74562321
91601681
389463297
376878083
377389059
372162643
371970291
372191473
388968945
74331108
83834468
83704356
79510068
79444517
79440487
79457250
1153213826
1157398658
58622082
36606082
36606082
305041538
372150610
371626771
908572193
1713679908
1713678892
3862280744
3866921768
3866925096
3862726680
3862744072
2939031880
2838368856
2821599851
3098423914
3098419818
3098030574
3098022134
2577944734
2594738318
2594806926
2599008397
3123292300
3123292620
3123292748
3207309836
3174742556
3157935636
3158188564
3158258213
3170637350
3165392678
3165128742
2628262006
2628270198
2376611926
2376612054
2376611974
2410273927
2397679748
2397679748
2397679748
2398073244
2389684648
2401620392
3441890664
3425049896
3425057577
1277569578
1278618122
1278491146
1279012362
1276907018
1281099626
1298097514
1323197562
3472519246
3468349518
2393538630
2393538630
2394665461
2394465252
2411242212
2360910436
2365096544
2355725904
2620036720
2620042848
2619977696
2619906211
2640890018
2657765506
2653558914
3727572098
3727563906
3727111346
1445408930
1995519143
2012226725
934290828
934356364
391132572
391139789
323019082
290685210
290690874
325107498
304134442
304125994
304126010
304454666
1382450250
1382973514
1408151818
1357832986
1357799982
1357718062
1357652783
1357656879
1357853997
1425937692
1425880844
1423255064
1423255096
1154819592
7632392
3968969
20745643
24942763
335321258
317504667
317632907
309260683
305034123
305017819
309211691
327033385
301802281
282863401
282863915
282863915
274491594
5032074
6129802
6261898
7771530
25096590
41841038
50229574
50221318
46035233
45768992
50028592
41571328
37407744
37410816
37472528
104451441
121210339
91849202
74031538
74032274
74038418
342460658
342460531
350984290
351976690
356426946
390063298
1463760066
1430195682
1430194914
345324130
496843298
1606228497
1589386752
1320952336
3338150176
3325718528
3325751297
3342500290
3292235698
3296303010
3300505250
3298604710
2224928423
2224865188
2495393700
2491198372
2537327492
2503921540
2503933844
2503897044
2503632860
2507879260
2514301820
2547786108
2543608188
2510049757
2510118367
2241681774
2237413742
2216433966
2233207102
2237537550
2245928207
2243831055
2243896637
2243704101
2277250341
2277328181
2411709701
2411237749
2397602791
2263384999
2254996374
2238419862
2221512118
2217270690
2217277602
2217277666
3291134146
3560618434
3560613315
3611206337
1450877632
1445626561
3324740289
3257562707
3257548306
3324721954
2271750182
2242390054
2225612846
2242526222
2242514958
2243428367
2276987181
2411254060
2394464556
2415427908
2414576076
2414580124
2414646189
2405996205
2405996205
2368247487
2351665807
2351862670
2352936879
2621369783
2621336023
2621319287
2638100599
2669558791
3474859015
3462276103
3487433990
3483239750
3451834150
3451883303
3720122147
2512164625
2547815233
3739001808
4262240928
4262306464
4129206928
4129181313
1983777409
1931938723
1663309987
1675638946
1637886118
547368118
547497094
565321923
871506115
842031219
577823011
586211619
582205731
603128579
812786439
807543311
807547403
807538235
274729515
280250927
278710894
277645710
277650574
278712462
285003918
287723662
321261958
304494246
308686499
317138593
316940993
316940807
1122263846
1122820398
1139598638
1107082542
1098685758
3282033934
3281964302
3280882950
3247316230
3248371574
3248370407
3288077029
3287896732
3267289484
3271549324
1115485416
1110232168
1127009320
1363070040
272555352
270462920
807249545
818185883
813993627
813993657
818251417
1371971276
1405529676
332853020
316075804
309799189
307707157
307631383
1398145334
1397162278
1397035046
1371893806
1371844654
1908707658
1888259466
3767307163
3767376536
4052720280
4052653704
4048466568
4095664793
4097778393
4113441387
4147064682
4129826858
4138207338
4138350793
4138367177
3601523912
3605831880
3610214856
3577647688
2503389708
2515989053
2509529709
2509513317
2511610471
2494890862
2499085150
2230584158
3295949098
3295944746
3312726058
1299647498
1299585035
1144465419
68429833
68429848
69002508
68993293
1148814283
1152029643
1156232910
1181400718
3328879542
3333144486
3332936118
2259194022
2260242863
2260251561
2260251304
2251927208
2268703420
2268703644
2250156429
2535386511
2535351454
2504921246
2505978046
2505986542
2516566374
2499794230
2494162695
2498291461
2498291460
2489902908
2485765420
2486947116
2503626044
2441031004
3512679372
3554622348
3554352029
3554156461
3553101229
3553104303
3553177791
1104818255
1104818203
1093283899
3223859515
3228106011
3249318683
3248786202
3518335802
3516107578
3520301834
4051927306
4118909002
4119961819
4115898603
4111704237
3037896869
2769716385
2769734800
3877039600
3881193073
3881122417
3891604019
3891604019
3086298419
3086294035
3052863491
4126543875
4127142163
3586077233
3567202869
1419711037
1421607547
3300663019
3296258746
3292039834
3292367242
1161599882
1159303050
98206602
79344586
79426378
83370863
70787373
70919460
1142566244
1159597248
56370304
56385664
58642565
58639749
57597911
1139767927
1140664870
1140599590
3271307046
3260293414
3268686142
2190737726
2190229806
2257355054
2257359151
2274145127
2375854053
2398392295
2321845173
2317467061
3392386277
3390238836
3390201924
1241915396
1309024260
1292247108
202777932
1281232589
1287588558
1286539982
1286413002
3433839306
3438099146
3433897562
3434877498
2360635946
2360664874
2360647978
2277286186
2277351534
2281537749
2271839620
2238285200
2272038320
2267846800
2251135104
2519710912
2519643232
2452529184
3527335989
3594395655
3592298757
3612283677
1439436348
1422854684
1423845964
1421756997
1420675669
1420353111
3573060950
1559793750
1547210966
1597695110
1513761926
1513761922
1513032882
1525613986
1521423009
1521300133
1504469748
1491919444
1483518580
1480368736
1547478624
1545120304
1545181808
1562090192
1595596484
3594149828
3598321109
3605856741
1459425781
1459429719
1474044175
1440538911
1977414955
1960680747
1979685179
1742715163
1658624507
1650231721
1646040473
1646035080
1715384456
1715397001
1714315709
1663971439
1634598950
1642922022
1638735894
1638670358
1907172630
1974347591
1974339143
1438518983
3573292630
3573300774
3573295926
3304930070
2226462486
2226460438
3300332342
3300266805
3298763588
3298636740
3230929908
3230949284
3228879780
1077250469
1092983205
1110870199
37127310
37134478
303558798
303354287
839127983
839123629
860096169
558109417
549859865
818291465
278208777
278208795
12053787
1087744283
1079290170
1096059658
1100778186
1134529162
1117243019
1119339147
1119244939
1119253417
1119248809
1125638317
1091686549
1092718716
1076138040
1344577800
287615496
321227273
308779529
308714249
1391368201
1391363145
1382514825
1918271624
1901523080
4032226200
4043237097
4039110251
4038913578
3506234922
3497804330
1360790026
1461458442
1444822794
1180581166
1188703278
1184511014
1201344518
1155203078
215613638
217711046
217719735
212476837
79311540
83841668
58480588
41181148
41220952
39254616
39312104
34929320
34926249
1110758395
1127530971
1128104186
3277820011
3247288619
2173547307
2207102505
2206578221
2189931045
2459345444
2476122916
2440400164
2503317876
2486671728
2620898144
3157699168
3208026720
3194389059
3199112130
3198988482
3203174626
3190608098
3190609058
4281261234
4230413442
4231424130
4231409026
4233571971
4233571973
4241897093
4239852181
4256432804
4289999588
3753124596
3753649669
3685494294
3756796462
3756796462
3748146030
1333467614
1333398926
1174012046
1157300367
1157394621
87875749
