4173266412
3103616236
3155978440
3156179160
3172890841
3171350731
3204902346
4283361098
4019184330
4286964426
4253348575
4236571373
4240762285
3158625453
3154463933
3154462877
3171342479
3204906383
3066455694
3062260366
3062194830
3078972055
3180622565
2631161573
2631159781
2490648631
2485475351
2535685126
2518868998
2523324678
2532733702
2666943047
2660717277
2677307117
2681499052
2650069164
2641676525
2637547741
2671172687
2671177742
2671173902
2675106318
3723940414
3723973159
3704910373
2631165797
2622780773
2622770277
2635582549
2669075527
2652298311
2656492871
3738613575
3734418373
3751801813
3583828404
2497507492
2489110692
2484454565
2486619317
3023501719
3040275398
3078073046
2801121846
2801638966
2800535063
2800546357
2792153637
2804441700
3811062500
3811115701
3777495477
3760717991
3773303975
1621760210
1890461890
1890462786
1890509890
2007998742
1995281159
1727889935
1727825421
1719437868
1715251752
3997149736
3996035080
3996052520
3928231976
3928227880
3907461208
3903202106
3904774698
4170845738
4170779178
4177009194
3640142186
3634900170
1504206986
1505288330
1236963464
1234866312
1232766120
1295550636
1329121452
1312483772
1446668172
1450058380
1458447052
312869471
316998254
333723182
291793774
270858734
270917086
270906830
271884750
269779726
827621950
846562854
1919266342
1928310310
1928243733
1928236549
1986971205
1999521733
4096656839
4096394710
4096462142
4100537646
4104662062
4104922158
4104922142
4121810190
3619464975
3621564029
2546772589
2537859949
2533660973
2538048559
2539029551
2480324687
2476667087
2480759246
2472305134
2504540655
2514145709
2514375148
2516350332
3715640588
3711446285
3711838477
1564354831
1564371230
2105166110
2113555726
2109718863
2092814797
2091184335
1567944810
1561617514
3657706538
3657836846
3657580078
3682751022
4236427821
4237345308
3700720140
2629079564
2633805372
2367459053
2400111535
2383292846
2383292574
2517248142
3612027038
3549052094
3533309087
3264872845
1119367820
1119625900
1114383276
1110184364
1110201828
36496708
36610304
19837184
2539776
69386496
69387520
73586449
82016037
81997349
94579207
129448462
96459550
95132670
359373226
354978218
388541610
371761338
371753210
371752986
371888171
376086568
309252152
308695064
304487480
1429605368
1417026200
1423317640
1419119240
1419052731
1150554795
1154753129
1148461864
1206137144
1201956120
1201958168
1168529673
1286535179
1291769882
1281329466
1275955514
1275956602
1544390602
1544455050
1415222158
1553634190
1569362830
1573430182
1460183718
1997072294
1980419494
1997196535
1963646007
1979370501
1709832197
1684662277
1613424647
1613428998
1634389542
1744553510
1744422454
1725448758
1729626647
1729638965
3845661220
3828888356
3974627628
3974648957
3970693213
3970627783
3836393606
3987318918
4020865174
4004158614
4008620166
3878596742
3878064278
3845578867
3827752992
3827789856
3827594528
3827574320
3831899648
3832415792
3840738913
4155049715
4272432834
3064473026
3064466626
3606710418
3602520194
3602528643
3618257283
3619175301
3619433892
3623625124
3613147300
3508334773
3510476949
1366794373
1366794707
1366664162
1349878498
1347782386
3491073623
4028014103
4030119479
4029148967
4045792567
4083642391
1927692319
1927676175
2012086543
2003635487
2004691307
2105485419
2139035755
1064901707
1065095241
1065095433
494207753
477241897
215167531
209796650
209725994
260057902
243329294
243317006
1317441998
1319011213
1190822540
1177191068
1311417020
1294639780
1277931444
1278839709
1546242399
1550567726
1550571822
2095704366
2091492398
3987308606
4020867134
3999830061
3995644156
4012417228
4013663124
3980047012
3963254436
3963231980
3849984623
3874163238
3802663270
4071099638
1924665490
1939550354
1352278162
1352282242
1082799234
1082797443
1088125891
2857475
2857474
32025138
1118351139
1118343968
1118343968
1122533664
1110081904
1110352016
1110352000
1110364288
1128219776
1362955760
1430069220
3581751012
3585945324
3584638684
3584581580
3584614349
3567835103
3573085678
3564687790
3560501742
3560661246
2487116894
2237539614
2271030590
2262056766
2262113854
2258581054
2392733246
2392797999
2411467631
2377916925
2294031805
3439068588
3429631404
3425502380
1278153916
1144926364
1144938637
69181833
354198921
891072393
1036827561
1070382057
920107305
920041497
911706121
909413391
909484094
1043718206
1044344862
2050895918
2071605542
2029650486
4173012678
4172889814
4172888830
4172824302
3640140527
3640140507
3707249353
3703124616
1555772088
1421508520
3573209512
3562571928
3558385800
3574381960
1363643785
1392936587
1392674506
1090676346
1074800170
1074800622
3222611454
3231056118
3231056102
3233153254
3233546374
3283476675
3271472385
3270411520
3337586432
3333263120
2263662368
2255007520
2251009828
2267727108
2368390597
2352665029
2361054599
2361119654
2360922790
2293818086
2298012390
2314785527
2306401791
2339958143
2602163261
2602159133
2568682509
2568678413
3642418189
3645596941
3636994829
3649577549
3650040553
3654186731
3645851375
2567720431
2567720319
3641506893
3373261901
3360678156
3364741444
3364844372
3364778741
3364771557
3436105639
3427782050
2350894514
2350828674
3476473218
3325478850
3324461634
3324457490
3328647718
3353682470
3316982566
3300189478
2226428966
2243210278
2213919830
2188807303
3263071621
3262022277
3526328964
3526341269
3526358709
4063229613
4063166381
2993028524
3802463724
3820283224
3790906632
3815809800
4063332152
4061447976
3793022761
3793087787
3793222958
3797863470
3789452318
4042940422
4038738246
4038771095
4037788577
4042817441
4028119459
1880624275
1880818865
1884950689
1889153267
1958355015
1958420485
905454605
907552829
907626799
642374187
650680955
663263963
663271113
664314569
767074889
746103785
740008425
1679484140
1678650464
1677986912
1677918304
1683095584
1687298848
2125869584
2125332996
1588466189
1588206094
1185483326
1186519598
1180216302
1174968766
1174973582
1577820302
1595650190
1564115076
1546293380
1412084112
3563751088
3564096160
3522002657
3521916643
2460233442
2460755618
2527864226
2527862950
2545680550
2243690710
2230153287
2221786117
2221788420
2221780740
3564088836
3564027668
3580796164
3610152192
3744251152
3745296161
3711954465
3695115777
3560853185
3565045379
4110239410
4108121506
4124370082
4156859554
4140282946
4140019715
4131627009
4132675584
4132937776
4132958240
4133409569
4141761121
4141548261
4152034037
4286133853
4282199629
4282346255
4252887071
4261210158
4257077342
4257143886
4261380302
4235821262
4231786718
4097470910
4101661358
4110034598
4125826727
4059630247
4051443383
4051449735
4034667399
4032766359
1893675493
1889347053
1402764661
1385974084
1390210820
1377820416
1377784657
1444368723
1444335959
1970770407
1962316263
1962059207
1962050887
1961926469
1951444844
4115703596
4250179372
4017393196
4017983036
4018118428
3984522556
4252919084
4252893500
3179086092
4181598476
4164825388
4231987500
4244383020
4240190844
4238158335
4238175230
4254923726
4287938446
4294217422
4130636510
4128744158
4145521310
4144472766
4110787254
4144293559
4127509925
4133275812
4141804708
2797528256
3065962496
3064881152
3048173588
3031266084
4105118247
4104790574
4125820526
4113043182
4146596538
4146596762
1965570250
1911044298
1890261194
1890265227
1370055817
1408802952
1389928600
1381532088
1926005208
1926079080
4086870568
4053303853
4038690349
4034573871
4029326127
4029571886
4113437502
4146987802
4152230170
4143775786
4139521066
4139588634
4160628746
4127156554
4124875211
3856436171
3858538379
3892086409
3883172505
3862205177
3811881705
3776295528
2703155944
2686378984
2686347752
2698930664
2694728172
2694713292
2694652621
2958889678
4028506822
4030478054
4033617318
4042016930
4087666866
4071085202
4143358082
4141260994
4131823682
4127363075
4145190674
4113757730
1882206754
1881420326
1684480806
1693909806
1740440895
1723669515
1723607051
1989961739
1994156059
907569179
840442891
1360527373
1343750220
1343882220
1356474092
3231329892
3300535860
3300599360
3348689600
3331883712
3330835171
3330843302
3347624614
2219607718
2216446690
2218527522
2218597170
2218670338
2218141955
2222336275
2258056451
2258505987
2257502659
3331166626
3263992482
3263993506
3263991459
3259812513
3255569057
3256818305
3258907776
1110355072
1110355136
1110354944
1093642240
1106032688
1085052960
1084528677
1084531750
3232153606
3244711954
3290918946
3290911266
3304473122
3432924898
3431810690
3431749250
3427552978
3289138898
3289321174
3290311366
3306826182
1201277126
1201154228
1452828844
1452833964
1190711532
1178128616
1111224760
1109057976
35348652
34085028
21498021
281741701
281938564
281963140
283043541
275636741
292332037
321691959
304390182
304390182
304381990
841252975
840926461
856589773
860786204
902740540
1977399836
1962715656
1961733640
2087628296
2104399384
2104460824
4232021529
3961488959
3961386607
3961317358
3898402286
2833077486
3990831342
4024303774
4267577735
4267581831
4267578262
4292686758
4288178151
3181145575
3046963301
3046950965
3051137285
3042878981
3044971013
3011412487
3011412487
3010822695
2742337895
2742861925
2740732005
2706264133
2689478989
2689475084
2957910556
2957981308
2957852269
2966182253
2963032173
2963065039
4041133198
4125011854
4152272526
4130846398
4130714030
3862204582
2787492070
2791817335
2791821333
2791764244
2808504884
2776000036
2776055348
2776042004
2717141861
2750695781
2729722989
2729758845
2729959759
2727797582
3000492670
3009204846
2703017838
2703001966
2703067246
2770258047
2774456399
2908679501
2917065549
2908152397
2874561117
2870440831
2838827371
2838762859
3925089323
3921500459
3904789775
3906922254
3898402382
3893158734
3892897278
3897156847
3905601765
3918184677
3956982213
3931829060
3927589444
3927655021
3931661933
3940085103
3940088873
3935882281
3940074521
3955872009
3947553355
3909804635
3909796586
3893118954
3897316842
3922490603
3923576043
3923640521
3906867405
3898487117
3898479453
3898553901
3906940463
3919130411
3952639275
3935847739
3940073739
3931750666
1780211978
1780065066
1799922474
1799922218
1778968170
1778968314
1779033818
1795946138
1762285211
3897427851
3897427339
3897427339
3905881241
3901035707
4186379451
4287042715
4287963294
4287963294
4288094398
3753320702
3719639550
3723768190
3748935166
3748998639
3748997613
3749128700
3489020236
3489013516
3489072652
3455914556
3350999596
3349963300
1185702708
1185734946
1185734690
1189663778
1177338978
1177456066
1177456514
1160167042
1143385730
1143385986
1156423042
1156423057
1156428945
1080927409
1097721265
1366257073
1365581729
1373977249
1357195937
1357196979
1357125543
1885352871
1885368813
1885401453
1885384989
1885648141
1885646109
1885641020
1885838108
1885600541
1885534813
1348624117
1365378789
1433547415
3613467334
1465979222
1474367526
1205867558
1172323378
1172319254
1155869718
1155937286
1156449542
1168769814
1202345477
1202216452
266915616
120122144
86567200
86735888
69891136
2758016
19531136
57296256
49169809
40732081
40210865
40087953
308515153
325093153
861969697
857778465
589343013
572565541
1646312485
1932837925
1880490103
1879966854
1879969206
1885219558
1421679138
1421347362
1438128642
1102588418
62400259
125444355
104472833
104473409
238692289
238743489
241863617
115968467
124632435
124628275
124626227
124625971
120435763
120566803
120573011
120311025
120315361
90963937
82570929
82439825
82433713
82679731
82687411
32486801
24096145
1097858451
1164959122
1156407218
1156396706
1156396706
1156342434
1425860514
1425663986
3573136882
3568934371
3568877537
3589842661
1444450884
1444569604
1446650372
1446650396
1458185516
1454193708
1454114860
1476136044
1364791500
1360666828
21631180
21692488
13107224
13570347
5121834
5647914
72690218
72628794
72383242
80787722
80775498
232099162
234325370
226460030
259690750
121286878
119185542
119447687
104751233
104742065
102635745
106367585
378824288
395633252
1419027148
1891087048
1895203528
1887407832
1885113065
1880922793
1880931243
1897920714
1899904138
1932407978
1932402858
824582318
813048238
821166838
814891542
815005203
833666322
867216402
854631442
305180674
305303618
305283202
305267074
388368039
350428837
346111653
1957721700
1957750324
1420878644
1422975253
336621583
471289870
473302030
473827646
472529726
493501190
497618246
497556950
397960431
397943029
98050245
89810116
22700484
293229492
326877860
309916341
309981877
316375741
311201455
315394735
860654255
822910607
823047823
1887363711
1894703407
1890361391
1370267695
1370338327
1399782405
305028097
306056192
306058704
306058660
310261156
335421316
333320068
299779717
283034311
284529271
283419431
1357177647
1356914990
1356910895
1357053294
1358063982
1355951070
1355221902
1439107790
1473645406
1459488010
1453859082
1453859115
1588076841
1588093741
1592316717
1567130413
1547207013
1547220451
1413068691
1413066371
1412017795
1412030081
1413176977
1360663952
305798288
318385376
854526032
853825604
845442372
308604404
308606439
334877110
334988702
332776894
326370798
305407462
41165174
49160198
61747207
61743109
28061733
1089230117
1080875303
1076799750
1076804870
1093567750
1093583110
1097515342
1174127070
1169934269
1169940140
1153428140
1153231532
1147989932
1076688796
1160556936
1160229276
1463071149
1446310319
1446430126
1446438886
1466164774
1474552342
1441223174
1357185542
1357120039
1366037029
3614253093
3329057831
3328998455
3462154455
3465332943
2274134223
2509146319
2644155725
2644159788
2644092452
2650309156
2641920564
2637799941
2671469127
3745194734
4281939694
4279765166
4262987942
4267182270
4275644558
3738773710
1582968014
1448797390
1456116110
1468957598
1367836574
1351059350
1887864245
4035420324
4106526884
4093943980
4111786156
4111888572
1966489052
1965431596
1902516781
1927625263
1386482207
1386494735
317466375
384782599
107888646
107925558
1181675762
1198444674
1148174466
1147915666
1416355250
1424752562
1420552098
1420814258
1420685719
1424814485
1416388772
1428972772
1428434412
1428499436
1416051308
1441204764
1474759180
1189419533
115359237
106964741
107045141
107475253
107458865
107450675
132558851
91128003
343900291
337477779
1411232946
1411230882
1415489702
1417603510
1416513990
1416432534
1416379318
1416375974
1441609382
1437401767
1437405861
1168384756
1168385652
1306799920
1331969328
1193749761
1193684227
1193681154
1198412034
1332527922
1340859218
1336587202
1303022978
1302956434
1307093410
3454593442
3438864806
3438865830
3438925294
3430728046
3429691694
3446448431
3748505389
3740182324
3735988020
3740043060
3731670388
3726964052
1579513156
1597380036
1563559412
1544685028
1548953447
1553020758
1553167174
1569846215
1573974981
1607586125
1196658957
1329778701
1297339421
206664761
342912041
1412459563
1412791339
1412914442
477513482
478103306
217794074
230254106
262760222
267937566
1324971326
1316705663
1316737525
1325118388
1323013044
1318695600
1322820256
3464012705
3476792208
3443173248
3291139968
3291433904
3291298720
3295489440
3299157408
3299160484
3299086821
3299090919
1155801574
1147154726
1143016758
1143089414
69417734
69495558
119859975
40283911
103711494
103711494
1177322422
1177322150
1207744174
1203017646
1453694910
3601249678
3600987278
3336742062
3336692974
3337741797
3346130756
3597698612
3593508404
3593582356
3593708852
4130782500
4129725476
4129725440
4129721344
4146498560
4112944128
3827670048
3828196384
2758668068
2767187492
2762982948
2762851876
2766685733
2754109988
2804425316
2787640032
2787639732
2808610964
2766930065
3031171219
3031307410
3031307458
3031313410
2494507030
2494327063
2490165511
2523834887
3740184071
3740254726
3735831286
3741057766
3606852270
3614187694
3563856046
3563850926
3560459454
1413106830
1427827855
387605705
369718360
371011640
371142952
377360680
394134329
394085947
368901674
368884250
366840394
366776026
362579610
362054542
395805069
398889357
386331061
1460068773
1595761060
1562272212
1562258885
1551780165
485083447
1554626879
2108209455
2145955183
2120787405
2120974793
3999957448
3999957932
4001014444
3879527085
2772198059
2772251355
2759721706
2784760554
2783191658
2816767786
2795821114
3802957835
3802957835
3870271563
3867076683
1714846923
1966473435
1681260799
1680216558
606483110
619053799
614929125
614924917
1017381444
1052009996
1052027404
508995596
508925996
504674349
504670251
504673290
1580646410
1563836618
1549140362
1553339050
1552295598
3699388079
3699403439
3699437221
3716218517
3733241476
3737431876
3730090276
3728062756
3728182564
3727136005
3593397511
3593396502
4130267446
4147007974
4100850590
3567911566
3567978126
3567847103
3567793837
3573034925
3296210413
1148726325
1165503541
1105794071
1101615111
32175111
23761925
86674693
120229124
103455748
103527428
371752964
372015156
908895268
909093924
1999550820
1953405540
1961855588
4109157076
4100739780
4096602756
3027120804
3035525796
3031233187
3165454242
3182213282
2930542770
3068958918
3056441542
3057563782
3057577094
3057542278
3074041221
3040488868
3023642532
3027766948
3047755488
3014211184
3014141440
3551014464
3551276995
3555487218
3547256226
3508978066
3508978050
3512893826
3512915394
3508600114
3491768358
3491768374
1344284726
1348482094
1352740910
1889931578
1889927704
1354695192
1354547736
1345117720
3559693848
3291068936
1144564232
1144560159
1146669934
1146620902
1146688982
1174024322
1169830018
3334086834
3334087075
1185636768
1185469312
1181270980
1194036492
1160427788
1143711804
69789736
2647080
2891784
271335624
271566264
292470440
1940826792
1924049560
1923922569
1991022234
1986826922
4130116266
4130116138
4130263594
4129710634
3995476782
4024839462
4020701218
4020701218
3987803463
4191169989
2035492229
2097362340
2101417381
2101427365
2109815991
2105564343
2105586839
1065399431
1052811333
2129764356
2128720916
1986040868
1986116644
1981987860
1982004244
1982266389
1965440373
1953892055
1962279566
1962345118
1958019839
1957966441
1962159657
1559505433
1551117065
1567959305
1576483083
1605881114
2126348602
2128380218
2119733562
2115547514
2114494843
1044947817
1044965353
1057586025
1025121131
1025121066
874133802
895097146
402525198
314330126
314360078
381452574
377262398
373068054
373195078
356417990
473862534
477028758
477034391
485314447
485313997
485317916
216807484
208414765
205269037
71052341
75437333
16646935
11404231
28246659
61670018
44958354
45011634
45003426
44678834
44677830
61455111
27901239
33078573
1098425709
1360569325
1360761743
1426768799
1410204590
1410208686
1413889454
3566611886
3700630958
3719325134
3717226830
3482379087
1334960989
1339286332
1307799852
1299514668
1333003564
1299252284
1299325964
221389836
204673028
202379268
202387740
70394652
74589132
79087244
95193756
111975100
1454160556
1453636284
1449180856
1449177784
1449169592
3605115641
3605242474
3605127722
3614499626
2490428458
2486487086
2507589678
2547435534
3600737295
3600801805
3606925580
3598516488
3342532904
3291091240
3426358312
3430550568
3433696536
3433630984
3299366667
3299407562
3316168410
3353904810
3328804538
3324937882
3324950426
3324950426
3593445818
3598574014
3598508527
3598508521
3611156968
1463673340
1427961341
1964823917
1948108157
1884738829
1884710685
1356227389
1356165693
1347695132
1347696389
268703509
268703015
268842279
1356207398
1402864710
314376390
314134662
47763847
38334911
38303151
63454639
14170559
282802607
301870511
310256559
309224351
309257167
309101322
309101354
309112106
309111083
325892395
317430537
317363465
1407877385
1409204489
1398718825
1414357485
1414275437
1413946829
1413876687
1422273535
1422338558
1552169462
1602500054
1589912006
1312973126
1309819678
1314046767
1339154989
1301324328
1551937080
3699419672
3699423800
3721509225
3747002875
3742795914
4128605322
4128538762
4128747978
4128694730
4128433150
4145177583
4158092271
4157939687
4152626647
4156833222
4157941190
4158072310
4158075390
4124521470
4124390110
3587454686
3520347903
3503570925
1356078060
1356144092
1356142988
1347763592
293022856
322317464
305542328
309530808
309342361
309383563
308576762
275030314
275095850
283620670
1353694270
1353562174
1353558046
1374337038
1399495694
3530198286
3597321807
3597584111
3607028463
3741278957
4285817855
4285818719
3748947295
3746886975
3713393983
3721913663
2648102239
2631324485
4233544645
4099392468
4241814260
4258588404
4292208628
4292345317
4267171301
3191196773
3191199797
3191331893
3191262477
3191264781
4285948431
4260835863
4109709878
4109701686
4107612710
4107541798
4107540519
4107540517
4099160085
1951672324
1364665540
1388720260
1388724356
310690229
315409063
332153519
323750574
286005934
286144958
287189182
327035070
309274766
309269646
309133454
309076398
309093358
317514478
317489710
330072622
296526639
279748885
279945221
275756036
271162420
271162412
271236396
858455816
842702345
1920634441
1926924939
1921682075
1921826475
1926010539
1926005657
1934463369
4150174201
4151747817
4146521129
4113034285
4114087221
4114085685
4101206583
4109464183
4126356178
4124259218
4157945250
4157936803
3612675233
2538802384
2540862464
2507303936
2507499776
2499045680
2495053584
2494975491
2629195282
2629112354
2631668262
2623275558
2621178662
2625388774
3170754790
3170362524
4241792140
4244933772
3741702540
1594027916
1426222732
1426220799
1976702958
4124181806
4126409774
3589569598
3612634126
3596086542
3596019470
1457439246
1456325246
1451803629
1451807148
1453318316
1440571564
1364991148
1344088220
1344153804
270412108
270412108
270471005
276760446
301933566
335373278
335340446
312275903
311214525
332186045
55362796
18820324
20852181
2502085
6434759
10632902
27397782
27332246
28327814
32533894
57732566
56655342
56636909
56627692
321065452
321004516
291709924
291526628
299948005
299941879
291548663
291679703
325234501
308461380
308387124
316706084
308579364
304389172
36500532
53293105
23998722
32380674
28194354
28188194
61610786
57432370
24071426
24042754
7268101
7259716
7194228
3984996
272427628
272427628
826077036
861730301
872272015
333303951
333299902
299663790
281846702
281526166
281460118
281459190
1355200631
1356245013
1408674837
1449503748
1450091524
1445892100
1445892116
1445908517
1584255077
1592574311
1610564975
1560158079
1551839006
1551182366
1551183391
1551187487
477574685
475009599
475005487
473965423
490737981
255918349
105103629
104898829
104898857
104902697
104897593
104893498
88328522
72796554
81709450
83819914
83678650
83685802
352121275
368563129
366408377
399696616
366207528
359686712
87056952
389047081
355590969
1433597193
1441963273
1436978473
1605143913
1588375035
1592561099
1517258634
1512982410
1512969162
1514025322
1501438254
1490493742
1490493758
1221931326
1220813110
1216635238
1233428966
1267048886
1267052951
1266988180
1271696564
3373042084
3641280996
3625621972
3625627076
3625625349
3713705751
3722089270
3722105719
3722081076
1568346964
1417163188
1412969892
1345985972
1350175124
276433332
301476276
318252476
318317453
317453263
317293327
317489946
309110570
309112618
325892906
1399823130
1366203146
1366198026
1433829710
3579216350
3579765230
3705528686
3707560302
4240220463
4240028975
4244225325
4235770213
4248344933
4281990997
4282054221
4265275981
4265497213
4269687407
4286382703
4284224383
4250674223
4259064879
4242304047
4238179455
4238343375
4259245263
4258201037
4258121693
4249671661
4250925037
4284413949
4267692893
4267561309
4267569661
4267536893
4267667709
4267651197
4158468413
1977561401
1960720153
1895697211
1895631675
1895569723
821827899
830216251
830229579
830247115
828158091
541884827
558732203
827306411
856667567
839888293
839887011
839888051
839820419
572432515
572429521
1676575777
1638833184
1638766608
1642899456
1634511104
1664002560
1663998512
3861827104
3862775328
2793149984
2801541472
2751205604
2699886836
3773706436
3773706693
3769515718
3769572086
1890327270
1890327142
1894529510
1881947270
1344152710
1343119494
1343025286
273465782
273479590
273465254
349022886
365865638
1468967554
1468967874
1436006658
1423289362
3558124578
3692340258
4229210146
4246119202
4277568051
3737043456
3735994880
3731554816
3727163904
3743943264
4230502884
4234737892
4289255652
3869804765
3869938895
1726652623
2116657357
2116727032
2116743416
1730821549
1730813613
1698171565
1633173167
1641809578
562827946
629486510
1971597742
1954816398
1955881414
1574218758
1567664438
1600628998
3622800134
3601566470
3601498630
3601502742
4272591413
4276650596
3203965348
3212358820
3208363172
3206266020
3206214884
3174724852
4231926020
4097704708
4109763093
4105442853
4105449005
4105447997
4243876381
4261308941
4285451983
4146972303
4130132638
4129862318
4134319022
4134311086
4142701742
4155358391
4127106199
4110328961
3829309633
3829309761
3829314497
3828137953
3831807715
3882265314
3865496066
3999451650
3995190530
3995103266
3995099170
3995082790
4016316454
3987087406
3970829604
3970845236
2897824324
2897799876
2887314116
2887363268
2772151988
2809712292
2801648311
2726216582
2726253014
2788954478
2788958254
2787909674
2909678634
2897098794
3970828330
3988391962
3921361162
4187498954
4221314442
4222894218
4222894251
4189311145
4187152553
3678593195
3674431642
3741344138
3741345162
3707973018
1564629418
3720505834
3717618650
1605786458
1588910857
1336211724
1302637836
1550680116
1546092592
1546027296
2082636576
2082636336
2100474129
2117312514
2115084290
2115227650
2046969042
2114065570
2119572706
2141129186
2109541223
2108230148
2141727236
2120772100
2117642821
2134551493
2004790725
1979680133
1711048069
1635555220
1614721748
1614735076
1614685728
1614620192
1614553636
1614553893
1618747693
1625227311
1620836411
1619543243
1636362443
1669900683
1653128073
1653382025
1645190025
1644666763
1711715723
1711468683
3858948271
3876770031
3857866863
3836895519
3970131719
3971182341
4239617587
4239399714
4109646626
4099157266
2486641922
2486579458
2491285810
2511208786
2527987650
2662206082
2393705091
2393639601
2397837991
2389194470
2389193086
3462996207
3471515887
3354992879
3354928269
1329097868
1327001012
1327001572
253453148
119169804
85910284
358515468
343836472
339520296
893172008
909936936
641501688
779980185
775259545
1849004443
1848737946
1848873114
1848823998
1865605294
1779592686
1783638311
3931122469
3939642132
4205985536
4273084160
4273017088
4260631056
2624860720
2566267588
2566784646
2562657926
3635219382
3635153070
2561415342
2561153198
2650306746
2642066570
2642323337
4248741576
4231833288
3978075864
3978084344
3978143212
3981877740
3980824685
3843461181
3843551277
3845538859
3844491311
3844491567
3890633278
3886438990
3887585998
3891582670
3866420174
2788672382
2792801134
2801694255
3086970429
2986176060
2986159892
2977709332
2977701172
2516325492
2495419429
2495550755
2629645618
2633766178
3438544674
3438683922
3367118098
3365020930
1217404162
1262487554
1241794562
1241835522
1242490882
1242491142
1242475270
1246539494
1254924974
1267253930
1267267258
1267263145
1267335080
1267453100
1300921516
1297829036
1294681276
1294695580
1294724235
1294641546
489339338
2099947850
1865001242
1718132542
1860801818
1856541979
1856549160
1852351784
1865004344
1865399612
4012293420
3945176364
3945974828
3943844972
3914544253
3914470781
1834092391
1817382515
1825771026
1825778194
1825909298
1821653810
1823807746
1823996162
2092345346
1973857282
1990624322
4070872195
3798250672
3794056352
3795189153
2721471137
2721462947
2721327778
2742304418
2690924194
2699828978
2695372114
2695375939
2695425024
2695407616
4042042368
4029516800
4080960512
4062094592
3793659136
3793726512
3793549345
3793545251
3860650471
3847048679
3838444951
3838456199
3838779781
3838649477
4107085044
4107222500
4123930420
4119473716
4119471636
3582465540
1419252229
1352163911
1352267446
1348058786
1342738082
1342737298
1342736514
1393068162
1376685186
308188291
318431619
325775699
325710115
321413411
304636195
305079603
309210115
309200899
309200899
309135651
334245155
283910947
279912967
279888398
280789758
278430382
815566510
818711534
827104110
860141886
591898895
575056141
575055228
1648796028
1644605949
1644663215
1644687791
1645082030
1645005998
1644742830
1644746926
1649142959
1657466284
1653254076
1637787612
1623111500
1626863372
1613036815
1612998718
3810867246
4130224174
4142798894
4138666286
4138671934
3601804814
3601739278
3333307918
3466989070
3466923526
2409893382
2380271110
2380336662
2380348958
2363584030
2363584318
2363621183
2363540863
2363539965
2296680893
2289406905
2297803704
2295709432
2296232568
2296232505
2289871401
2356718125
2352528943
2351621647
2222613317
2222616981
2230994084
2230963364
2432272816
3531245952
3526266240
3525739904
4062613904
4062687264
4062486560
1646567716
1663344924
1613029900
1613124104
1881543208
1882066472
1885145640
1887963624
1887967485
1888229631
1351358542
1351492686
1356750926
1075765710
1128178574
1111405198
1113227918
1187563190
1187564206
1187576494
3335023598
3351997290
3343543562
3478872330
3487129866
3483361370
3750670585
3750662632
2676261352
2676276712
2405206376
2333911416
3376408876
3359565597
3695092495
3695100679
4234920709
4243173685
4243111013
4234721444
2146086052
2120914052
2116731012
2116567188
1848119468
1848193256
1865103144
1835743784
1822960168
1822960136
1017653769
1017911823
481034958
480510350
350224542
351522990
928157862
911384710
910337478
1984014598
1715517463
1712367661
1714464809
1714793529
3862860552
3879436840
3826958888
3831120616
3831104169
3965204143
3967299247
3975679406
3970436254
4256040070
4256043142
4256051398
4255523022
2007392334
1986391102
1987373099
1987369003
1985275913
911502345
907358216
907415816
892732168
355861048
309724712
315898408
311442216
1384139560
1384433976
1183155464
1318490440
1284940744
1284940744
3434525400
3435037615
3434054054
3702313134
3697832174
3693616362
3694803018
1547315466
1547315722
2021288458
947420714
947447402
946378698
946373770
1013482634
1009552558
1009095846
1009184902
2083713414
2087903910
2140299942
2122457831
2122326599
1585455629
1589654301
1589919017
1582573865
1465198889
1431722299
1448593675
1456769355
1456768203
1458864329
1450541209
1446416571
1446949035
3292443563
3699303146
3705564926
3701374558
3701299838
3434643055
3434637295
3450348525
3454542301
3429368285
3425501693
3426628085
3426625015
3426102615
1148534087
1154772295
1154606535
1171445191
1137870789
1140035509
1123327909
1115008437
1115139477
1109820821
1378861493
1378734517
1379754405
1379148197
1400119781
1365586277
1357189415
1357132071
1088692518
1080304934
1080311606
1088830214
1084627718
1084607238
1084726086
3248929222
3533868486
3538062790
4070802902
4070683495
2728436517
2732696100
2720117284
2720305700
2720301604
2721022500
2720966436
2788085028
2787493924
2791688244
2800076916
2799950068
2783082964
2766306708
2767349397
2758944407
2754683543
2754881206
2770614182
3882091942
3823373750
3802479766
3802606734
3820447951
3786926095
3786909711
3770067213
3770071821
3765943061
3761553173
3762070021
3778978327
3776889703
3810378727
3810314215
3814510055
3816675687
3825072439
3824023863
3824023831
3824154903
3882872087
3882740789
3850239029
3850329109
3883824245
4018095332
4000138676
4000138676
4008533428
4008147380
4008147860
4020697749
4020697685
3986881047
3970166279
2758927886
2754732558
2754732607
2754672495
2771668911
2707704239
3781446071
3790424469
3790559639
3790502295
3769563542
3786340759
3819896279
3790595527
3815597511
3811534791
3811534307
3794552231
3815525797
3807120631
3807205590
3824121878
2695260422
3769003270
3836098310
3840221958
3831767822
3831767838
3840354095
3970314031
3970370351
4239657943
4256962999
3753646583
1606212039
1589165378
1589154818
514494465
1584050176
1579855872
2133504048
2133439520
1999350880
4146764992
4146777216
4146846896
4147738531
4147717794
4118292130
2776379042
2767719074
3031960295
3165129300
3166247492
3166184972
3166183948
3170378252
2621051464
3698201321
3697550570
3705690346
3698346158
2081478814
2097260766
2114104334
2114101262
2127733006
2123792655
1995866381
1982771468
1463697740
1430192876
1950177000
1954311912
1840048873
1841097451
3854350826
3854338250
3858737354
3827213514
1681297610
1681293515
1681359321
1680311273
3827417965
3844137837
3848290669
3848369621
3848365525
3781387735
3781393847
3789769654
3789769654
3772898230
3772906198
3772902086
3772967623
3781421767
3814842295
3814737335
3797962935
3797971127
3814809783
3781370022
3772929190
3772925415
3772993111
3772869125
3772803588
3789646340
3823331844
3806591492
3806416148
3806352404
3797962820
3798036677
3806556391
3823359206
3785608678
3785608038
3773020934
3764562438
3777145350
3778263558
3811686950
3811638830
3794851631
3794846079
3794883039
3861999853
3882959020
3857793196
2699251188
2699180500
2699176916
3772852884
3772852884
3772983940
3769834112
3769704339
3769635250
3769659826
3769684130
3785392226
3819012402
3798048002
3793791746
3793791746
2720266770
2787270178
2787513894
2817393190
2897019423
2898015775
3166452286
3183229726
2684098878
2658674734
2390362158
2394561550
2394828814
2394828814
2260217863
2243481724
2224587240
2228781544
2231144440
2222754552
2351733484
3425680101
3425614823
3559565510
3576341702
3593109638
1986691207
1982509184
1982509184
1982521488
1982525856
4147017376
4113514144
4108590757
4108589799
4105452158
4105513502
4105627958
4103469334
4103384854
4237604355
4241850881
3960906240
3960968560
4010247264
3993480224
1845864480
1845869617
1845933107
1846997026
1712767010
1729577314
1679098851
1681198753
3841264288
3836021408
3836025520
3836156592
3836165760
3887476417
3874891331
4133364227
4133307187
4074505315
4074517541
4074515508
4066191372
4129171468
4095355196
1884949036
4036692604
4036499148
4036502220
3498898111
3498349230
3569386150
3607134886
3590427346
4144477778
4110853698
4107186034
3167726946
2890697187
2887551427
3154811591
3205147271
3188370118
3121540678
3125695494
3135177782
3137077286
3198681126
3198681190
3165262070
2628400519
2628390532
2632600196
2632571524
3160996500
3162024660
3195579909
3204032007
3199836759
3064505063
3060327149
3056128685
3056387501
3056520356
2922286308
2926487556
2943002884
3983190276
3978995972
4012541972
4012608548
2909324325
2906325295
2820276766
2820285022
2820351726
2820292334
2834827950
2879916462
2863139998
3936879758
4205338764
4205437068
4205420680
2049671304
1546290568
2084240520
2084448392
1008609416
1008548264
1007946153
894708649
915487416
915478425
915476877
380703183
362860814
278954294
10593574
1088657698
1080269106
1415813394
1432598803
1474476307
1454824499
1586842661
1586236645
1590431141
1565461925
1543901093
1543909045
403058325
402876037
423682692
423666628
1003528452
986820660
1056157972
1071821084
1063697692
1026013245
1010087990
1010677782
2084485190
1949997254
1954204887
1961443573
1978216596
1986736532
3593081812
3593077457
3597337186
3601343014
3601344038
2662870574
2410167834
2376599818
2359953418
3437983754
3429398811
3362283001
3362279064
3387643528
1265558200
1244451756
1244971436
1309986972
1325785292
1292362060
1277076044
1285482056
1285474840
1153227324
1152969261
1291385454
1283030382
1283014958
1299726654
1341800462
1325023310
1333424334
1333423326
221997245
203024564
207284660
207354812
492631996
526164636
504689372
506978909
506651237
506651431
510849317
913559853
928025916
928099336
894613768
894613768
894671112
928352521
1985251419
1993641194
1993639146
1993654378
4132819033
4130758872
4147536296
4097189544
3036032680
3030284940
3030376076
3029127901
3029897770
3034096170
3060310570
3068690474
2997392430
2997394494
4075391038
4062824654
4062891151
4063118477
4063105180
4063109548
4051575276
4110361421
4110362125
4110363148
4106029596
3569109548
3569211964
2646399500
2679957068
2667369309
2667426799
2662839278
3203768814
3201605870
3189014758
3189022934
3188187350
3188122838
3171315127
4233501351
4233497239
4101442183
4101323398
4101252790
4126421670
4153680806
4136894967
4139004373
3606340037
3613877700
3613814212
3580255700
3559267828
3559331189
3563411261
3563419421
3572364861
3568105021
3584861741
3584861751
3752703511
3756951062
3749676662
3745248118
3745248118
3745411574
3594391798
3598648567
3598521591
3615306967
3581902039
3581835462
3573471686
3569277910
3585974102
3585906454
3623662390
3598491942
2520555814
2520641830
2537485094
2508084006
2489190198
2497580822
2496990038
2496993622
2496929238
2513780183
2547348989
2528501228
2528415204
2528415156
2532622276
2541008836
2503317444
2486604736
2486625232
2486593393
2486580579
2486646115
2514826530
2544178466
2527397154
2528380166
2545184006
2507468038
2490694950
2484460838
2488661366
2504384839
2538070983
3611714501
3611695061
3611693028
3578203108
3579124148
3562486164
3570744756
3570759092
3588092820
3588076437
4115960277
4114919911
4115442983
1968027955
2002688307
1717221667
1715121441
1714070577
1714065413
1714016261
1848332325
1848266853
1831469295
1818887663
1827343071
1827342855
1827346951
2095659523
2088250051
2088251330
2096636066
1609105538
1588199554
1588211842
1320817074
1320752098
3468173606
3468173613
3485000968
3451447560
3451443496
3317205800
2411367193
2415561547
2407090634
2385003994
2401763706
2401878810
2382009146
2377818923
2377818920
2629341740
2629350012
2633537260
2621017764
2637930164
2637954740
2637839015
2671393190
2674591910
2615740646
2582264918
2573870086
2335842310
2348425230
3384287502
3384288058
3384337179
3365450585
3369635689
3361245548
3356330492
3356469708
3373181388
1293859788
1327402956
1312739268
1311688516
1315864832
1592426544
1588178976
2129174560
2116591648
2116722688
2116722688
1042972928
909017712
925882019
1999599265
1731016353
1735144871
1638675621
1621899437
1621965277
1622030856
1623076361
1617901067
1613509163
1613505065
539763241
611057705
620299369
748370168
748419288
683391176
683391180
950712524
1001307277
976138381
1042722959
2116448391
1580347831
1578246819
3738395299
4253049507
3179310759
3028314759
2491476679
2508237382
2441263654
2446503462
2440547878
2473424406
2456770054
2456713030
2466149879
2466070757
2465988845
2465992957
2472292569
2440904073
3514771849
3514247321
1362442409
1360468153
1393694857
1393714313
1393680520
1364295752
1370718489
3567297337
3571491375
3571492399
2493748798
2627919390
2644662846
2410765102
2341501230
2341754990
2345929070
2338063694
2333737806
2302288206
2302291246
2302159918
2306344998
2314745863
2342071303
2342199567
3483001293
3483067301
3489153445
3308831917
1144751292
1144755356
1144759436
1410966668
337356172
807052748
809413900
540321821
540051487
1613793295
1613989903
1630968845
3812004871
3795243079
3795730935
4062978534
2993431526
3001815782
2997687022
2997683950
2997622366
2477535070
2473339726
2435647758
2435725582
2439915791
2175692047
2444197135
2444055823
2179778365
2204942893
2280509997
2263802487
2259542631
2263671527
2255242215
2251031015
2268004567
2234399829
2217355313
3291097137
3291162625
3291035905
3425318145
1277849921
1282040257
1307300241
1324040592
1315766676
1181552020
1315391892
1316342700
1190456236
1190457320
3600085320
3600068872
3333783816
3333857576
3585516328
3568742952
3572924969
3564471849
3564408361
4094986811
4099181066
4116027850
4145391866
3862725866
3862724794
3862855818
3862884490
3879657883
3850265323
3841949417
3858512429
3875285561
3866896955
1715218266
1713119434
1713119434
1717502122
1721647274
1738468490
1956571534
1956641102
1962719503
1954342157
1413243701
1413292581
1417552679
1417610023
1551632163
3707386721
3702147521
3702118785
3702037377
3706494593
3706685121
3588653761
3598111395
3598574242
3598476194
2522621090
2522612902
2531003558
2530745510
2530949326
2547658190
2512089038
2511894494
2511893215
2512147103
2512147133
2516349868
3581674472
3577479656
3577549176
3560580104
3291098121
1412045883
1411910719
1411925006
1277747215
1550557453
1558872328
1437238536
4139420104
4143877004
4143876748
4142840508
4134321839
3861164714
3862196906
3845468858
1695949226
1695621294
1699750054
1708130466
1687359731
1687298067
1955684609
881959685
882094596
1020444164
1007921668
1007725348
940620069
2014500885
2031245525
2068973732
4201776316
4200730764
4209128124
4206056172
3130061548
3196117612
2659230285
3196101326
3196172286
3196239342
3218315502
2910292206
2888206414
2754521102
2755568655
2772361501
2772361485
2771329615
2771264238
3878564526
3891005358
3886812590
3871160479
3871156365
3885312141
4158074060
4150158669
4116604701
4127113757
4127060511
3854362430
3854417198
3988625710
4026374191
2910697501
2940053516
2940052492
2906447884
2889675048
2889761320
2893955624
2948204072
2930312812
2930259693
2930255294
2930253974
3127382198
3140027574
3089767574
3093965958
2565745294
3636337294
3703311070
3701222990
3722210894
3734873423
3735004620
3734279644
3595875820
3590625196
1443335612
1443806684
1443818876
1443789860
1377716261
1394428961
1396337681
1362787328
3514463488
3497739523
3229501186
3236836866
3236834818
3236838914
3232697042
3250392738
3281794978
3263963298
3532398753
3532394668
3269214344
3258761352
3492776072
3492715400
4029065928
1881582152
1894033961
1890364987
1890365961
4058808840
4133798456
4129677865
4264026409
4268128303
4277012526
4209838110
4201392142
4197328910
4198137103
4184493581
4171941389
4171875853
2024336909
2024320517
2028535351
2020187750
4167611622
4167602350
4251484335
4286169231
4279788687
4246219919
4228528269
4228520623
4241099503
4102687471
4103800543
4103611085
3566789317
3566777028
3700983541
3696864997
3694897761
1547606561
1496828451
1513605379
2117590019
2115429377
2120146944
2053042241
2053034177
2052772023
2136589222
2094589870
2094558894
2090462122
2090723754
2090694826
4242308331
4116477385
4118757833
4118725576
4110344936
4110328424
4110263864
4116499981
4112305933
3608997181
3611126831
3611245615
2508065855
2649621526
2628650246
2628649558
2360218326
2377974502
2375811814
2408841966
2408325598
3452756479
3301821805
3293415533
3307178108
3239676124
3273169100
1108978124
1111135620
1111130244
1379827844
1396605060
1362002144
1961525473
1957281121
1688775203
1688841763
1693296163
1731043891
1713754626
1847661319
1847603239
1847603245
1851791404
1854933036
1786849480
1854105736
4001556876
4001542028
4270293644
4278157965
4252406415
4230410910
3156665070
3160760934
3169083943
3181651247
3198428205
3198430252
3203667996
3162380364
4234033484
4234029773
4241891038
4243850862
2087977770
2083783530
1544814922
1544872398
1498718670
2043718798
2106689695
1844676767
1844873375
1842776270
1876338894
1850124318
1846977599
1846980671
1712767037
1713197117
1648238628
1648231460
1652428644
587149012
566109892
549061253
549077637
1620824719
1620620687
1619569839
1615640746
3758917802
3758409866
3758541530
3759594090
3764792874
3781436986
2741248570
2749637178
2729189482
3064856814
3064595694
3081241670
3081249807
2506630157
2502616076
2506796348
3035279148
3031080492
3035467276
3028061708
3021778444
3021835868
4095651196
3844074733
3843882222
3877391462
3877506166
1713247282
1981427730
1985617938
920264962
937304322
499000130
486409923
1560223361
1291655809
1291651728
3433892532
3451742868
3485264580
2260530757
2258416157
2258412079
2258412079
2258149998
2262352746
2184724842
2184709614
2200571117
2150259853
2154490060
2495261132
2495257548
2493024996
2493036388
2488836149
3021709334
4097544230
4097802278
4097692774
4229848290
3961403554
1699621526
1708010114
2139765379
2123971201
2128096896
1583097524
1448936096
1456812720
1435837104
1555048384
1555064064
1285612800
1289795328
1281593873
1306691074
1320328706
1320286726
1320246054
1320183846
1189357670
1181505774
3598533822
3607019917
3598640012
3595936408
3608969896
3575415400
3493112632
3492129048
3492129048
4049967384
4075261752
4071522872
4071526968
3870196521
3866920235
2920852846
2920974462
2937751622
4011513030
4013584518
3979960502
3962052774
3966312878
3975819950
3971880590
3971956382
3971250862
3971247022
3969153518
3966791118
4245710282
4245873995
4116108079
4124394285
4124320573
4099154717
4099220285
4110299949
4106098477
3583969117
3587985231
2547908431
2539650767
2522808285
2522871773
2522715997
2547812189
3080488765
3080500797
3084756525
2776608301
2776612653
2810023725
2807872813
2803733823
2938089759
2904465679
2904531255
2904416550
2906440998
2905984294
2909129078
2909100503
2909100511
2909232125
2917596157
2951150557
2951080925
2952063967
2952068095
2951204862
2951141374
2943874462
2910121375
2910120127
2910111935
2910308797
2917583357
2917587836
2917588765
2917659917
2942689551
2942625055
2938432815
2942814575
2942814702
2951076350
2917464543
2918578655
2918710734
2893479374
2910252382
2910186878
2910125862
2910146342
2918663990
2918602582
2942793174
2942592214
2942594294
2950973686
2951661814
2947467639
2913917717
2914970116
2919229956
2906516996
2906515204
2906519332
2906509092
2939997988
2943142756
2909064188
2917522429
2917587453
2951207415
2942630358
2942630358
2942695798
2942761974
2942761974
2909141463
2909075927
2909071573
2909141205
2909264117
2909198837
2917587829
2917595765
2917595743
2917527391
2909073278
2774846846
2774910462
2775011774
2775019934
2774888858
2775013307
2774949819
2783402395
3857005019
3856935259
3840162075
3840358175
3857064719
1734746894
1734681878
1701061666
1956908066
1957629026
1957301394
1957352578
1957340290
1957336450
1424720275
1466676147
1449767841
1982395105
1982348833
1915497249
1932274465
1898719527
1642932519
581829671
581304647
582934991
582259599
596935343
600084143
591694763
587577771
839297275
856074463
805824581
805725185
538333489
542523680
884367648
884404272
934260768
653103105
640589825
640584897
640583841
1697548961
1693424289
1710070433
1726855857
3861362305
3861181057
3861144291
3861127779
3798213155
3773236023
1617240343
1617178647
1625562135
1621432383
1621563455
1621506126
1622047054
598657998
917276558
850170254
847024350
840749166
840724527
859582511
826155053
813572397
1891509788
1890520584
1908362953
1940773513
1927060105
1918671547
1917357755
1917616779
856458122
805745034
872870110
1947660334
1949754407
1969679398
2007264310
1990616070
1994851334
1446772934
1444741302
1461593254
1440624295
1956515493
1958563493
1958010549
1955899028
1960093316
1964287700
1662432880
571981089
571784225
571784227
573867043
572884019
590324787
590275603
1630463025
1634651425
565038752
1672339120
1676304000
1634612864
1613706881
1613574835
1617704611
1621895075
3769384423
3768851798
4054072390
1940139014
1944527879
1927689479
1944978695
1408053575
1367290207
1349456703
1349456683
1357845035
1357648443
1357653515
1352936203
1084508987
1085593899
1103092187
1136581003
1118760331
1122353547
1122484635
1122488763
1115025835
1383395755
1383457707
1395057581
1361569709
1344598013
270856133
270852053
1344790357
292020053
325475605
1390861591
1458020118
1994768150
1994702647
4142251831
4276993846
3706304062
2632692270
2565517870
2557212206
2556958222
2553818650
2606238250
2595817578
2594916458
2594917486
2594948302
2599129287
2339090564
3412762756
3379209348
3375017140
3643463860
3643459732
3643460992
3644780416
2017390273
2028465687
2024078870
1491401237
3655608836
3681299988
3661377060
3659347748
2589655332
2593718308
2610429999
2308445198
2291672334
2291789422
2291703534
2289602222
2302185118
2333642143
2333714829
2606344589
3688606604
3749419676
4248554148
4248750756
4114009765
4111658901
1695705477
1697868165
1710254471
1743809943
1743846773
2003040037
4129461541
4133917989
4133782839
4142695447
4138503174
4138310674
3584751634
3567971378
3707399266
3705275554
3698983058
3564765571
3563979653
3580823444
3581222580
3310631604
3444849364
3453233668
1305750020
1337208340
1320429108
1258098972
1273647117
1273679887
3416952838
1269531686
1508412710
1568189934
1595453166
1595449082
2132391626
2132517833
1998316488
1998188696
1981468844
1981469868
1985661101
843602063
843581582
856557966
894319502
885403279
882255503
1421223647
1554261614
1558456110
1558192926
1566957854
1608950590
1604825918
2142081855
4289303849
4289239064
4273518600
4284004392
3205204200
3171585272
4246390520
4246360824
4097442536
4101636781
4122870446
4155770542
4155780262
4157869238
4149631110
3608571014
3608568966
3578159239
1423320007
1419129431
1421214255
1421607471
1424761387
1424762154
1164774682
1164785674
70199306
70065162
69993482
2883595
7078217
15610313
82719565
99496781
133063551
258795390
225228798
91199454
91133902
99521502
262705642
245936618
246993273
247075096
251277624
1316711720
1310288680
3474516776
3443046984
3447229065
1307083401
1319731851
1319735962
1319867290
1319809466
1336602794
3447414890
3426249770
3292014634
1144662027
1144662283
1143615307
82319178
99107146
90788122
90796314
74051898
23851310
33219887
61533469
61508940
48860556
103318940
371754396
371758524
373005820
377394540
385791276
510566452
1580195844
1580032004
1579958293
1580142692
3693748708
3702130340
3702065813
4238990005
3165239972
3165175460
3165173412
3102254749
3111691982
3141054078
3124341294
3124349486
3124431662
3124377630
3124373534
4210698270
4206562366
4205315086
4168687630
3631882254
3631886606
3633984122
3634066027
1486418664
1488499432
1505275464
2054720072
4198075192
4198139944
4263164088
2115676296
1981455497
1729806474
1731871114
1630143386
1613628074
1626215083
1621504939
1889825641
1621391144
1889824008
1885661448
807770376
824613944
862367768
912670728
909443081
909509643
1043729739
1065225194
901647018
884411050
884217498
884220554
898904714
897856410
931443115
935637481
927244584
889501992
923253016
906475785
840407051
840272906
840794122
840925194
840863754
907989066
891162842
880681387
1023282857
1017989800
2092821176
2092755657
2096933449
2088545867
2105315083
2105314602
2096932142
1560011054
1551503446
1551503363
1546256402
1550455074
1550524706
1559175970
1424895746
1437473538
1168968642
1202573250
1135400834
61661845
44610196
44680124
40587772
36254012
36245532
36245560
321660200
288237352
279846456
296619608
296504968
296537736
330073752
325882552
292328121
292336553
292336043
292532650
292467178
291938618
291939646
325883198
310164782
310226222
310289694
306094342
306102342
306102470
306053310
289345726
272568574
276238446
279385897
280444456
278161960
278195000
282389256
285706316
320247948
303996045
310280349
310346167
304988567
321819027
288273299
292467299
297711138
901561122
935111458
922528002
914266370
909019395
1714258993
1715249185
1715249188
1715335268
1700753636
610218480
608112064
875498433
875367265
896273185
851188513
851192419
1386163907
1386096259
1136538243
1103038082
1085130370
3232550546
3232537234
3232610994
2158885554
2159868642
2159864807
2159831526
2176613846
2214407414
2214345958
2205945062
2206156263
2214488055
2214488021
2204988741
2200722756
2200751429
3274562885
3274631493
3275680583
3244228567
3252674262
3248463830
3231169990
3231186135
3252026613
3245627621
3241417061
3241549172
3275108180
3279300116
3283575349
3283481397
2209657623
2214363414
2440856918
2440927062
2422062846
2958859006
4032600829
3760102092
3827219144
2755045720
2770644008
2803942440
2787237928
2787270697
2787254315
3996263210
4008851066
4019330778
2912100062
3163765438
3163560686
3165915614
3170110926
2633970894
2646499655
2512348100
2545739748
2512152484
2516350884
2503232932
2503429540
2503363764
3576849621
3579012183
3578799382
3612352790
3312661254
3321246470
3299283766
3300217127
3434405159
3432876311
2630715671
2630719767
2681059349
2664413253
2655960133
2655957317
2651767237
2652766965
2652766945
2535330531
2514424551
2493256423
2224831847
2241075319
2241075287
2245269527
2236880903
2237073415
2235960327
2277909767
2273468695
2273370471
2273367399
2278852071
2278854087
2270529991
2272762311
2234972534
2165733750
2169912086
2169909014
2170431254
2178884374
2178240855
2178176343
2178209269
2178207221
2170326005
2170395637
2169486005
2165227157
2198845335
2198836615
2198779271
2202445205
2168825269
2168518069
2168505813
2168637397
2244149191
2244145111
2244045815
2277800295
2265205031
2265254167
2202930437
2212373765
2208178437
2208248596
2174555940
2178682660
2161921316
2162019636
2178868508
2178801949
2180821375
2180814702
2172425838
2172428014
2239535854
2233440990
2266676166
2266671558
2265627731
3339382867
3305857027
3305648147
1292374067
1292501011
1292509379
1293575363
1341811075
536594819
367627139
367757958
363432598
900501175
834441983
905748527
924622895
907845679
907927591
891166759
1947074595
1879967075
1884229346
1959201522
1418083010
1418078914
3582356034
3617386050
3734808386
3734808002
2526918097
2529080736
2533267364
2532153012
3060633264
3057495796
3007164132
3007180388
3007112740
2702992932
2702979620
2709259044
2717651300
2747007204
2747007141
2747007158
2981892286
2986086590
2977763518
2961118398
2961127582
2424187022
2423662734
2423662750
2423678158
2423677135
2490556684
3589787916
3589648924
3571823132
3572805144
3564431913
3559156267
3559131691
3576504121
3593404489
