2653386919
2654353639
2651990119
2650941445
2663525381
2390899717
2357335301
2358384133
2224490005
2224293413
2226392615
2226391599
2230061615
2246855031
2238536055
2238568823
2238576983
2238576981
2238576981
2238576981
2238708565
2238577493
2238577525
2238561141
2238561141
2238561143
2238561271
2238561271
2406333430
2406333174
2406334134
2338700982
2334490294
2334523318
2334653622
2334636214
3391551670
3391547526
3395610758
3400566918
3400973718
3417486807
3386025461
3360720244
3627198420
2551623620
2551627588
2555812676
2572458484
2572462564
2572527716
3105815652
3175009573
3175009573
3179169572
3187627812
3187439141
3116168805
3116160608
3117733860
3142901716
3138705733
3138775367
3122065207
3122062903
3142735382
3109160454
3109109254
4182780470
4166007078
4166256679
3922724911
1807747132
2076652549
2043027461
956706829
1027997740
1028928805
1014246661
749996294
627964279
627964279
627964279
627964279
627964279
627964279
627964279
627964279
627964279
627964279
627964279
627964279
627964279
627964279
627964279
627964279
627964279
627964279
627964279
627964279
627964279
627964279
627964279
627964279
627964279
627964279
627964279
627964279
627964279
627964279
627964279
627964279
627964279
627964279
627964279
627964279
627964279
627964279
627964279
627964279
627964279
627964279
627964279
627964279
627947895
627948919
627949047
627946999
644724157
644724157
644726205
644726199
640270263
1730786998
1680471730
1613574834
1613379234
1613381538
1625958819
3769374883
4037871761
4088273024
4071550080
4072646016
4076180416
3530920496
3530859044
4063535652
1932846628
1897164327
1930759718
1918305574
1918238758
1994260526
1996357662
2120876042
1047138314
1063926793
485153304
413858344
480885352
497850184
1575801032
1596244152
1562661032
1546015929
1550219963
1555491498
1555491498
1555361450
1605689994
1588380042
1315864826
1311682670
1580113974
1580115207
1580115713
1043046945
1042850336
1063821665
1030725829
1009160327
1948762246
1948501174
1948470694
1952661158
1961962150
1957767846
1957773015
1957707479
4121980631
4155570119
4138857797
4143299653
4143447109
4135056725
3056989820
3057120812
3060167213
3068547613
3068592701
3068397103
3068405291
3068929387
3077459035
3044951243
4101653641
4235877769
4235947913
4236078985
4099698603
4099700138
4108088554
4106113114
4106114062
4106175502
1894003758
1893999662
1902388527
1937060159
1932988477
1930842136
1901510680
1935065368
1935054136
1942339160
1933884040
1930201736
1913424536
1661835913
3809386121
4048467371
4091457705
3015614701
3064389981
3068519181
3061113359
3061244447
3061239343
2801257007
2801060399
2801068921
3086281544
3023503304
3023984328
3023966924
3023975116
3027182460
3031183661
3030646822
2963538978
2426668082
2430940242
2422701266
3510106258
3543595154
3526797442
4063668355
1916193153
1915211648
4079351472
4045791904
4033110756
4041499172
3773588012
3773592108
3773593148
3790110221
2745753406
3014383918
3014314030
3018574958
3060386942
3060659534
3056526094
3060720142
3060721166
3069171247
3001894701
2993647933
3044004108
3022966796
3022976012
4096715789
4100978957
4101888319
4101818670
4102015342
4127116614
4127180230
4126966214
3053228534
3053433335
3179192663
3179194177
3175061329
3208443233
3074221536
2805753313
2810008997
2818524581
2818523557
2814329781
2801038261
2801017311
2792629535
3862177854
3794085934
3810801710
3815058490
3789955082
1642467594
1621508427
1626293083
3841770025
3833384489
3831282217
3831278137
3831343643
3831278091
3848046090
3881681738
3881746890
4007313834
2933547434
2933547182
3218613438
3176670622
3179242910
3187565982
3187590655
3053241663
3053249853
3086806300
3086806300
4160617756
4152352060
3846102332
3846102397
3846098749
3883847463
3883900215
3890060343
3848055827
3843875841
3827163137
3827298305
3827188448
3827172000
3833463456
3857583760
3890547344
2816752288
2795518112
3063970016
3080910912
3080907776
3048398849
3081806102
3081876262
3083964966
3218392614
3059074598
3059146262
3057015558
3073722838
3010742694
2977717414
2986306710
2965267607
2963239325
2979336636
2983465916
2973505404
2972454717
2955808573
2955815199
4033701918
3790460990
3790461982
2717750286
2748089614
2999747407
2995750477
2995689316
2999889764
2722934628
2718750580
2735658868
2707321709
2715710318
2717864942
2716598766
2708223470
2708241914
2737666490
2742974874
2740870543
3814684047
3814548367
3814675403
3814347514
3849983722
3832487914
3840883194
3836684795
4104989147
4104924571
3835962761
3857979289
3883336617
1712525737
1714632169
1714496813
1734356253
627060493
538984205
538976013
539036957
551621677
547816493
564450343
597996615
631538823
627946943
644725695
644201151
640006839
639744695
639744757
639744817
639810593
1713550369
1646437409
1667429379
3764571138
3831646978
3827698226
1680214690
1680804498
3832351362
3970178723
3969916325
3970964645
4103093420
1971336332
1438658700
1140895876
1275175104
1276223808
470851857
475118641
1011988497
873576465
1997781041
1983035393
1983036417
1983022275
1983021203
1966522787
3833021346
3832812194
4099155618
4107613922
4103411234
4238612018
4238616066
3701746946
3705939986
3639482402
1487800354
1488848914
1505111235
1255612801
1523970432
1523618176
440443824
977318816
973127332
704690732
704686636
704686632
722577976
1832119564
1815273548
2083668220
4229054636
4240597164
4186071460
4202951301
4269986374
3733115398
3734237958
3620782382
3576982830
3560339758
3560855930
3615377659
3606988937
1459357833
1584925833
1580740745
1581142207
1429656047
1417069167
1962070567
1957818933
1957732885
1576051221
1590734421
3729963989
1577146871
2130721191
2098543014
2086027166
1557529247
1555366639
3707507561
3707511096
3699187976
3698289672
3722733625
3752126522
3752126746
3400837386
3400989450
3396731658
3394699834
3411346218
3386254122
3365282793
3636421532
3636229020
1492698020
1495827364
1529840036
1530302628
1563926764
1547018252
471310349
471000079
470993930
1544735019
1548933675
1423100445
3566389773
3583363791
3616836302
3602155198
2528424606
2532766350
2524332686
2540044982
2632848294
2628526243
2628527329
2628021344
2648992768
2657471488
2653406208
2653327616
2657530372
2598806036
2616503844
2580851236
2572466732
2568280621
2669140317
2656459981
2664846478
2664890526
2664759486
2681681070
2641837478
2352941479
2352876021
2351828228
2356036612
2628575236
2645336068
2544673047
3618414886
3601642534
2524744742
2520550502
3609184470
3609082246
3575524814
3558748110
3562942206
4104076974
3582738078
3582738062
3620521614
3603466138
3603465114
3599344539
3599344603
3616248575
2514388607
2489298799
2625629479
2357197863
2625559588
2633948208
2633944080
2498153472
2540030992
2519063856
2519127824
3597039296
3606980224
3602784131
1476136866
1442586018
1416891814
1411386790
1948324198
807612694
808465158
812704518
592487183
592489756
587249948
587307324
591502316
557878956
557944509
558335631
625459854
893801390
1967531438
1976446126
1976445166
4283312206
3747489806
3747440910
1591242510
1587033614
1589125706
1589195466
1606104746
1606106543
1574505645
1566067884
3692877004
1545379916
1544921356
1547149580
1563472404
2100332085
2102438454
2111023734
2109922022
1606605542
1606606307
1581433955
3595812929
3595821121
1444143297
1444143297
1460925649
1460852177
1431494081
1473437507
1475792711
1442303767
1441656103
1441555495
1558996007
1550115895
1551355927
1551286295
1551352919
2088031590
2102715878
2136864758
2145384182
2136989399
2136891095
2128563799
2130660885
2130574901
2122121012
1987867956
1983393820
2000289996
1970929852
637207980
634927533
618150317
544746909
561521055
829043119
837448110
816771438
816087310
815839494
820029446
568371223
602126357
652392468
644258820
640057344
640565248
640548992
792068512
758330023
745546406
749736622
747708074
747641530
746597002
797977226
1049684939
376629450
372391050
371327114
371327114
389153210
357749742
1471324910
2007012966
2007022118
2007280404
2007403524
2007409924
1969660676
1949073956
1949091364
4096409141
1948920358
2099911206
2112818214
2141978662
2109472782
2040410126
1486233614
3633717519
3365264941
3369372205
3356789563
3625224971
3628514057
3683036681
3666257417
3666261512
1518649896
1509949992
2046833448
2046898472
2047029288
2063740968
688009273
692264971
683680779
700464474
700463482
696270714
696270666
729825099
700454731
968979787
960757195
960757242
960617962
969014762
969014778
432141786
432272842
415496138
415358826
411172651
415365929
432274201
423885065
457702664
457702776
457569641
457568763
457699838
423998958
423998958
415612398
415603710
428317662
432258015
432258015
457441245
457277401
453189065
453188955
457317739
465706347
465649003
427834715
432045407
432110925
423886109
424148285
424009021
423943549
457571677
457702751
457618910
457684462
423679462
423679462
415358390
415407550
411220926
411294686
432045023
432045023
423852509
423819613
466025788
465952060
465861916
457506076
453508893
453426973
453435263
457244543
457211775
465600511
457391087
457342447
457397743
465621501
1002500317
968995032
2034413688
2017636664
1480634904
1489024520
1489018392
1489082904
4181826072
4182162952
4182179336
3655321368
3652765177
3634938298
3706312634
3698063274
3694896554
2621154490
2621160602
2503713946
3078333594
3067782282
3000668559
2996470669
2996798125
3000873636
3009208996
2971460261
2971464365
3021959871
2770171358
2776393774
2808875054
3865913406
3865978894
3865455630
3882230798
2003186958
1970671390
1951862559
1960128015
1959077407
881144607
881086751
830787646
869040174
1674347646
1934132318
1900643550
1884000478
1879748829
1879744988
1879680508
1879830012
1951072236
4115323876
4157262244
4157197749
4140494214
3603625862
3596272518
2530923190
2533094118
2528768742
3065574374
3063473575
3067667893
3059281341
3189374461
4263247357
4131061213
4131126733
4148065533
4148089085
4118265981
4101501397
4101366749
4243972861
4241810031
4237616751
4237623151
4241849663
3042266431
3044887615
3043968055
4117647669
4126028052
4126814468
4126744844
2105090844
2098803516
1561990937
2086543115
1960712970
1962871066
1958496538
1979505098
1440255370
1465419146
1465418122
1460445578
1561174489
2085544300
2085544236
2093900588
2093941292
2093815356
2093297180
1556556300
1489451532
1489440284
1481901609
1481902057
1477706171
1532231819
1255542922
1250321546
1250354366
1250288814
1317052590
1321238702
1313964286
1309835470
1326621134
1326621262
1561499215
3713437197
3713436541
3715418479
2675239215
2673109294
2673286426
2396455198
2395411230
2407994142
2408002350
2408653166
2408636782
2408632551
2645590485
2649785732
2624622468
2618329988
2551286476
2551356380
2551380764
3625331484
4161153821
4177996573
2043030845
2076583213
2072314157
2072248365
2076496093
2067832973
2063638919
1530963847
1530969750
1497402018
3623996066
3624024802
3355588898
2286041138
2290498562
2408972290
2392264706
2324963346
2324963682
2324713955
2328907685
2345668532
3377465236
3373728668
3356890012
1209938904
1226727752
1226498312
1528409352
1513662776
1513662504
1512613944
1512617992
2116663368
2116780168
2133491849
2087617419
2097058491
4240368298
4242432682
4233897646
2619092990
2619096350
2618633502
2633246014
2629050670
2645913918
2645938494
2645676351
2559611181
2563802428
2555415308
2550368844
2550315596
4160924252
4211276508
4194467780
4194448837
4194509207
3925942439
3930271973
3955389669
3917665396
2843860756
2844042820
2844042820
4190413508
4182041301
3120882391
3121428134
3193707942
3202091238
3199993894
2662272022
2662208518
2657509382
2506514438
2498126086
3567666958
3568782335
3568585132
3570674092
3562286504
3574927752
3577610632
1430155656
1948185560
1948054376
1952225833
1952234025
1952229947
1969007387
1969007371
1968997195
4115497931
4249272779
4250325419
4258685103
4241892527
4240783591
3703838967
3703913670
3696636230
3696636678
3715564086
3749122615
3757462047
3734491661
3751056904
3750014520
3716459048
2630134312
2622855704
2619248457
2621410761
2621424859
2638136506
3208565914
3191756186
3195957690
4275790266
3197837819
2660983291
2665046267
2682020091
2623299962
2623366010
2623497850
2631822954
2630318638
2630093374
2378435086
2404202766
2333945102
2321482782
2329804862
2327707694
2327719990
2325684278
2325487654
2324959525
3402894692
3411020788
3373353940
3356580820
1208089044
1208084932
1208216516
1224994756
151056092
419491565
423656175
423639791
423705455
423696749
423696493
423696493
423843917
423884879
423737550
423737806
423737814
432126454
465680886
465681398
1539423190
1535228758
1535368022
1535269751
1505901413
1505901413
1497569636
1497373012
1229008372
151207140
151066877
151001551
151005519
155220302
163699038
163830047
159635773
159643964
163707260
155285884
151091580
151124348
151124348
151107956
423737717
423737815
423737814
188856790
188857302
188857334
1270987766
1266793462
1266924534
1266924022
1502019046
1502016997
1489434020
1220924820
1212675460
1208466836
1476762036
1493211524
1526786436
1526917508
1531117509
1539497797
1539495685
1539536647
1531000095
1497382207
423640366
423696686
457251630
465574702
465582398
1539321118
1539335438
1506013454
1237487902
1270977854
1270920558
1270939502
1266735982
1266899830
1266842469
1237466980
1237458276
1237325276
1229022684
1224991916
1224858812
1224788108
151054733
151054799
155384286
163740638
163724126
163724063
159594813
197213469
197205269
188816661
184767797
184792373
419672855
423670646
423670774
423663078
1505793462
1531035062
1497479606
1497611254
1505934294
1505934295
1505934293
1505926644
3653731828
3645145556
3641045380
3640779220
3640661476
1493188068
1493183460
2034379620
2072123941
2072120085
1535187719
1535129862
1535130886
197145654
188757038
188757038
151010622
151059726
155236686
155236678
155302231
423729494
423730038
423730038
1497471606
1531034358
1539439350
1539570678
1535261670
1535523302
1539717477
1506089332
1237653620
155334756
151198076
150997324
184564045
167782735
167868766
172087646
180615518
176421215
176421213
159578460
146987340
134404428
134469964
134265724
134265708
134265837
151108599
151109110
188988886
1271119318
1233239542
1233237494
1233229302
1233359102
1233293550
1237758191
1531359597
1527235928
1527242568
1510468552
1510472648
1510202328
1526889416
1497529288
423763912
423691208
406852441
415249257
415248683
423637290
423638382
423834990
423851382
423755078
432078662
427884503
1501675223
1505869535
1497472767
2034278079
2067906238
2076293054
1505866174
1502064815
1489481903
4165457069
4161232125
4161755388
4161698604
4182702636
4225169964
4208445964
4207269388
4198666765
4198728463
4198531950
4223710190
4223722478
4190168558
4181947838
3103937710
3103923374
3108113582
3116571807
3116514701
3116512909
3183703709
2675996349
2675991261
2680185817
2638246267
2639286363
2622649435
2622651467
2631301209
2631293305
3705102205
3637845853
3646232073
3681890825
3681882907
3665244458
3663032618
3663553642
3671981275
3688758731
3680303515
3680299419
3642555787
3743200667
3743412667
3730240490
2119627770
2144780634
1607521131
1536189289
1506879273
1498562329
1494616859
1496647995
1495539003
1499823114
1508211722
1505090571
1536529883
1535485353
1539678649
1531228553
1527038345
1527109033
1510370795
1511402859
2069248313
995563833
435623192
427233560
427111224
427111272
433386409
433382317
432318397
432323479
428120983
428325782
499554759
499570711
1565981719
1563847703
1563839542
1563905334
1498746658
1506020898
1535393330
1535389206
1518612246
449129782
197597495
197593365
164043092
155663700
155663732
184819044
184819068
453274972
453048796
423885260
407288140
407288140
415742300
416136572
424460140
961066988
961132524
961132524
961132460
961124015
961124254
944486302
2034941358
2034941358
2034941870
2102114959
2102114957
2001394317
1976195725
1910127261
1903835821
1937457069
1919419823
1919423678
845754558
854143166
854143158
854134982
854085838
334031950
292071695
275495183
812366143
812366655
820951871
820951839
812625183
812491070
808431678
825208878
859279654
861188902
868516839
1908703671
1640268221
1624080540
1615762684
1611578604
3759057276
3759073820
3760122396
3764279901
3764215517
3762050703
3879473807
3866890654
3875344558
4005495974
1858012390
1858024742
1857889558
1786521359
1786520333
1802772797
1811178540
1771371564
1770318892
1753525260
1757718476
1762046668
2030482060
2030547636
4182095524
4182032292
4190494117
4224178343
4224637110
4207827174
4207828278
4267592966
4269163782
4286018822
4252362007
4235588919
4241880445
4240823772
4240758229
4240831957
3720837045
3754382245
3745973166
2673152990
2673177550
3218597850
3184978298
3052833066
2767554874
2784270603
3858018057
3850150472
3843859144
3843859080
3827196585
3827180201
3826917803
3963097194
3974892586
3970828299
1823352841
1840130313
1877945097
2121087755
4264509195
4197396746
3664707914
3674194426
4204773738
4204630382
4203258670
3129519910
3129518391
2597042983
2601159207
2567588359
2550803975
2550804998
2551845382
2560295206
2562195558
2561147110
2561147119
3634901193
3630751881
3626544264
3626543240
3626609032
3693783432
3710564760
3745167753
3728383115
2652618954
2652389642
2658665278
2667184686
2612667950
2579113518
2578126382
2578974254
2310537775
2314732095
2334675933
2301150093
2305335693
2573771956
2573839524
2573973668
2569767044
2569780100
2604378820
3139086924
3139087901
3139102239
2853930798
2925040686
2933428462
2931327151
2935538063
4000965263
3862520463
3877320351
4097453998
4030343342
4033743022
4037413054
4037412998
4037434566
4037338119
4054098183
3538203414
3529880342
3530420534
3593433382
3593351222
3614053654
3588890094
3567913390
3568896431
2493066127
3566828431
3590119375
3514618446
3240940047
3240940095
3492573807
3496878959
3505263101
3522036973
3523169452
3553909924
3545589908
3524782540
3526810956
3258423052
3529615116
3529564988
3537953084
3282170148
3249721381
3237396583
3237397862
3505903078
3495419366
3495415158
3495271766
3520380230
3556091222
3539444999
3530994949
3526874389
2452999204
2537016420
2541147252
3614926036
3589629397
3589764007
3589788326
3587658406
3579074230
3579074230
3612661494
3598178038
3598181975
3598509830
2523685638
3614269702
3580785942
3572389174
3706602558
3706526751
3706526751
3722983433
1600723209
2117798171
2117811259
2117817835
2137543083
2112414617
2112398233
2095620761
2095624889
2104014521
4113086141
4150968045
4150984429
4151242493
4083601245
4084288861
4082128253
4056958333
2979255549
2964517119
2964517247
2967859566
2422527342
2422527358
2435175711
2472992031
2456223005
2524413212
2523234076
2540009012
2540000868
2548953836
2548953836
2549938069
2532628373
2522215831
2522332341
2518064373
3057032276
3077041172
3076910100
2976377908
2976347444
2984710964
4058452708
4058845863
4058788774
4041487270
4033090478
4033085866
3492086138
1344737594
1348943114
1348741385
6564616
14969608
10804168
1101385608
1118225291
1185055626
1168278522
1277341994
1277272366
1277209902
1289791774
1302374414
1319286798
1319537678
1244562510
1244300494
3391787150
1513808286
1496998838
1480286886
1488609958
1555973783
1553745569
1553744545
3703857841
3695469249
1549169345
1410496497
1467108849
1450331601
1458752705
1458752707
1475464403
3622884451
3614499874
3614500150
3744687382
3727894294
3732092726
3664985910
3673628470
1522470678
3669626167
3415940404
3382187308
3371716908
3359162732
3357320148
3356336773
3355812483
3360007058
3363939234
3364065698
2307031205
2390921380
2395117004
2388035148
2251785740
2520614424
2520557096
2536810024
3027543593
3027564331
3028075834
3028075610
4114466042
4281226458
4264449226
4264489354
4130009994
4134237114
3874050474
1677260202
3824741817
4093241752
4092295576
1919626632
1915430296
1646928312
1651122604
1677595052
1637089709
1619005950
1619001658
1891696938
1883377706
1343432746
1410344970
1414604874
1423145162
1418844554
1418758538
3566502282
3602874762
3602821449
3069091868
2519638316
2452465444
2452400676
4063160948
4046334676
4028509844
4027385509
4056221606
1921254566
1653884070
1656013862
1726776326
1982637062
1982639110
908371974
656840711
758028295
742299907
675203874
1746918946
1750950370
1759342754
1826570386
3973922950
3973931398
3968200375
3834047148
3834038956
3837905564
3843054236
3775950508
3811602156
3810535276
3781178684
4058060061
4058389767
4125494534
1978076466
1977888034
1973761042
1554986002
1554857010
1554988082
2096548867
2096401409
2102699280
2115020080
2113970976
2113970976
4261454372
4278223392
4227895840
4232291875
3166891558
3162700646
3163998694
3046394086
3086764182
2524858502
2520671622
2520670598
2524930982
2549965734
2545742247
2545737965
2527917292
2523722844
2519520260
3593362436
3593366804
3614320468
4151187285
1978598357
1416438741
1349465037
1345258445
1345786700
1349875484
1358298924
821336877
838109485
871672079
846637071
846629902
1918272542
1914142766
1913094255
1913487543
1661980821
1629417909
1629386661
3766378149
3837615777
4104924833
4106036976
4110230080
4110165760
3564643616
3697814820
3697876276
2632662288
2628394752
2628656640
2628126259
2292237858
2292221538
3358623458
3624124098
3624054466
4181896130
4207061234
3938629858
3926035698
3996549314
3996024897
3996053568
1849041008
1832329580
1681138280
1679048424
1626606312
1622412008
1622416043
1622424250
3785636234
4054058122
4083958090
3509436938
3492696586
1077834298
1344168494
1348267558
1368165218
1921812706
1922664674
1922800754
3870987330
3862606915
3862601793
4147814592
3829309648
3827233248
3826660064
2752844452
2756973220
2761171695
2763272942
2763797166
3032225210
3030129818
3029875914
2488937678
3558483146
3558482122
1427779915
1434063113
1442779400
1442788664
1467837800
1465706857
1461500235
1444714826
1113361738
48005402
62763322
29208890
79671613
352252204
1417589540
1551803684
1547611424
1597748336
1580839104
1579913344
1579860096
1580122544
1584275109
1592670887
1588542183
1589393958
1589388839
1593582358
1314726166
239038743
226423047
75415815
74354127
208374159
472619167
472889503
1546631327
2104278175
2137829567
2129441214
4277055978
4269715946
4280115566
4246479663
2082416159
2082354711
2086538791
2096893475
3703320353
3569102113
3569100113
1437225345
1475002753
1458238337
1458553473
1458553491
1458566839
1459584935
1450995118
3611061678
3560730090
3560729866
3564922122
3569219354
3569218330
3586126622
3619681086
3619598718
2545517039
2532943359
2549724605
2549986749
2508035565
2503841260
2503312764
2503471380
3577176372
3581224244
3580310836
3564518772
1417026544
1434324944
1434322832
1467417489
1450652113
1190342721
115568647
115426567
107038982
107178790
107182630
107182630
249945382
1324142886
1323860278
1324056903
1567273349
1550496660
3706296224
3706240928
3706301104
3706432145
3698310899
3694975587
3694422562
4248136226
4265044770
4269111587
4135017491
4143890433
4139499520
1991885136
1450906560
1563042496
1546256964
1546334820
1546199852
1554525224
1554528297
1286150153
3433699403
3433765067
3450386827
3479739817
3354165675
3316417467
3316552331
2242818699
2242552511
2242749102
2506924710
2536284582
2502732966
2435644583
3509460215
4046326982
4050005190
1903500391
1936993398
1937057110
863384350
871764510
838275647
833884699
278663963
282862363
6059323
822314
821290
891194
13278026
76192714
345737610
481856954
531338395
2129571979
2121179279
1581162911
2115940797
2116001965
1980031469
1979982317
1980506541
1997284777
1734228649
882772649
882772639
884280975
888481423
877695965
877691141
886079748
1624289556
601075220
643018260
638822964
1980935685
1983037125
1915934341
1914832813
4062971053
3806856365
3802661101
3802878073
1923772425
1923752201
1927963403
1919566122
1936216106
1885865002
1953172522
1953123338
1953135626
1954085898
1951988794
1951980602
1976225034
2005560586
2139778840
2106066472
1011353192
941105896
1008411320
1010512536
1014497976
1022886315
1035468970
1052328106
1052430474
1052423310
1054583950
1054387373
1054387692
1054586668
1054773768
509514248
389891596
390020655
121514534
121514530
121518882
125638690
94897170
94896130
78299330
95064258
128618626
128687250
115980466
1177136306
1110156466
1110151378
1160499410
1143599346
1416357095
1420552740
1974450732
1991023148
1991031404
3861166552
3862215816
3860115592
4010979464
3959587720
3959591560
3960656557
3960566445
2901438191
2897242734
2896178030
2896181294
2946763870
2925987022
3061187790
3193316574
4275446975
4275510429
4292296156
4258691532
2111232772
2004798212
1988004100
922328068
855155765
846783527
842748150
574292102
557457542
540680358
540672934
544015014
548209318
548209342
548344394
816583178
816588298
279751226
283941675
283941163
300849419
1408145673
1408143113
1383957449
1450488233
4151685609
4151685611
4051153131
4051103919
4085178543
4085146031
4092477879
4093592471
4084037021
4051461597
4051463437
4029443341
4029639965
4029564189
4050605853
4059026973
4092581460
4159690453
4143838933
4143838933
3606967031
3539858423
3531428838
4068308462
4068308223
4085216511
4084167933
4084037116
4050473948
3522118348
3505275597
3572388447
3569116782
3569116974
2499573038
2516382766
2507138110
2507072518
2641285126
2624312582
3697891095
3698032215
3697941189
3693746821
3710594709
3613996469
4134322357
4143759541
4143939764
4143952116
1995219004
1986830396
1999430957
1411743535
1411783230
1411783190
1411783222
1961757222
1958480674
1958233314
1991819394
1454948482
1459261569
1446678656
1580912816
1580922016
1579773856
2099801824
2103995936
2108452388
2108450356
2108486156
2109526540
2113860108
2138723868
2132425244
2136480316
2146969643
2008561706
2008614954
1910117626
1901727962
1360658570
1360659339
1361035929
291287720
828149432
836537304
865962264
851286024
582981659
1656207402
1660396586
1647738938
3795222718
3879108798
3845571502
3826437798
3830541990
3838864038
3839192726
2763288310
2762237478
2779019046
2711881494
2707822087
3777904199
3777895125
3777768357
3781961893
1638414500
1655195812
1655358596
1656394884
1656397892
1652260900
3794382880
3794313248
3811090740
3777598005
3760886311
3761165871
2758725167
2766948911
2766932974
2901223822
2902404238
2893556894
2784494782
3053000126
3053138870
3082434518
3082433990
3085641158
3085510086
2550093207
2550093239
4143962039
4141872823
4141743767
4158438039
3044850391
3044846455
3027609655
4097162271
4112905245
4130287637
4130213909
4134010917
2124939557
2125145381
2125008163
2129143106
1584083266
1580859714
1463419206
1412055622
342443590
350775879
350775877
82434773
79403749
83397605
1475907045
1448977859
1449033923
1449033922
1448849634
1465774306
1432118754
1411132898
1144400834
1148598787
1172769297
1185220128
1185686304
1186750752
1459413296
1467654144
1547351040
1547339841
1547274707
404265954
1478028002
1478044390
1478110966
1478107846
1501430486
2079064230
1066930342
1065890982
1032334469
1032596612
495774852
340637076
353276564
352752516
924226372
858825012
857773357
861972270
862303807
1931904541
1898890760
1899627016
1882849800
1884946984
1895441192
1891181864
1906840841
1906842635
833366042
871106730
871106714
862800010
326061194
305004938
305009547
321786520
289354680
7221288
15609896
11281448
10758184
10766344
10934539
11458830
11454734
15633678
74219830
221020454
237932870
237940930
237936770
237670546
237736339
237679507
237675155
220914339
203960035
203954791
70851110
83376166
79177766
127428642
110741506
112886786
1186627906
1186632019
1118474483
1122676979
1110106291
1093558451
1076703667
1080892834
1085086631
1085217445
1085087404
1085028072
1081877481
1075585929
1092609419
1124968842
1091353002
1086621866
1082431662
1082497166
1132630158
3264385101
3265429524
3328356388
3324485920
3324506896
2267419155
2217612802
2150504962
3236825634
3232566050
3233552674
3232504034
3266054273
3266131072
1122972032
1115681712
1113372576
1108125600
34381732
319587748
823104908
856667277
856270031
857255007
840538166
303798581
303749668
303700512
303709728
305799696
305799700
44966197
112078869
246285518
228985998
212076686
203774143
207975865
1291154424
1287463512
1286873688
1286876696
1287088665
1286994474
1287424814
1157409134
3294408006
3344728390
3329720662
1177452999
1177456833
1177460928
1177465280
1177476544
1177422272
103746401
107814691
128200483
396635427
363162883
300313857
6737153
2592017
7834913
7709729
5628961
18099217
17644545
17762323
51251747
64887395
60759779
62731922
62665346
29110914
12382594
12423314
16748690
16233618
10992786
10861682
1084603698
1084536099
1101834016
1139599136
1131253268
1127189012
1399753268
1399753460
1384049540
1383880581
1379418503
1379418359
1379471471
1379541103
1364926575
281554223
277359397
277367589
277400435
277461442
281783746
270442818
320770370
842957058
846102801
1919844384
1915727904
1714401328
1714335984
1714331888
1680782752
1680727457
1680657319
1693240231
1689050087
3837262087
3854560527
3850199311
3829162263
3762102583
3762106855
3762096039
3774615463
3769371301
3769436837
3819899604
3870236228
3870111492
4134347525
1445929781
1445946165
1445586743
1986570519
912832518
644384774
641382454
641379447
1719312471
1719312707
1698341315
1681572161
607994177
607977829
607916397
607922025
620505897
616381241
649927451
647969035
916203595
918299722
385613898
372965578
103420106
103428570
124401386
1153055466
1287203562
1287137994
1287154378
1285087946
1284084618
1284015023
1284014764
1552463788
1565042596
1545130900
1564459412
2099134892
1025389544
1024401928
1023681032
1023880760
475413049
483916587
884774954
884770826
615286794
615287882
1693221066
1701417370
1646965407
1646965388
1646961348
1646977776
1646924512
1646999264
1646800480
1642872163
1621887014
1638668342
1638668350
1673403486
1670265933
1636822220
1636603084
1640863708
1909307100
1892528892
1892520700
1892536948
1892495988
1355759190
1355692774
1356540006
1366886502
1114310742
1114249286
41826310
41824262
38678530
46952802
114095077
105837501
72278921
73321353
83741625
82152377
82155961
77838747
284208475
275816762
827367722
839950634
838902058
838902058
318824490
268628030
268599350
289834274
869239074
852068706
852007123
852007059
575387777
571126913
571126913
571384960
622830769
606444961
539335649
539089697
539023393
610298913
610298977
1692493041
1692556689
1625738897
1625541297
1622264497
1637059221
3788741253
3815815877
3815811701
3815811876
3814845740
3814978860
3814813756
3814936617
3814850603
3806724203
3806658810
3798209690
1659251674
1659251290
1655048730
1722092090
3869518107
3806603273
4066648072
4079362056
3559268360
3572896040
2227044972
2227111660
2225932900
2225871397
2225871397
2225921573
2230100535
2272108855
2255327542
2255323518
2255323258
2255327482
2519577850
2519578746
2502932570
2486090074
2487155530
2487151179
2487036489
2486963784
2503737928
2238513720
2175668776
2175676456
2175545385
2175537193
2175537257
2209092703
2263652559
2255337982
2255469054
2255468798
2255329534
2251135198
2653927630
2653862094
2670640207
2620308487
2620292101
2620275717
2486123556
2486119716
2498571812
2225871397
2158824037
2158758517
2158758547
2158762627
2162952834
2163006354
2154674610
2154674578
3241654674
3257316738
3257315458
1110880450
1110355970
1110224911
53272600
271343672
3025704
4074025
3803695
14289446
8980998
1082657542
1117258183
1186594949
1319784576
1319817600
1252717488
1252714400
1252780976
3383589808
3433888032
3437556000
3424956708
3424952612
3424953132
3430195756
3431244297
3699680778
3699744362
3720853034
3473378858
3323891258
3340684874
3289280202
1074687694
1074531726
1355302062
1351275694
3566907550
3569005710
3618288782
3605705862
3605701766
3605767671
3605635877
3622347300
1424511532
1413218860
1413227052
1413228072
1950165288
1950251304
1995360265
917407753
648972303
648906831
644388061
640192697
1714196665
1714335897
1697558969
1680794287
1614176934
1614091942
1612716710
3831511974
3839895974
3835701670
3852675479
3886229908
3887278980
1722826372
1724933828
1712645828
1712636484
1714741877
1714938150
1861656614
1857466406
1839628350
3974534158
3962021898
3827738638
3827742782
1693375022
1623116334
1622755902
1639453199
1635267084
1662521868
1662587180
1661608236
1665860644
1632306480
566891988
864760260
847787909
847775366
310903430
311186310
311219167
311292248
42987800
55472136
929032
928008
981768
956985
13408879
348953343
345816975
345813391
116306077
1181397124
1177202816
1177211072
3341422672
3307876384
3296339744
2226728480
2226660896
2243700256
2277316160
2260518465
2260502209
2260505059
2263654819
2238494178
2221465570
2217270242
2217441906
2217355858
2217356050
2238328066
2238330114
2230988802
2227122195
2157785107
2157711411
3294397794
3290204659
3290401267
3323898355
3460213187
3727333569
3727330496
3605631168
4134383760
4130320544
4130267296
4247659425
4230880931
2088573602
1827945122
3975167650
3969921762
3969921282
4239482883
4105363457
4107329793
1947247360
1946267140
1967323909
4156741911
4068657382
4068661422
4068657326
4073081998
4061545674
4061938122
1914442362
1913397802
1934565930
4040045098
4040040750
3494849582
3561760830
3561490510
3565734350
3582561934
3733631630
3733627533
3733627528
3739005608
4263282856
4263286952
4263291048
3993348232
3976652936
1677910152
1677877640
1677853368
1610810092
1624252973
814755366
816856610
278936866
278926386
15008770
16122882
14552066
9177090
9095425
30050624
46836160
39491968
41520528
36278416
103387265
103518339
120238290
339451938
339238946
337125666
337125666
340271906
344859426
395186439
379454788
383257028
305662412
303770604
316287980
331164648
834412232
838075080
863240793
846688889
852910697
583524969
583328425
600621737
567053711
592285087
592024987
856666298
856682686
286191806
269381822
273556718
291384622
335358238
313338639
313490957
313415181
313446925
65991439
7267082
70161674
71273498
71092330
68683946
67652010
1439416218
1435154074
1955246778
1955111594
4102595322
3850929019
3888877865
3863717161
3860571192
3860573208
3860575256
3793417512
3810153768
3776579432
3780773864
3785039865
3783884747
3783815114
3783847886
3783843278
3788225999
3779831263
3758745053
3758739949
3775513068
3779843052
3779852220
3779854268
2706075548
2705943484
3813235644
3813285516
3813283468
3814335116
3799724701
3824759773
3820762603
3820772458
3787245610
3787237402
3789531146
3781012490
3781008650
3776873738
3776880922
3775848746
3775787310
3775676718
3775594798
3788177774
3783854058
3783792378
3783794377
3783801544
1632119496
1632119512
1632188904
1640707192
1669935176
1669861448
1938313288
4090024264
3544764744
3540606840
3507173752
3251321208
2173646953
2156812393
2156845289
2441985515
2441908699
2442957274
2447151290
2160963754
2152576250
2148383962
2148341882
2164922414
2232039726
2266639918
2279222846
2275030542
2411206159
2394433039
2394482439
2397603191
2405990887
2406060263
2406068389
2372646061
2368445628
2369443996
2369419740
2369403356
2369403229
2367306525
2407148319
2411341598
2411340670
2411213806
2411201454
2414347183
2381054909
2372141981
2371883916
3428930440
3424768408
3424702872
3425824216
3425822984
1276242187
1276373258
1293084682
1328737290
1328706570
1320501514
1320681770
1318806378
1335517802
1304060473
1287315992
1287242504
1290306328
1148759352
1144564008
1144817704
3308685320
3325462600
3324414152
3592848536
3601248699
2259137466
2259006122
2260034218
2262180522
2270569130
2237540010
2170358702
2180528366
2176330878
2176589838
2180784138
2154569739
3229425737
3237224860
3235147196
1087425468
1077971372
1073842620
1342544316
1377216908
1379312012
1378787788
1915650572
1915585068
1915531820
1647092268
1630337580
1617886762
3769530154
3785773098
3818930410
3822059722
1665142986
1661022474
1895837450
1895835963
1997727784
3891439656
3870459928
3869543752
3869541320
4007953096
3991831241
3966669322
3967726394
3963528490
3829197866
3829165098
3829346410
3829273070
1680802230
1684865469
1693385645
1823412717
1822889325
799422728
782657801
782673933
1051043855
1055165454
1847890010
1847890170
1865715946
1816105450
1813943274
1813948267
3831408491
3831365499
3846031195
3879520121
3878999913
3845445483
3847544683
3788820331
3787509369
3787839193
3846660809
3881198473
2803307417
2805269417
2809398697
2817793449
2812565929
2797426937
2797599065
2948001033
2947015947
2951079179
2904876826
3979607850
3979533034
3977398954
2903575226
2941263770
2814379930
2815431050
2782081498
2714972538
2698060158
3769705982
3769707674
3768658075
4053870777
4087364792
3533701272
3261071496
3258187976
1092960265
1076228363
1076358922
2616122
11008814
11524910
1085249846
1085245446
1085178886
1198161990
1177194625
1177194624
1181388928
3328880880
3324683488
3324701809
3324717107
2252024098
2239442722
2159750690
2159615526
2157514278
2157452838
2156404270
2156412783
2160594287
2160611181
2177621885
2178538335
2178538079
2180636415
2179587759
2171131567
2238239419
2238272409
2234070921
2234335112
2167880072
2165455288
2168601016
3242408344
3250616712
3251694984
3251675528
3245449624
3274813933
3258159407
1110676783
1127464198
1077132290
1076275202
1357285378
1353619458
3501104129
3502148609
3493625889
3543961633
2453631297
2453276609
2453278369
2464823969
2527672993
2527607456
2528919456
2528915844
2258395524
2258559365
2262213045
2261034919
2269415334
2265288358
2231806598
2215033734
2216090502
2484530630
2484530631
2505565527
2505430839
2538927935
2522669887
2522669879
2539414325
2505863989
2489188661
2497593653
2629789172
2629793237
2631794135
2623397271
2619133366
2635957462
3743392966
3749684342
3732922390
3749700615
3749700679
3749704053
3749605732
3716022628
3716089853
3716106077
3724377981
3757965165
3757895549
3730614095
3730417487
3730543455
3738932078
3755704686
3722040686
2639852902
2623040870
3092868470
4166679926
4175056246
3101558133
3120498548
2582984260
2606002692
2585018900
2585010740
2583978533
2588173093
2609242465
2609771889
2609747440
2676798900
2680731045
2652407205
2520417765
2520421829
2520446413
2537211853
2541283309
3052988397
2516078063
2516061566
2516065630
2507684926
2503685182
2503880734
3577622542
3590205710
3568972554
3299480074
3299545624
3316145768
3320371944
3341323176
3342510984
1128180616
1128179336
1395425929
1399636651
1374471083
1944981929
1941840296
1946050984
1937564536
1932378680
1932297784
1898751529
1898751531
1881453867
1902416939
1374522427
3500969023
3583888413
3588150365
3588121687
3587597591
3589677367
1576998199
1551703858
1549086482
1549084418
1276602130
1276571955
1279230258
1547534354
1564389442
1580638402
1580630466
1311753122
1592779490
1588323042
1589207779
1589208693
1605922421
3724050220
3713591660
3696814316
3692952796
3709793741
3709260173
3713384845
3755262383
3754221999
3750093295
3750224367
3755405815
3755921911
3713909207
3581789655
3564987895
3565020645
3562929653
3579704823
3623745527
3606958942
3741287182
4269773326
4269782558
4286316350
4281990442
4286176554
4252517695
4235731213
4235731228
4233630012
4233703740
3696964652
3696962607
3722061870
3757713486
3489273934
1340804558
1206388702
1168638974
1151894462
1151964095
1420407796
1420339172
3563629924
3559499792
3559565376
4079660352
4062884800
4063150787
1915617970
1915683494
1651454638
1655177966
1655178347
1671961640
1621637144
1890068488
1345973256
1345956872
1345895880
1346143624
1367115161
1441628345
1441693849
1441697977
1441702137
1441718363
3589267486
3581793582
3577539950
3577605614
3577724366
4152268238
4160718799
4160718799
4160718573
4134512173
1987027741
2003161372
1965363508
1881419812
1881415908
1612983733
1881553829
1894124195
1889667746
1671646850
1654896258
1923126083
1923129601
4074810676
4074809636
4074810148
2720508452
2738286092
2956870172
2954695212
2960990764
2969306668
2964064044
2964077941
2964077686
2427206774
2427198582
2158894198
2175745110
2175548614
2176588998
2203851214
3276593614
3272387022
3272449486
3276772735
3276780031
3545145821
3511591389
3511657948
4044144092
4044130776
4043868632
4044069272
4077567897
1913323417
1913284539
1713010090
1718353322
1726610666
1726543898
1726543882
1919474698
1919570954
1915364378
1378492442
1361711130
1344931134
1349193534
3501133438
3501133438
3232571135
3233627903
3231465197
3230412397
3234626157
3259271805
3259800415
3260004703
3259939167
1112452445
1108257885
1108257884
1108196428
1108184140
34522317
34263181
101380237
118157711
98226843
96179865
79276728
212445880
476621464
1546234504
1546230408
1546226568
1412288888
1415897384
3588579624
3588698923
3588497966
3303351870
3299223062
3232112422
2159873318
2224818278
2223839422
2223708302
3301444815
3293054429
3305653229
3306021613
3293029116
3293028956
3288704604
3422850633
3439693385
3473251145
3724847435
3657738330
3662015578
3670441434
3687734762
3700295146
3436053950
3435987086
3427274910
3423085734
3423151270
3427411362
3431544786
3431474881
3431540288
3449386560
3455700560
3446263392
3341454912
3345651392
3479865024
3464007153
3464014945
3459820593
3460017155
3459947523
3457928547
3457810403
3486213795
3716932279
3700150933
3699950253
3717747372
3474470573
3476556731
3408804251
3375245450
1496721626
1567897626
1558195210
1554063434
1285710282
1303626233
1571865064
1605410988
1607512228
1473425844
1465037244
1427617260
1412668525
1411635225
1411610635
1344481291
1344485647
1356996159
1369592367
1369522747
3585131066
3549475386
3514865194
3494153006
3494284086
3494816278
4040075782
4102926081
4108104720
3021770800
3072102500
3055452388
2787017968
2787038704
2786524896
2789557861
2798913061
2799436335
2818314794
3053199930
3048154970
3048094042
3047700826
3086498026
2549881082
2524715226
2533244106
2277388490
2226790602
2157518938
2157453354
2223521834
2240332858
2273889293
3469256716
3469322252
3462047772
3478829276
3478830317
3377380781
3360656878
3440152574
3473837022
3389963214
3389827335
3393759253
2320103445
2328549396
2329565236
2329548836
2388277284
2371488564
2230979076
2226788868
2159696404
2209892903
2193378918
2197605734
2188172774
2184183286
2184117702
2200894918
2168388550
2168454086
2153765847
2152725447
2152593879
2152495359
2152492287
2152555743
2228220383
2228220655
2223887023
2223829678
2223830719
2228027055
2219613935
2220679149
2216488957
2233298381
2237556045
2237538765
2237534431
2170487023
2152988911
2151944666
2160525786
2160985051
3251508057
3277682456
3325886232
3325865752
3342642952
3309087496
3296508425
1174178394
1471973994
1459588970
1451143546
1446948890
2118037518
2116988958
1982771238
1982767158
1999564823
1949024374
1948991726
1680541678
1693129450
1688828520
1689123432
1689057896
1739127352
1982365192
1982402827
1581125710
1581199470
1597714662
1551511778
1559892178
1555694226
1554727602
1554641649
1420420804
3618171588
3332942276
3270023412
3257506037
3257498879
3274187006
3240636666
3492549483
3505263209
3502133992
3502233320
4036803288
4039948936
2953616024
2970598024
3005131401
2988353163
2990441163
2989400794
2720981614
2720981550
2746016047
2746015781
2712437797
2712570933
2741999701
2719783253
2718734789
2718752197
2719939783
2786469094
2771723494
2892236002
2892374002
3967171074
3170773506
3182246418
3198695714
3198696482
3064484931
3064647809
2666176641
2641011584
2624300720
2632710819
2625125030
2486966950
2486967270
2485389606
2502310934
2514886658
3315933186
3299090450
3299160083
3299094528
3300708352
3304950784
3292170304
3341461952
1445632128
1445693824
1445707136
3593188224
3593114244
4062876295
4079637174
4046071782
4029230374
2959617318
2426940454
2426938662
2427135238
2444960006
2176393478
2243436802
2243429635
2230846785
2230898160
2230966768
2229922800
2221534192
2221923296
2154814305
2206103825
2189319425
2195612929
2195612929
2191287585
2195481889
2197585249
2214349669
2172455925
2178878327
2161973814
2161998646
2162162470
2162158886
2170531126
2172431702
2204929351
2188152269
2188152196
2188221844
2184027540
2184166548
2184101044
2201925844
2166286549
2148149318
2152343830
2160737046
2156538422
2156555838
3231245871
3233329788
3522724700
3546841932
4062746076
1915263228
1645779180
1645189356
638560508
638425180
637983813
637957319
772157638
772678502
777986598
781988390
783823462
800797254
1018831566
884548173
347673160
77271800
77279976
72903272
68745832
68979208
341608716
361740366
378189902
919254222
907718862
909803726
1042976903
1042985093
1059758256
1010557088
1010394272
2084138976
1845067489
1857650275
1989697059
1989693987
1989702163
2002264641
1964646913
1410990597
1413087796
1550389548
1554529320
1554528297
1286281225
3299481675
3299571915
3320364171
3345514923
3354165675
3316417211
3316552395
3450516043
2242552377
2246682155
2502471211
2502733355
2485956139
2485950299
3022831946
4096639194
4113495258
4131026139
4131060938
4135218650
4135216378
4135088298
4135080170
4135080187
4135178457
4152283336
4236177864
4243521032
4239313464
4239260200
4238928488
4238929513
4100481787
4096271050
4096262874
4096328682
1948987434
1961451566
1957421102
2007692302
4138384394
4142569482
3593373710
3593373774
3594491998
3594288286
3611038650
3611034282
3602780842
3601740458
3601801901
3601609644
3533975940
3278114956
1076124812
1076271244
1143388612
69642564
342141205
342140976
342140976
811899936
853902368
845578273
1915138050
1445367810
1445380098
1580089378
1545998434
1545933794
1560019618
1554776738
3702260384
3702261412
3702291140
3735874244
3731139140
1579531076
1579662348
1579479052
1580474427
506732586
506929258
506863850
1064761835
1974897385
1974373017
1974311560
1974255241
1684845001
3828134091
3828265035
3828261242
2687427114
2687395566
2687317670
2691502758
2691445430
2712413110
3819450534
3819442343
4072146087
4072146071
4066917445
1915415557
1915389957
1915267079
1915529223
1919727622
1936103430
4033252358
4096166918
4097215495
2753018903
2757029157
2761221925
3163842084
3214214692
3199469429
3057387461
3057391543
2520647587
2524583842
2528786354
2528720818
3619190674
3572236162
3295338370
3291146946
3291073267
3291052771
2217438049
2221762913
2230151200
2544753712
2527972625
2460452096
2461507856
2461377312
2461315873
2466023201
2453442087
2453442087
2434718438
2954813318
2967403910
2963256478
2963059886
2698573230
2958589871
2954394271
2954377879
2956605154
2956604002
4030279938
4034404354
4040695815
1352208388
1436432420
1184770068
1184770052
1321077508
1325206020
1311297028
1177072581
103326606
103453070
103461262
120234414
2732454
1080923558
1089313950
1084589215
1151435199
1424200175
1415635243
1142956075
1142959147
1415604537
1440865065
1436998191
1470532159
1475250703
527214351
510439439
506232863
507412487
507154501
1044041809
1042972897
1042976481
652774113
665619169
615357377
1693300929
1680718017
1613741249
1613690081
3761140451
3761058531
3765179110
3823907558
4070844134
4087621602
4054064546
3501459954
3505850818
3226876866
3226876610
3235834434
3231689217
3231562240
3265044224
2195493888
2186850320
2453385232
2520420464
3056238688
3194652641
3182083810
3099179686
3904428718
3900471982
3896269758
3912506254
3929439710
3927338095
3939988525
3934530572
3947113484
4161022980
3087477764
3091602980
3095793260
3096841900
3099397807
2561411774
2577676958
2581871550
2301368510
2284525758
2285515998
3357155542
3357155654
3625656653
1551377228
1551393612
1308358156
1301984776
1335541256
1205517097
1461229865
1461492009
1376557069
302876685
839878669
839814157
839812109
1913565196
1913565188
1913561092
4129218612
4246630432
4231988064
4231860960
3170702052
3165455076
3165458149
2628524775
2628532966
2649500142
2385254494
2386434062
2403219726
2413702990
2275291087
2241603503
2241607591
2226931093
2163852677
2162803876
2171391140
2171362724
2167159252
2167290141
2154703677
2154720047
2163076911
2162988862
2162987806
2163053342
2163054363
2230106939
2230106939
2221710137
2234272573
2402093597
2385123869
2385131133
2397713261
2393518447
2393650559
2393648607
2242656479
2230114399
2230294878
2230753614
2230823246
2230627679
2245307775
2272563063
2206043766
2201980662
2269089526
2537463526
2474548966
2438904302
2447358206
2463934686
2455562446
2451437646
2451200030
2451183679
2451455023
2455383341
2463837500
2489003276
2421831500
2430224076
2426061532
2425983725
2426189550
2426190574
2447162094
2453453294
2452929006
2453076862
2434193998
2417393167
2420532751
2424792927
2424632815
2441410031
2458701230
2455522710
2451316102
2451510710
2451446958
2455649454
2466134270
2482907342
2432575694
2163140943
2431565647
2428411663
2428288813
2159849256
2161945384
2222778936
2222914088
2487162412
2486960684
2502754936
2506752760
2511229929
2645316011
2628550058
2624354522
2368501978
3476551770
3459676174
3457574926
3461753870
3470139405
3461754892
3328069900
2252259588
2239644484
2163032656
2158550641
2158624355
2158623334
2158783078
2158766438
2179733606
2204899446
2238584918
2222857158
2357074630
2380143302
3469499095
3469269991
3460888821
3389585493
3389569092
3389766868
1242217669
1511699589
1528472711
1484371342
2029753758
4173043102
4172980126
4172978863
4173040301
4233689773
3172494061
3206315757
3189653484
3189118445
3193311741
3218149853
2677212125
2643613407
2643689167
2626744015
2627005391
2631183871
2631245039
2622981375
2623505663
2642379999
2621297783
2638083191
2637096247
2641292855
3178126903
3169408567
2633578039
2633511479
2633511479
2633511479
2499356535
2516264949
3623559125
3556313493
3538421909
1383603351
1400713375
1360867534
1344217162
270524682
268738874
268743978
269257770
274500634
273516555
1359977803
1359912905
1359920841
1393487500
1397630620
3544979372
3536590764
3532927404
3600028077
3604369913
3604406543
3606421790
3602163006
3602164798
3606362158
3595933742
4132866110
4128671775
2115410957
2115937292
2115936284
2118053916
775868476
708755501
708756527
708822319
711708471
736741943
703200119
678160711
673970503
674089287
674220391
694540775
702933991
702897143
704076759
735386055
710162885
710159829
710372837
718687585
788482865
800049939
767548163
754842371
746453251
762304787
690997571
724557123
724557155
728591843
736978407
703410679
704450967
679285127
679293325
679289775
678784687
683002607
683002463
680892943
679852559
717531407
704947215
704946191
705151039
705085487
706142575
735495151
733301495
714415063
717501893
721690821
721691093
688005613
675414889
680723001
680591899
679484939
947923467
947923467
947989003
411254283
411055691
495191627
133449467
57460139
57447866
40736698
49198490
49198474
48799930
40403114
40423594
2674747
2846781
69873949
74064644
15344132
15401472
82773505
82788881
82592305
91019121
225302001
91094513
40762865
49211825
49260689
49137809
40682641
36507825
36507827
36647315
57553591
15610535
12395175
16522927
284994223
812952559
544508397
561879549
595441117
595571149
561427405
561423069
540320493
540312173
540138297
540154169
539113769
539109417
568469547
597834074
849744202
849740234
312804298
313787386
50078186
58520046
29203838
62504318
45727030
46119217
46053424
46114832
37468176
37468176
373274640
373204992
524200960
523152385
959351811
963284017
996903968
980142112
711575584
707389728
707377440
707303728
707308592
707308661
690545779
673965299
673863091
673861297
678300337
677841585
677448369
687020689
802372227
781265795
780151939
1049633937
917730449
916548753
912288897
908127379
908328355
930258595
565350114
547588646
547654166
547662598
551856390
543471639
623810597
791600165
774820901
707675172
707658772
723912517
728172229
703005341
703017629
682832543
684794507
683746954
683749018
948005626
964811514
998300378
1065675210
1053093066
1044701322
923201675
889634953
873906617
878101420
542491308
542441196
549776108
549775908
549841717
869790981
913821711
908410895
908410902
925258038
879124262
1021708838
750193254
747969222
1033708999
1046290629
1044316365
910098908
908792796
896143976
900348456
615070249
615004731
615000586
883452682
933807114
380141643
385650889
377258233
370966699
1578926254
1578736806
1580907686
1610267282
3718954642
3635062402
3636110018
2562495170
2566694625
2554127968
2554095140
2568757796
4200342372
4208730236
4204536057
4271767705
2130578571
2134509707
2084202651
2084236217
1819978393
1827244681
1827178184
1835573768
1848160825
1848549929
1848549931
1848615467
1848018479
1848036903
1849543719
1853671461
1794955365
1788794981
715061317
719251525
727115847
693565527
689424887
696240631
696109559
695041527
703421943
736976375
736968023
703540567
695023991
694487927
963983895
972368407
1005922871
999627319
981535319
444608071
444608087
444606039
444676054
176652230
197549958
1238880134
1216318102
3371145910
3366959798
3366829726
3366305438
3366303455
2293626623
2291990127
2296180335
2329472367
2321073263
