377402634
377138442
1987623963
1970834715
1954057563
880326123
880386491
1953096091
1948799369
1411907995
1416495595
1433272619
1441146666
1474700858
1470899770
1454121482
1454126602
1588332042
1324109626
1311295978
1312348650
1312357786
1329131914
1340703114
1571455899
1572774824
1572774312
3755845032
3745815788
3741624556
3590629556
3590694276
3607552897
1427526275
1375093382
1403404966
3550770087
3533988263
3537921271
3526421701
1379134669
1379069132
1395846476
1932707096
1932969752
4066899480
4091930136
4054181432
4037533240
4038020632
3505200664
3505135129
2498500139
2498499626
2544632874
2528953450
2526859498
3062665402
3066925194
2991501450
4048204682
4039813003
4031427977
4028351624
4030215336
4029162664
4029228200
4046077160
4083814185
1940590123
1940667919
1940680207
3551307279
3551311375
3556476167
4082730981
4144545444
4111173300
4111107780
3020599876
2484756992
2619941408
2619876896
2485656864
2490107936
2494302241
2427194419
3501065282
3502141634
3551977666
1387709378
1114948274
1110180834
1111228902
1379668206
1396519022
1360929898
1343040826
1346641674
12848650
8652298
8738315
9794315
9892107
25081307
36611515
36613515
36609935
53448591
57460159
57471151
92070063
92037295
124657854
107880590
107880902
124659511
49229351
44837413
44837428
317468180
309077812
304882468
305935148
306082572
310166109
335315695
330072750
278249406
281459647
298236349
331852220
1380288924
1380433292
1376167308
1380099469
1396876751
1371989358
4039568750
4036390702
4036373294
1893612078
1358634558
1350045199
1362632205
1396192540
1916281900
842605612
844833852
852169740
847774733
864554255
868765470
826859326
822673278
822672767
822660479
860458461
860593629
860599772
843953564
843952568
844083641
844083897
844018617
575579033
587575707
554009051
537367611
538096939
605224251
607317771
607317515
607387145
741459467
745850651
771014939
769933403
795082971
790900827
774254715
778449195
787624747
783426347
797975323
797975371
1032859979
1037062475
1012199931
1012265467
886542843
886538715
886538715
886412251
886411739
894931419
924242395
909537755
909586811
909521195
913711401
915809081
915874585
932516633
936641304
905183544
896799033
905195833
901214587
934801787
933556698
934052314
934052314
938250746
896381434
925741563
891793883
891728347
892776955
892772859
894870011
894821371
894751739
894784507
894898811
894841657
896938809
897458489
905912633
905781305
905719833
905707785
905707785
897401099
897470747
897577339
401404795
401396603
401392507
393073499
393114459
359560155
359625723
360575482
360567226
335517082
318684570
314490266
45988250
45923258
44867322
65843834
57664058
19849787
19817279
20865333
22962467
30327074
30000434
29935890
21547890
21547618
1095293538
1103780690
1103780162
1099594050
1133148226
1116432465
1134165489
1138294240
1128841200
1128840848
1091082928
1091082912
1124637600
1124833712
1124768192
1124776384
1124776400
1393535952
286239184
287291888
285711792
285580720
860200368
1933950384
1933950176
1933950193
1933950193
1929690339
1661246563
1661254691
1661466930
1661401362
1666640178
1666640674
1675090738
1641402130
1632952114
1631907634
1631907106
1631968546
1631964530
1631968594
1632034130
1632001362
1632001394
1631919474
1633500530
1935490386
2002730322
4158602610
4158470514
4154276306
4154161618
3717937603
3701160387
3705225155
3696836290
3713875618
3713869474
3722389154
3720288146
3418168722
3416079762
3416074386
3416008913
1268263408
1272457568
1264069984
1261973344
1262452560
1228824001
1278139842
1278135682
1282312578
1291815314
3384646130
3384650210
3384322914
3384323682
3387469347
3379097121
3379224065
3479883328
3479883760
3471429600
3471629792
3463249376
3464345024
3460211904
3476993216
3443438784
3711808592
3577195600
3577134288
3581315569
3581921761
3581795315
3581804531
3581804530
3615324002
3615256931
3732754743
3748491573
3748524341
2641225012
2649744660
2632905988
2629747972
2629780741
3707261813
3707266023
3698861031
3698923431
3564834238
3564968374
3564984502
3581794486
3749050582
3749178694
3731350790
1583862278
1583862327
1583837735
1600614951
1601659687
1601267495
1506854182
2076237606
2076225302
2076224790
2076226838
2067903766
4211322886
3942814743
3909258327
3909323894
3909200118
3892574710
3892502486
3892725750
3980789222
4024172775
4024185063
4292616437
4292813041
4292748273
4255060721
4254930675
3634116179
3701288514
3701418562
3705629506
3439319234
3439320274
3304846482
3321745843
3590111904
3623666336
3514626800
3514593008
1362913904
1362897520
1396583696
1396572416
1400242197
1400635445
1400664125
1365012541
1373404268
1355610604
1351408553
1350884009
1468455563
1455855243
1448510091
3595928523
3730276715
3732840495
3732774957
4269581341
4265131069
4264213565
4280990847
4230921727
4236166903
4244554487
4244030166
4109419222
4109428710
4101042022
3832666406
1634814262
1634826550
1634937878
1634874375
1635192837
557252613
557125693
554971180
541336360
549716584
546113177
545798795
545815178
898169482
1971894922
1971894666
1436071114
1572442122
3719008266
3723145514
3756696106
3756696106
3219826218
3153763867
3153759771
2868416313
2885193017
2943917065
2939720776
2939720920
2906239224
2906321065
2906284457
2905224105
2909405865
2813002415
2812871359
3081245599
3051958727
3035242951
3026854983
4100617285
4100684881
4100685169
4234770801
3697901409
3757664083
3741009731
3740860930
3732476434
3463979810
3461883682
3352896802
3619300658
3619308562
3619405891
3619192897
1471787072
1450939584
1446753488
1446753424
1446753408
1461425296
1427756192
1947854752
4099884709
4104013493
4104083191
4103960311
4156319349
4160497461
4135331093
4131136543
2000499998
1967064382
1432239422
1952388410
1959597882
1955533594
1955513099
1955365705
1906086616
1906086568
1929152168
1916573608
1915590072
1916637368
1916720281
1914631337
1646161065
1662941371
1633610139
1616309659
1624737161
1618251977
1618252105
1631359257
1669113129
1652401451
1652532525
1652478269
1646972973
3794292783
3811123503
3782877551
3766095599
3772451486
3772725918
3768531614
3768532622
1956460486
1956409686
1960075286
1953783830
1949659158
1949692950
1950284839
1702803751
1739496197
1739491845
1722387968
1869125377
1831375685
1814614423
1814712742
3963294886
3984077990
4009231526
4005238166
4005172102
4005245831
4272452293
4272448125
4293453356
4251512380
4251582012
3043687964
3043677708
3086731020
4160340252
4160352568
4150128952
4150096665
4112266009
4111271737
4115600747
4115545579
4123466171
1975847306
2110065034
2110003594
2110006682
2093035962
2093035962
1010922122
1010922122
1007772410
1026585322
489972462
489973742
494402662
498465830
532018214
515757078
514715654
519036943
506384399
1445904655
1462420749
1416269596
1421511276
1958324968
1956162296
1951973080
1897440920
1914288056
1914688952
1914683561
840843499
823525615
829821167
813047869
838219093
867581941
848575141
848572341
852760453
843318151
319222662
273064582
1355195094
1354146343
1352959527
1353484839
1353493047
1357683223
3547241223
3530480902
3597325318
3597320214
3598434406
3623612647
3623608695
3590054725
3615154692
3598341636
3594081812
3594024812
4132992364
4132988008
4141675752
4137604552
3583956425
3570322889
3570388475
3561346539
3561284971
3579113835
3579171130
4049039674
4049036574
1884761358
1884699918
1884690462
1347814462
1347747902
1356083518
1356149030
281346358
281397046
810334774
869051171
852265249
579831808
650810432
1711976640
1846194368
1847496832
1816048032
1815077541
1815945895
3963364015
3975422638
3834920622
3851697854
3835113358
4103482767
4103484559
4099670221
4094960125
4116062536
1970680600
1937179448
1408509752
1374955320
1353989433
284437819
284437770
273960266
274058442
813145498
830389642
1920906635
1919910281
1919779769
1920840617
1916576425
1914479337
4078756585
4078719593
4045277033
4150164777
4143872041
4139706411
4138661899
4139250699
4160020747
3581202699
3558326555
3558765433
3558761321
4094617448
4116709353
3885873641
3885799931
3869022683
3887896970
2717687690
3776938698
3776938586
3762274906
3762254458
3761185386
2687246958
2691446255
2695629036
2695694492
2980976780
2980976780
3014006924
4075164812
4072423868
4071941036
4072006062
2998251950
2998178286
2993980526
3005514790
4045766918
4029079814
4029031174
1881547534
1894650671
1961754925
1962804525
4110100765
3573102877
3573234141
1442347471
1459420047
1458359947
1449902746
1458270906
1454060218
1453994667
1453925291
1610359214
1566318826
1544839274
1544872974
1560641550
1598922762
1607311627
3733693193
3733693960
4274756104
4267280936
4263021097
4198087209
3128604969
3136984089
3151659019
2875183115
2837368891
2820534315
2822493294
2826619887
2828708527
3902376621
3919108796
3944279692
3927467660
3927466444
3929694316
3929674796
4000120877
4004446237
4004381773
4004390221
4290670284
4257106572
4242353796
4233897605
2086417045
1558000301
1419523055
1419522542
1418998110
1423385934
1417035086
1417071102
1417140670
1953806734
2012523406
1996262286
1988003467
4131291807
4130181885
4130140717
4146913837
4109230637
4106215724
4106024236
4106012724
4109948949
4147697701
4265265175
4265264135
2121940998
1987788894
1982419134
1983393982
2000387262
1950017950
1954212542
616139454
613980830
1687723679
1689814751
1690075453
1701228844
1697095980
1696915765
3844207421
3844223533
3844215337
3979412008
3991932712
3853523240
1738545464
1706232856
1840647176
4237638921
4236519179
3695515194
3695517306
3696172650
3628996394
3687401242
3667445002
4204363786
4204507162
4204306538
3130565482
3153634026
3141042857
3139994297
2854785672
2854789768
2854986408
2854933160
2939867628
2893697236
3975827669
3975827699
3975811314
4244264178
4233778370
4097729734
4114508998
4152282310
1988021639
1659893127
1660811159
1660810143
1660777374
1652323998
1937520558
1899839403
1898917803
1903116253
1911502668
1910768988
1889820988
1889853492
1890906164
1890906164
1890971668
1978834949
2004262919
1987494950
1987561766
1983343454
1916234446
1919384254
1919224510
1936459418
4092330394
4059840698
4059951354
4043300970
3768427306
3768361770
3768100650
3772287339
1633212585
1662535848
1645742264
1645877400
1647973816
1652171704
1659515608
568930840
820589112
816329272
816587272
820832777
820820491
887929371
1962707739
1960610761
2110686601
2107544456
4257133512
4261061160
4248543784
4248347180
4281917996
4265272109
4265230637
4267573311
4267651131
3201776698
3201775674
3197515834
2681551130
2681223946
2646949386
2647003674
2374963721
2358063624
2358063960
2357728104
2224575464
2226709416
2229849001
2217249707
2150140846
2418641854
2418711438
3492719246
3493766798
4084503175
4151607989
4130505397
3591561927
3591528999
3593495845
3593481253
3606063143
3601873959
3602005021
3602003023
3600225487
3621061771
3587583391
3562413982
3562479262
3562346174
3562304190
3562336958
3572818686
3590099743
3605832477
3597443356
3597514028
3593321516
3592796200
3596991528
4134976568
4143379464
4158046473
4149592427
4149695467
4149678954
4149613418
4116124474
4116125466
3495370010
1347762442
1347893514
1347893530
1348435418
1885198218
1910276746
870089370
584876714
583898026
583967982
852403246
843949094
822399026
806617106
336998418
339091506
473309474
486408738
482149091
498796160
1604995712
1605094016
1604946560
3748248192
3727534720
3727534976
4264866708
3189019557
3193222125
3208946669
2899829487
2916283135
2910016239
2943636335
2808353135
3060073835
3060075579
3060078651
3060209945
3060144905
4133908233
4133908233
4143236377
2127877435
2144701466
1842842654
1842781214
1818147870
1813951510
1814007830
1813352470
1813504022
1813438503
1813402596
1813316268
1830031020
1875909292
1871714988
1739610860
1706089213
1706350926
1687540750
1683349518
1679286310
1679286374
1695969526
1712722071
1714827701
1719076532
1727340212
1723145908
4139081404
4156022428
3852785356
3835997773
3840192283
3833043242
3832920110
3849628718
3845432382
3876958270
3877097534
3843539190
3843473590
3828765094
3832956582
3840232102
3836041894
3852819110
3852753567
3890495437
3882164684
3877712188
3848278308
3848606004
4100269360
4108658480
4105512736
4122421024
4155905281
3619046657
3602269441
3602831171
3606562771
3613742807
3614797494
3576966822
3698605998
3562290606
4108066234
3571266970
1423717882
1574465818
1549295903
1568203071
1568310573
1601936437
1600764983
1449704497
1450812433
1446682640
1446674624
1446674560
1463713920
1429111216
1412421280
1953330848
4105991908
4105989861
4105973477
4110249815
4127153990
4118806342
4118806278
4152229398
4160593462
4160593462
4160526134
4124877622
4112294710
4112311094
4095636418
4097446786
4097442722
4101703074
4108854690
4105708711
4122752181
4156372101
4143938631
4143967239
4278054174
4277004606
4276940062
4269796622
4269735182
4285972847
4294300645
4285911781
4283744868
4283752996
4249149732
4232372276
4233551876
2081879044
4097232132
4097232196
4101492060
4126524908
4139050220
4139009224
4141110728
4141340649
4158125801
4157892331
4157896411
3084146394
3084220410
3069534715
3077923035
3077918939
3212263673
3176558969
3184976761
3050829369
3050698265
3051152920
3176982296
3159684376
3155554616
3155513464
3159834744
3034005865
3050729963
3046598634
3046504426
3050624954
3042760090
3042825610
2501301386
2501309594
3075921082
3075986587
4149736923
4152353755
4151698395
4151702139
4151636859
4151833371
3614865179
3606503195
2532835098
2524314426
3061184826
3061169210
3069484090
3069476922
3218898970
3216945166
3187601422
2638102814
2621182246
2620925478
2624267815
2632648295
2628323047
2628256485
2628260517
2628285333
2645094789
2649272716
2674439580
2674637725
2670443485
2670373853
2670652317
2671705047
2638092231
2637574863
2620789647
2488603566
2513707502
2509579518
2509579486
2509579358
2511631391
3585922111
3514627135
3510412383
3544165855
4064263583
4062101390
4062160782
4060922766
4060922270
1917735342
4083032495
4085130735
4058981743
1911303551
1894591805
1894593821
1894658824
1894675208
1894602504
1887226680
1883040296
808233512
824498808
840978121
845365898
1919074698
1920123115
1985200233
1984995368
1984995352
1984996360
1995680520
1943247416
1943177785
1943194123
1926679114
4073189082
4149502906
4149539258
4158116346
4149661946
4149735674
4128633338
4127581563
1980034363
1980005691
1967476089
1950750169
1960191881
1893607051
1893602971
1893533371
1893482154
1893477802
1901862330
830215290
829169722
829186106
828694586
829595706
292651323
290488603
289443103
1363191839
1430300703
1430497567
1162012943
1153626055
1287800455
1288046215
1289160599
1305884567
1305949623
1330976242
1331524082
1314779506
1585226039
1585029429
3732644148
3732443444
3732440876
2136517996
2136521080
2136586744
2132507001
2099132799
2099124590
1964904302
1971193390
1895772734
1895633470
819724830
836502031
828121935
274203103
282640559
282903727
278694062
277645486
277645470
281974990
281979982
274637902
360620303
1446940943
1445892447
1986959191
1988003831
1988071399
1985513447
4133005231
4133073823
4129018781
4133213180
4133147628
4149997932
4118373676
3044932908
2768099645
2784868415
2780674366
2818554142
2801710862
2801505038
2927329855
2933576509
2937602537
2939683304
2906137000
2906260904
2776239529
3857320377
3853125881
3853126857
3853452489
1710040137
1971200009
1971191832
1970143288
1953313065
1416373035
1417422378
1962163754
886426170
882215482
630569534
1737797390
1721020430
1712816206
1714847941
1714851972
1713803412
1714868640
3879089056
3878953636
3857983140
3853794980
3853786796
3837206157
4105574349
4105529295
4109657951
4101275518
4097136446
4101470006
4101465366
4101453062
1425478662
1424425990
1416041490
1416049714
1415984434
343278354
343868162
343736642
342708562
367875315
401208819
384563185
384554673
384425617
384425681
107805265
107830097
109010225
104817968
108994864
109007120
116904561
112710257
112710387
112710355
116781763
108352211
104100838
68445167
1149067755
1417537019
1426053627
1421707515
1421711579
2092939483
2096675035
2105060571
2134422603
1042972683
1043255327
1043263550
2116956198
2116952099
2133598435
2105352689
2113823664
2092876416
2092888704
1555817088
3703173760
3724408448
3724400341
3719059045
3719067183
3722733359
3186062603
2641839371
3715454219
3715462411
3713398075
4250271099
4250008955
4249943515
4114677147
4114677146
4114716570
4114842298
3846345402
3842159258
3842237114
3843138298
3759190126
3780162606
3780166703
3811635213
3811729420
3809607756
3793109996
3807790700
3803596328
3803531048
3013900041
3081039113
3052725531
3040343339
3021985083
3026142555
4099801563
4116644187
4125032795
4158468411
4150207290
2002723386
2013216282
1979677210
1979578890
1979497242
1979496474
1971106890
1966375114
1999995019
2000076939
1965486265
2099667885
2112251564
2142645924
2108112517
1973753477
4122759831
4122243759
4124336878
4115997658
4116132170
4245893402
2098279466
2098210090
2098210058
2102406922
2102470154
2110981641
1571882521
1572095800
1572095480
1605649656
1526001816
1526157769
1526120905
1526121435
1526133099
1526194539
1534386283
1534353531
1498767433
1494643145
1493578697
419832537
419898105
423900027
432275770
499388458
495199274
483681306
475528202
475438411
209096651
209030809
1165264569
1173391289
1206944697
1475383737
3616715195
3615662251
3615662571
3615662507
3603015615
3603011263
3594639023
1443050159
1443247015
1443303863
1997996215
1949778149
1961247029
1956827919
1956769295
1956686351
1952492063
1969269311
1986128191
4134722847
4134718495
4143432747
4143300651
4158116187
4124496715
4124570203
3084776174
3083662062
3083663342
3083655150
3084768750
3084907774
3219026014
3210637407
2673766431
2640261181
2640131389
3713361213
3696586045
3696713567
3696648031
3695701966
3703956942
3720672718
2646921630
2680541630
2680681407
2681140207
2681197303
2547898103
2539517951
2539415551
2541551599
2541352447
2507920797
2516309405
2516178332
3053319580
3053254076
3044866028
3078412268
3074283389
3078480733
3211256607
3211261759
3211253295
3177569839
3160735551
3160469261
3157519629
3178419213
3178419229
3209936957
3142665343
3142796543
3208803814
3217450470
3183961590
3179668950
3179804118
3218593239
3218462135
3193820597
3189626261
4262458821
4146033877
4112479477
4099831157
4101920055
4101902135
4100923158
4109317638
4127159878
4257044310
4290627446
4290574190
4294763903
3221026175
3221026173
3195860285
3195855165
3208503581
4280119677
3709825533
3709744613
3697154021
3705616293
3704567477
3701290645
2627556993
2631784133
2633879253
2650259025
2682699523
2657594627
2657453330
2519569430
2519593014
2519593014
2523919654
2548983143
2550093671
3053275127
3187152839
2642225095
2675910607
2675914207
3757915511
3757317223
3748926503
3748934711
3715986437
1547658245
1566501889
1600044305
1591389185
1591393473
1448850625
370905217
907776147
1981452467
1966773411
1618906595
1626312054
1626180918
1617818934
1613553975
3761037863
3762119205
3845998189
3848078956
3839626988
3835436796
3835444684
2761700556
3030332621
4124975311
4124975359
4124909998
4124909998
4259129278
4259280830
4259282879
3588194255
3579803599
3581925198
3581921054
3581794078
3565027102
3565023030
3565025078
3573413174
3573403958
3573411922
3590320211
3623801041
3596538320
3592341456
3592343504
3592346576
2518154225
2538961393
2513791475
2513780178
2513778130
2278896114
2257916770
2258047778
2526369570
2528441635
2528437539
2532615457
2549921109
2516551109
2499708292
2491385780
2487011236
2486982565
2486441893
2486581229
2487100927
2499683678
3569300766
3569300750
3569169422
3572268046
3563912198
3559691270
3563881495
3581904213
3615130053
3596255685
3596276167
3596214743
3596214766
3596183022
2522832238
2539605870
2514312814
2493349499
2627556953
2645840460
2650034764
2650559324
2642174828
3699270124
3697174500
3693018981
3693084503
3693018435
3575625027
3613368642
3596464466
4133466486
4133327222
4132276215
4128032759
4144887799
4145014247
4150158821
4149888493
3084469741
3067893244
4141710844
4141707164
4158613388
4151932812
4118631389
4101853663
4101984767
4101984638
3036631342
2499626286
2499600190
2499604238
3036457486
3053304334
3086982927
3084881695
3067971389
3067974189
3084759597
3078484525
3074290285
3040658029
3040723709
2771146733
2775348463
2812824814
2947042558
3081395454
3085597903
3078235215
3074041165
3074041693
3074036333
3053339245
3047113581
3046921725
3030181327
3030181070
2489105918
2619119079
2619197431
2619262919
3156145989
3156143892
3177115444
3185438516
3185372980
3084707604
3068061444
3067790148
3067855860
3067695524
2530767271
2547528102
2539139494
2505840038
2489058798
2422099438
2432585038
2432656718
2432525646
2423776526
2490815567
2491405431
2491282549
2508060021
2508060500
2541744725
2524934741
2524934871
2522822390
3596421094
3612872166
3621264622
3587775742
3621469390
3623445711
3606601949
3606601981
3598315644
3594113388
3541668204
3542070653
1934606205
1900854271
1900841879
1885195142
1881070982
1881079174
4028519862
4028518821
4049494964
2984174452
3082809908
3081564724
3081561652
3081561660
3081530924
2544795180
2544777774
2679053098
2683570538
2406746602
2402551994
2400656606
2413179102
2374377614
2374377614
2374262926
2359075229
3430711804
3443297756
3476924684
3459950860
3460212748
3728648204
3726552092
3726553100
3592061005
3608854991
3581559247
3589949438
3585805998
3585621678
3589812142
3587714970
2547606922
2514212234
2497289626
2497560026
2631773530
3168644377
3168779804
3170743868
3162026540
3156783652
3156783652
3207107108
2921976612
2922180708
2922136804
2926528757
2927515863
2919131351
3168693190
3170773702
3162185414
3044541126
3077046694
3085439138
3081269411
3215478947
3182088323
3165316483
2632631682
2490168803
2490131745
2502701345
2507088148
2540577028
2540511516
3622576428
3623629932
3585875433
3502115226
3502115226
1358170554
1093929402
1094142346
53882250
37102474
305537678
309727887
334385837
334353069
334291949
292332397
325890863
325944111
326009663
333886233
300328201
284091657
275676425
275676428
1349418268
1350499644
1356322109
1356715785
3504195337
3546254859
3529481819
3529359098
3537673914
3600581310
3600384670
3600401067
3619476395
3590119851
3581731049
2487084093
2486106125
3559323661
4096190469
4096174365
4108750621
4108747293
4138173151
4139221711
4143354575
4135048063
4130652527
4130661487
2771709167
3828709631
3828840910
3832994766
3839265534
3851848430
3868695854
3874795535
3866402823
1713819653
1713664037
1847861285
1847796775
1847985447
1849034278
1859584726
1989612182
4137105038
4120788622
3569232527
3569179276
3232287372
2159659676
2159582892
2157768424
2157766376
2212288364
2178729767
2161921314
2153536546
3229375522
3225371682
3224256530
3224006722
3224035394
3274367426
1110111683
1114277313
1122737427
1122760753
1139537968
1399384352
1383656224
1377365536
1377550897
3523924677
3524981447
3524973190
3615409030
3573531022
3572321694
3568130494
3568138731
2494327273
2493803496
2497998840
2506377096
2506966920
2508112280
2508120488
2516574697
2516443627
2516443642
3581731182
3577508142
3594285358
3594482494
1444836127
1444893453
1449115933
1447678269
1464448052
1415293988
3696932868
3696932869
3694823621
3694894469
4231697796
4282091412
3194734500
3203385317
3199038949
3200016869
3203670519
3220512974
3178574270
4233376174
4233441710
4166475758
4174863358
4166351822
4165265678
4215597326
4194691086
4194434062
4194399254
4265816374
2126656486
2122453671
2105737892
2088773264
2084648576
1946224272
1946223536
1946173600
1976623328
2008080401
2007295239
1432873479
1345223174
3496626742
3572194598
3584580654
3585608750
3583659214
3617213582
3750362302
2681001134
2672608446
3746414751
3742363869
3742294328
3743375656
3749192488
3455590936
3388812824
3388882488
3388873512
3363114345
3428058618
1280582090
1279538122
1279673290
1145227098
1159134042
1461102938
1446422875
1446291659
1446290635
1450475995
1458864635
1459585515
3604906345
3604914537
4140736813
3075450148
3041899892
3025057476
3024795332
3025852100
2623196896
2620948192
2620927713
2636656371
2640841954
2649228514
3584557282
3567988978
3588890834
3580502210
3580764354
1567518146
1575897922
1604832099
1587935523
1592060195
1584688434
1309943042
1310679298
1310606114
1310605858
1163530786
1157255683
1153155585
1153009344
3299580880
3567958720
3572218564
3521743556
3538525108
3530091436
3531108268
3526893484
3541571497
3508019627
4032373166
4041097646
4035953566
4040983486
3774124526
3790910758
1675929638
3798313014
3794184470
3794184454
3794184454
3795248390
3878814782
3810722862
3810853934
3823371310
4070968363
3014008108
2962628124
2426158604
2425103884
2425111116
2156655340
2424939181
2491983534
2508762790
2521336742
2517142438
2534051254
2535102406
2535367238
2503926287
2487169565
2487038511
2487030319
3023898414
4034200622
4042595390
4042603550
4040633359
4036422857
1909365960
1942785928
1984734888
1980544680
4128015272
4127687048
3590750280
3607478312
2504291369
2488691757
2497080623
2543215903
2660659727
2663305742
2663367279
2663154415
2667349423
2658966717
2671614109
2638141581
2621373581
3156108429
4234043837
4242408365
4242408189
4242346557
4118553117
4118554125
3581685309
4152109353
4158474537
4158605595
4127120842
3588150730
3562915210
3562850202
3561801642
3494662058
3494645674
2445686698
2479236506
2476089773
2274767020
2257940668
2257903836
2276778460
2276754284
2279908204
2279970671
2473561898
2469234986
2468989290
2468960634
3509459402
3509464010
3513659339
3513649085
3514643357
1098719629
1106649485
1106588157
1106264421
1097920807
1081115911
1088601870
1084403214
1369877007
1403436559
1408142862
1395559711
1395246191
1395167467
1932042475
1932035147
1652262235
3799756283
3793726811
3793391369
3814362633
3850012216
3840575020
3840582188
3832128060
3827867948
3844661293
3861626926
3862560878
3861775598
3861250270
3861255310
3865525434
3866438587
3988208281
3971365513
3971971721
4257175181
4290540239
3216798414
3195564798
3208172014
3174752494
3162169590
3170559182
3170827718
3168595911
3034377973
3025989292
3026177980
3024048028
3023379868
3577026013
3577157077
3497399607
3505853731
1358378290
1358176530
1357127698
1357127730
1357869282
1353617539
1403946113
1391365248
1382386864
1378195936
3525622560
3526667808
4062489124
4063538724
2990009900
2977326652
3033875749
3029692454
2963226854
2963013798
2986082470
3006808230
2989147302
2993354406
3002003077
2997874308
3001876172
3007086221
4114448269
4114490798
4095091630
4099277758
3569746826
1422332618
1422202698
1423194943
1557408045
1574201405
1609885708
1593162756
1585295364
1585352708
1581154372
1581154500
1564377476
1551799221
1558025895
2089598631
2089594598
4241272102
4232373286
4228236342
3155153942
3021929479
3038698501
3059408149
3066744436
3062613620
3062415956
3062395605
3067618303
3055034798
3057131950
4147786158
4118413738
4105830826
4103799754
1419325769
1423453512
1415063880
1141434824
1145879544
1078823833
1095075723
1195606922
1174569866
3327296458
3335693182
3331384174
3331384622
3348161838
3314738478
2241217855
2178368863
2164014431
2239576350
2239703326
2235443486
2235439390
2233402686
2279420218
3348902202
3483173146
3482845499
3484968297
3488148841
3475540201
3458960539
3458966923
3459948939
3476792201
3455820680
3432752060
3432687532
3294334892
3288961020
3289223164
3306160092
3574474700
3579719645
3579723261
3565030892
3581877677
3581877693
3615249805
3604796365
3335832271
3331752538
3331761962
2260182315
2532617259
2541530155
2650586153
2650572041
2512171784
2512365096
2497627880
2489304744
2501856941
2501709485
2501707694
2467694478
2471907726
2463588526
3002392810
2998173946
3014431962
2985076169
2955722248
2687343112
2687404552
2687404840
3761105192
3777768488
3782021177
1634664523
1701712105
1685979625
1685980123
1685861327
1954293066
1960651050
1956456490
1973188938
1469897034
1453312330
1453234122
3600724938
3600658911
4275941869
4292776301
4292845869
4259095869
4259097917
4284332093
4280277054
4280223774
4279961630
4279908414
4282000430
4261024046
4255777534
4239065758
4238881422
3702055566
3702039181
3702040476
2632490428
2486733308
2486864236
3040525156
3074075172
3076177444
4158576180
4124985091
4150005010
3726388258
3728686114
3728346162
3731493890
3739889922
3735695618
3735630146
3757584834
3430507906
3429571970
3437973174
3433765542
3433774759
3433576101
2359834284
2360096492
2246837240
2272019961
2252209275
2252257530
2520688890
2518329562
2522459594
2529732043
2525538251
2529797723
2518369834
2249917994
2252017195
2520389417
2432311596
2427089196
2427109636
2426962372
2426962308
2431157668
2418654628
2468985253
2452208293
2990250725
2988087927
2988358151
2735713797
2714609165
2711597103
2696654886
2699673702
2754363558
2754412710
2754479270
2754485414
3844480934
3857071766
3853989510
4120721094
4120651463
4120667717
3567021572
2493312532
3571248916
3565026612
3565081972
3579761780
3546170581
3529392327
1381635271
1377440983
1377442919
1379609703
1396259127
1362631967
1364991775
1373376031
1369196062
3516846606
3549360654
3548746302
3548680807
2474938981
2424672885
2425336548
2425206432
2429136544
2420748208
2416486833
2954410145
2973403299
2989140099
4062877826
4067069762
4075456003
4066939395
1915544098
1982603814
1982603558
1982738470
2116682790
1877608486
1823082562
2092579266
1018837955
1016807109
481915525
486122133
486056877
501785517
929605037
912833965
929675705
896253369
1902835097
1886058393
1886024345
1886258873
1895040697
1895055097
838089465
846465625
842010201
304092473
375463993
379658297
379662363
379671578
363064330
351709194
339646474
337284303
337282189
337154236
341352620
341353964
1413011236
1417403940
1425731088
1421535760
1421527600
1958449123
1972995234
1452904610
1448837266
1444577410
1444581586
2115629106
1983439926
1999169846
1735109166
1743428143
1873451581
1873517133
4005084877
4009272973
3999838905
3995652843
3995718379
3996734442
4013518954
4017839146
4020964410
4255848459
4259915785
4251528201
4251853868
4260250156
4239278636
4106207772
4105557709
4105498319
3562334871
3557870230
2436025990
4046609799
4080493719
4067914941
4076324028
4076326332
1919213012
1919215061
1919215101
1919262767
1659277358
1659274286
1646693390
1646770190
1646770182
1646696743
1646698279
1667728933
1634178565
1684469252
3828270612
3828305504
3828157920
3832364192
2758618272
2767001776
2767009952
3031182244
3047959204
2997688996
2997619380
2528910997
2544643714
2246849922
3295552706
3295489346
3291229474
3291237666
1143951154
1563094786
1596649218
1600843522
1600823104
1579716576
1579724516
1597550316
1446574700
1983502908
1987803964
1455237437
1454718063
1454771438
1469453550
1440089518
3561375118
3557218182
1409654086
1426365751
1968475959
1943059991
1976610310
1968418310
1947397878
1947401959
4095139495
4093746343
4114652327
3801124023
1655737559
1655806406
1658956486
1651763910
1651703782
1664243174
1613890798
1612841086
1612841054
1617048638
1621310526
1637887262
1924409615
850672461
854923725
847124956
913980860
913978796
939144616
939144088
938111945
904656201
896072969
891874344
891856936
875273272
1009425464
1013617960
2095747384
2095812889
2112664345
2146219817
2130487083
2122165802
2122251822
4281228910
4230893294
4231925422
4236119710
4244574094
4244403615
4239685119
4122277207
4154848517
4158973205
4158710069
3613717813
3609490725
3609613605
3613803829
3614852433
3623179633
3589563697
3589629201
3589764353
3589764355
1442145586
1442084130
1431655714
1410745650
1142295554
1142299651
1276585987
1276520707
1280707843
1289635411
1291797234
1337742034
1320997522
1320735410
1253701298
1253834418
1258028722
1257859762
1257860851
1256730595
1256727911
3387430247
3362341943
3362341911
1214862359
1210606711
1210606967
1214800359
1223188967
1219196917
1219172341
1223172085
1214791143
1214791143
1227521239
1265267910
1265287367
1273676231
1273614791
1273553909
1231611877
1214836197
1214840165
1214971189
1214971157
1240125205
1240157973
1269389077
1252620055
1252605750
1256734502
1256727846
1248408870
1248531750
1244337462
1248399638
3395821846
3404259638
3421024630
3387535863
3370693607
3366491813
3634929333
3651780532
2611658676
2599067044
2586480036
2653586868
2653587348
2653614469
3057312181
4131022245
4150134189
4149677501
4116127165
4116127133
4116127133
1968643213
1953825933
1952720269
1952527837
1013135229
1021388351
1038165551
1033975343
966801199
1004545326
1004545326
970990911
963769663
961787151
969970959
968917325
968922045
2076283821
2076291501
2076291517
4215518653
4215453181
4278365487
4244815663
4249026350
4232249214
4107427678
3029485022
3031647662
3035645358
3052422591
2507175359
2534471061
2534536581
2534597573
2538857413
3620991573
3086144341
3048396631
3048464231
3034639719
3026251111
3043032575
3039163727
3073832271
3073832285
3061312869
3061317413
3069697845
3086309173
3202701111
3202683711
2682729230
2682720566
2682262886
2682258918
3219145958
3186742518
3186873543
3220372679
3209800897
3209734257
3138443313
4212283395
4178729218
4245825858
4229054290
4166145890
4187149922
3918763569
3952129840
4202737936
4274036752
4261453824
4261474384
4245845236
4229051876
4229303716
4107669220
4105640688
4105657936
4103360001
4103393025
3570724103
2505894966
2539453670
2522873062
2522805686
2665399958
3198076566
3197945574
3200055014
3220989927
3178522487
3178592117
3178592117
3178592101
3176620901
2681680740
2681540980
2681476436
2673091604
2639537205
2635430965
2618782773
2488726789
2497107205
2493433092
2509043036
2479684956
3528259933
3528321919
3528276783
4077853486
4078571326
4045078798
4045213722
4049465454
4090355950
3805061567
3805061519
1674346895
1665959309
4043607455
4026964383
4026989479
4031179749
4031146725
2958437989
2975145556
3042252356
3042256708
3050660180
3080152148
3080180757
3080176723
3046481266
3050679650
3042291042
3042295282
3071645138
3071791571
3054948851
3054916435
3061207363
3077902643
3010725155
2984519715
2967812131
2984712469
2985695493
3019266817
3008845312
4082483713
4091015797
4090491605
4056806039
4056732327
2982989734
2974600614
2974079143
3041254565
3041385685
3041322181
3042435405
3050823965
3050824511
3050813310
3052902014
3052920702
3044396846
3044853038
3076310334
3072091406
3040699406
3040818230
3040752934
4118682982
4127067510
4156428119
4156448199
4143936835
3615487299
3615478083
3615478259
3590320611
3590190051
4110283747
4099790801
3562889153
3693042001
3692902755
3162253603
3162254114
3179032370
3212650242
3757974338
3738579906
3734373267
3751150483
1603535265
1569981860
1423189156
1409301692
1409367228
336673980
336739468
353516749
288447949
292616063
292681599
401864671
401864542
401731966
133296446
91337022
91468078
343127358
342990110
1559267615
1555151164
1572059964
1603451404
1586671180
1589899980
1589875356
1581421292
3728905189
3725754855
3729818086
3728777462
3728778358
4282497150
4232296574
4232493175
4233533765
4241918725
4236168773
3715950148
3748979445
3728007909
4269274087
4267070950
4266935526
4275334390
3738528854
3755375622
3723902214
3723894022
3723433750
2632783670
2632783655
2633791271
2633819751
2631722615
2631792245
2631792373
3164403445
3168599781
4242336421
4250688428
4246485436
4246150588
4246099132
4279685341
4283613405
4275208269
4275086351
2127602695
2119216151
4266768437
4262705205
4279417909
4245871669
4250291509
4250275381
4174786067
4175377938
4192155154
4192024114
4191696738
4191683938
4225303667
4208532691
4208553153
1515744709
1515744711
1511550103
1510489254
1527725238
1481518278
1489916998
1485227094
2022032419
2021963553
2026153505
2017764912
2013312528
2013378128
2013312592
2063644240
3993147217
3993144785
3993165297
3993423329
3863465443
3871693025
3888995505
3889003905
4116587904
4099811200
4032692944
4041147248
3505718576
3522442544
3522438432
3518309665
3552517425
3552513297
3533528385
3265060161
3268271553
3276799169
3273647297
3244291539
3244159843
3252548450
3252548454
3286036774
3554465078
3512523798
3495807031
3491748135
3491756855
3495619079
3512467015
3554263751
3537486838
3596472758
3596603574
3596603570
3592376482
3575084530
3562500082
3562532818
3705007859
3704745682
3704747730
2631004882
2629956306
2642522866
2646668002
2671833830
2671835110
2667902454
2668066198
3210114263
3210114263
3210564821
3212604925
3212670333
3221190492
3758055196
3757924124
3757866780
3749471508
3713885461
3714019701
3714011253
3579728113
3579826675
3579834835
3613324691
3612794755
3612789699
3606498247
3606432215
3606375910
3597985254
3597984231
3610571255
3577213335
4118213013
4118208949
4126668277
4059405669
4059929893
3790454071
3824008215
3790451735
3781996598
3761098806
3761230143
3761127983
3762176559
3760129647
3764192999
3772522197
3772526533
3768331463
3030127815
3032356039
4120777925
4158534853
3084854741
2531092469
2533193463
2529031895
2550003398
2549675974
2541287254
2507789686
2507928854
3581670710
3589924131
3581534497
3581538609
3581792561
3611283793
3611219793
3598612289
3598604097
3598669651
3615446867
3623744855
4127061494
4126799350
4109950438
4109942246
4101877247
4101813727
4252882895
4248814415
4282303247
4282343743
4282147887
4286325807
4252777519
4260760607
4256580935
4254487879
4254552399
4292113245
4283720541
4283753341
4149671661
4116107005
4124564125
4099205780
4099210901
4099262357
4098212253
4114989503
4110742007
4145410551
