91093366
91093366
225311094
91076982
1299036534
1303230902
1303230902
1269414326
1269414326
1269545876
1269808020
3420830644
3407985588
3374431156
3441671540
3475160884
3476204341
1309714999
1318103570
1250990866
1250023731
1317148704
1322391584
1309804576
1177947152
103681024
103689472
120465664
91032320
99436865
99473747
91068755
91076979
91078131
91076019
225292722
208515506
208516274
208254386
204210098
208403122
216791730
212597427
213645987
213417703
228093671
232287845
224132413
224132413
224130365
224130325
223999317
223999317
224130421
223991285
223993335
223993335
224001527
224001535
224001535
257553919
257553919
257553919
257553791
257553791
257553791
265942366
266040670
234585438
234585471
232488319
232486271
232486367
232355293
232347005
257512829
257545597
257553757
253359453
257553757
257684831
224130399
224122207
224130399
224130911
224122751
223991679
232379775
232387967
232388095
257684991
257553919
257544671
257528287
1297715583
1281077631
1289462079
1559867677
1551480125
1551482172
1551612220
1551612284
1551605084
1551620040
1566558157
1566557149
1599525597
1599591423
3713389551
3713331695
3746886123
3746951675
3747017163
3747017163
3730293595
4283749227
4285854571
4252300651
4252889467
4253020507
4118770011
4116664667
1969189339
1969058299
2004701689
2004701689
2004710905
2004841977
2004842489
2004711257
1971188569
1971122971
1971180315
1971179803
1979052347
1979052347
1979052411
2096623963
2088202715
1568100825
2105005049
2138567673
2138567675
1993863643
1993864667
1985476058
1467348474
1467281914
1433694715
1433760091
1416057179
1424445817
1424455017
1424450921
1442313593
1442304345
1467339081
1467339097
1450570105
1448604027
1582821755
1601697147
3749049706
3715429754
4252366682
4235589466
4235719162
4101370363
3581276667
3581366779
3579269595
3579269593
3579277785
1433892217
1433887097
1433760121
1567969593
1601458521
1593143641
1593308507
1450636635
1450694138
1467274730
1467282922
1475670490
1442181978
1442313051
1433924443
1417147257
1417147769
1417147753
1425536377
1442272601
1433879881
1434408281
1434407289
1434284411
1434415483
1442803835
1476391003
1476391259
1476391259
1459589979
1451071451
1451087835
1467873243
1467873275
1434251771
1971188219
4118802939
4118803963
4152358395
4152357371
4152226299
4160615387
4160615387
2004710363
2004841435
1971156347
1434269049
1567964537
1600462201
1600592219
1584733531
1585263963
1585279323
1593438555
1593569755
1610330623
1574679039
1557770735
1557766655
1549383679
1549383677
1551630329
1551564665
3581869913
3615444313
3615296793
1467817273
1467751705
1467757851
1476211995
1459565882
1459582266
1459605882
1459327358
2130411903
1056674175
1048285661
1046065357
794337501
756588797
739881197
740013311
757005551
757005423
756472175
760465967
768663087
747697677
751875597
751875853
742438173
675331111
671136807
671202359
671333431
671284247
671271987
721603619
710102307
709971299
709973367
718370167
718362103
735141367
701595127
751923190
750878642
750854066
633412498
666987154
650209938
650345106
650345154
579070530
579074579
579329297
583314452
592231444
537693204
537693204
537906236
537840748
537316461
542596589
542449125
544554996
544550896
1616195312
1624588016
1691688688
4103412432
4103420625
4119276226
3549309634
2458790594
2459516546
2459485874
3533211298
3536626102
3545015446
3507268741
1897770180
1897830468
1897830404
1628888116
588703012
554165620
554025981
558220223
558811070
567201214
567105950
567048350
558651870
558841311
558771805
1633560124
1909859900
1909798460
4057216828
3520347932
3503037716
3498839316
3498921780
3499030068
3499030053
3499009639
3515856614
3553396710
3529280950
3525086614
3524263302
3524259222
1376681094
1913539782
1930321350
1930325334
1900834150
1909226790
831020366
831321550
830977222
885436629
616740080
608343536
604016096
738245920
738241840
755084304
788704256
771931137
1845689347
1845632034
1845631202
1866664354
1875970722
1838485174
764747414
1837442694
1820681859
1820452545
1824556560
1813022224
1813032720
1829809408
1846650881
1845663746
1845659650
1845676050
3858914338
3858906402
3863151910
3868264230
4086371958
3014993534
2981568093
2442398284
2442922572
2430339916
2152470812
2152209692
2227795732
2223760916
2492113460
2493232676
2509879141
3185086439
3176958950
3172305366
4245863878
3977424070
3976440918
3976453238
3909352470
3909250102
1795303462
1799494694
1858211094
1870874118
1870779974
1870776020
1837225940
1837149636
1862315460
1711311300
1711524340
1711466980
637725028
650303781
600033317
566610972
541381644
537785356
537904188
537379948
542463084
559238636
592907764
642981844
1724988400
1741765296
1741765296
3855694480
4102105744
4102106752
4102237843
4102170258
3498184338
3515879058
3515894418
3555785138
3524307186
3524307154
1913826374
1912775687
1929819397
1661318421
587502903
587517238
553962526
1628425438
1632558270
1632566702
1674506158
1670377150
1670250142
1938607759
4086103903
4090259741
3511429405
2434738204
2436769852
2424188212
2426281764
2425292324
2425160212
2156679748
2156188372
2424603364
2430047204
2421659109
2416217554
3489970630
3506743750
4043811318
4077321718
1913048534
1913539782
1645116550
1649310870
1657568486
1670143230
1669922270
1703736782
1707520327
1690738965
1682088240
1682028320
1811979808
1811982880
1811983120
1862379776
1845671936
1778572289
1778568243
1778598946
1849760802
1867848802
1842679270
1838616566
1838644886
1838644883
1821630081
1824644992
1816190848
1811988352
1828761488
1862397905
1845690306
1845657026
1845657026
3997326626
3998420258
4006612262
3868200742
3884986134
3887148822
4122165014
3048671492
2499021060
2491156740
2491223828
2491096628
2497394228
2493064756
2493052464
2493027952
2493036257
2510077923
2682031522
3189017778
3188956290
4261588166
4278365382
4278381686
3976395830
3976358966
3959582054
3976363878
4022488822
4018390742
4018259591
3883980676
3883988356
3888180612
3875597764
3876671476
3876736996
3809621988
3813811687
1675044326
1675058646
1640456134
1640325062
1640779719
1640809935
1632391389
1661956188
1661886588
3779995004
4048433004
4039973412
4039903796
4039380548
4035188292
4052165324
3515245277
2475058919
2476627686
2480689126
2472333286
2434584438
2434590022
2418009414
3504268614
4057918790
4057922902
4091533814
4081895654
4077177974
1929761910
1930911766
1662410774
1661362198
1661399350
1631962918
1640285798
1640285814
1640290263
1674375631
1666048207
1665578205
1665580541
1665579885
1665645421
1673829181
1673823501
1665503245
1661394959
1662148623
1628578879
1628581231
1628650479
1624316655
1620380399
1620379293
1620390541
1619338125
1640772493
1640841909
1674331879
1674366695
1670172407
1657601878
1657597022
1649402974
1661920334
1661926479
1661979951
1632423727
1632489263
1632490847
1632625999
1632624733
1632628829
3780040180
3780040180
3779944292
4056702564
4056702500
4056760180
4052625268
4086179668
3012437845
3013551991
2476556135
2438745959
2434549603
2417771893
2421158213
2966348613
4035897159
4052676166
4052605686
4081896418
4077701606
4077702390
3809341654
1645142214
1645142230
1645143286
1666186614
1665976695
592236375
592233733
1666044173
1661919503
1666097439
1666098479
1674559279
1636600639
1640794911
1640795407
1632621583
1627845725
1627808991
1627792623
1661349359
1665612783
1673992943
1669799679
1669797583
1669673935
1640248271
1632375759
1632375790
1632392942
567070446
567070462
567058270
567131486
596491342
596352015
596286492
566930484
537701428
537701396
537900084
537826340
537838692
554583268
1632572644
1632056496
1632056752
1615140768
3839166112
3834978032
4103421685
4120193622
4153879106
3063360194
2526375618
2459236082
2463925750
2463924374
4066222230
4078740621
4078742732
4078869708
3776879708
1629420668
1629482029
1629322286
1629293886
1667173694
1667174206
1675501182
4073596502
4069467734
4069274198
4086059590
4086064847
3515641693
2420931932
2416725276
2421115932
2446224700
2442095916
2441897772
2446087724
2428814908
2429535804
2429453924
2429466213
2429396966
2420938150
2437711286
2433713302
4044340374
4077911198
4061026446
4061030606
1913530822
1913596255
1649164157
1657550717
1736717181
1686598621
1690493893
1690548165
1682020309
1677756405
1677770727
1677765942
1728097334
1711520790
1711455254
1711465494
3858916390
3888280615
3854701927
3851486949
3839102717
3839168189
1691831988
1690816212
1690632132
1682242884
1682214148
1678021908
1812112692
1812112400
1812128769
1812130819
1812098098
1698831394
1732447586
1723928546
1724059346
3871555266
4136052418
4068812754
4068816754
2995017505
3012349732
2475478548
2475216388
2475204100
2458426900
2525664820
3066738288
3075385057
3038625699
3155463586
2887093410
2886900962
2886909142
2886921414
3959614534
3909315590
3942870054
3942858022
3947044454
4022535798
4018357878
4018226039
3984651732
3984647364
3988843716
1694554308
1728301508
1711463412
1711467364
650307877
578997287
583257143
591709191
554488837
537915413
537842725
538920045
542967277
545066469
545071088
542982128
551370416
1625104048
1893539472
1889351312
4053739152
4087228032
4070469249
3533631107
3535642242
3535577074
3535582434
4068254950
4080837734
4080922718
4080988254
1897816158
1897816095
1627861308
1631913784
1632046680
1640454744
1904736856
1904728796
1904581325
1904533125
4047823494
4043825798
4043756182
4044804838
4048901090
4093071714
4075172867
3538297859
3538887745
2464965729
2533156193
3067930469
3084703349
3046028805
3029253645
3034484239
3036450367
3028068143
3023890223
3021858623
3021883230
2971551230
2984117678
2979616174
2979550638
3013111998
3017303183
4078494863
4078691469
4045335693
4045335773
3781094525
3791113532
1710540092
1702163740
1702158652
1698165044
1698100532
1695970645
1683125591
1683184754
1834163554
1842681186
1842623862
1842362166
1875990390
1875998551
1874978117
1874982228
1866515828
1866506036
1832955700
1866510132
1866577684
1866724677
1845687751
3858920694
3858912742
3863152102
3871541230
3888191230
3850838750
3851891406
4120319695
4124384909
4157898381
4149500829
4148452285
4148479423
4116108687
4124505039
4109812559
4110283358
4110214719
4101826351
4097599279
4033619239
4050464879
4050518255
4059959421
4093510717
4076815389
4075222021
1987505413
2004335876
2004139316
1970576764
1951714780
1951782356
1947719636
1947685476
1947669029
1951867431
1976902455
2010390822
2006200614
2006275122
2002011394
1967975762
1896672754
1343082386
1372505986
3515532930
3549087363
3550136001
3623548481
3623478816
2541544992
2541545252
2507990324
2516507988
2516503892
2515979733
2513817077
2505365477
2534733797
2534695397
2538955253
2539090421
3084374391
3084899703
3087005014
3087002966
3076390262
3076382070
2522674558
3061671390
4152321246
4152260062
4152251870
4116661758
4116662271
4116535167
4124964733
4126992221
4118602573
4118586701
4112364893
4116692861
4116619117
3051343613
3084766941
3076388445
3076350557
3076350845
3078431087
3077853551
3086304367
3052881007
3048699087
3036111311
3033948623
3033985998
4099392250
4099266298
4095006330
4111776570
3846027562
3883776058
3865679883
3874065417
3874194440
3865809944
2922098712
2922094904
2938823208
2938794536
2905215528
2892628712
2896691880
2896691885
2896695983
2896695726
2896696510
3181917342
3186179230
3219795102
3212471438
3195694222
3204082830
3204147342
3204209855
3212627101
3078444493
2537382216
3611111704
3576111420
3580305724
3589681965
3572897327
3572962863
3571193471
3562813023
3562827599
3563052495
3563047247
3587034447
3586968927
1473041791
1464389999
3612008751
3621445935
3722113087
3722039390
3713557598
1561881726
1562078334
1430944094
1472875854
1473908042
1473775050
1473794506
1465598458
1566172138
1566106362
1566106330
1565127387
1607071707
1606995323
1472777337
1474022521
1968893432
2101011928
2105258952
2105258712
2105127672
2111349480
2102961896
1964814056
4112301688
4144356936
4144484184
4127642941
4132892717
4137046063
4137041983
4139208735
3600113751
3604309110
3604968566
3613328630
3609015542
3609146870
3575535094
3579762678
3571373782
3567122118
3583817414
3587745607
3579357023
3575158557
3575224125
4112049965
4099466028
4233880364
4244533548
4244521276
3573350685
3571266829
3563009293
1549677847
1549743383
1549743382
1551839511
1417614103
1417614085
1157564165
82777860
99571524
133023172
132924868
132907476
132907380
99423012
1173173028
1173301028
1173235492
1173299972
95224580
95159045
95159094
28078382
32372078
24114686
19895742
53319062
53319054
53319054
53326222
53326230
53457367
120566260
120566068
124642596
1206674724
1206857012
1202601236
1203648276
1203713844
1304175156
1304175412
1287394151
1286340966
1290600806
1148142950
1143821666
1143854418
70185282
70185282
86962498
87028034
120451410
120419698
120550738
124735830
132976983
132976983
133002071
124646263
120567671
254780919
254655959
258772374
258776470
1332584342
1248704182
1248178870
3391468214
3395809974
3395449526
3403821734
3399623654
3400737126
3417318438
3369085990
3369085991
3369086005
3361090565
3361094660
3361604868
3363767556
1216304404
1233081200
1233011024
1308574032
1304252881
1304285683
1308464611
1333638563
1312663463
1178576789
1178571653
1191150469
1186825095
1205703335
1163682535
1142170159
1142163006
1142298142
70657814
73803062
1155998742
1155859462
1097712646
1131267142
1114473670
40866966
45061302
45076662
45084854
46002340
45900196
1104438180
1075114660
1075102436
1290768
1222400
3321088
2272256
6465539
19053571
86160387
86425857
90620177
98976240
100017136
100082160
98902512
90509809
90506065
31789843
31789843
32978486
32863798
66449014
57978710
58494406
57443782
300713431
300716247
292393207
326086903
309244391
1378787815
1378869751
1378824662
1378760118
1395013030
1374042022
1369905062
1403328415
1403286413
1386542029
1390715341
1378328700
1379377212
1379250236
1379181629
1396024445
1903605119
1903613919
1954007007
1949647583
1949782719
1412903663
1416966909
1425289853
1425347389
1425355580
1425351453
1425351965
1421210909
1421204765
1475722525
2130024781
2120714461
2120715420
4264002780
4263870684
4263809220
4264022356
4280693476
4230357732
4243006181
4239667943
3165938342
2895405990
2895441334
2899364238
2886962062
4245850830
4279418447
3994083853
3994083848
3996147976
3996192808
4000652328
3870754856
3887482920
3853941016
3854035785
3786729035
3782525642
3782066906
3777938410
1701736938
1698570410
1696407694
1728851342
1728850318
1862797737
1867189224
4018809640
3935972104
2059088392
2074817032
3685229064
3685229097
3383239210
3384283886
3372027310
3375630510
3440380078
3439401098
3452119178
1233333386
1216556174
1216511182
1212373231
1208272943
1208273191
201849093
239517444
243442948
243441924
239576404
235189476
503616676
503624868
470135204
1007596421
877568911
885691806
1959304686
1959299566
1414301806
3578562670
3579758694
3579734374
2547920182
2547917062
2679972694
2679976678
2679927525
2663183092
2667366132
2658979828
2659028820
2654964052
2671745300
2638125332
2638129436
2642324764
2673847580
2673665340
2656892396
2655900076
3218043301
3168756135
3168679862
3168669606
2625572774
2633834486
2675775798
2657893687
2653433863
3727237135
3727302671
3731489071
3706396462
3567917578
3568966154
1421544059
1423449835
1142433531
1141383771
1158164760
1191718968
1179193465
1175063801
101272719
101248143
105483655
109753734
243966855
1334486919
1288349575
1289660295
1283370949
1282314049
1550157169
1545905447
1562681381
3711229989
3744784421
3747082341
4292269413
4292269941
4292859733
4259313221
3747599943
3747599895
3714045718
3714053382
3747575054
3730775054
3749517374
3715832102
3439008550
3439016738
3434677778
3434689090
3438883410
3438900178
3489264562
3472601987
3338314625
3338306432
3338372736
3329984208
3328818928
3341659680
3576539940
3560745252
3560745253
3577523495
4112360790
4125066694
4120740054
4120744151
4154314997
4158517413
4145898661
3038733733
3040770023
3040761591
4118696662
4125053510
4124865350
4124860886
4148977919
4148966639
4115601919
3578665439
2505972735
2505972351
2497650207
3588035087
3619435279
3602772749
3602637085
2528813149
2528686317
2532883693
2520295919
2501479343
2484783759
2484797070
2417653390
3503948495
3501720559
3518776687
3535567919
3539790895
2457664573
2457730333
3531449613
3531187469
3531253197
2434438541
2484784527
2483768735
2483772862
2496397294
3030247279
3030180391
3049021991
3082580741
2533155093
3061637349
3074329828
3040774372
3157969124
3157968965
3162163975
3170564614
4235750966
3979879990
3979883070
3979883054
3983028718
3987407023
3836412076
1822949516
1828483212
1830576268
755785736
755982344
756442408
756447784
794184232
784222760
781732361
714623755
714669130
987287754
974782666
454701258
2017091626
2017124910
2029707822
1754968622
1754829358
1753784842
2072551947
2055778824
2061029240
2067335528
2032863720
2099906792
1948911848
1953105368
1420493257
346558858
347812238
83501454
72969390
81283238
1154013350
1151007106
1285205378
1304077250
1302889283
1340642161
1340711265
1206559073
1198170417
1198178624
1164558800
1164461472
1362640288
1362700705
1396386209
1379629493
1384077703
1391807878
307545478
840205462
1913688294
1913708590
1920065838
1924326190
1370980902
1354007330
4038898979
4101809457
4097616945
4095315232
3021639200
3036327456
2814033408
2801437184
2921957888
2921896528
2921905120
2921916640
2926116064
2930263265
2913599703
2846766166
2850956390
2842371430
3106610790
3110739702
3186235014
3186235014
3215668870
4289207703
4289203365
3722983605
3714590861
3710396549
1547315335
1547578518
1547579858
1414791634
349446402
347091475
79090180
347509252
1421252100
1416927796
1949608484
1949608228
1947510820
1683265612
1679261903
1729527951
1714864271
1713525150
1646399982
1646400998
1650473382
1658858414
3820039070
3803605902
3803707278
3868504974
3872699342
4129075806
4131177006
4148118062
4113442342
4117636903
4121829671
3165532215
3165519879
3166638342
3707511558
3722208014
3713950479
3722363147
4259136569
4261174312
4126988328
4118580008
2004847224
1916701432
1916591816
1648161737
573325514
573325418
589967402
540680238
544874558
542777615
819528221
814220845
814226989
814223087
277367439
281562765
281579404
814391180
832222604
1939514764
1924834700
1920711820
1915458756
1898677333
1881912550
1881956838
1881940718
4029428462
4148036206
4135454318
1989811982
4139265286
4139265046
3602410534
3602509077
3602427716
3600334788
3591935364
3610936708
3308929152
3291349120
3563475344
2493936032
2493601760
3030402916
3034631716
3026236932
4108559949
4126320206
4159809390
4145071598
4145038590
4145243390
4111623278
4095102014
4107668750
4105579022
4105513486
3585358350
3583777374
3587903454
1440352142
1440379791
1975186319
1975103917
4160270508
3866670116
3861429268
3861424132
3861489668
3878398980
3829317120
3829319184
3846095392
3890102819
4005106210
2930259554
3198684258
3202877554
3194493138
3174705346
2621057218
2491033798
3032092230
3032172150
2964969190
2964911846
2964909734
2969091751
3040382645
3040380588
3038368412
3038372492
2769905540
3826783669
3960999015
3976140838
4239271986
4172163094
4172163078
3635817478
3686141190
2595648774
2593584390
2593623046
2592902231
2592914613
2596840868
3662332844
3658105516
3658089132
3741975208
3696951992
3707387576
3707382761
3698968894
3694692406
3694700598
3694701574
3698897926
3648562183
3665339415
3661276195
3661282578
2587548930
2590952722
2590918434
2600208162
2614895394
2564563810
2560369491
2560517088
2562705376
2628538272
2632731536
2620185488
2502744448
2503907712
2503912336
3078533040
3084689056
2815989424
2816062151
2801771078
2787942950
2787934502
2787950638
2788123710
2788045886
2804561022
2758423766
3836353926
3836349062
4104784519
1890126469
1907894933
1387801252
1391994772
3531284612
1383682204
1383985372
1383059477
1349357573
1349297415
1076670231
1076219415
1076878870
1349441046
1357831986
3501100322
3567160610
3587030226
3612183746
3595338947
3595350481
3603801040
3603866356
3595495012
3592361825
3594259809
3594259489
2520581153
3581883427
3568202067
3568197953
3567969089
3569013568
3304834880
2247869760
2407101728
2390240544
2390240549
2390240037
2398829111
2392538654
2392405598
2409112558
2411209646
2415395230
2406089118
2301244822
3358211574
3425364002
3426265379
3698895120
3715803392
3749358848
3728380480
3727327872
4264264320
3190522512
3207238320
3173769889
2888361891
2766728674
2762493154
2762736930
2762875155
2758681345
3022987777
3022923284
3022916340
3027110788
2985172356
3014526084
2997747847
3534487686
3533967534
3617861738
3588498474
3563333674
3697616954
3437701898
1285958154
1218783755
1302595081
1324876553
238617081
238760376
104493484
104526252
104374700
108569004
377005484
377001401
372872637
1428927999
1965733150
1881847566
4041969431
4041719319
4058496533
2984689172
2540092964
2540109604
2507034404
2640131380
2640131444
2648642916
2644448613
2644315495
2677808502
2682001686
2405243158
2401188870
2367562758
2640195606
2648338774
2375709174
2375676854
2411263639
2415459973
2369260164
2368416468
2352622132
2352625956
2365205540
2361009188
2360869924
2377674756
2377879620
2411365828
2415560593
2405992355
2268628902
2235076518
2269034118
2535368326
2518593478
2518657478
2652891142
2652891198
2652727342
2671578158
2508063758
2633892174
2629763710
2627539695
2626949871
2626966183
2625958823
2621760997
2349116913
2618801617
2618736065
2618731841
3692490561
3575105345
3612702497
3612685089
3579253553
1414988049
1146552625
1147080753
1147080723
1146957875
75247655
343926215
369012165
872385477
854428372
854432500
855423860
578594164
574398556
574398668
574472348
1647644861
1646665903
1629889966
1626213294
1622018702
1890008710
1890854598
1421091334
1421091590
1157375750
1287462690
1287404322
1304242978
1270230786
1257125634
1248724290
171573698
175882386
181969063
177774757
446210220
467181996
423133609
406814939
406762506
1480502282
1478405146
2102892602
2111802393
2145294360
2128255288
1861978680
1860734584
1852358392
1849209336
1847193752
1729781917
1696465070
1679163566
3826659758
3839231654
3835104934
1687428830
1838443087
4258589199
4149717519
4118186783
3850340655
2776467759
2952629551
2948564255
2948497423
2948374591
3212632110
3139199022
3122406446
3124632878
3195668782
3203009318
3198815797
3198882389
3064468164
2523411084
2502439560
2485781128
3563729545
3707379339
3703397290
4240243114
4244420842
4236024027
1815918667
1815391241
1849008137
1849073673
1848811592
1848828105
1846689967
1846674094
1832986286
3972078270
3967892190
4236327646
4236261894
3162515974
2543064326
2526482439
2527007172
3602583940
3606692740
3598239380
3597242276
3615133604
3615205796
2002300052
1998109941
2000204837
1982837783
1982829574
1982784518
1999533366
1731092006
1709841967
1823082029
1823015469
1824002572
1828217352
1750659640
1817742632
1834518904
1843169480
1845266568
1836419224
1832037528
3977437320
3976388744
3976356776
3976340136
3879940845
3888132847
4152637102
4153765558
4154288854
4153998278
4082682054
4078667974
4047150278
1899674630
1697298438
1701754934
1701754902
1701751830
1702859794
1698680886
623366198
790941734
1847914534
1847944230
1848069926
1726302775
1723193975
1723727607
1722675959
1638818501
1625957069
1617560269
1613234872
1613246952
1617441000
1618492648
1625110633
1889413195
1888364874
1888292618
277612298
345772874
79434186
112128201
116303240
107915144
1176934296
1176799128
1311016888
3462706664
3728522601
3726621032
3726552425
3739198731
3734938378
3753542426
3753558826
2645147946
2649276714
3177754922
4286293290
4252936234
4248808526
4248604751
2100613199
2081767625
2081829080
1813917928
1818114024
1822304872
1688091384
1704950472
1906080392
1885105801
1883006858
1346126986
1345208490
1882092778
1887363562
1895736046
1891541733
1891476164
1889112772
1910211268
1917551220
1913362212
1913379621
1914321191
1914251302
1916282926
1915235502
1927879838
866782346
329911434
296355214
11408014
11080334
11072142
1084863359
1084797229
1084794156
1353232172
1353232172
1353231676
1353360413
1357545486
1886028030
1881916590
1882770606
1897711022
1661911998
1649328715
1653592585
1677517320
3816597000
3777801736
3777997368
3778972200
4085172776
4091137624
4157081292
4157158092
4284097229
3749323247
3757647087
2650281191
2646215926
2646215878
2361271366
2361204998
2294035238
3370411814
3363071278
3386168638
3365207046
1216636928
1216698672
1212566816
1209451296
1209451056
1211531792
1209438800
1226220480
1510384064
1514638465
1522645169
1522907315
4207261859
4198873255
4198934694
4263412182
4265509583
3191587543
3207250677
3173696229
2905195492
2892557792
2900945376
2914757456
2948251457
2818495747
3862810626
3862745206
3878973670
3878957222
3845525670
3857057718
3853911735
3853584037
3853532829
3853528781
2783997517
3052432925
3044107807
3043190286
3177407246
3177279774
3220509742
3220444206
3220511790
3220651070
2683710735
2650684677
2516536645
2495172565
2495301556
2516206484
2507891585
2470142849
2470011777
2474385824
2466001312
2461811873
2461453473
2478238897
2478091509
2482285783
2439285830
2435220486
2418451510
2489771046
3572429862
3572483094
4100748310
4096320806
4096378415
4113203773
4252664348
3992621644
3990402636
3982011980
4011371340
4010322300
4011505708
3994728493
2921237549
2923332927
2927018783
2927026719
2943799839
2939535983
2905917039
2893864815
2893863215
2902325565
2902457117
2902454045
2910643997
2943121213
2943173437
2942632829
2942632957
2909078517
2892304821
2766483863
2766486935
2762291350
3836680342
3836614806
3886954630
3870698630
4139213958
4139115662
4141130959
4132742239
4128550175
4130647327
4130783037
3879114525
3878077709
3878077709
3878147389
3861380397
3999779116
2935327532
2931072572
2935336460
2910299660
2889261580
2889318956
2888679981
2888647535
2888565742
2820936686
2820944878
2825141678
2833529262
2829924542
2830973150
3097049310
3097176270
2576032974
2575900878
2609422542
2610471391
2610672052
2595853748
3199764404
3194521268
3207104188
3208349372
3174741660
2889787132
2889805549
2889805165
2893007983
2767047805
2779116557
2783443980
2816933132
2808515868
2809368380
2805177884
2805200389
2802971157
2786194295
2786152935
2788508902
3866447014
3866578087
3874905271
3874946263
4009157831
4026000391
3975673095
3966140167
3966135814
3961990774
3961794278
2892250854
2893305574
2918533111
2931279861
2931086804
2931074884
2928977668
2928977668
2943397716
2939420516
2905857893
2938358565
2787625767
2791459638
2791472919
2791451911
3865453763
3865519235
3865383059
3848667283
3831891078
3840281750
3840348070
3836042926
3970236014
3970231870
3974426127
3962365447
3962416661
3962146597
3966291237
3907570981
3899157767
3945473286
3929679110
3929683222
3933864998
3942204526
2864237806
2881067262
2847451535
2847451788
2851646156
2839068364
2838142588
2838140460
2905260588
2938979117
2921595173
2938183975
2909220962
2892432482
2900690162
2896497906
2897172723
2897139923
2897127619
2918099267
2921769281
2921765697
2921827841
2922749475
2922702371
2922701415
2926867191
2926584822
2943357358
2758803887
2757756079
2766343359
2766280895
2763139231
2779998351
2813552783
2796808655
2796940623
2796857119
2801051455
2792862270
2809590302
2805453598
2772292478
2772202478
2772260326
2776451559
2784954805
2780694932
2813287876
2813159364
2951570244
2909757956
2888180229
2888245813
2887792421
2900368679
2896170087
2779842775
2779986118
3084070342
3075550662
3075554422
3058762790
3067151406
3062969406
3062964278
2526159174
2542956998
3616790405
3587235732
3578842036
2500905876
2232637844
2266115524
2270309636
2404527157
2406689831
3455259686
3451060262
3451195414
3449151494
3449069910
1570025967
1549043181
2081720429
2081794060
1813161988
1829939204
1863493636
705870860
705859596
705856268
705839652
707920485
707801702
711995750
787755118
750518510
750452958
750397390
748300942
1016806031
1016601229
1016605325
882436740
349744772
377127564
1450607244
1382187724
1382253119
4133525039
4133530159
3059788334
3202591274
3198395946
3216028202
3098837547
3103572539
3090989647
3089679053
3089747052
3089889380
3093952548
2833967172
2839210052
3141199936
3122292548
3134870229
3197784806
3197764326
2660762214
2532836898
2457350706
2464690466
2460487782
2477261030
2443710678
2443776142
2158591119
2154559621
3224017044
3224017024
3225074048
3491408256
3490360704
3494416864
3565720544
3617239632
3606749761
3597312515
3593192978
3593016866
3727179298
3731367970
3739753510
3735557173
3735629828
3740999684
3730448396
1176395788
1142866892
1415483080
1421249160
1421183642
3568671418
3568615338
3562317226
3507790314
3541418394
3541975434
4083040138
1910385577
1906191272
1906256300
4091356605
1918718109
1916780759
1915666455
841793550
841768986
858529850
808392731
808327960
812522040
816712360
816712360
833359496
850154121
313295241
308646059
317038635
317038638
308650022
304522294
304522242
1378269186
1462151170
1432807682
1559644434
1560152882
1560217890
1551633698
1551640370
3632210482
3372167971
1236865571
1236992707
1269450627
1273646977
1265191809
1542314897
1508891552
1504697248
2109520800
2102964128
1829282528
1829282500
1829348044
2131272316
2131350381
1862961133
1716162029
1724615165
1720424925
1720428940
3884624012
3885664392
3822750856
3812271496
4114277260
4113523372
4113511148
4112855596
4125295143
4120970006
4120915998
4121174062
4104399918
3567721534
3573419038
1557791758
1289355534
1289233161
1287153160
234412808
175680280
171682072
169519112
169519116
168555533
236470414
236585098
238682250
220860862
208286382
480899758
480813758
414755518
479767086
481864238
480815406
481077310
531544078
1458455567
1181614095
1177157637
1315570020
1325015776
1335567073
1155015379
1145578178
1141387906
1145582259
1082864032
1082798480
1100615808
1140409472
1126747632
1110030612
1127131908
1093577476
1080928773
1089251894
1085062694
3232532078
3254682334
2189328854
2183893223
2452345063
2453401825
2465947745
2459640677
2525700701
3582669533
3570085627
3696769770
3698874858
3694721194
4281903290
4264077450
4268266698
3999826251
3995763579
3995771434
2923143722
2939724330
2939855406
2939867686
2805645910
2809840598
2750071973
2746014884
2745989292
2708215964
2687465608
2687395976
2687429304
2691620520
3774142104
3774149256
2700399305
2690941483
2690955051
2707729706
2707749146
2703747850
2737203995
2737204011
2741374955
2741309370
3814983066
3814983070
3799463102
3807782078
3803587774
3803276446
3803206790
3891293382
3831589894
1684433174
1684433718
1684958006
1709735222
3857216806
3987460405
3987398916
3970867460
3970929972
3975974692
3967589172
3960777220
3962874372
3979454980
4013080116
2922550821
2921514791
2921842519
2927056887
2926008231
2925986726
2942632886
2917929398
2901160374
2901161126
2897771686
2897864950
2897995847
2897914115
2902108931
2910498563
2943915793
2922967857
2923156275
2923086119
2923381095
2787918311
2791574767
3865316591
3873905855
3869708477
3870765209
3887558793
3858063752
3841293768
3833002953
3832998505
3841436201
3841239595
2783223307
2791604747
2787410443
2787627563
2787570539
2787635691
2791621103
2816853487
2918645215
2918639967
2901928223
2901797135
2893539591
2893540631
2889346359
2759185911
2775958006
2775925175
2776056247
2809610663
2816955837
2816964029
2816699868
2816731996
2783177500
2783046425
2782980889
2774596411
2774597435
2808141115
2808205626
2938454330
2942779775
2909230079
2892452847
2900825015
2900697014
2900630454
2900629974
2900720086
2946989278
2930189518
2931237070
2935431374
2933334159
2933334445
2950043564
2912226988
3181121437
3166444429
3170834829
3170777487
2633919630
2633854158
2633786590
2642211071
3715953151
3716141429
3615421236
3615486740
3615322908
3615252764
3615434044
3615374633
3615365419
4152314154
4152215866
4134833498
4134835658
4143219914
4277436490
4277436539
4269244459
4285968443
4231455035
4231455549
4097209901
4097183341
4101312237
4101254895
4124323807
2010395999
1993807199
1943490909
1909837853
1909501973
4047545620
4047811924
4047799669
4081419765
4081485813
4060530631
4077835911
4048451206
4124976806
4120723366
3837533607
3858505127
3883148678
4147585414
4130759046
3866485238
3874795894
3887183126
3858083079
3856968967
3848580407
3848582447
3848779053
2772366141
2772353821
2906538813
2910672749
2902292204
2898085612
2898003708
2893808333
2887590605
3960874829
3962971453
3966983231
3975235646
3970127902
3975244830
3966856398
4252100046
4279488910
3994207134
3998405566
4005811134
4005684719
3867274605
3868323645
3889487677
3883204157
3883198013
3861705279
3878208351
4012491230
3984146622
3982181551
3965384879
3965384943
3990616575
2912545567
2948591119
2952783373
2944262668
2937909788
2937910060
2941575468
2950165804
2945893740
2948056300
2947861676
2946796967
2942602662
2805303222
2805438358
2771826678
2771822454
2770792246
2754543382
2754608902
2754572039
2755620437
2772381429
3883737057
3867086738
3867018626
3866563730
3872657634
4141088994
4137095250
4155924546
4122370243
4105626817
4105692352
4109757776
3564625712
3564621345
3563408929
3563349539
4100219683
4100206883
4100215091
4100411715
4117124547
4160112003
3623243650
3606383510
3606322070
3597937622
3597937494
2531536694
2263102758
2258908462
2259427630
2259431486
2259669254
2259521813
2259456484
2548859300
2515305380
2490142652
2490212028
2485624508
3022438060
4096194220
4112933804
4112916975
4112917754
1734819034
1743072346
1726425178
1727424522
1727485962
1744620810
2013054522
2012803642
2012996154
2138792506
2105090618
2105025070
2094539055
2094542893
2089305132
2089372732
2089810012
2093935948
1969139148
1997977484
1981253260
4145383053
4145317567
3876882095
3876959983
3877025405
3860243997
2790761245
2792727356
2792726844
2809652028
2808543084
2783889389
2783956974
2774846958
2774846974
2770621534
2904847390
2771804190
2775982110
2775982134
2784432423
2778076005
2761299956
2896104148
2895985300
3185060501
3210291845
3212719751
3195929542
3212640598
3187408934
3166449710
4239680558
4239715455
3717589357
3755342301
3725982085
3724926340
3741570180
3674370241
4161958353
4168250355
4243739218
3705816579
3722595841
3646966289
3663756065
3663752481
3673189665
4205864229
4203770215
4202745974
3682726134
3682660582
2572210406
2568013286
2567095750
2567106502
2567106118
4181977671
4185975541
4185975508
4253154260
4290879380
3217135548
3193016748
3188822444
3188949420
2801963501
2802038575
2769336095
3847269646
3830557966
3832806462
3765589038
3761374254
3761374271
3776054559
3780511003
3814133561
3805626153
3801431833
3801446217
3801409481
3805590473
4066149081
4077683449
4077881083
4082014191
3789471727
3856641511
3856508119
3881280727
3881280727
3877545173
2787048661
3057573333
3195946289
3211675427
3178043187
3027052306
3027052370
3035440866
3030718114
3030714018
3030864787
4104212867
4099985793
4113613249
4147159297
4147162417
4147161889
3878791969
3866343715
3866331427
3874588721
3874586693
3866525893
3862335685
3995529671
3995529687
3844568547
3831852518
3840162214
3835967910
2761963951
2767204285
2784059325
2809251740
2798778332
2800805388
2800789004
2791351820
3860966941
3861102127
2791542575
2791542574
2804139326
2770519326
2770531614
2754802782
2759050494
2759052478
2901630142
2899541438
2899541438
2899539350
2891150726
2758899191
2758923621
2783043381
2816606004
2816601876
2816601877
2816732949
2808276743
2771875671
2771850710
2704610534
3782479078
3790867558
3823373414
3823502615
3823510279
1672880901
1672815477
1639191533
1620332941
1623519628
1615105932
1615104908
1615170492
3762461692
4030900572
4098010380
3042108684
3044173068
3076666676
3059888421
3068276773
3064266855
2528379110
2528448694
2528387510
3618906790
3572774630
3560185570
3289669234
3222568450
1075277314
1079406339
1096174864
1115042864
1115100208
41357328
35065856
35061761
320323891
285578535
809800998
818197862
818193767
549758439
667714999
638420383
638490015
907016127
1980594095
1980184495
1980118511
2127705583
2123576367
2123374655
2123374607
2123374606
1572937998
1543643918
402789918
1547830814
1548095006
1556418142
1552165630
528755695
511982073
512506969
516697161
508505096
508433416
525206840
492765736
358429224
895226408
893125128
897331720
930891564
929857837
896381431
359510517
342733244
74297788
74300856
1147779512
1156168120
3572087228
3517561276
4155096060
4139430792
4139430537
4139492010
4139291306
4147692202
4114353838
4112849598
1948465838
1680025774
1679895694
1688274062
1689460871
884154439
882106373
347250693
292732165
291748661
300010037
300145173
334658311
315776263
307381310
840254510
840746046
839435359
306808191
332116477
332112380
323592412
323527900
1397525740
1389140204
3532634988
3532569196
3536780836
3536777780
2455691780
2487165444
2490249932
2490249869
3568115358
3567782318
3567794350
3568045230
3589148814
3580244106
1197879498
1176850698
1445323307
1445455401
371437337
371240200
371235848
371229721
1446036507
1412547674
1278430618
208813722
1290940058
1286760122
1286657450
1555333295
1555071157
1570939092
1583522048
4263686928
4129526288
4129333792
4129334816
4130582112
4128410352
3053636256
2786204576
2719027104
2742027680
2745631216
2712081360
2963563248
2963564257
2963565283
2986134514
2469185746
2452606162
2452514002
2456690754
2439913730
2423137026
2423153442
2490189602
2431450386
2431446019
2448413696
2523845632
2519646656
2519613824
3597469604
3605868452
2533108647
2549885358
2511628718
2515828126
2507461774
2641740238
2641728334
2674188830
2674713150
2683167294
2548954686
2540502062
3077371950
3078391854
3070134286
3070134287
4139691276
4143953164
4131173148
4131189020
4131213628
1983778860
1983516908
2000290027
1961493690
1957370298
1957378974
1957378702
2091477646
2091511439
2091430861
2091688269
1961664605
4109672749
4252411692
3744893476
3610757668
3593808420
3593939764
3598134780
3606906348
3607036332
3602514332
3602527116
3619312525
3569078927
3567907726
3572008942
3559436142
3559436078
3559784222
3576551198
3610039574
3613905206
3622236478
3623248158
3724472590
3697241930
3563027290
3562867706
1415396282
1373387179
1943812265
1943813273
1943797912
1943871672
1893654760
1885249896
1618915624
1886294808
1886159368
1886168600
1883016749
1883032126
1880952374
1897530662
1966735398
1969889326
3723108414
3752468490
1604990218
1604991435
1336592777
1340639640
1600694696
3743985064
3748176296
4293436312
4293440472
4260016872
4251890281
3174998569
3040256557
3038110303
3038214143
3038057966
3042249966
2942110894
4026469534
4294852046
4294913486
4294786382
4290057486
4260828430
2096440334
2088050719
2104762431
2104832317
2144809261
2143679276
1053078076
1875161612
1862582024
1694808857
1679595837
1679657343
1614711242
1614714250
3761754506
3760476571
3777250219
3815659183
3803082415
3804163759
3801933495
3800622723
3813204675
3776492307
3778588707
3760827425
3760892961
1626000384
1638843392
1643003904
1630404608
1630339536
1630024356
1634214573
1622679213
1620576937
1636305577
1938299531
1367878542
1372089806
1348002830
1350280230
1349169190
1357807638
1374588930
1408152594
1391366146
1392422978
1451131075
1444774065
3592016032
4145607840
4112052192
4099459680
1960331808
1956335104
1979593217
1451106819
1445536274
1445802290
1445924978
1445922002
1433340050
1426008210
1421830550
1421834886
1419635342
3569221262
3585902542
3618406894
3618406894
2548867566
2515313006
2515329886
2498745870
2498610734
2490162990
2641161518
2642404646
2642343222
2684286230
2667304279
2667103575
2658720853
2658759765
2654696565
2675601525
2642047484
2650412540
3640205244
3640138412
3631749820
3627559580
3627559820
2017275276
2021533148
2019455324
2027802908
2038231324
2105324821
2101128469
2134682903
2117385495
2121710899
2136380787
4250306033
4232480208
4098328464
4098346880
4031236752
4032223888
4057365169
4088806067
4072554162
4071429794
4075558822
4075558054
4067185830
4062991550
4063067534
4062996431
1915578062
1915704926
1915557486
1936211822
4092149054
4054399018
3500881962
3500881982
3505072158
3228248094
3236510750
3232240670
3232235534
3249078366
3249238254
3316147438
3311983854
3307834862
3291200630
3291390982
3303974149
3299779844
3299778308
3299642132
3446442812
3459238204
3459139853
3392806158
3392807198
3396870446
3472368619
1337471913
1335375800
1339616168
1582864824
1584957848
1580775832
1982381464
1982575000
1714065880
1730846984
1697293321
623684665
606373934
606505006
740751406
1814444070
1831210038
1764035590
690957878
728634918
732825318
1806370487
1807599237
1805446852
3952913220
3910969604
4178361140
4229601900
4233821932
4242167548
4237951636
4242014901
4101509798
4101505190
3563586722
1349455074
1357777090
1366751426
829860034
827763778
928431363
928425779
937271607
662545431
662475831
641512487
641530919
639372519
638520485
637943717
650520228
647366316
666240701
664078029
630468101
615785989
880222725
879120917
820826668
820560424
820548136
619217448
610831080
628657064
888965544
883267737
883406986
887272586
1013117066
1008923086
1009967854
1009967726
2081612327
1867703047
1854112001
1853984791
2122428471
1853928559
1858116719
1845532907
3993020827
4261538699
4278378395
4157755306
3085305258
3018130666
3018667258
4084081866
4084081102
3622704094
3618583262
1436820157
1436824236
1420035052
1415858024
1545914136
1545899788
1546041100
1546037004
1009234185
1026024713
2038294024
2078266904
2061426232
2061434408
2055114264
2054982408
2063371320
2063371496
1794934009
1786019994
1781842106
1779827114
2065568426
2014192298
2018386618
952775354
948438698
948444586
948448426
948447370
428353675
428386441
432585995
2019409163
2017443082
1764212490
1768402458
2079833658
2056762926
2055312940
2051113716
2047034036
2047029408
2064061600
2013678752
1750517920
1821821057
748070979
1019127810
1034927107
1043111939
908648499
908664867
908996835
908997541
921436837
935069357
932519577
1971665545
1954884233
1417997004
1422175052
1557444637
2094303293
1022659645
1039564828
803385357
727883791
723689526
723689510
707964966
1779470370
1795208434
1761666194
1761666962
1761799842
1816567458
3972435619
3985034881
4020166272
3873369728
3866979972
3862693797
3879470567
3844878566
3832291558
3840749806
4104990894
4104728830
4104795598
3567923023
3703265805
3753425413
3736906244
3736906244
3606885636
4133261364
4131225637
4131291189
4148072773
4097766341
4097704853
4097639333
4233901999
4233897967
1826371053
1828532553
1828663561
1690187017
620385289
879451145
896105497
656963643
640183418
640247003
640156089
652739240
918102712
932782840
882451064
349777464
282880569
299747867
312392250
1387965754
1924902974
1991802974
1986625678
1983557774
825925766
809165975
809134261
539625637
539626471
543885863
548146789
548156117
548151941
565977789
563880621
600065717
600098436
834963076
818188692
818390129
821470481
812100865
1885711617
1894160675
1894697250
1890207778
1407847490
1382681794
1378747522
1445917826
1451156642
2013046242
1956427618
1956413986
1956426274
1956422195
1969201665
1981719044
4131312132
4131016220
4131015148
4143462572
4138215596
4138211496
4142470280
4134151048
4134142600
3598402104
3597218344
3622314536
3571983661
3572182029
3500809229
3500809229
3299347677
3303556269
3304670381
3319461023
3319461007
3355161038
3354956382
2540479022
2540479022
2519708206
2519381563
2524681785
2532875800
2532896344
3606605528
3598460600
3611103913
3577611179
3577086379
3577086186
3576758298
3576701962
3578914826
3717441550
3717310734
3751062294
3734285078
2661069110
2656797045
2654634437
2654651269
2671391367
2637838019
2620014306
2632527714
2628267110
2494039278
2494039214
2494038175
2275964045
2271798668
2250806924
2267788940
3341461132
3609896844
3576341945
3513425130
3513486378
3513621786
3513232138
3509054986
2502819354
2502784794
2507109690
2515476778
2645233978
2628325690
2628342553
2628350812
2628375548
2628293544
2632483752
3177744296
3173813944
3207502488
2804857544
3862867529
3861685817
3878461995
3878482491
3845047114
3844997594
3828225258
3832416490
3858565354
3886876890
3819912522
3802801482
1659511051
1944785209
1911099517
1911107820
1911042220
3513262252
3514310812
3547932044
3537503628
3533328348
3535527228
3552574781
3551520057
2510923579
2494080522
2494276106
2494215738
2515043882
3039334186
3072888170
3074141402
2805638347
3879379145
3879379400
3879711224
3879596456
3843903976
3843817960
3776905576
3783132008
3790477096
3857067816
3853335336
4121758329
4121762395
4121181898
4121175754
4125369034
1978401626
1567359018
1550667818
1550704682
3698254874
1954540558
1950132239
1964812573
1997257725
1984597916
1917502348
1380598661
1398408071
1364861846
1348084646
3495437734
3503058342
3498864038
3498856326
3549286030
1385088655
1457444493
1451153357
1445643613
1462264877
1432906797
1416127548
1416262684
1412094988
1965720588
1999344764
1986569596
1726588540
1726718556
1726657229
1664059101
1663930077
1630834397
1630899965
3812089836
3811800428
3794141228
2791702556
2800030748
2816746532
2778999844
3031312644
3031314180
3031309828
3048015461
2511083238
2514757606
2506364310
2436169894
2423259302
2429550758
2425561238
2157061518
2156949391
2156964748
2171648940
2184285020
3258354188
3257304588
3261506060
3265782285
3266310958
3538797870
3530345518
3526150190
3593394270
3593402574
3610160590
3577673678
1430209230
1413239446
1413231270
3573294054
3300795751
3300795684
3299607588
3316393012
3328978996
3329175572
3270472732
3267001356
1102772236
1085970461
1088063743
1348177118
1343857882
1345888474
1362670586
1930998442
1914475178
1644990394
1648658874
1648724154
1917246650
1996940474
1964400842
1954423242
1953366586
1978479211
2007772905
1990994664
1995188984
1449929612
1445931404
1378747532
1382945164
1391854028
1403457868
1084510524
1084266300
1356901180
3496184084
4032928564
4037065252
4037060132
4038107687
4036199014
4056974054
4110467814
4093657838
4096787242
4230093866
4230096922
4293273626
4272302090
4272318474
4272351690
3735869322
3739796106
3739779770
3568009643
3031081384
3031081384
3165365592
3160968476
3156786988
3156782908
2772086588
2810088228
2818477095
2799666214
2793271334
3862229094
3879039158
3845521542
3845525942
3845535654
1710558887
1704200871
1737775799
3885301143
3887396039
3824542791
3816154183
3811959927
3812026358
3811981030
1664485102
1731659502
3865380478
3873706558
3873710911
4137951293
4138475544
4138676232
4155405320
4122933512
4106140104
4104034697
4104096907
4242309307
4233937067
4229743081
4229943913
4234043945
4236125737
4101843497
4101777977
4101782043
1886915338
1912081738
1945632970
1928921290
1927872730
1927962874
1945821418
1406836907
1372105903
1372109999
1397263501
1380619405
1380623497
3528106121
3528107209
3604917485
4156469229
3081743085
3048185597
3052244733
3044311791
3044311583
3040330254
3073860126
3072598574
3072598830
3072598062
3043950826
3048148219
3049195657
3046979720
4158417288
4150127496
4150261384
4129215113
4148052681
4151263739
4150862315
3588826347
3588828398
3589225950
3589223886
3580834782
3609678686
3513209214
3513205054
1356879134
1352689935
1352690461
1356872285
1416043228
354817756
389415900
909508860
913510444
1987113000
2012262440
1978696984
1952484104
1411492360
1429449240
3610487304
3746806280
3721561608
2627109832
2493432219
2495271338
2493178286
2514149806
2539488742
2522713590
2522781142
2531173766
2531173766
2547885271
2505610469
2503525605
2486817013
3023757781
3022677749
2959748837
2977570533
4093188789
4093132676
4076615044
1920807308
1384067469
1400779213
1349931037
1358419007
1358207023
1358215207
1358215431
1345629965
1396082188
1446413132
1445906380
3593356692
3740143012
3735956964
3736872292
3736871220
3734774039
3734774038
1318854758
1331437734
1293812902
1279135126
1295387010
1261837186
169163154
168046006
436481270
504374295
477499671
485372423
480932365
480952845
485000793
485010153
1491643115
1491643115
1522244185
3669666313
3669667336
3736838664
2667282984
2662040104
2679808556
2646254117
2633668326
2625357474
2621163170
2621129638
2486976678
2637955238
2641760454
2675315783
3757452293
3757451269
3757386039
3757337383
3746856487
3746874998
3746939598
3747058574
3755454854
3720848534
3754271926
3678789798
4211597542
3109441894
3145089582
3153400366
3118735914
3118738986
4192479803
4184095289
4218698041
4224982360
4208202952
4198764745
2068127945
2064003289
1493577979
1543910633
1556424873
1569515704
529311880
512014472
1054120328
2119677320
1981264264
1712750792
1719042280
1735569449
1679982637
3827474445
3827474717
3827476012
3961776680
2892098088
2917157416
2917157400
2912971272
2896176651
2896560906
2900833034
3160748378
3161199082
3170632874
3169651886
3182365870
3216901262
4271781002
3734316171
3737412745
3729020329
1594195369
1595355049
1595024089
1597190729
1584869913
1323635227
1323635515
1340355387
1306815803
1281878283
1281800458
1283365130
1283361226
1291617690
1300017562
1333560202
1315865498
3731792859
3740181481
3740182381
2666374700
2674175532
2675226140
2641670685
2641818141
2625028671
2633982255
2633785646
2629629294
2629422318
3183003886
3187181951
3212351549
3195640861
3061576716
2520768524
2520719384
2536833064
2503410792
2486568936
2622887656
2627084024
2629179035
2629123722
2678352538
2662116266
2657651178
2653653339
2653601033
2653595144
3207242248
3119161869
3098255919
3170427438
3157807854
3173515950
3207070382
3190292654
3190358206
4276818074
4290385034
4288294027
4120537289
4122667017
3581519881
3576211723
3576212490
3576270874
3576659994
3580805386
3589194010
3590210410
3753788139
3737085673
3736890984
2667069224
2654477592
2654493960
2654633224
2654661896
2637851912
3699012360
3707388424
3703521816
3703390776
3703337531
3703317034
3707511338
3699117418
3745254890
4130278618
1982477514
1982543050
1999176906
896205002
887763194
904536187
367730763
329802763
334267739
334333929
300857337
300721816
1374455448
1366131352
1433309848
1462678424
1445634520
3598381560
3598381417
3606766378
3602573098
2544631354
2649292330
2640879210
2624101978
2565582411
2566645323
2566415947
2556958570
2552758570
2552959018
2284458030
2565476366
2561339398
3634995303
4171803749
4172855668
4168657220
4213934404
4264200196
4264203333
3861545159
1646936198
1647116454
1647059366
1667837862
1621691054
1638472381
1673083580
582495884
582493836
854073996
841491340
321397244
321663292
291766585
299913529
283213113
291699545
291699529
291613641
291548121
333488073
333480779
316768523
316899594
316903722
308782378
375893035
375822393
1450096697
1450114057
1450075403
1601074954
1575637818
3706343978
3706409514
3702092602
3702027066
3433591082
3433820474
3433616666
3303561226
3290974235
3307923643
3576359353
3622484632
3618288264
3551171208
4087906972
4083712428
4045963308
1898755116
1898900516
1630430247
1630412834
1629885218
539361842
539886086
813434374
551340758
597215911
1653443236
1653447556
1922865540
1923071116
4066288012
4062093708
4027507340
4027451092
4095608420
4106159653
4104926758
3836485926
3835961382
4158652502
4146135254
4147261590
1964126366
1967287694
2109794958
2105862797
2139400908
2126953036
1984867852
1981789708
1983616540
1982502428
1982519244
1987757260
2013152405
2013201574
1457267878
1457266854
3606978790
3741200934
3741209126
1593594390
1585242630
2105336334
2088675083
2096803083
4240082954
4240148570
4238969066
3966285995
3962087595
3962092987
4012553867
3995771529
3865748152
3866813100
2789143212
2720875244
2720269028
2703503212
2690985772
2695302716
2695239196
2695311880
2695705096
2695639560
2716610921
2749903082
2733130986
2733133034
2728971482
2733243850
3798593482
3794366282
3794360186
3794355706
3794489546
1651142794
1651142794
1919579274
1936356570
4092228858
4058702058
4054474875
4054409227
4037570825
4037628472
3500831272
3505010216
3496681080
3496484601
3496488889
3513265577
1399536795
1399721098
1383009674
1382880650
334313402
292497338
292497386
291779578
274739706
291533306
325104107
308326761
39891241
1126211881
1130406201
1097056029
1105369885
1084660253
1101957903
1135528223
1118435647
1122756687
1114262671
1114243230
1111101598
1110077631
1110176183
1109959589
1365877428
1349166788
3496642116
3496709636
3496578612
3496582692
3563628068
4100498996
3026822685
3052125742
3186134062
2917697582
2917697770
2909314554
2906302154
2889540298
2889605770
2889577114
2889552554
2759340970
2759602347
2767982763
3836482811
4037744859
4037679307
4092213387
4067043467
1382968458
1382929547
1382858971
1382843513
1399817497
3522082072
3505301272
4041910073
4058620223
4058554654
4159291710
3077226798
3077202286
3077256174
4051376058
4059634618
4059577275
4059573161
1903705001
1903696280
1903702408
1937465737
1920921737
1945010425
1911529531
1911329071
1910810414
1885646382
1898232382
1931869758
1915647502
1919825182
1391080494
1391068207
1375210543
1358436357
1350052865
1081814273
1081746177
8000001
83493649
83559281
99302849
116070849
115935553
111758129
111792947
115913507
107520355
321429991
271090093
271353261
276598188
276597148
1400281484
1382463884
1390864780
1390865804
1458005436
1457792237
1458336878
1458369582
1466737710
1969792046
