2581426723
3118011939
3118008179
3151566706
4217183602
4217190706
4200413458
2052405298
2052536370
2051480594
977550338
985932806
985670726
448799814
448804086
448822774
457211382
465664502
465697270
465697270
465697270
465697270
457308662
457308662
457308662
197261822
465697214
465697278
465697278
465697279
465697277
465697148
461502780
465697084
423754044
419559732
956561716
956430644
957479188
691390740
627964279
627964279
627964279
627964279
627964279
627964279
627964279
627964279
627964279
627964279
627964279
627964279
627964279
627964279
627964279
627964279
627964279
627964279
627964279
627964279
627964279
627964279
695073143
963492215
963492343
963492343
980270519
980270519
980269494
979745206
987871670
987871670
1004648886
955365815
952285575
943896967
675457431
675331301
687914213
687913077
721532981
721664021
688109621
688044069
688052261
721607717
721607973
725802789
734187301
700668709
696285493
683698503
675293647
671168975
688069055
688004783
692207343
696467183
729890431
729823775
729823759
729823759
713062927
713095695
717355855
709032911
725842333
725842365
692279741
700668349
683891133
683743677
683752927
675364639
675491383
683878967
700463911
700463927
700455191
700520727
700520695
969087223
969021655
969087431
968972741
968915413
968948597
1002568565
1002568565
1002568501
1002567991
1002551607
1002552663
994295127
960757079
960757079
943978615
943970423
943839607
943806839
952326519
969111895
432175957
465731415
465796951
457277399
457211895
457210807
457268151
457399223
457399223
423885719
423689111
423689175
423754071
423885079
423885079
423885079
423745847
960616759
994171191
994294133
994294101
994294085
994285909
994156405
994164711
994164455
989961975
990093207
990109111
989986215
994180263
994311350
960691606
407044038
407043782
407109334
415365878
411171574
411097686
411163478
1535377158
1518794502
1522984198
1524618518
1524429863
1524169767
1540929575
1540945965
962123821
957995036
991681564
958329884
958328860
956707100
956641564
956577068
943800108
960633644
969087549
968899341
1002453773
1002511119
448929311
444735055
444686031
444628943
448855997
448855469
440522173
440571277
440571269
457359253
457424885
453099509
457292791
457284471
423663974
432127334
407027031
423804743
419675863
960740085
960600805
1002478240
968940448
952146609
943963825
939703985
1745010323
1745010323
1745010642
1749261298
1757452899
1749064243
3896556051
3892361731
3910253107
3943938595
3927153187
2853277219
2853293603
2853199395
2853179235
2874150883
3897559459
3897559475
3905960371
3908118705
3908122801
1754470545
1771182209
1787963585
1786915009
2055350467
981608642
985738690
977284578
977300706
985693282
985693282
981597267
448919557
440531205
440498436
436427029
457333045
432150839
432160087
432151878
432086486
432029686
423636966
415251430
415455734
415422662
952367175
952219655
943766837
943766565
939570213
956347495
939635959
939635959
939769014
939711906
943905698
952359586
948034295
964943575
2072182343
2055400967
2059759111
1523940151
1522874663
1522808871
1002708015
994382893
994448701
956699453
956371516
956315164
960509452
994080588
994180553
994311641
994303433
994311641
994180569
960626137
960757083
960691483
960659226
960724794
956383098
989863802
994123770
994131963
734084507
1002517913
1002517753
968899833
968982013
968982013
969113085
969145855
969014783
1002568191
1002568191
1002551799
969129431
969128279
968997237
1002551605
1002551573
994302293
994236757
960748023
956561895
956561831
960756150
960616886
969005526
1002559958
1002559831
1002567991
1002569015
1002700087
994245941
994311957
960626453
960756277
943979125
943980245
943814293
406877847
406876599
415330726
415464614
415455398
415324566
147028310
163805974
198343174
179469830
179467782
179786246
1253339943
1251275047
1255470375
1262804071
1262853367
1258601623
184925591
453361031
453426565
457621389
457637853
424083068
424148540
961003324
961003292
940031244
940023069
939826493
939834415
960805998
692173934
725851390
725851366
709074086
709033126
709033143
709033399
709000629
725770165
725753781
692063668
692076500
675299189
676478757
701644327
701586999
701527559
969995783
2077275671
2077472311
2055314965
2059443780
2059443780
2051276500
2051472116
1514568420
1531321061
1531321335
1497767383
1498553558
1481835766
1488979190
1489003606
1484844055
1484844055
1489026359
1476509495
1493409335
2063834677
2067906097
2059451953
2076229169
2076245553
2034368049
2013453873
4160937523
4160937490
4161182994
3896872306
3905195362
3905208274
3896553154
3892358850
3909135059
2869148385
2852297313
2852310625
2852278001
2852275921
2937460403
2903840419
2890925987
2823822755
2832211107
3901758641
3901954193
3902150785
4220922049
4204144707
2056660995
1519856643
1523606802
1515249938
1511039250
1515233318
2067837030
2042671335
2034341077
2034482309
2030303621
2030238612
2030230196
2030197429
2034383796
2101482900
4258484692
4258349524
4224831860
2073096500
2073093940
2073093925
1536225063
3750821158
3755113766
3746717030
3742567910
3675458966
1526865286
1531067270
1539521158
1501571767
1501571829
416497477
408098053
405864469
405868597
405811237
424698919
961602599
1002476854
1002476606
968995870
960740382
960740638
960732159
969120767
969063101
2076359317
2076359573
2068037013
2068053397
2068051383
2030301623
2034430454
2034430422
2042811206
2043921174
1506865974
1498473254
1498473007
3646092863
3646086991
3646348107
3653716825
3754220025
3754293757
3755408845
3755405773
3713499599
3715465599
4233408879
4241793390
4241794414
4107709743
4116093309
4145467389
4145530828
4128626124
4128621052
4083012076
4083012076
4057321965
4057290109
4049032539
4082623803
4084720954
4084725018
4084725530
4093113178
4059550554
4057842522
4040999803
4048868731
4115987579
2775972955
2776557851
2810095931
2801703739
2797570585
2797377033
2935796249
2923196987
2939953706
2837193274
2820420154
2820477482
2835296746
2830631082
2829582522
3098025147
3098295432
2561472648
2558306440
2568988808
3676220808
3676220872
3659441993
3730744107
3755914031
3755901245
3757954333
3749565756
3716019324
3711956220
3713987804
3713946844
3713942749
3709734135
3558284726
3558813078
3697159558
1574834054
1570702998
3751626454
3753661143
3736887895
3741114963
3740131891
3741119267
3732730147
3732731175
3748984119
3716021527
3716148503
3699307847
3699300311
3697198997
3697067957
3697076133
3697075629
3713918461
3713988061
3716077389
3615409997
3615323997
3615254365
3615324031
3615446511
3598665197
3623835117
3623867901
3619542365
3585987925
3590164757
3580338453
3714490629
3576099095
3576157494
3577050470
3614797286
3614801318
4151795118
4126625726
4126492574
3052729246
3184845790
2648044382
2641883967
2641744703
2506417983
2506419503
2514877741
2515492141
2649709949
2642370013
2642233309
2640136157
2673866748
2682124156
2684217148
2684217116
2667443996
2550002044
2549870957
2548815341
2549859815
2683946150
2675834278
2671631846
2671629686
2637157638
2636543750
2640733958
3588646198
3722921318
3715433974
3715978390
3716117654
3716117654
3758085510
3758087622
2684346189
2683165468
2674719548
2641128236
2641111596
2624532028
2624468540
2633695804
2633568828
2226721596
2243703084
2243699751
2242645030
2242382022
2246654150
2246670806
2246703446
2246703446
2246834518
2380921206
2381970294
2382101078
2373679686
2373659206
2373528150
2373474678
2372508902
2372508902
2406202534
2406196359
2271849605
2271841668
2271844228
2536093332
2536095412
2502803120
2502860448
3039746976
3039750560
3073239265
2804390129
2804332609
3882269696
4016485376
4017524993
4013212467
3977515554
3893633570
3893827094
3894353446
3898293862
3904441830
3903393174
3921361286
4204325253
4271417732
4271417732
4267219380
4128804268
4129132444
3877539740
3843466860
3828778532
2687693364
2686480932
3768607277
2711634734
2745500974
2729708782
2790525086
2806253718
4115007638
4115016862
4106628238
4102432142
4103546319
4107499469
4109627348
4117819348
4250988532
4284530676
4267741140
4267741149
3194068797
3211001141
3076783397
3043228965
3051617572
3034799908
2497871380
3169025540
3178331669
3186720295
3216104742
2543962406
2543896870
2544159030
2548325143
2535726597
2535929541
2535859589
2540512421
2548826279
2527543462
2527580326
2532626590
2523959502
2536543310
2502146118
3559041030
3560089862
3560090390
4109556534
4120039254
3620882246
3740353286
3731947782
3732091158
3731042599
3747946789
3714920740
3706585876
3723366932
3724482068
3723761157
3453253191
3376719702
3359941102
3628115198
3636507742
4236418254
4236417231
4253194492
4291856620
4130384044
4130376844
4130570376
3859988873
3859993513
3858948779
3871433390
3851444974
3834704615
3836801605
2767341125
3022195527
3022011207
3022006582
3022399782
3085306150
3064859910
3064866054
2527731974
2527810374
2527713254
2527655910
2528706406
2665021270
2656824598
2654696758
2654549046
2587505718
3647611926
3639481366
3702402359
3702139637
3702000308
3702017684
3706232468
3698894484
3694700164
3711477636
3711477652
3711477108
3710627124
3710561332
4247432244
3039463461
3039729697
3039754529
3179202849
3187593009
3049182769
3086963201
4135326209
4131136003
4131267107
4131260135
4131065766
4051245494
4105910662
4105844870
4106221702
4106026118
4126471606
4151628206
1987363758
1986233190
1994827046
4142310695
4138188081
3869613072
3873807376
3865558032
3861756976
3844912432
2754520576
2754000448
2754006740
2759089893
2759076518
2767465126
2767469222
2767460774
2774797542
2783906934
2913797142
3182174231
3182239764
3165593612
3115003660
2582195724
2573806093
2569681471
2607356270
2607291630
2607334570
2615730314
2566430861
3094914188
3094915268
3162155268
3162155556
2902374944
2776021552
2788664832
2788618945
2786476706
2786919074
2788954786
2788959906
2808360354
2766421170
2762741906
2762737810
4104980610
4105051266
4105071745
3589203072
3610243568
3593457904
3593371764
3593393189
3610045479
3613714486
1466235158
1466398982
1466313542
1474706374
1474695046
1442189223
3723827111
3722801621
3714433284
3714896148
3580666660
3613958948
3622414116
3622485812
3756638005
2649275767
2649341430
2649396726
2490025982
2490288127
2486028279
2485975013
2490170724
2498559268
2515401012
2515400980
2540674821
2519715589
2519725845
2523849527
2549019190
2645475878
2629617190
2633778790
2625375974
2620918422
2637765046
2675644582
2592021670
2600287414
2659005574
2667470983
2665390213
2664800452
4275351620
4275872772
4277447988
4264931108
4130714916
4130722068
4130746629
4148043847
4148049118
4113959086
1970604462
1958087598
1419127438
1419197070
1419523726
1301812110
1303925198
1302893038
1307091439
1567138095
3697845549
4234723124
4234714940
3991644988
3983457052
4012808972
3995966236
2923207468
2921246252
2921248300
2921251437
2786477039
2788557294
3874816494
4024697062
4024698086
3983938758
4235602115
4235602131
4242811107
3701807347
3701868995
3366324995
2293105155
2309816834
2343096882
2326307362
2326307618
2343085410
2309523942
2305329558
2301213062
2301213126
2334898438
2318055703
2334826293
2347408917
2343218692
2343104004
2313694724
2301102613
2301168366
2301299182
2305497326
2313881839
2309687517
2309691588
2305370308
2301180100
2301225412
2301225924
2301192980
2313779991
2343271190
2343205638
2343233830
2343087526
2347272622
2334754950
2301213063
2301213060
2301208964
2301209220
2302257732
2575018516
2607528500
2615840276
2616101380
2615667237
2607028775
2602830374
2569345366
2569418878
2299934846
2312054862
2307729478
2307663942
2307663974
2307721319
2312718436
2313750596
2305501252
2305501508
2305497668
2305432437
2313821030
2313697638
2313685094
2313763030
2313910422
3379288214
3408500871
3408501893
3408510341
3376000389
1226420099
1226420098
1209642898
1222361010
1220189618
1236966835
1304095121
3485399425
3481246097
3459615201
3325397489
3324426691
3324424003
3337072451
3332880241
3332895073
3349672288
3588740384
3563504912
3290614289
2216938003
2216749602
2216749618
2640374290
2641881858
2650209555
2643969329
2643973920
2359252528
2294101552
2298232356
2288794149
2301364774
2305362022
2313893990
2309568614
2309568630
2309568598
2313893958
2305505350
2301192262
2305419719
2313808837
2313808892
2313940972
3387547628
3387543020
3379138028
3375082976
3375082960
3374947520
3408497856
1261022336
1328131200
1312402561
1312468354
1316665730
1341815170
1308232066
3451718562
3439082402
3436456802
3428069158
3436455686
3432260366
3448038166
3448025910
3481576301
3397691372
1271172540
1271761076
1263384756
1225222324
1208428772
1208093156
1209143156
1476531796
419586631
427876870
461415254
444643318
444906982
516210087
1589947559
1607253175
2110626965
2093923477
1543937205
1409713333
3573990839
3575007155
3608555216
3612749328
3623164464
3589569072
3589601824
4058508084
4054245124
4087779588
4088238272
3534524594
3538743458
3526111398
4079748262
4045806758
4029038246
4029054646
4037435078
4037340678
4054101510
4054101510
4054625798
3513695799
3576610341
3043987237
2540563748
3085888548
2532203573
2657963058
2657967122
2654956562
2675895570
3212770578
3221147410
3215887666
3198911793
3131610160
3135831088
3123210516
3139963396
3089762916
4163512996
4167711397
4171894439
2024277414
2024281254
2024284342
2028478607
1479073933
1480106124
404530572
958246797
994553757
2059905947
2126683019
2126683019
2118294410
4261583770
4261788586
4278710190
4111890350
4099295150
4109763054
3036090878
3036091902
3035575766
2515477846
2683202839
2683259921
2682785073
2683059508
2683055908
2641178164
2649634308
2632848069
2628653975
2628719014
3719578790
2547304614
3608467638
3608471686
3608438918
3610699974
3580817350
3589207622
3584968310
3719119415
3722999351
3723034165
3714641701
3714645285
2649476372
2649484549
2641014021
2641009973
2641071463
2640879591
2649272022
2682891926
2548743862
3085606822
3077212134
3039414134
3039415559
3039812869
3039722773
3043720500
3043589412
3077166116
3085671652
3085606116
2813050324
3219766724
3078138692
3073945152
3039471120
3022714481
3022935907
2687374819
3765372066
3790539938
3819833522
4088268930
4071491970
4071497602
4075562642
4091815590
4091832038
4125419366
4125423415
4125415173
4117030661
4150325012
4146462484
4150721844
4159110180
4159110244
4125613109
4259763479
3714503943
3697729282
3697659186
3705990434
3698125874
3698291762
3698266162
2641301554
2642293010
2608731394
2348682002
2348747314
2344368691
2342267441
2325490224
2325558804
2327384836
2327314692
2394423588
2393375020
2414378348
2380843364
2372439908
2372505509
2372509606
2355740594
2355739570
2355739570
2364381874
2288884402
2284714546
2335144467
2318285313
2318282241
2330602753
2326275107
2326265890
2326266102
2380812438
2364108950
2364141714
2364138626
2356931778
3430591682
3424300242
3290073490
3558508930
3575298947
1463462787
1446689153
1982500224
1915520400
1914999184
1982247360
1713811952
3861307616
3865371872
3873727712
3819267317
3768997255
3836102022
3841279926
2759594662
2755409574
2759667366
2768187062
3836553894
3836492774
4037819319
4037819783
4042210693
4050595205
4050591141
4117630117
1969687799
1977902279
2011489606
2011488534
1927590167
1927656727
1449524501
1449490709
3596957975
3609671958
3307616534
3295034134
2355502870
2359690774
2359624214
2292462134
2292458294
2309760806
2309766951
2313948965
2339130836
3408780700
3375230364
3374162076
3372851404
1225367629
1225367561
1221173561
1221309225
1213970408
1209711256
1278974600
1278839688
1545308552
1544202632
1598729352
1456111752
1457160584
1459270473
1458479675
1433248303
1416421934
3563349550
3496336174
3572406318
4109273134
4126050351
4294939855
4269778063
3728114573
3728126621
4265013927
4281755302
4248250022
4235667366
4260707494
3181647014
3181642982
3216311494
2683647430
2683577318
2683643751
2683647767
2666862103
2666860055
2399083027
2390702611
2407340561
2281455137
2243700516
2243764532
2243702820
2242658532
2242691252
2280423556
2272113044
2272113062
2267919782
2267921830
2536356262
2536487350
3056515526
3056511239
3073288452
3073284916
3073297972
3039778324
3022987796
3022922260
3022926372
3035370085
3030909351
3047948454
3081518246
2544646326
2544646326
2548856966
2502785158
3576625286
3559325062
3559317894
3693535687
3697579315
3697585443
3697585443
3714886433
3714972209
3748593201
3748583217
3748546545
3749529521
3615242161
3613147059
3621601203
3623303602
3623172259
3623099555
3580320915
3580255427
1432802755
1432868675
1432663603
3613703715
3613703974
3613720374
3613720374
3613785398
3622239526
3756424502
3722851606
3723965699
3719786769
3703034144
3707094304
3715417136
3575958800
3576473856
3576604672
3610163200
3530479617
3530442755
3556707330
3556508706
3522966822
3516736294
3499958887
3519812271
3519824557
3545023901
3528252556
1376573580
1393346701
1359448479
1342610094
3490098862
3495339686
3520390854
3522487878
3556044566
3596938535
3597102375
3597024630
3613797750
3580243446
3588640230
3571928550
3572882902
3572821446
3568608582
3584337751
3584862069
3622631284
3614298916
2536227108
2536161572
2540589356
3589234972
3572461836
3563992328
3580779800
3613809720
3605346360
1323646009
1323579419
1316239370
1312099098
1310087738
1314848474
1457165966
1473806990
1440252830
1417183630
1416269958
1948950662
2083173523
2083232915
4230978770
4247575778
4247546978
4281085030
2918137126
3182365478
3165326102
3166374406
3166190087
3170380309
3166186044
2629332540
2629330492
2629400124
2629334540
2632474156
2640842284
2636647212
2640910444
2640910446
2372737134
2414819438
2414819454
2414557278
2313893982
2309634174
2309699678
2309568590
2313697350
2313697350
2313812167
2313792645
2372517044
2406057364
2401867156
2401875348
2401873284
2653531012
2654579340
3074140876
3074075228
3040517660
3040519724
2709169708
2717746735
2706683630
2706677742
2736032942
2736098478
2736163038
2736167118
2738284623
2738284557
2737237005
2741429293
2741289005
2741256223
2808500495
2774954782
2758947582
2767394478
3838839470
3838843566
3838851486
2698262670
2715163790
2744523917
2744521868
2713115844
2712010004
2711924516
2716118532
2707729924
2741478916
2741409300
2720462373
2721859109
2736522791
2736521774
2705195822
2709394302
2696884350
2696687870
2696156350
2979273886
3046382734
4119320718
3578198158
3573984399
3573984655
3573984654
3574001038
3578199454
3579758046
3588216318
3623703934
3757928766
3756811054
3740132142
3739996990
3739866427
3756653883
3748194431
3744000127
3745245391
3745177037
3747268045
3722134485
3724235477
3707400949
3706348257
3706414049
3697890289
3580523457
3614332353
3614393809
3597475281
3622583797
3622596007
3589041573
3572329893
3563998597
3564097429
3564099541
3580753877
3613712645
3613778181
3609579799
3609579575
3613782053
3621908781
3584291117
3584292125
3571578637
3572551453
3562142589
3562134141
3579042429
2505300861
2547244895
2532562775
2532561223
2523058503
2523058503
2539835511
2641621091
2633102435
2633233761
2632152433
2624681841
3698358115
3748754899
3732043203
3732045011
3732397299
3732262115
3598178643
3598122305
3614895873
3564631873
3564491601
3564426097
3564434035
3560436339
2488786545
2505570929
2515925617
3086343024
3082144112
3086273744
3086283984
3077890481
3077894567
3071668647
3071763367
3042400166
3042396150
3052734422
3034866966
3034865974
3026547766
3051705374
3051846942
2515008782
2544365342
2548432702
2532659071
2523940303
2672907743
2656552175
2656556143
2658653247
2667050047
2667033869
3204425037
3204363597
3196032476
3210598380
3172856812
3156075244
3156177661
3156161277
4229903093
4101846967
4101774759
4110163110
4109712566
4124521606
3621135750
3621220806
3621123406
3623146782
3589571870
3589586207
3622151455
3622282509
3622212893
3615473949
3611153725
2537420077
2537551149
2541673773
2549499199
2549499215
2547859727
3588043039
3587977279
3571200383
2631741817
3705351545
3707448169
3698936701
3698936701
3698974541
3715694541
3715937743
3757933023
3607081406
2533275054
2522785198
2522866086
2522739190
2518511990
2539418486
2541499174
2516394854
2499171173
2511850868
2509621620
2547304948
2547288276
3612646596
3608652868
4128683012
4128676868
4128693333
4128701733
4128701733
4132886305
4143444833
4132761969
4149535185
4111917507
4094084035
4098316243
4106565366
4107615991
4103552743
3029667813
3035975012
3052690804
2448719188
2448702916
3522641860
3522572244
3522574228
3556053431
3556008358
3547623846
3547840678
3547844854
3546657878
3546594582
4079267078
4079265030
4079395079
4079411983
4150711119
4126033759
4126105582
4109131630
3035388270
3027007870
3027005262
3034933070
2498195982
2514973198
2514579999
2515554879
2515620655
2549314863
2549314879
2549554207
2524257375
2658483406
2658622686
2667009535
2681722351
2643843069
2647954397
2647962460
2639573596
2637541981
2671093341
2671093615
2671109999
3078028798
3044466174
3052850415
3052915821
3036005501
3027629388
3027625220
3027625236
3027597092
3044374308
3044374373
3212211571
2673218882
2681602370
2682196418
2648650194
2645914082
2645849447
2646426983
2649574855
2642177989
3744755541
3744787325
3744979935
3744915407
3742791119
4266881359
3730034975
3755070269
3755000632
3755266600
3755273768
3713329708
3562400557
3562985983
3562981582
3562982542
3581853838
3615408270
3598635158
3598078342
2532798950
2465493478
2477024743
2447642103
2447838679
2422685663
2489659391
2498179055
2499231599
2499039006
2515559694
2549114127
2532407133
2264093653
2280870901
2238805988
2234537956
2352072692
2635333596
2505289548
2538843420
2532420884
2532359476
3069221943
3086062646
3086195750
3044252710
3023424614
3021423862
4095091910
4095615430
4095611735
4051567143
4055302695
4122284589
1974739484
1974739464
1442064136
1427387672
1426353480
1413770696
1355599304
1351601624
1351532424
3504254920
3562979016
3564543501
3580270109
3596981823
3529810559
3529827326
3529798062
3525578926
3531031718
3529393318
4083078310
4090926470
4158105542
4157908807
3889472821
1741992997
1712628773
1712628789
1712436277
1712501799
1714871587
1849085219
1853279523
1877236834
1826895090
1819686086
1815491718
3963032982
3960544934
3989839526
3987742375
4021290663
4021360261
4289734279
4256196231
4254131845
3721584117
3579022807
4098919671
3020985447
3021190167
4096963847
4101158150
4109620502
4109432103
4126207271
4151405879
4134722839
3061239063
3078081893
3077889381
3044336948
3044402436
3025659140
3025589524
3034044212
3049616948
3083105844
3067372068
3063899685
2528992807
2460765799
3001831271
2473348982
2436653022
2508085134
2499683726
2499683774
2511609262
2515798190
2507413726
2671061086
2670799934
2673946686
2682408974
2644697358
2644681549
2628818628
2633014916
2622524292
2618330004
2484312500
3037904380
3073549820
3056788860
3056753980
3061210925
3061266989
3077847615
3077844510
3044025870
3052614478
3031581166
3029450927
3045118125
3045105852
3045106844
3082861724
3070278748
3053631772
3071711516
2805377820
2804334141
2770791983
2770761262
2754478678
2754413278
2754347710
2758555566
2766945455
2779535533
2813188348
2812729436
2795961356
3065438476
3067404829
3054821934
3054858798
3057062702
3061581166
3085700334
3052080318
3031047326
3031055502
3031366797
3031432332
3034880396
3177487308
3173292876
3206982428
3207769901
3190859567
3190879039
3207951135
3174437438
3178631974
3183359335
3183216103
3183217847
3183241367
3183274119
3221010565
3212818820
3208026580
3208026372
2939661572
2939547412
2905659156
2905629189
2889228839
2893423142
3165454886
3098280550
3098018278
3098022134
2561152198
2632465606
2632658118
2624272566
2625337526
2642110598
2675632263
2681924997
2673520004
3747272068
3592143252
3609051572
3611137012
3577194468
4118261284
4059409189
4059347735
4059340054
4051038230
4046872590
4046860318
3493724223
3491627053
3495432492
3503824684
3499625020
2424900108
2424916492
2425084621
2275072975
2258296718
2260391822
2397815486
2389299942
2389308006
2389205806
2389205806
2397593902
2381047102
2649335086
2632488238
2632486717
3169356364
3177745100
3173550796
3173620700
3173694628
3173703844
3156877476
3156811941
3156947106
2619999650
2632584930
2628390482
2645498386
2645043715
2380802307
2368333825
2368382977
2406131715
2414526403
2410382994
2393473698
2393408162
2410189474
2414654118
2674718631
2637470951
2637477959
2637670471
2671159303
2675354885
2675352901
2684340085
2684277493
2684277493
2675688181
3212334837
3174590453
3174575605
3162205677
3027205357
3035057389
3051832477
3044496781
3077727631
3075564943
3612370351
4149241006
4117976254
4050797726
3505542623
3504502751
3500439133
3521410685
3521406573
2472833837
2456244525
2456245567
2464642335
2548530463
2514976062
2649045310
2632264510
2363964190
3437698846
3387098398
3388281150
3422355758
3413704750
1266221099
1232606265
1213737160
1213737420
139995532
136010132
135953284
136237956
135172996
218608004
235381140
507683217
507684755
2118355859
1984011187
1992342499
4135623013
4135618597
3067250693
3056778500
3055739188
3072385588
3173409332
3160830500
3165078052
3182186085
3215740903
3198967190
3195821446
3191690630
3207992710
3174446486
3027641750
3170249918
3165993150
3052681374
3044294031
2675140045
2675107276
3748844876
4294296892
4277458220
4276415804
4276397340
4276465948
4268085309
2116407343
2118108199
2134826070
2101278742
2099173398
2103429138
2136865810
2132321282
2134614018
4248474883
3983181361
3970598496
3970664096
3970553488
2892616321
3156742801
3156751011
3157009063
3026986662
2766421671
3047427567
3047427295
3047495759
3047566351
2514889743
2514705439
2515760463
2515686862
2513588702
2513654206
3587264942
3587470766
3587495342
3587503583
3579112927
3614834143
3610631263
3592805471
3592811615
3592937503
3609653279
3576090894
3580285791
4125545085
4122277485
4122275436
3589597804
3581172349
3610594141
2670861647
2637313295
2674013470
3756200238
3751895342
3718373694
2645685566
2645611830
2647711030
2370890006
2299586838
2299690290
2400589618
2400584210
2379616770
2361275331
2361279409
2359842720
2359876000
2351749284
2352789684
2669521028
2652809348
2652286084
2664869316
2660601124
2526336548
2524210724
2536842796
2536973868
2536841764
2514957093
2510618663
2510569703
2511126695
2544668807
2263658887
2255271558
2252191366
2250227382
2249701798
2518067366
2520186006
2536963270
2502354118
2489771078
2489775431
2498125383
2499235397
2490653429
2507439845
2548328421
2548393469
2544357581
2548547805
2548351213
3580154991
3558929711
3559124231
3559058695
3559124311
3576954199
3581074773
3614625045
3623077173
3623142693
3623154485
3605390103
3601265415
2544288086
2549564918
2549439974
2540727726
2538613742
2534620142
3614645726
3580958158
3589284047
3572510815
3572568191
3571650941
3571650925
3572589293
3568365309
3572562653
3589315293
3580934749
3576807005
3576927821
3577123405
3576099405
3576165213
3580229485
3581277669
3614932452
3612532036
3596012868
3612837140
3614934357
3614816085
3623331653
3623327559
3614934871
3614951398
3614963686
3614861302
3614913910
3614709094
3614709094
3614708838
3623105639
3623189591
3619122245
3619089861
3623282116
3589703492
3588720500
3563358052
3564410725
3564414565
4097107565
4097107567
4101428975
4101396463
4101330415
4235490815
4250219679
4283776223
4283776479
3730255327
3732352351
3740693791
3623081270
3567505718
3571500038
3571479558
3698453510
2356411698
2356567330
3379977522
3665196290
2599305986
2595144454
2595074789
2595010212
2595012260
2657917612
2654243516
3725908620
4261834636
4261881244
4265878717
4291174574
4123422894
3856056494
3858202974
3856703750
3848315399
3848315405
2770383373
2770634253
2770701885
2754005549
3157142061
3161336621
3170766189
3170372863
3182957823
3182957727
3183030430
2677613726
2677761158
2681955718
2673567126
2673817014
2673808854
2673219014
2683700566
2415068454
3487635750
3487836982
3479452438
3481070358
3459902738
3476791634
3441004738
3445129346
3453517970
3438911667
1283125392
1294618768
1277826260
1160386580
1172965668
1206848292
1206180628
1457826316
1449499148
1449434444
3596914892
3598102669
3732320391
3744895382
4231434934
4096705190
3022996194
3023003238
3035380454
3164875622
3164875111
3181653319
4293268805
3749118277
3742708021
3713867829
3699187765
1560092693
1157439491
1157575939
1155142918
1155139335
1155194375
1153097223
3316550213
3282930372
3266157460
3266091452
3269763004
3261367212
2250539949
2518975149
2523300527
2523329263
2548556398
2489640751
2489640735
2506482958
2540172574
2540033070
3076576366
3060858094
3077697022
3077831118
3044212686
4117919695
4126372815
4126495583
4126429563
3521474939
3521606971
3521599787
3513088299
3513121065
3542612233
3547258121
3539779849
3539779912
3552362840
3552498024
3623805289
2508121385
2503953727
2503966030
2503339358
2507531614
2497050622
2492986110
2492977886
2627196638
2631235286
2624876278
2637459430
2641647975
2675133543
3211938935
3219313749
2682376277
2682384500
3220222036
3211849796
3172000012
4111720765
4111628077
4145183275
3612494379
3589425950
3572857614
3564431630
3564434454
3562324022
3571241015
3570384997
3566125156
3587109204
3612274944
3608081664
3609132288
3745438000
3732330852
3740654439
3740590022
3732205254
3665254094
3665196798
3672060654
3755750318
2644251054
2627539374
2627547566
2631689663
2631690133
2623336340
2640113588
2639589269
2646976469
2648025045
2648154997
2650182455
2540816182
2519848742
3190939430
3191340846
4265045278
4130831630
4132928781
4141692284
4137498092
4158260684
3571060168
3564846220
3560645788
3497665692
3497682108
3506135484
3518583228
3549971436
3550003836
3520643612
3495612940
3229284103
3496667942
3496586030
3572341550
3572341278
4117727950
4130049422
4131292302
4264472725
4263882941
4264931519
3191202031
3191071087
3207799342
3178312238
3048223278
3048223278
3048478446
3182698471
2645822887
2633239701
2490633349
2490793093
2507601095
2507596999
3614892486
3597788630
3597784566
3610312102
3614502310
3612389286
4115775479
4124282839
3857882453
3891772692
2801253380
2791814404
2787620100
3861247796
3877926436
2770810404
2770738791
2771259110
2783186598
2778996646
3080983734
3080982774
4137947350
3601207495
3601207500
1203233996
1203022188
1165789996
1076726572
3223751469
3492195642
3508708410
4045451274
3509616654
3587276814
3566445854
4103251493
4107445796
4099132960
4095034912
3021981232
3038445088
3204181857
3203977187
3194671042
3190476162
3744201922
4280855778
4280872034
4276726818
4004166675
4004158465
4004152624
2934478112
2921898864
2906317632
2889532992
2889746001
2888633954
2888318562
2892512806
2896707366
2896697638
2896698486
2762478806
3032051909
3032342668
3053216140
3038517148
3038518920
4112395144
4112394664
4112394409
4125034667
4120710283
4122809483
1975313610
2008855002
2008852334
1996268846
1996480814
1988026414
1987997742
2004746303
1966866461
1954357560
1962869288
1960535576
1960431128
1967766040
2001254920
2115549704
2115537481
1987677129
4135159689
4129850249
4062744987
4079669691
1932145082
1902784942
1886003630
1894393262
1894592935
1894527149
1911304381
1902911900
1399071164
334762456
299110729
297026315
280282890
283623226
275229242
342731322
355179018
359370506
1466666250
1600883722
1584962682
1591256170
1469621482
1435209914
1435140281
1368031420
1373259196
1360539052
1362636196
1933193124
859453076
872043024
871351088
568648497
560242967
1881448726
1881965862
1613597990
1629325606
1661962726
3796797862
3804662198
3804683703
4152817077
4123453349
3034015653
3025364981
3021158357
3020953589
4111738871
4149553142
4141299678
4141223390
4141157838
3604233678
3612618190
3579801038
3562993102
3573466462
3573319039
3585905981
3619464508
3606949652
4143955764
4135567156
3057491748
3073758564
3040343525
3040245239
2637305287
2637301207
2639333223
2622497633
3704627744
3700896532
3700764948
3702796340
3635690548
3371505685
1215698949
1228093535
1261697375
1242799566
1511101902
1514312078
2051249054
2051053486
1782621934
1845538414
4009803375
4009934653
4010982684
2769462580
2771566884
2771599652
2771595812
2771522084
2775777892
2779780837
2779789029
2778750949
2779008501
2779040911
2813250766
2800676046
2788092942
2789002302
2787920934
2788060182
2788060182
2775459094
2766538326
2766537414
2767585990
2763395783
2761167511
3029607399
3046387757
2784236589
3044297769
3173992457
4247710025
4281198921
4285332987
4276898954
4143841418
4143583370
4134154650
3605672362
4142539178
4143539626
4277726350
4290292942
4256738399
4240161821
4244356364
4096366340
1948894740
1949221396
1546519092
1546531360
1547444769
1545343937
1498226899
1506673894
1569151222
1602738230
1602738182
1585875014
1586937030
1586864326
1314160854
1326727334
1325670575
3439730861
3473285869
3453359661
3451784749
3451653663
3451678222
3434917662
3703348542
3707604254
4236152782
3095039695
3145371277
4202335900
4198020860
4198036220
4195906268
3927450220
3946324781
3912900653
3920232495
3953740846
3936929822
4204587023
4208764934
4199524678
4195270470
3679360966
2581250526
2631549422
2629399022
2633512190
2558016742
2558016742
2556964326
2565369814
2578048711
2611634885
2615812804
2657682052
3727230096
3593014432
3597215904
3597346976
3597346944
1445602436
1384018820
1920922276
1928647268
1927344941
1902174473
1881202953
1881364235
1344670266
1344670250
1345264170
1349257834
1371278250
1468272010
1451491466
1469370506
1421127882
1425453167
1551278380
3694568228
3694437888
3694437904
3692343824
3709243908
3609121348
3594409668
3598585556
2466072996
2461816997
2478622887
2445067495
2444161039
2448347407
2439967246
2423185934
2422825518
3510140526
2436369390
2535000510
3613010318
3604620430
3336319118
3346792654
3296002063
3295027215
3303416861
3299224885
3299289381
1151625511
1151650055
1206234374
1181058306
1181647058
1181651090
1177456787
1177464979
3324948627
3324944819
3309232531
3292525494
3302344374
3298156198
3566599910
2492792558
2496982766
2496720734
2505215319
2513604087
3050478935
3016996117
2993795349
2993917973
2989658133
2989748276
2990010412
3006619692
3038081068
3021434152
4098288168
3850750568
3884288760
3800406683
3800415114
3804544394
3793548426
3795804314
1648238778
1648238778
1665015983
1631461805
1626289084
1623012028
1889800828
1889818140
1889847820
1352985100
1369745932
3550984716
3534141965
3534659087
3605958174
3060632942
3195581870
3174683822
3157971342
3157938574
3694793678
3692762062
2623027054
2623024430
2627218734
2577083438
2577010734
2577092638
2579021838
2579009549
2579013836
2679672284
2679740844
2641989548
2637926316
2503640764
3023746700
3023758988
4095406060
4099566572
4107815397
4107827397
4099632324
4112412992
4095086928
4099346736
4115665424
4156559908
3615629861
3598862134
3598936326
3603027990
3594622998
3594557446
3603204366
3603205134
2521728015
3059654941
3072242012
3206459900
3177096181
3034510309
3034534567
3036418982
3028030374
3028030886
3028032934
3028041134
3028036014
3563006350
3705547214
3701352718
3449366794
3449306378
2375560459
2377680136
2361107240
2359927336
2364060200
2305327852
2306454236
2340008668
2614731756
2606476397
2669328495
2638186606
2638186590
2503919695
2503928143
2503892685
2508064477
2650608223
2679976542
2679993982
2682021486
2682021742
2661086566
2661073134
2661126398
2661060799
2531045557
2537345172
2503786628
3024016276
3024020132
3028215460
3032411813
3049089717
3053214615
3077327287
3073117622
3073254870
3039700294
3039700302
3043370334
4125566462
4121247222
3618913750
3618647430
3616665031
3553736135
4057039053
4057052253
2985334125
2700121900
2700131880
2690882104
2703407640
2738006552
2737892904
2737069608
2737047336
2703500328
2707763256
2695303224
2695237676
2963681324
3030790191
3031773438
2492728462
2492332174
2509088926
3611662494
3607464078
3591801230
3591806350
3591824782
3744653790
3748847982
3723616558
3723523358
3706742046
3706809622
3723652471
3757211493
2683719652
2664910788
2664792004
2589222736
2591356772
3665147173
4219450663
4218395958
4201483574
4277962806
4269386775
2119937047
2115563575
2115518711
2114519223
4245299374
4228523694
4242148006
4237953686
4238281350
4103887494
3567054471
3566527189
3587498956
3579229132
2507327468
2503077740
2620522277
2620521253
2641489719
2650010903
2649936150
2649932054
2683813910
2675236895
2675761183
2638085213
3709491453
3709499837
3581565853
4261108365
4126760589
3623441037
3623637663
3615245295
3614794095
3614728495
3614761263
3589595439
3589337407
2515655963
2507275547
2505304411
2622684123
2622999263
3159789311
3168178911
3170214607
3170141007
3160707439
3177296943
3177298991
3207703599
3190940951
3191070983
3190976783
3190968639
3195142445
3086292269
3085240684
3086305628
3082209356
3082209356
3082288460
3086279948
3086275340
3078083165
3077989119
3077989102
3077911270
3077833638
3044278694
3044279446
3044226198
3044158598
4126303366
4115817670
3715331270
3715134550
3715231030
3722637111
3722641173
3718503940
4242595332
3160454708
3160454692
3178350117
4260546405
4294079863
4294126711
4283906134
4250343667
4250344611
4235399585
4235399664
2104701684
2113106676
2144367172
2134963717
2130767367
1057020422
1024649774
2102917422
2146809902
2126285870
2126087198
2124054542
1583013894
1444536327
1444470839
1428054327
1411264279
1415461383
1423837783
1419725461
1419628437
3585917317
3585900933
3621552517
3611591085
3611620269
3607422895
3578165159
3578164214
2512790494
2497061726
2494903166
3568578046
3572771326
3572775358
3589605551
3623307423
3598179533
3598026061
3598025997
4129796125
4133986365
4133855293
4129595447
4129595430
4263940102
4248224006
4229825126
4161745574
4165809890
3162848994
3163832034
3165921250
3165932019
3165964481
3186931904
3204360384
3193874624
3193871552
3191770304
3191835760
3191715168
2923423264
2906546720
2889744932
2910781988
2913206823
2778993126
3047953638
3047953574
3052214430
3053336726
2550016406
2547394966
2530556294
3528736134
3256100294
3256291598
3260424990
3283575358
1085796878
1085768204
1354011148
1358725932
1345097004
1346144364
1346283756
1361029356
1914480892
1913425029
1913570439
1913573511
1931403655
1897849767
1893655271
1889497703
1892954677
1960059413
1414799893
1425487412
1421227564
1421229628
1425411596
1559318284
1548803388
1548792860
1565635596
1607971852
3734348821
3738678517
3730218149
3591806885
3609118391
3611181719
3611165335
3610055351
3575919207
3563328295
3571717159
3567533095
3567527990
1438001158
1454793734
1186394118
1182777350
1178501134
1177453006
1462680982
3559828151
3565071013
3573328549
3569134239
2499581598
2541535966
2520662622
2520650270
2523542310
2531795238
2527600678
2527597607
2544458807
2510871557
2510851268
2489877956
2486732692
2486933140
3174743716
3212487332
3193613284
3193485783
3189541062
3189626962
3172365410
3155570722
3155570738
3155562770
3168150034
4170654259
4170527280
3147118080
3132570112
2663320065
2667400007
2667137510
2667067878
2641897966
2623028638
2354722182
2363122070
2627330225
2493022448
2499576048
2491257072
2977866944
2990450112
2988869312
2988937856
4062675584
4062565249
4062524835
3794023842
3861126306
3865840806
3892264094
4156435918
4121898254
4104990478
3568051982
3572245774
3568116998
3433968918
3433903142
3433835558
2361142326
2359060822
2378070870
2399034947
2399030786
2389164546
2263204659
2264195363
2264195365
3352617252
3319062820
3293857124
3289762164
3223243732
3223243696
3223255984
3225086337
3225333123
3242100098
1128186754
1114624914
1123021810
3265786866
3265655779
3266635107
3270796641
3262403637
3260400725
3273118037
3243693399
2178283007
2161401326
2177129966
2177161710
2177302398
2161555255
2161554197
2161615620
2499125764
2499060244
2498011684
2490209840
2502920720
2502855168
3074394864
3056390113
3055830179
3055943830
3060146310
2532450454
2528257206
2526227622
2526031014
2524982502
2541767798
2424558598
2425795847
3503596801
3491013936
3493102880
2956821856
2954792160
3005136368
4062088832
4061826688
4128956096
4131323600
4131352160
4131139105
3060542755
3068927010
3198684194
3198694450
3215614978
3165315074
4243251458
4243244802
4239118066
4238973858
4238915745
3165436064
2925828256
2921634944
2922818688
2922810752
2922808992
2939610848
2918544928
2901747200
2901747204
2900633143
2900637478
2896956710
2913732838
3186493654
3152948374
3153931454
3149671614
3147572382
3114083534
3097322511
2556290309
2558313013
2554119733
2554129973
2554289727
2604359231
2589596030
3663337663
3670678679
3670744197
3666433421
3683177916
4287411628
4288459948
3193222380
3189212508
3188950284
2651956749
2651887118
2650826254
3204654622
3158455854
2626033454
2627603566
2629306606
2629306542
2628274319
2632514700
2621291916
2621416140
2623447564
2631311900
2648155692
2639588908
2534673004
2536835821
2535328167
3541964966
3541960870
3546094742
3520930950
3234603142
3234603206
3252428806
3247776774
3249804550
3282308374
3282849078
3282892094
3282892095
3282949436
3253568792
3245182424
3242035640
3239942568
3238902200
3238901980
3541022924
1393474636
1913566237
1917759525
1649381413
1649324068
1645130788
571391008
571389984
572446752
572446816
572447216
572481013
576550837
576549813
584938420
1675457460
1625256596
1627354756
3774834308
3774840452
3770678996
3769621076
2695879188
2695686676
2699882039
2691493414
2707998246
2741551990
2720743878
2725204422
2993639638
3002036343
3001971761
3069082640
3085858816
3044960260
3028183044
3036572468
3183373879
3216987702
3199996470
3197375078
2664706790
2664706534
2530488486
2513777846
2513845398
2429958279
2429954181
2161588357
2161581189
2161579153
2153197699
3226804435
3222610034
3222544435
1075077123
1081375744
1081412612
8259588
54402308
37639940
37634564
35602949
39633439
55366463
21795694
13407598
13409775
1087347103
1104058765
1406049677
1380359565
1380366237
1444389533
3590824637
3590828717
3590828717
3591758575
3528745965
4082377197
4050985453
4101453053
3572708607
3572727231
3585342895
4126342623
4126326095
4117992711
4151346455
4117019965
4117016364
4117081908
3043407413
3039229461
3073851943
3207856998
3206361574
3210679718
3202288806
3214875830
3214873782
3080533126
3080528262
4154417543
3619680725
3623650804
4159483196
4151094588
4113345308
4113546780
4113479196
4113470988
4113482245
4113024535
4152218919
4152220711
4135442470
4143962134
4135574598
4151235650
4151203138
3580773330
3580838898
3572306674
3572310754
3568248563
3569161843
3569096563
3572245859
3589023091
3614187639
3614269526
3615322334
3598546398
3596148222
3604537178
3604536187
3621378425
3623480697
3715687769
3715653961
3715854793
3715764697
3699245419
3705537902
3705628030
2631921118
2633891326
2629345263
3183056621
3183064796
3221010076
3212616412
3206324988
3208508156
3174987485
3039182590
3039182830
3043237358
3051621614
3081585918
3081687246
3081691215
3081740301
3085738764
3073156652
3073242668
3039747637
3039714869
3044937015
3028094311
3036429559
2499624151
2498639047
3589158341
3589162437
3622781269
3622629751
3622363175
3623412775
3623412790
3615061334
3615450494
3745460206
3743039470
3747291102
3747159454
3588046238
3583864222
3584030110
3619410333
3623391645
3623396316
3615011676
3614028604
3580473900
3576209964
4113097260
4113397272
4113454601
4113452313
4118694185
4127131755
4126947419
3581689034
3581367498
3581297098
3589686234
3589755770
3589632815
1442079533
1437886253
1475866404
3623353653
3598179637
3595930933
3592193125
3525300356
3525230724
3541714052
3510240660
3493467828
3506115252
3501986468
3569119917
3569148523
4106019627
4109149482
4100761898
4096571418
4096624650
4097808395
4114521103
4148090063
4145991822
4279648670
4262855342
4285924006
4294772390
4256970375
4256507799
4259647989
4260651861
4252295444
4285849908
4285833524
4277449013
4277450549
4266960439
4267179574
4279688734
4246100494
4229302798
4099280670
4099867950
4110155823
4244377656
4109905944
4109898040
4118414696
3621673960
3604794264
3599534985
4136405402
4136418714
4136412554
3620577674
3608126106
3609125562
3609125562
2537448126
2536772334
3581162479
2507412847
2490709375
3572968541
3568774221
3585420303
3589614863
3589635342
3614864670
3613808446
3613836094
3623326014
2549388607
2549396797
2547301692
3050618140
3042225468
3042289532
3038222076
3038172828
3038172828
3038140077
3038188967
3042202791
3086238951
3082110199
3082276871
3069174023
3085805327
3077416479
3043995199
2758777383
2758249254
2759297334
3833052182
3829264439
3829252151
3828957203
3827896323
3827965969
3829015841
3850045923
3858246579
4122684290
4156178050
4139390594
4138336898
4138533762
3601073079
3602130853
3623118820
3623118836
3622860484
3614467908
3578816340
3578816373
3579077991
3587669030
3621149750
1190545430
1191008262
1182657554
1182721282
1316943107
1316913411
1316794657
1312596003
1597744147
1564120083
1564181523
1429965939
1971035251
1970971841
1949994433
1950074832
1948906144
1949954788
1954148964
1694102052
3839424036
3839420965
3838372711
2781407334
2793965798
2794097863
2798293191
2925171141
3193631685
3195724485
3212501733
3187173093
3170393831
3187150311
3212317927
3212317943
3208139959
3212465295
3212469389
3187305869
3183210373
3170627527
3170631622
3162492870
2893909478
2910625766
2910631270
2952246550
2952241159
2926882869
2939478052
2939478308
2939613492
2906019108
2907834212
2899380196
2916425716
2916554709
2917078678
2916947606
3050835638
4124577430
4120461190
4122814854
4156369302
4156302518
3623646343
3614789767
3614949837
3614564861
3589403605
3572750167
3572742007
4101021543
4101021031
4101025127
4118080887
4151831895
4151768391
4133668183
4133634167
4150480951
4150490487
4116796759
4117854071
4117849975
4126177133
4126531453
4126657885
4126657869
4126522693
4126518613
4118132053
4118140245
4113945079
4114076135
4151726567
4151722471
4151710199
4151653750
4117002103
4117069623
4125616919
