91093366
91093366
225311094
91076982
1299036534
1303230902
1303230902
1269414326
1269414326
1269545876
1269808020
3420830644
3407985588
3374431156
3475225972
3475160884
3476204341
1309714999
1318103570
1250990866
1250023731
1317148704
1322391584
1309804576
1177947152
103681024
103689472
120465664
91032320
99469633
99457490
91069842
91076018
91074994
74298290
74298034
1156428466
1156428466
1416478386
1550842546
1547532962
1547450786
1465133222
2010392743
2006321285
2110917764
2087851140
879829140
875635620
879829668
879764132
886060708
902833877
902850247
936443606
938524646
921745702
921942050
653457426
653498387
652458001
643991600
656575508
624077844
621932500
609402532
750968484
750898852
603987604
605039237
621816509
621820333
636688621
631441517
664864845
664893519
664923142
904111110
904048950
904049446
904042022
929078806
1444985350
1579202838
1579415606
1579350054
1981970486
1986141190
2011302981
1956777412
1956794004
1956859572
1961942708
1951461028
1947266724
1947266788
1966112340
2002796084
1742745126
1742749478
2006977830
2011240486
2011240486
2129725494
1592859654
515075078
515105798
519304262
508687574
504430070
491903382
474143623
482540423
483548101
483614197
477164007
477159919
477159935
492955487
502329206
212924710
1290917926
1298323494
1327684630
1176650758
1177751558
1190339334
1183987318
1200754404
1150421652
1150500484
1156667028
1144013748
1143062948
1144238516
1144234453
1144039255
70303538
82885410
78691106
77642530
81968898
1164115203
1176683779
1176683521
1176683569
1189336097
1189126193
1190436865
1182171457
1194754497
1161745297
1145041841
1415575473
1423835105
1425898208
1425898084
1475702388
1458861845
1391481141
1391509565
1391579197
1391587421
1397880061
1364258281
1883302633
1883294377
1900399257
1934089867
1918367627
1926742427
1995960811
1987371243
1920262191
1920311615
1920459055
1920398142
1920857662
2004641342
1952284222
1952058142
1415186782
1423653342
1960389814
4103890102
4103401701
4103455188
4120019332
4119954356
2001777644
1460727788
1460726748
1595042765
2131897310
2138192894
2146569594
3752936474
3751854106
3735085082
3735068697
3736445212
3757549116
3757545012
3714024980
2640294708
2623512885
2642342006
2642333814
2642334822
2550127974
2550124391
2515881589
2507439813
2507417284
2503808708
2503804836
2441033188
2449358324
2432055540
3505748452
3514105188
3514168836
4059410948
4059279877
4090606087
4065632806
4061455654
4061449318
4060989542
4062083270
4061817039
1918512591
1926903758
1943675598
1943696382
1935233390
2004373870
2003333162
2003588154
1475238922
1375664458
1370941898
1351998431
1356319631
1413934991
3557254535
3289895318
3294089702
3302478310
3589792242
3522683714
3522606914
3571879747
3567684977
3567750496
3567557984
4125402992
4112836368
4147406608
4147606816
1998992672
1713847329
1714297890
1719536658
654185474
652026882
650912786
650667047
667444519
667481399
634378047
634359679
634230655
667473791
659083551
608825607
541815047
810168599
810170151
810163751
877337142
877206142
902318830
915053262
646618766
646680526
646481374
646484270
646492205
642293804
1711841324
1712038124
1713037484
1729781932
1679437988
1685717413
1687880629
1687753365
1703424733
1703421517
1703423517
1691953689
1683630601
1685723657
1686030859
1694468619
1840615035
1857062907
1854964185
1859162457
1849721113
1845534776
1862443052
1828905004
1812095077
3959576037
3972140965
3967880101
4240456599
4257229703
4248906630
2504145799
2512522647
2509442423
2509577511
2243175735
2243175703
2243175703
2242131254
2242643238
2246837542
2281194790
2281211175
2281211175
2247656757
2247661328
2222502672
2222498160
2222497888
3290271828
3558834261
3557196887
1946585142
1963362342
1980143910
906406182
776382798
978778190
976535622
975454278
976097382
1043215206
1044259554
939336418
934880993
364590720
364582784
95106432
95108480
1174093440
1102790321
1083783843
3231197859
3230169810
3230190098
2157484594
2158534194
2158535203
2158535203
2158535463
2154332455
2222492897
2220464289
2483796177
2416548051
2484832434
3560619171
3694044339
3727597763
3659940033
3659661505
3659734017
3659938081
3664198177
4205586979
3131894307
2846666247
2830675461
2845353477
2844304901
3951603557
3939024229
3926492517
3994780901
3994797287
4011475111
3846055079
3829273767
3967683991
1828588439
1824459409
1822366337
1820667521
1820598977
2089034435
1019421395
1019359955
1010962050
491981442
508639874
508635778
1045527427
1052890499
1049670081
512794997
1049665829
1045473061
1846587173
1846786867
1846721331
1850915619
1858243875
1858241826
4014179379
4009930755
3976368129
3976381473
3976254560
4011085024
3950333092
3933670581
3941735813
3941736325
3956489879
3956354775
3922800371
3918604019
3987941075
3987935958
4019270342
4291831494
4282396358
4282395078
2101422326
2109823086
1707329566
1707343119
1698931981
1728418073
1711571320
1712095336
1712095340
1712095468
1728954588
1812881884
1812883197
3964562031
3968748142
3968846446
4018981662
4003260686
3873235982
1713238031
1730035725
1679183949
1679176940
1678192108
1682255789
1690328749
3884046061
4001465053
4001399501
4001403404
3997206028
3993040404
3993169444
4009911845
3976340837
3988980966
2895118502
3162702998
3162651782
3162712198
2629904790
2629905335
2630040276
2374122004
2375432708
2375366148
2310812420
2309763348
2292985908
2292994085
2297217062
2296958242
2284357922
2284423986
2284489490
2302319106
2602214914
3663373062
3666583810
4220035074
4186476770
4166554850
4162357410
4164651170
4247439538
4264221059
4264198019
4268373637
4268429957
4268298949
4276688612
3202889316
3064473316
3030986372
3036358276
3501930116
3501917829
3502179990
3501989542
2428252070
2164010406
2168196262
2167213079
2167278599
2167336197
2175577348
2158804224
2158796560
2158858033
2444136227
2460851491
2523696418
3190590946
3191770322
3191510082
3122311234
4196065394
3896123746
3896123718
3963225038
3966371531
3970632425
3970435817
3970436008
3970489272
3970476680
3991449224
4026050184
3875058315
3864756650
3860512938
3860480106
3860726826
3877504062
1698049054
1702243646
1823878718
1838628382
763633230
763629135
1036258893
1027606485
1027802580
1027764724
1027858916
960536996
960537012
960541108
960542100
759274932
1833147380
1862441716
1845668436
1979886084
1712504324
3862074884
3866265109
3891496565
3855652711
3838876967
3837824035
3829435427
3825308723
3826495506
3826442242
1695735826
1714573346
1714569446
1716651430
1724975782
1720720038
1737570966
1691499142
3841142726
3832623046
3832833782
3841320550
3837113958
3851795990
3868507655
3870596613
3874787076
3866461220
3862208548
3996442660
4013113380
3826401509
3826386151
1683164518
1691434870
1707093982
1740648334
3879808902
3879878279
3888271093
3884437221
3884252925
3884232269
3884232205
3884287751
3872298774
3864962358
4011713830
4011594855
3978233062
3977643239
3960878519
3973452693
3985774237
1838249663
1838214911
1870720719
1874913743
1828777039
1828842573
3976363021
3960618037
3960610085
3975286308
3971108388
4256386596
4254090757
4254103297
4253082881
4257276977
4257410147
4232240611
4232236707
3963850403
3976302307
3976304595
4009861186
3993018434
3993034755
3993034771
4009976931
3842129255
3830582247
3839232743
3834972903
3854310103
1637691078
1671391174
1738531142
1737355606
1674375462
1665986614
1661850646
1661849623
1661816887
1729040493
1728778604
1732907628
3889829480
3885718136
4019841624
4018989640
4018973000
4018977880
4023162059
4023353546
4014899418
4011757802
3911119082
3910791662
3896206318
3896205946
3896190587
3900259963
3908647547
3904454267
3902348891
3986163019
4256695305
4260900873
4252590092
4252590204
4252721644
4256883692
4240097980
3183198873
3183003289
3220758409
3189595608
2652839288
2654803240
2658930984
3216253225
3216318745
2644848907
2645299514
2642151210
2642349930
3447065450
3447077834
3444649674
3444631242
3486553674
1590724170
1585551226
4269976938
4140016874
4131692778
4127490251
4144398477
4095639692
4094615732
4094567332
4094564000
4099802848
4105963104
3836479008
3836507443
3853052946
3886589954
3891836930
3860371474
3860437010
3876173826
4010388482
3976897539
3960139811
3960389729
3964027361
3972138915
3990028963
4019258034
4002484914
4006688434
4006618802
4139855542
4156636822
4156631750
4123077191
4124125765
2509253188
2509254148
2442411524
2173961732
2178744852
2178888212
2178884148
2174559012
2174514535
2241613030
2224835746
3302754482
3294387346
3289767314
3692543474
4245855602
2131924226
1846721794
1846782979
1846586371
1846586417
1845541921
1845531685
1845547061
1862422629
1694643301
1677854053
1624377959
1622608470
1622612566
1637161526
1670651446
1657026054
1644438278
1913397510
1913397581
1913390588
1900826604
1355369148
1351305916
1351187148
3230497356
3230493252
3247371844
3247366740
3280921572
2207244773
2207045026
3352087714
3352053938
3343141298
3305626034
3556948882
1543679618
2080548562
1812047826
1828760898
788572162
771794946
771799047
771800070
771994630
654488614
621966374
540148774
540151078
543492918
551881302
568793623
599203351
580326943
579286605
579610188
1653354188
1921780700
1401424892
1367870428
3515423436
3246997196
3247124044
2156602908
2156602924
2223715876
2223859556
2374790629
2413579751
2348567990
2347359638
3412973974
3378879414
3357645494
3626023602
4162886578
1746116502
1762831814
1795338182
704883974
704882694
704886791
771996727
771865639
654438439
621965359
540152878
543296558
543361854
551623230
551619134
548477502
546388510
562046726
562044934
595615814
600064070
591905895
592371169
600760288
600768225
600702609
600356737
1665701765
1648932757
1649260213
1657779885
3801071276
3800940220
3867524764
3863455388
3859146428
2785404841
2785535465
2941709819
2952190331
2816919931
2816989467
2808469769
2808478985
2808476937
2808304409
2707640889
2686661163
2686661166
2686530286
2690914286
2699300334
4038330606
4053010654
4053731406
1402873862
1402873863
1117662228
1119822884
1123819828
1115476308
1111327172
1446941068
1461105036
1410766732
1412926441
1948621801
1948302315
1679862251
3827349993
3827350889
3877672297
3866273065
3866272552
3883065896
3883082280
3845337705
3845206767
1681076910
1679890350
1835011494
1843398822
1839271126
1840382982
1823486978
749772807
749772805
1821417733
1825613629
1799399037
1782628029
3925974717
3926040509
3926048685
3926042029
2936464873
2937505257
2910209529
2909949401
2918435323
2918308315
2918316507
2952001883
2952001819
2952002841
2942687001
2875552283
2842112574
2837852734
2821075502
2821001774
2820937262
2825653550
2829584430
2830649471
2845363404
3146294412
3146295180
3130566276
3193603748
3191508644
3191442341
3191703715
3191773346
2923358338
2940136642
4013878467
3979269187
3848729617
3848786995
3848657955
1701174563
1701173555
1734867251
1718058291
1852136755
1717916977
1718055169
3865538561
3882308081
3848755185
3848756913
3840891569
3836725907
3836725907
3853372035
3857509811
3849121251
3882872307
3882274131
3882278227
3882343699
3882220819
3882216467
3882216755
3882351923
3882343795
3848785779
3848789875
3840270195
3831857011
3831840595
1701132563
1835350323
4016322849
4276370721
4276302096
4276490240
4293275904
4259787009
2091333441
1487870657
1487870595
1487473282
1487473314
1555569314
1557669538
1566057350
1599869318
1566319079
1567908719
1484056430
3696277822
3696273694
3696269598
3712194846
3720583454
2677391118
2677309966
2677916166
2644394790
2380144930
2287608866
2287668322
2298154082
2298088818
2310946114
2326665154
2326662850
2330791875
2330737057
2330737057
2321865185
2304809444
2335218996
2318576900
2316741893
2585242628
2584062996
2596578420
2596648436
2588845748
2601432724
2619002508
2621065948
2621049583
3074099694
3061320942
3069711534
3067617422
3067830410
3083527305
3033185928
3034233484
3025840780
3157891788
2888339004
2754127404
2758583076
2775372581
2758800165
2888202021
2889234213
3157667299
3155631587
3176596690
3180795090
4255003714
4255002626
4255069186
3724289042
3716099075
3581819201
3614312768
3597536192
3607038592
3535539888
3535538080
3535565796
3535593831
1388110118
1941757990
1895751734
1345241102
1345306638
1346224155
1880670249
1879623464
1611451112
1624017576
1620019865
3784153753
4086086283
4086082954
4158431626
4114018766
4096184694
4096143654
3157663778
3174309922
3195284770
3204332866
3200155586
3200143043
2663042753
2662977201
2667096801
2641948261
2620944165
2621058335
2625252479
2645107943
2678598887
3735559397
3740011941
3727426949
3744858501
3695059333
1547592149
1551557573
1557701573
1553507085
2090379052
2090381100
2096667948
2146081833
2003479593
1999297547
1933200650
1897598686
1897597614
1896495790
1901673134
1943541694
1926770846
1922891918
1927205070
1946079439
1902031045
1901901220
1884860064
4039674532
4039741108
4056516228
4056580740
3011150532
3010126341
3010127654
3001609254
2997414950
2997377070
3001633854
4067040350
3526243406
3526239311
3527287821
1383990565
1391938855
1391945495
1459610886
1459478790
1451085830
1430175751
1413136453
1413137605
1413107093
1417563045
1426021031
1420810919
3568623270
4105500334
3618955966
3606373342
3738551262
3738653678
3738597230
3738646318
3730121022
3725926718
3658821690
3648860218
3636342810
1488597003
1488585992
1486357832
1490558968
1477999528
1480096680
1480129432
1480129416
1480125848
1483384233
1483383723
1484305050
3632042570
3629486618
3629638186
3411404330
2329374254
2392227630
2392216861
2392736028
2392637752
2392375656
2247672296
2222576104
2153431464
2153431992
2153726617
2170294968
3238797992
3272349624
3272416648
3272486088
3541985288
3554568201
1404946634
1388088474
1118614698
1122537642
1109967018
1111163066
1109004730
1109008875
1115300137
1174070056
1156247320
1156229896
1173334792
1164815113
1164946187
1198436105
1195344717
1142719453
1077920157
1077821885
1349146023
1357528551
1420372451
3568249810
3354345410
3330029554
3330044386
1178358258
1446891970
1446965634
1458484098
1420735105
1420269232
1420070624
1953799780
1410641700
1880419364
1897262124
1897292877
1897274511
1884686479
1893009581
1904479149
4085582509
4068935325
3532014285
3526816269
2456068653
2472846125
2477039919
2980946199
3048120599
3048120631
2510988079
2489893421
2485667369
2485784089
2418686473
2503617289
3040554265
3052934201
2511929353
2510880841
3568238667
3300853082
3291749226
3291757422
3289725254
3289675782
3302282246
3298144262
3317084163
2264313857
2263257344
2259583232
2192475216
2192543984
2196623584
2183935136
2183931040
2200706981
2171472550
2175679206
2209167990
2209102342
2193374734
2197568782
2214358046
2214194238
2178669599
2178647503
2281407949
2281283469
2280243117
2271788012
2271796204
2167004028
2171272156
2154490828
2154490780
2163060668
2162988732
2162988732
2171373228
2167178925
2435636990
2435440382
3492354478
3492288678
4029229222
1898653846
1898657950
857618574
839792774
839257478
851840647
848434837
849424087
312503815
312534534
316711694
291680527
274903309
275157768
275157512
275092024
275025448
1348766248
1400146473
3530857002
3530991898
3529943050
2456218634
2532687898
2511782106
2427883994
2425795499
2425799336
2426193644
2422001276
2417819140
2417946160
2417945888
2418011427
2422074418
2953825394
2953743602
4027487650
3524973954
3527036290
3525971075
3526039697
3538626720
2461542880
2459446881
2526553634
2526619142
2528862734
2528698926
2528683310
2549908782
2220854478
2220788941
2489227468
2625550476
2624175276
2619929836
2485776876
3039475308
3078285036
3085627116
3085691500
3077106284
3072891501
3073018445
3208310349
3208181261
3212624159
3199062062
3198677030
3198509094
3194233894
3055815702
3055945746
2536905234
2490771970
2495491651
2493462208
2492994180
2492994180
2493052804
2497244548
2512968100
2538129828
2538129828
2538097063
2522568118
2520412638
2520408574
2658869566
2675601726
2646271246
2629544206
2629347695
3165165677
3161229340
2620229644
2619771916
2636555276
2670878732
2654085124
2652053764
2521966375
2525115942
2541946406
2541749798
2524976694
2256814662
2256847694
2261632846
2254042974
2253952350
2270731642
2541460970
2474293691
2474293641
2474293640
2474228616
2436415112
2503505548
2486841996
2419733151
2419729326
3492684142
3496882214
3500941334
3500942342
3500944404
3500947476
1101887820
1130986444
1110067916
1110099660
1110098628
1110131493
1130914086
1097359398
1080582182
1080615990
1080615970
1147786258
1157285122
1155172162
1171951234
1333440147
3464145539
3464469376
3464334800
2398936544
2398942564
2390549796
2415780644
2646581797
2646581798
2646467110
2679698214
2662904102
2398667814
2390281254
2654731349
2654528717
2637939916
2621101964
2633671356
3164251836
3164186268
3166217885
2625414837
2638010021
2502181807
2502296031
2636522575
3693489159
4243011606
4238809110
4238801158
4255639814
4289506326
3740041238
3731390471
3727327367
3594436743
3594412165
4146013093
4116521637
4119081637
4152623791
4136633007
4069532415
4063244859
3526706954
1396065546
1396598026
1367082011
1348273371
1348345035
1348344265
1415461721
1146956345
1157377567
1153189407
1152140094
1168961846
3350196502
3333091586
3328884994
3345646434
3312104035
3320554097
3349914128
3601442324
3605571124
3598233124
3594039148
4131171821
4064066795
4045392090
3760113818
1616890042
1616674218
1616197562
1901470346
1916150411
1916740287
1920742127
1929126374
1941726242
1890372610
1353698306
1357835266
1349444610
1350493187
1350497537
1375653393
3270920768
3333900800
3336900112
3332642608
3332648992
3336839201
3337887781
2222268469
2221280589
2230193093
2230192837
2230131428
2222795300
2155686420
2180855300
2208051988
2191287093
2191319341
2208080239
2176618990
2162983082
2154594474
2149881018
2149956794
3223697563
3224828361
3239508937
3506892361
3511152201
1439032843
1439036938
3318739582
3293442926
3293110766
3294163182
3294217374
3436889222
3453670534
3487229319
3462133687
3462190759
3594309558
3593788838
3728190886
3746997398
3562381442
3561267346
3569459634
3569791475
3587608929
3614815008
3527205664
3526178560
3509460480
1345194496
1882065505
1890405221
1907129829
1940681924
1923928132
1391443973
1378779141
1379897633
1379722531
1377592611
1381847346
1381912630
1381912663
1390302407
1910431111
1893661575
1893587591
1893571253
1889320949
1889317948
4034719804
4080820284
3527155772
3527158828
3525257516
3528395308
2475493948
2475375116
2206938636
2173313540
2173379079
2174231350
2174222630
2176336994
2180547942
2164036070
2164101622
2164167638
2164241374
2164044795
2221716219
2221781753
2221784825
2217720537
2351872731
2351872715
2402204106
3459164618
3463228618
3396112586
3391983838
1244565726
1244582086
1245634758
1262411970
1232495858
1213689059
1213431025
1213429201
1238488016
3384931312
3363955440
3363956464
3363961585
3368147571
3359668851
3355474546
3372235570
3405788466
3401580850
3464560947
3464630547
3447861523
3431145747
3435144483
3426762019
3422566435
3422689363
3423734082
3296069954
3304525634
1101877075
1107091299
1140635491
1123923795
3267346241
3267338065
3266165601
3270293857
3526146403
3543119955
3543054403
3543047233
3543637057
3543659601
3507975265
4044698721
4040435041
4036240739
3499374435
3499430738
3516797506
3284013762
3351130690
2260678211
2197559923
2189179507
2188327619
3262004097
3266256771
3266139031
3283940279
3250385575
3233608367
3228869295
3224680111
3222576871
3222707911
3222706695
1075228419
1079434497
1366748433
1115612433
1115583761
1384059139
1379860755
1377763634
1377767714
1397499170
1372332322
294400306
294408498
327729458
310952279
63460692
63527284
21502308
21502244
17381668
21643028
55194372
46805764
42603333
42484079
46715374
1137237230
1095293166
1074305278
1078573534
1087232462
1082973646
1099813326
1133441478
1134486407
1138680709
1129272224
51135904
17587620
17333668
17464516
17462468
17461700
684484
553940
4781925
13426535
30203367
55573991
38696263
38727943
38719759
308122431
316645934
333424174
299677502
274500926
810323246
810335278
810331182
810527774
588176463
571393359
571135341
575263597
583570285
583578477
583577967
600355182
591967342
554218734
587830526
587904246
587922870
1644854950
1649031846
1649220326
1657609959
1657224951
1652958845
1669800733
1938039053
1904484621
818159625
817897497
272986393
273006875
273007898
272993562
273520923
273529117
281917709
273651788
323917900
307149900
840863820
840863812
840863828
840863845
840872037
840872033
845066339
576558435
601459559
561634133
628742741
628750965
628751973
609839077
609821175
610083031
878510323
811401443
811413731
811544819
285163507
280968947
280967875
12458627
11410051
11287171
11278979
61610627
49053587
40762771
40203699
40227251
40358291
48755635
48604066
48538594
48275750
316711206
299938094
274838586
274840634
270924090
270924090
287832858
291928586
333863434
335367706
312231451
327697945
331895673
323539305
323596649
319402489
826913257
835301801
835293624
868980152
860593560
860600728
856537528
856553913
856619993
823066395
826730267
860316475
868508473
600076600
868700216
868634664
826757160
822349944
822870136
822870137
554570617
558248555
566638203
566705737
566573641
600062793
834952025
566590281
567244617
567112651
567038939
558649851
592212459
592212459
592205291
592403819
558882171
567278971
600683899
869118299
869118299
332239066
290427082
290361546
1031422
891118
891110
964838
273070531
348562881
349610433
2094441280
2096542272
2104931920
1797764720
1781511728
3928850992
3928850960
3928855072
3929843232
3929845025
3929860389
3929819173
3934210159
3934145759
3934127326
3941537022
4008449279
4008645886
4008582294
4008589446
4009638278
4026481558
3181193878
3164023510
2627152582
2627156550
2629115414
2629047831
2360628773
2226173220
2494607396
2498794868
2498793212
2423753404
2486602428
2485566108
2485648028
3022478013
3173400238
3206889390
3210753262
3219207230
3219334206
2644714558
2644587582
2645767182
2310089742
2307942414
2307975183
2344663052
2327943436
2328004956
2395115356
2395115388
2252471676
2252371308
2185301484
2168589740
2160205229
2161262501
2161184677
2152991413
2147764885
2147797909
2198116757
2185542965
2194781461
2196873479
2195759895
2208539430
2162348582
2230506022
2222085926
3293777271
3289385073
3289389169
1142106176
1142041664
1142043712
70669632
70665664
24627153
23582417
57137105
57508819
23954259
57508657
57537313
124773155
107472755
107474930
107474866
107304850
107300754
107413906
124195218
99038451
82261105
82125873
82144304
73753904
73721136
69591825
90690369
90670033
124224499
124093427
107057651
115455475
317959539
309569827
309454887
305196087
304440326
841306382
841433407
845496623
586437419
582771497
580706857
601683481
592311897
554489595
554489851
554554811
558813371
558878891
567079083
567144603
592373131
592375705
587591337
554028793
826724057
936574809
932308345
1989207081
1989210169
2123489295
2126700558
1564663822
1543659806
1543652142
1547830894
1547898606
1556430590
1568944126
1602502143
1585722591
1589912779
1581605067
1594291407
1560725502
1414973166
1423236846
345296510
366234895
399793165
373697548
369503252
369501236
906377012
906367524
927937060
898576932
899421748
614219300
633081381
627947895
627948919
896384503
896382391
896381375
879604159
879605431
1953349303
1953348279
1961736885
4109220533
4125997749
4127112869
4116625316
4116112804
3037152756
3037152661
3037091223
3041273335
3083216358
4158092406
4141175862
4141732886
4160746518
4158518534
4124964102
4124963847
4108186711
4099928309
4099862709
4099854468
4095623300
4099884181
4032779701
4048912293
4059365095
4092915311
4076138015
4066698767
4066682383
4066743069
3077931837
2775959340
2784347948
2765485420
3025628524
3038211581
3071614973
3054831511
3059164854
3067553462
4137105334
4136646054
4136645046
4136661462
4140954054
3620987142
2540807446
2503060790
2502015254
3026712838
4259838214
4261239606
4292676390
4183428886
3646557446
3646567734
3640471846
3639881766
3631493222
1481978070
1489449350
1485099398
1535418758
1518636476
1317386428
1317906620
3457005788
3339684812
3290074828
3222202060
3222201932
3230551804
3230469804
3280735140
3265014181
3267110054
3261333686
3257204902
3257348286
3257348346
3274056730
3223726346
3223595274
3227527946
3227581210
3231840058
3231756570
3299914010
3297808664
3313598760
3448025576
2378467304
2367458280
2638056424
2636024552
3172907464
3210652041
3218910602
3202122170
3057615290
3057570234
3191739306
3191215018
3191218666
3070042410
3065787694
3065847054
2527931659
2527603465
2549619469
2507692876
2491076428
2497353676
2493162420
2491982500
2496176868
2487793380
2483848932
2534313717
2517561331
2517528034
2517578978
2518615202
3592294578
3579719810
3573424258
3573420417
3304981952
3305051988
3304341284
3295948580
2222205732
2280926012
2260138252
2260114701
2260698126
2259451950
2192081134
2196275370
2166915242
2167076286
2150300350
2419780246
2419780246
2421942930
2493048707
2511897537
2544534016
2531963392
2519392768
2519458320
2519463201
2523626529
2531810529
2548567207
2490958983
2625250703
2618961551
2623147679
3705354927
3571006206
2513968974
2516088078
2281234462
2280185902
2263396397
2397614136
2666242056
2658839832
3732572968
3728313148
3728447836
3715808332
3564826831
3559833822
3559866622
2486108398
2620855790
3692510183
3705023079
3717605959
3734452743
3667201543
3667657222
3667395382
3671638310
3665334310
3124269166
3141112014
3111890126
3103369614
3099114142
3103365807
3090938605
3088808493
3107675661
2871674380
2884264237
2880094253
2947055661
2913502333
2913508573
2838011021
2838015111
2838031503
3978914959
3980012975
3980013486
3992850094
3988131582
3988078333
2914265820
2777970956
2811559180
2815747852
3074729484
3070616092
3037159996
3020030485
3020031511
3032811814
3029616738
3030173922
3032271026
3036395650
3086656642
3059389826
3059389058
3058344595
2785649377
2785600225
2786616033
2922914721
2939691169
2909343973
2896822453
3970564295
3970573510
4239011014
4240383446
4257159494
3719764302
3723758862
3755220286
3755238702
3751114014
3751244046
3751236366
3755430683
3688191787
3680335211
3676126699
3675725307
3642039803
3645142203
3628360890
1506043354
1573156314
1572992479
1573312383
1607923559
1305868135
1305760115
1280659793
1281192017
1281187920
1277056304
1147029808
1154898512
1171704384
1204223553
1180155459
1180144195
1180160835
1180160274
1180029986
1192524838
1124362278
1392797734
1376733214
1380900046
1384825230
1384809119
1384809132
1384677804
1384689836
1377345708
1362676972
1344981084
1344960780
1344956957
1374317095
329862710
329827846
402190855
360293123
343580945
351969585
1421508976
1421574385
1423475873
1427694753
1597631729
507128001
507381971
507382755
1585258082
2126263842
2126066230
2126017046
4273529366
3719864902
3703215046
3703223239
3701049237
3701055397
3705199525
3696783277
3709349869
3742965229
3743293309
1549667591
1549667591
1482112275
1557605683
1557531731
217515443
80753043
97526147
113274243
113745795
42108339
43225520
49394096
309633120
304390180
304390184
288129064
808238376
811895609
812091947
820480554
1421314618
1419086602
1568965962
3754197194
3678838858
3678855210
3687735342
3754827878
3717071350
2644116391
3717793444
3719827108
3715635892
3745258132
3745307284
3743391172
3747001604
1599513604
1607775236
1599382549
1563796517
1564318836
2099234032
2099167409
2098610353
2098622629
2102813159
4250007397
4291873316
4291881524
4290808324
4286622212
3749948932
2677207556
2677457413
2684273526
2524528998
2523411814
2519215202
2520253794
2541425522
3589956354
3573179137
3573143104
3698982848
2621148608
2637863361
2671417793
2675694035
2650655090
2650364210
2583242034
2562203938
2562208098
2562204130
2633507811
2683843249
2658673281
3597350529
3597279105
3597277573
3531213188
1379403940
1362634924
1345988684
1344943112
271257608
271057208
271065385
271082283
271176238
276352550
274501346
1347194547
1355581329
1355781504
1351267268
1939518980
1923790340
1927982596
1919658532
1915284197
1915512998
1915500718
4130081966
4129555642
1982992538
1983000734
1993483166
1989288702
1471164990
1471164934
3449872902
3449856519
3483415861
2682304821
2682554676
2683603764
2679613988
2650188324
2642320932
2621343236
2621063748
2619876068
2619880164
2489848044
2494039213
2494500030
2494442638
2495490182
2512316598
2462034102
2466089095
2456590471
2452460877
2452533773
2452271623
3005915654
2972361222
2955671094
2955443494
3026745382
3030911014
3047754854
3081375878
2544509127
2544509381
2511041013
3584620020
3563645396
4096305620
4114332052
4147816884
4131039380
3862543748
1712894340
1713275781
1730073591
1698587431
1681793831
1684811815
1684814959
1684809967
1693264125
1705908639
1705904783
2008944270
1992118923
1992094347
1996264075
1987871227
3862734185
1665049912
1631493640
3761675832
3760625192
3760625192
3777467944
3777025577
2804995371
2804995115
2771440682
2771599402
3828482318
3832944462
3765839422
3858046575
3887931239
4156295285
3082553413
3086952519
2550017106
2516464722
2499686466
3569251266
3569238722
3569337074
3585921762
3585926882
3621578083
3323786529
3323727904
3726376996
1579024404
1581129740
1597910108
226376188
234757004
213797509
482265735
481857158
486314711
1576833903
1568448813
1602200364
1597940228
1463465476
1462420993
1462437587
1395135138
1937257122
4055376290
4038590626
3501927555
3501860992
3501910976
3506088448
3497695744
3492318768
3496523040
1407754272
4071198752
3534393362
3538583570
3527065634
3594011874
2520284386
3056090338
3072993442
3031051142
3031042694
4104851079
4104746631
2963830437
2431395493
2435589797
2469149927
4062985255
4079959079
4079883271
1937645582
1946034190
1946026270
870187290
870121786
932713275
935858971
902300505
894173641
895242696
341660040
341660872
341428376
341432488
343603625
494664075
1601744266
1323877258
1319748506
1319719898
1152070522
1152021290
1152049962
3299536174
3299379511
3349719301
3467159556
3471424516
3463090368
3458891904
3458891904
3458892160
1546294144
1546319793
1547261859
1559770022
1559765414
1572348390
1572364790
1559851350
1559983367
1417338629
1417337349
1417394708
1466678036
1447025476
1447022021
1446495685
372720023
909525415
929444277
338104783
341901791
341909995
350302187
347089646
347138798
1957735142
1955638214
1955636678
1991282950
1994555662
1982235406
2116989461
2116724256
2116746016
1848277280
1848319008
1848115236
1772621868
682307636
2024419333
2028614658
2021136450
1477978594
1482369762
1490762466
1505430242
1505365698
3703178946
3434812034
3434828466
3300454817
3317232032
3350783408
2256055696
2251931536
3325737872
2251996048
2251991536
2540285792
2515054368
2498358833
2498481671
2490092054
2502543926
3609745954
3597238050
3740951922
3740951762
3737108723
3723804896
4101297392
4097088960
4097227456
4097227456
4095130304
4095011568
4095012513
4094976673
4150088627
4072538323
4072276055
4071165991
4071097391
4075305005
3777575737
3760880137
1613392395
1613326858
1613288970
1617478154
1882997326
876495310
893329590
394007778
385616098
385095778
116800530
108411970
132539586
82241218
212792979
212829827
212700803
145591937
166566609
187030064
438647328
438381088
438382112
993079072
1003514913
981527649
713075937
713074823
717269125
973322389
973256917
973256725
973257749
973274133
973274135
1045611799
1072906774
1039352407
1020347357
953242588
953242524
943798940
1010903772
1019292412
1015098092
1015032556
1015047933
2088789710
2089083598
2110046702
2101649646
1833411710
1866900558
1862708558
1862641998
1845795166
1845790767
1850181677
1850119213
1845927965
3943079950
3942965598
3909378798
3909493486
3909486254
3914664622
3920890542
3953400253
3953408156
1790195916
1788243148
1788275916
1783030860
1778766892
2063918124
2030363741
2063754326
2064782582
2069235686
2144669414
4220784354
3683913442
3633778290
3634249218
3365809666
3365875458
3432803699
3432312177
3428183488
2350043072
2350096304
2369891248
2378214368
2411768816
2395401024
3469134592
3472281392
3471693088
3471614048
3740590179
3732201570
3591651490
1443316918
1460041862
1409689730
335947906
336009346
335822259
335815333
340075172
351679204
350290444
278921740
10511884
10615317
14809655
14711334
73628182
73595142
123914242
250053634
250511362
250249298
250261586
241864914
191533266
157987025
137076976
136962160
204039280
204204128
204188384
233487008
514570928
1453951616
1458080384
1915257472
1915519632
1915663024
1936106208
1885741792
1881473681
1882459555
1882467491
1618225314
1637222566
1637158038
1669352582
1669366982
1635824654
1628546062
1899146254
892578830
875603975
875609104
873657376
872551456
872547617
872549921
877021729
1066293793
1050602305
985586113
989809792
975963264
439161984
993932448
960374433
956114595
949761702
680801958
679749254
948186758
964963974
432073142
423885206
423787958
138575318
151131478
152248086
156311318
162605846
196422422
464869652
431316244
431355164
424997148
420840204
420709128
957592408
687907816
788575656
792823993
792955032
776124552
771931272
772252824
1996861640
1963372808
1947648537
1894958634
1889721898
1889627690
1889887786
1956929834
1973698570
2146762762
2117468169
2117477384
2115382728
2115911320
1058946744
1070870184
905197241
888407707
343147419
337904058
342294698
350646446
346218686
362996174
396599566
513909774
518106122
1046984715
1046976539
2116401211
1847901499
1835833131
1827242539
1827324650
1819988650
3961008826
3826787210
1679306650
1696147882
1704602026
3818527146
4070181259
4072213896
4072174472
3526943368
3525858024
1378374376
1361781737
1890214381
1890221549
1890212325
1890240964
1882180548
1898748868
1915530564
841786636
573547532
572959748
572964117
572902694
589319974
539035430
543295286
551683846
1693587222
1693460278
1693740854
1694297878
1841162551
1838783781
1838724388
1872273684
1792602124
1783222284
1779093512
1779323944
1796102184
1762540073
1745238553
684071503
684595855
948715150
952914574
952910254
2077016239
2052051109
2051973268
1791927428
1791927360
1855886608
4026308148
3966543412
3966608932
3962281517
2888408623
2889391726
2920848110
2919799535
2790120813
2791162925
2793357340
2725208072
2725208152
2741858553
2691583215
2699971070
2700528254
2696411710
2699360830
2699356686
2690967054
2737168910
2787537415
2787508791
2943156519
2902196513
2898002273
2898002401
2901815799
3967230423
3962909847
4231478463
2094480543
1854285003
780608587
981737483
1053057033
1044705307
1040512059
772142123
637846827
638862651
655639819
622281995
629032283
770626937
766498649
770496329
636262217
594318937
594523897
594523833
594522809
577746617
577615529
577025707
572831403
572831403
589673386
1663545770
1668723114
1643557035
1639358889
1639293353
1643423436
1631387340
1613626060
1617885868
1638820781
1672378543
1655594158
1659788526
1647310046
1647181006
1647078607
1663854797
556759389
543586924
551951972
552538741
552350551
552350486
552349974
552022334
551973166
820411710
1893914911
1893980429
1893776141
400599564
384019981
518170127
1609733638
1532003878
1497412902
1498719266
1498907682
1535016962
3676745794
3659964610
3661013442
3665212050
3688219554
3682923938
3682889123
3653576849
3645249665
3648915904
3647802208
3656137248
3651939872
2074879525
2075402783
1542726414
1528049950
1258574142
1258594570
1258594570
197506506
176526810
176657914
1250858987
1250863097
1271632840
1237890504
1289276680
1283180584
69912680
69925096
69921180
86699404
124309645
124567693
107790516
103182492
102920332
389210572
355656252
340846124
351332909
351316523
351316522
351447818
334936334
309628046
310149278
306086078
305827998
310292639
847163541
863957397
826208741
808310060
812416812
812411692
820800045
820473383
812601879
812454662
276562694
274482486
298704230
328203622
1468963907
1990106177
1456911425
1448391104
1444192996
4145521316
4149651108
4283877013
4250210007
2102660727
2102669158
2111055142
2090279206
2092040470
2092040463
2095120863
2028999871
944793791
1006692575
755034249
788592777
771938440
771896456
1041433000
913506984
938676904
345117356
478163684
478162433
210774531
217200930
1289889826
1155680274
1281809427
1294373889
1243780352
1247971072
182685376
447844049
444701298
444641058
448834594
457239586
402801698
402789394
402734082
402664514
402795970
415374978
427953794
445007490
448581250
1520208577
1520212640
1519168160
3666651808
4198804132
4245133988
3171847868
3204878004
3074926228
3011688116
2978084580
2966476385
2956250723
2687327506
2687368306
2699945074
2695880914
2779672790
2800617430
4130998862
4130998862
4147780174
4146604142
1928079598
1654929627
1923425417
1927749768
844308616
306274440
306308268
314809517
315800767
307412127
309757917
1395557941
1362006548
1349423620
1349493252
1882038788
4029527572
4029658684
4033853996
3035556397
3035552318
3035319086
3177711918
3207076910
2670202890
2674536458
2678726698
2678726698
2645110826
2645034026
2645050443
2380841160
2372641224
2372579980
3454711436
3488267932
3743984300
3743984300
4281907876
4282288517
4281765063
4013065286
3992097030
3983713030
3979452934
3978355206
4011876886
3995416102
4007935782
4004252711
2796028964
2796041244
2796037196
3056086220
3074059212
2954553988
3490368132
4027067012
2957524628
2429106103
2424927398
2425910438
2442712230
2476213414
2462583938
2533952902
2233147334
2369395526
3454675206
3651807526
3651668007
3655866423
1260919813
1260990732
1227530508
1495900940
1495836476
2053680940
2062064620
2062072300
2057877756
2053684461
2049553646
2049536238
2066362606
2016023022
2020217582
4171891290
3635086043
3634894584
3366464216
3362269896
3359124104
1211791497
1224366219
1234913482
1234714826
1268338890
1251656026
1257951594
3392840558
3408569326
1260954022
1227402662
1211677102
1222154671
1503177148
1520150684
1587198092
1580915852
1580908940
3728392604
3728405500
3728253484
3710428716
4243303964
4239043084
4171934236
4172266044
4172069422
4188854830
4218179374
4196926766
4213702718
4163514430
3626639470
3639222374
3635029190
3634891202
1487465410
1487448770
1487510483
3635059136
3685400000
3404371264
3391799552
3391735568
3392757617
3661114147
3661114146
3665506082
1521104227
1537872227
1537868225
1541996993
1533560017
1529375969
1529374951
1529375077
3647532405
3635083237
3636133863
3636166230
3635960390
3371727446
3388480054
3388545830
3420077350
2346333222
2346319910
2312765718
2312696070
2314756430
2288572238
2313797599
2310782461
3384457708
3384458220
3370703764
3362262916
3358002816
3357939328
3357947792
3358730208
3355648995
1207968194
1258365250
1262678018
3397551106
3414330370
3415644178
2310322210
2344401190
2662107686
2666171911
3060433613
3060433564
3056108460
3056116140
3056132268
3073122476
3022992556
3022392492
3023440045
3036031423
2962696670
4053086174
4086572750
3549700815
3619103437
3619148492
3583817644
3571230180
2491202916
3024002356
2955906348
4079781180
4063011084
4063142668
4130243340
4131308148
4147996388
2772201125
2759715813
2767047021
2762263917
2779039055
2816861007
2791760654
2792806150
3195402022
2926896422
2926863654
2926932262
2925936958
2792751486
2792752079
4124454797
4107676556
4107733948
4107541421
4109642159
4109843870
4109848974
4121215134
3890511982
3873743142
3865355542
3874340102
3874460947
3874074912
3878199584
3844858160
3962183984
3962175776
3962176800
3832154403
3836283234
4104849890
4122614210
4156242306
3602589058
3598414210
3598406018
3547951506
3520618914
3499681699
3499876005
4036680340
4057639616
4093357760
2994251508
2990057188
2719786597
2719778341
2719778349
2719254308
2719328036
2721490220
2742461740
2809568556
2784480044
2784348973
2758802207
2909727502
2905598222
2905886062
2838777070
2872313070
2876638718
3945936350
3912378295
3916638133
3924829621
3918542261
3918533782
3900716166
1753228486
2038703302
2038702150
1569141102
1569157438
1568994570
1570745608
3718167880
3583941448
3575548744
3608711144
3608709080
3608717256
1444520920
1449059322
1451159914
3732832618
4268130602
4150691130
4117670922
4235175946
4243302666
4256938299
4277771816
4269311544
4265108024
4130873896
4131066344
4129947817
4067033257
4092199067
4041870478
4108990862
4104854414
4104723134
3567860415
3567793839
3567788773
4109115941
4109132327
4104438055
4104426533
4125137957
4112615461
4113729541
4013074436
4010977284
4010973188
3880948772
3859906596
3858808868
3858841701
3858899175
3858899362
4014080930
3988980386
1691550386
1955664626
1955600086
1960067014
1960127430
1976912326
2011154886
2010102214
2009968071
1993139599
2118967711
1046241727
1059008959
1024856495
878051759
877724079
886051821
886056685
345056857
347158025
368066056
401616392
376503048
1450294040
1459076904
1454749496
1471980040
1438155288
1421443624
3570958953
3511190250
3544747754
4064905582
4127963246
3860506734
2788862222
2923079439
2922029573
3978985989
3962213157
3962171695
3962319087
3962319022
3962308014
3966177198
4024830618
4020714138
4021563034
4022085578
3988268106
4256702474
4239990810
4239074362
3702205530
3702204619
3718969741
3718953660
3756559004
3745024652
3728258700
3728650893
4282298957
4282298943
4281106990
4285326894
4285328934
4268677926
3194903910
3194897638
3212525782
4234035399
4234080325
4242448644
4242386196
3967592756
3967592496
3962419248
3962484784
1864800256
1848019968
1849065473
1849131027
1846906919
1846861863
1846599719
1848702247
1852955943
1869733175
1869728055
1869990263
1836439927
1835391351
1835391351
1768282487
1768282487
1768282487
1768290647
1768290679
1835367926
1835367926
1835365878
1701147126
1684107702
1684369854
1692762046
1692761022
1688730333
1689778908
1706425180
1744169740
1716906252
1712710924
1712844812
1712836668
1712832813
1718993199
1735773551
1836440447
1835531103
1836448639
1836440447
1870002527
1836449119
1836449119
1836578175
1836572031
1835400703
1835399679
1835399671
1835531223
1768422359
1768291319
1768291319
1768290807
1768421847
1768421847
1768290807
1776679415
1843788279
1843788151
1843919191
1843920215
1835531735
1835527671
1868950007
1868945911
1868941815
1868941815
1877334519
1877473623
1844967703
1844964631
1836576023
1836444991
1836444991
1836440959
1836435839
1836435837
1836439933
1836439933
1844836701
1878391133
1870133597
1870134557
1870134557
1870003581
1870003575
1836440951
1868941695
1868945791
1868945791
1801845119
1810200959
1810202109
1801794044
1768370652
3899077020
3899077532
3966047161
3974436537
3970252473
3970251451
3988208315
3887938203
3868998282
3868995466
2799447434
3054833034
3056995770
3073789354
2807226298
2815684506
2794824522
3868500746
3868500746
3868500254
4160532527
4051469351
3039534115
2771056675
2805659683
2939865379
4001286962
4009675522
4009680642
4026451202
3850294530
3762279426
3762115682
3762052322
3765706209
3764658084
3789821868
3806598844
3806688956
3824547544
3790992984
3772055304
3770989832
3763117320
3758996744
3775905544
3809394232
3809409641
3792624235
3796879978
3821853546
3888971098
1700592650
1683878922
1816064026
1815535723
1815536751
1836577901
1836402157
1835353597
1768247804
1801540092
1802596852
3958454260
3942072020
3958848212
3958848212
3919919825
3920042705
3920051843
3920048002
2845996930
2847078018
2882797266
3956518594
3955339074
3955270978
3946881123
4014252131
3977760869
2887172293
3829285061
3829286821
3833417389
3833354989
3766278893
3774667645
3774142733
3856988173
3890604045
4008080413
3999682671
3995537663
3995406559
3996463534
3996201902
4025553574
3987804902
3971044079
3971087967
3968924431
3968919823
3980454159
4010014751
1862719551
1862683711
1678114903
1678049735
1677984242
1678062498
1690776226
1820542626
1820446386
1837345474
1854057410
1854121987
1783728129
1846655025
1846656033
3994271009
3994457377
3998663969
3981792739
3964937638
3960743078
3960811686
3960672678
2886930870
2916291510
2912093942
2811299365
3081831956
4155507212
4121960972
3585368844
3589657880
3573468648
3565080489
3560622763
4097428154
4095324058
4095255947
4114391497
4131233864
3862929672
3865487160
3806772776
3823548968
3789930024
3841259065
3832861563
3828629738
3828678826
3845259434
3845259454
3876730046
1699883454
1741896430
1739807486
1721981519
1721822735
1721803279
1717866814
1713672238
1730514990
1698075694
1681304606
1681304630
1681163302
1681178670
1815396398
1832337470
1765159018
1765156202
1769938922
1774000890
1807301370
3938024154
3935951496
3935878024
3935874440
3931680200
3927483868
3910841852
3894064428
3894326588
1746851135
1814023470
1815367014
1681161638
1697977782
1713833406
1718026655
1717896125
1742803901
1705079487
1688294079
1688426015
1688303119
1688266511
1684071689
1679877401
1696781625
1730596121
1734790408
1727450424
1721093417
1725234457
1725232137
1846857737
1863766041
1830187371
1748382187
1752630763
1751451579
1818564539
1827477179
1827479227
1840193179
1856978587
1857961610
1855403662
1855218382
1855234830
1867821342
1866248494
1698472238
1679339302
1679342882
1678346531
1678478371
1678478435
3825986723
3825888417
3842649249
3877256609
4007267216
2931690129
3200064177
4273413777
4273217235
3216258611
3164923443
3164907315
3164908851
2896214067
3974142003
3962603569
3994257409
3926034433
3926042627
3993152515
3993146402
3993158882
3859924450
2788509094
2808418231
2808422036
2816810684
2816817852
2779586236
2779518652
2779521788
2779522012
2762744159
2763862042
2763804730
3837578298
3848063034
3877480458
3860768778
3860768778
3860768778
3860763658
3860627466
3877404746
3846083050
3766399466
3766415850
3773613423
3765230957
3765238140
3765299548
3777493884
3782705020
3782571900
3780457468
3779400604
3779408824
3779408312
3779401144
3771014072
3838278584
3834116760
3834116760
3833707336
3850681097
3888442633
3864387851
3864420570
3864404142
3860213934
3793027246
1645543854
1666646446
1657930655
1652753055
1653670429
1655706125
1721789961
1738582793
1709222153
1684191499
1692567818
1819445518
1815252238
1815314702
1748009470
1745912046
1745989862
1745084646
1765892326
1782660450
1782791538
1782726098
1791170034
1792344547
1855721957
1855468452
1855534012
1822062220
1824235144
1824107208
1826138696
1817750281
1812769051
1812244795
1694862379
1728283691
1711505451
1711456555
1728213354
1729241966
1712526318
1718686694
1718697894
1726299062
1654987190
1655658903
1722734981
1722718597
1705946500
3836716356
3761017092
3761025316
3761037604
3760481124
3760530404
3764597412
3768648612
3785425847
3819114902
3820187718
3789614086
3764447254
3764557878
3764558110
3773283086
1642445582
1663350030
1647689998
1645625374
1647706350
1647771822
1663304110
1633947054
1642404798
1638873750
1638742678
1639849666
1623097026
1620960770
1620616962
1623764258
1623768099
1615510576
1628093440
1662958592
1646167040
1715438640
1715311712
1714748512
1714740576
1718895968
1735741941
1735733751
1685402103
1685139953
1685140464
1685140468
1710560244
1706365948
1739929208
1723284056
1656126152
3820399304
3787369099
3787242122
3774655146
3762075306
3777790890
3810821050
3810972074
1646686378
1646665898
3794215082
1650798782
1659315358
1659250110
1655061934
1655638942
1655458759
1672280519
1676520773
1634643220
1626252596
1626257204
1625921317
3773334836
3760776500
3761055028
3761120548
3760858916
3760862756
3773761060
3770486500
3770419861
1620851330
1889298818
1888245906
1343101058
1342585986
1342578818
1359093890
1930568178
848442210
848511506
848360962
311485953
307357184
303293952
305328640
322425652
1400684652
1912390892
1891421416
1891556569
1891036621
1893133903
1884747279
1343537471
1343512623
269754413
269946941
340131869
340657181
348529981
344270701
343938653
343951055
360760975
528593566
516006590
507617950
503440014
436335327
167998207
172176751
197202989
465636397
197212189
163785757
138554397
139601223
139592646
164807622
163681238
465609702
465609126
440443302
977314982
973124774
2047065526
2046998934
2046999446
2114091702
3724688102
3712106022
3704823334
2626684710
2628780326
2628858129
2360553728
2360370432
2375083776
2407571280
2407636976
2663620064
2529400032
2520880353
3590422755
4060188787
4060329010
4060265522
1644345399
1661118727
1610795271
1611057415
1611057159
1616331831
1616138295
1615097911
1614835749
1614811489
1614808929
1623199329
1619335792
1619343953
1619475011
1892105794
1892095554
1883640514
1908806370
1904693731
1938682355
1921826241
1921825216
1926011328
1917688128
1913624657
1913567351
1913629942
1713169638
1713173670
1712113062
1716028838
1724617910
1724560518
1708827842
1692050499
1820234752
1814926640
1814867232
1814881568
1814881568
1814917409
1819230497
1685013363
1692861395
1692808131
1709585345
1743206340
1726430164
1726430172
1726429916
1722104524
3869518536
3869535944
3803477721
3803476857
3803500921
3825000795
1616798027
1612591883
1881018955
1881019998
1884626926
4040440302
4036241582
4035188926
3548645518
3531933070
3264025231
3264049805
3264049820
3264045748
3263980196
3348914596
3311158436
3290188965
3290320053
3289832581
1144450247
1144188166
1143060742
1147177782
1163963174
1600171814
1600251670
1591993094
1521599286
1519502118
1518461735
1535140708
1497395684
1477493220
1476428196
4160914852
4177706388
2067900804
2059447236
4198611652
4194483780
4194479628
2652304908
2652264253
2656458029
2681603365
2515928101
2495022133
3031921943
3031950615
3031495975
2964370726
2966463526
2974858294
3004210230
3791883302
3791821862
3791821862
3791887414
1644403734
1644280855
1644280951
1644271991
1644530167
1644679159
1644644087
1611600499
1611543122
1611543122
1611538978
1625044514
3787195682
3820756082
3801881810
4070497667
4086210435
4085948033
4086021765
4057501332
4032601764
4028406501
3759971173
3761551655
3761548323
3831816227
3833061394
3849510914
3859996867
1712505027
1711456435
1845746849
1850858401
1859185313
1808853729
1771174481
1775491585
1844573953
1836081169
1831887089
1832067249
1831997585
1863451025
1867711392
1866470052
796926636
780152556
1853893176
1854958088
1722870280
1991289352
4138052360
4142171912
4134371848
4096705096
4096672460
3559789277
3563729646
4104729582
4104922350
4104939758
4104964350
4109273294
3832449226
3833506251
3845434313
3878987593
3862201305
3862270970
3862417898
3879105006
3879149798
3883218150
3891596386
3888073842
3853516035
3853427969
3840845056
3832198400
3827994368
3829042960
3980367648
4013807393
3995889955
3995873571
1847858466
1847858466
1852050786
1877282147
1874272247
1874149077
1874230981
1840709316
1841213061
1711062405
1702673573
1698467045
1697416423
1731040471
1731114231
3882788197
3891176741
3891191557
4025478917
3983404821
3984457253
3975994919
3976056359
3967141678
3961910654
3961844222
3978621166
3979366639
4017177007
3983626749
3992024575
3975249919
3975248254
2901485918
2901485918
2918264158
2817733966
2800947662
2797015503
2797011867
2796884905
2801021609
2801548985
3892150169
3848240011
3831491466
3831360906
3831299530
3830810074
3830941050
3830951978
3983908890
3983908874
3983909914
3984061738
3984028970
3916891435
3966043433
3966042428
1818558972
1818559412
1818296996
1826690724
1688278708
1739660980
1989360260
1988323973
1988143751
1455467974
1455467862
1985258790
4132737318
4141121831
3806237479
3856578343
3841889591
3841887509
3832396817
3827870753
3827868708
3828143140
3829383396
3826663844
3843376556
3846463404
3854916540
3854924732
3850857181
3985074901
3989273413
3973541127
1817275655
1817273623
1745974582
1762874678
1766030646
1799486775
1799486771
1799486835
1791098225
1782709617
1799421265
1799417173
1799486805
1765932405
1766063591
1749278183
1749274082
1766050290
1765923314
1766062546
1766062418
1807997202
1809045779
1800657203
1800665363
1800666387
1800666387
1802763537
1802624293
1785842981
1785842021
1802619255
1802623351
1802623351
1769078135
1769045503
1769043454
1769174494
1769166302
1769168798
1769308086
1769307063
1777695671
1777695729
1777859537
1773660992
1772088065
1809837313
1801448705
1801385219
1796665603
1865900402
1865683362
1685324198
1685324198
1685389750
1684345782
1692737462
3836025782
3837082303
3836181213
3886545420
3869765132
3869550092
4134330892
4130132540
4131148332
3057386028
3055420204
3059614568
3076466168
3053270488
4106165656
3586015112
3583911816
3583780491
3716425642
3435422122
3426795690
3422786778
1275321370
1275329546
1142122506
1414752526
1423076878
1442213454
1475756750
1448494038
1448436118
1448403031
1447354405
1388634148
1405378860
1397518892
1347174956
1343046248
1343079160
1343063000
1880067528
1951303881
1954982107
2005248251
1988266186
1455593674
1444082890
1444110794
1446257322
1446453930
2012619434
1907761835
1368666795
1351889597
1356079293
1413821629
1142781021
1143863311
1076672526
1080854558
1080666414
1080737030
1441435910
1470796550
1470792197
1605010036
3752428260
3732449252
3728533476
3728634180
1581125957
1581121887
2134319470
2146764074
2109476154
4257044762
4290640154
3753879882
3724388686
3715411278
3715400142
4235493855
4244537853
3187581412
3212763620
3212764128
3196015344
3196015184
3196056161
3195928359
3221027110
3220994102
3187177558
