2268948045
2239657549
2247509597
2247493357
2247559149
2247374201
2247373147
2247913755
2231132458
2231132458
3304878382
3296281886
3292153102
3292155150
1144712455
1144695815
1161477143
1195082771
3594224641
3594158145
3594162624
3593110144
1378517648
3526021776
3593163408
3593278128
3622646439
3619433894
3585878438
4036765870
4043122894
3506317646
3504815950
3500159950
3517002190
3584102634
3613409514
3608199274
3608207450
3608453386
3587485450
3566571290
3567225642
3566898991
3566906671
2631576863
2633743631
2625346829
2373623053
2235227413
3309231381
3309195537
3307094033
3311271953
3623764243
3623309603
3623219491
3614962963
3614891267
3749104899
3747071751
3749496599
3744789367
1597268863
1597403999
1568606047
1574770541
1574709097
1574708585
3705491801
3705487449
3697038553
3697075417
1565517209
1573844889
1439626937
1439553209
1431094937
3613164441
3613176249
3596461544
4133397992
4133397868
4141852029
4132742652
4151628252
4113941389
4113969807
3493212862
4034269862
4042589095
4041212334
4037022830
4054066206
3517195278
3504628751
3504729103
3496451101
3496316189
3493629725
3495724637
4031284828
4157507149
4136539727
4137592335
4143883815
3057493799
3191664935
3191697751
4265550151
4281737694
4250273263
3163950461
3163953461
2627155988
3721672724
3721668676
3623101636
3619565700
3585999748
3586016151
3585983142
3567035302
3562836902
3558642550
3560744454
3560877574
1412361734
1412361735
3559804725
3559279909
3563998261
3590210629
3619574981
3601749191
3333308871
3350151618
3354214770
3312203106
3312199138
3313312226
3447661010
3489542594
3489530306
1336607171
1302923216
1308168048
1299721184
1295526368
1329343952
238970308
238469572
242663876
251118069
114594661
122986789
1162126637
1413785903
1430632799
1430690246
1397132230
3536228318
3536752334
3536762830
3529417158
2457788886
2541674742
2550128870
2516349166
2516329710
2516332015
2514239149
2514226860
3587966716
3581674204
3581752268
3581289292
1434329404
1413296428
1547186488
1547183384
1547232520
1551609097
477740299
477667099
1566084895
1566150479
1439336399
1474201565
1465815997
3612259229
3608064909
3611992781
3578439421
3586889317
3588015909
3571242277
3562823975
3560726629
3695128695
3692971223
3697165783
3697165766
3705558482
3724500418
3648331074
3681818898
3665115446
1517759526
1517757718
1526014210
1523847446
3667723046
3667730983
3684442661
3649840741
3633085125
1489791685
1229744855
1225026294
1493597894
1493620678
1497809382
2042925158
2038730863
2038739036
2038735948
1506065604
1493481924
1476762100
1476828148
2013444852
2017634917
4169304869
4186017045
4219517956
4206928896
4198871104
4194758736
3724964032
3708170704
3692958689
3697148515
1556021795
1955857958
1955887654
1960110855
1960290567
1968613383
2002159623
1847036999
1848938693
3996422356
3995369684
3995517412
3995488996
2921734884
2926847716
2880710372
2830377680
2830443219
3098809058
3098810082
3102490338
3106675570
4213966962
4197324818
4197853186
2052467714
2077631490
1531257858
423895142
407118822
415249126
411047670
411055750
411320199
411074437
142661012
147035572
419934652
419934620
419934604
453226888
457413080
457282408
457422632
419674936
1543748360
1543944968
1548126985
1548192539
1564772171
1599390666
1582678986
3738616778
3734426106
3734430187
3734495723
3737970154
3679232490
3680281050
3688661450
3650912586
2646312298
2633688426
2625367338
2625305966
2625294031
2625291983
2625169103
2639848143
2673468045
2681922205
2682180077
2682045677
2682047597
2673657965
2675955741
2541415436
3615155213
3581825285
3564765461
3560637221
3564704549
3564836641
1415257955
1415527795
1415527619
1465801923
1182713027
1182516419
1449885907
1449898353
1458238256
1458221600
1458287392
1467540320
1429792593
1413181377
1413418691
3565095666
3572435682
3567587298
3702791650
2629072210
2377409602
2414961730
2398314963
2396090835
2261865379
2278650787
2278569891
2277513123
2269134243
2269145523
2253515219
2253631425
2262017601
2530456129
2461381205
2465575796
2465698084
2457175076
3526659109
4063542325
4063669269
4063669269
4080444727
4078359863
3776397654
1633093446
1884751814
1884698583
1884698599
1884764133
1893012469
1888760797
1888756700
1888756732
1888822237
1350902109
1371812185
1371799835
289669387
290918667
290927931
269301035
269237562
6098186
6164234
14581514
10483546
12096474
280789451
284983755
276660635
325038511
375370159
1449046526
1449039310
1451148750
1468003822
1467739630
1568402926
2105271470
2147062942
2130285710
2125051021
2125178316
1860941276
1852679660
1848419820
1847895404
3996365164
3996287852
3996369260
4000371053
4017156135
4015091750
4017321062
4025635954
4025621970
4025621970
4024573810
3991080822
3990953846
4235542294
4235669254
4244450838
3170647607
3166448148
3166534404
3166559044
3168582212
3185424964
3185548820
3219035668
3214251572
3201611316
3193218597
3191143973
3123973669
3140751143
3090091302
3090025846
3098425686
3098425430
2561415270
2561415270
2293512278
2310285510
2346002630
2303092934
2303716806
2303504326
2303246215
2303231364
2300150148
2300158352
2285478288
3363549620
3699028388
3694830516
3692996228
3692994180
3691416196
3691444932
3691441140
3611818340
3595946276
3595947285
3593917445
3593916421
3593912325
3598155861
3614871665
3572928753
4109796561
4108813523
4108686579
3051726307
3211126755
3194353254
3194287718
3195327078
3212072550
3212072574
3178524255
3178523519
3178522991
3218434431
4275535191
4275524807
4267012295
4267040983
4279627943
3977769127
3965120949
3964860293
3973236421
3989950164
4015322933
3998541109
3996442669
3996413999
4017508670
3982886682
4243459866
4239264602
4243536330
4243405274
4243397786
4244378010
4256977307
4256977883
4254385129
4254393065
4258588525
3713396605
2635595551
2635529998
2641813262
2675330830
2683711294
2684296494
2650539310
2650538278
2629636406
2629644599
2361145143
2365339447
2356950839
2354779926
2379884294
2413438726
2392405270
2392327478
2392349991
2396552487
2396585255
2404961597
2405027101
2405096719
2405097231
2405097311
2404122494
2403925486
2403888622
2395500030
2395565566
2395688310
2396702071
2396702199
2413533143
2413409175
2371598213
2371589525
2371458484
2354617764
2350489012
2350881236
2350823892
2350819636
2623450405
2648616245
2682170647
2682236183
2665340214
2388444470
2400802134
2400941430
2635731431
2642019303
2514441957
2510055157
2510055125
2245820101
2271039047
2271152663
2266962454
2266902038
2271161654
2413376822
2379748407
2375667797
2359006285
2363077828
2363010260
2631445988
2639830500
2673581548
2656804332
3189487020
3189482940
4263421069
4263437469
4263400621
4280172711
4246081703
4233506966
2094412230
2092315398
2092372742
1559503415
1558454807
1558520327
1558590981
1554908677
1286538773
1287456309
1287398964
1308125044
3346584900
3328806084
3328936140
3328936397
3328945149
3328945919
2264639198
2260308702
2260530158
2193420782
2480730346
2472374510
2472366574
2446286334
2177784775
2177330119
2177132887
2168749367
2236941623
2237600021
2237014797
2245419789
2246013500
2245838700
2229063660
2220677621
2219695061
2219826119
2219769799
2236608470
2269998966
2265802614
2249155958
2253284630
2261677334
2257506582
2257572183
2274162551
2274153831
2278346085
2271005045
2266876021
2266945653
2271145333
2236540757
2236511813
2219766469
2228155349
2513425317
2512967079
2512966823
2504842423
2232211862
2232416647
2232314247
2231791559
2231791367
2547472135
2547341079
2526373663
2528503103
2461400383
2209730351
2214448687
2180828735
2153565759
2149373567
2417817455
2417816943
2438853871
2446184695
2479739031
2479607959
2479550647
2471158967
2500584631
2500590999
2534145437
2534047181
2471193551
2479582159
2479450719
2445896255
2445901615
2438553407
2421765917
2421907741
2430296380
2446938412
2446868796
2438480188
2437434684
2437533029
2437536741
2445925367
2445926359
2445922262
2437666262
2437866935
2437932535
2437932535
2437799383
2471448519
2471451975
2479876375
2479877414
2257448230
2261642534
2278423862
2279200054
2254042422
2252989783
2252994007
2252981751
2185872887
2185840119
2185974199
2534069655
2504717726
2487938959
2487937935
2496654237
2496446397
2488055212
2504823292
2500637020
2636112140
3709788444
4252951340
4252951340
4286505273
4269720857
4269657115
2117917755
2050808858
2118109194
2118044746
2134899787
2134889675
2105491643
2113814969
2097091513
2097099481
2097099513
2095002217
2094999081
2094870077
1558015519
3705433871
3587726671
3621274959
3606791501
2533311437
2533348093
2529157805
2529026733
2526934701
2526934975
2526934447
2531059118
2531062254
2539442286
2505855086
2484949374
2485002622
2487100798
2491297134
2497650167
2644445653
2677886917
2665225557
2396796181
2390512917
2390446389
2407166247
2373609255
2356901686
2354798087
2354667271
2363092759
2375675239
2409233765
2413419637
2279136309
2279099447
2237221943
2170246183
2170516582
2170492262
2204042614
2212448246
2212419319
2195586807
2195521269
2262622165
2254233541
2266881477
2266955221
2237572599
2219745783
2228150775
2229203415
2220806613
2220610524
2216194940
2216244056
2216374024
2216307464
2149198616
2437622072
2445834552
2475219321
2475215179
2475198410
3553133514
3276571642
3272462842
2182025706
2181967915
2181967913
2186163240
2194550056
2207133468
2156492556
2156451596
2156626508
2156566221
2156631799
2160639718
2152245990
2148051686
2198584054
2450176734
2450176734
2454368094
2454386510
2454452062
2454222846
2454194158
2454259694
2454326782
2479832575
2479701503
2446079069
2446136397
2420977741
2152542285
2160930911
2160932095
2160950519
2160974071
2160974071
2160834743
2487925143
2504699269
2538254277
2521737157
3058673093
3058541652
3054283876
3054277732
3071116396
3037647869
3020317437
3158713071
3167097574
3166962406
3166963430
3033800182
3034320118
2497645766
2497588422
2497586375
2497586247
2497647685
2497645845
2220821781
2237603093
2271046951
2254237495
2256336646
2189284102
2189279558
2262614486
2258419942
2258425062
2258429159
2275273959
2245979623
2245983607
2237652759
2237423382
2237426998
2237424951
2237625719
2237551957
2245973461
2279331284
2279210452
2413354484
2371411444
2367213044
2367250388
2232057157
2236280135
2278223222
2278128934
2261579062
2261579030
2261640534
2278548599
2278421607
2244795879
2219625975
2219823061
2215563093
2219826807
2219825015
2513434487
2548033015
2547836151
2522670335
2517392543
2517453983
2535349663
2539552703
2547941119
2543210207
2543113933
2547836509
2673665917
2669471613
2636113239
2501831943
2489253127
2488978710
2489306406
2489114406
2497508918
2513421830
2513421830
2513303095
2513233447
2513235751
2538392933
2538360309
2471447764
2472236245
2471056629
2437502181
2437641461
2437641685
2420866903
2420866903
2160684663
2227793431
2240413463
2240536343
2244728631
2278151479
2270027063
2270158167
2270158711
2270152567
2269890263
2269861591
2202631895
2269675511
2269674983
2269674735
2279154927
2278110431
2244695261
2244625629
2244998620
2244865532
2227760628
2227822581
2219368437
2219442167
2219572598
2236284278
2269834518
2269801746
2253024514
2194300162
2212121874
2211011890
2210930467
2202537763
2202537767
2202623799
2211181879
2211181847
2278273351
2278265159
2244645317
2244589557
2236128996
2219351780
2483591924
2483788484
2483739332
2483744732
2634739196
3746196605
4274678909
4274715743
4132043806
4127775806
4127837438
4127966622
4127973790
4127842974
4157137598
4106896014
3566862981
3568960132
3569287844
3572774756
3497274660
3497277732
3497273364
3505842180
3518425093
3535182085
3606547973
3598156293
3594355271
3592258246
3592274422
3596407014
3595366502
3595072614
3574290518
3561683142
3570067655
3565873541
2626662277
2627577479
2640171654
2675950214
2671755974
2541732582
3053311590
3052727846
3050630694
3084185366
3059021071
3193298973
3193811292
3193959236
3188717252
4279107284
4279106276
4279130980
4267591796
4267398212
4211015685
4202561543
2055082006
2055090214
2054905894
2046517558
2029744438
1492734294
3640217951
3629654877
3696764765
3705224821
3704307317
3699977847
3699977846
3699981910
2357726934
2227703766
2245594582
2279280086
2262384086
2261265879
2261264214
2261264182
2261324078
2194215214
2190029094
2190024998
2189955366
2189952294
2190216487
2211188031
2178698591
2170408415
2170543551
2178915503
2178923695
2203950527
2203949535
2203425245
2205661533
2205678877
2205611804
2172053020
2169955865
2153145977
2153010937
2153531113
2153565611
2153569707
2153281979
2152290715
2169338251
2169469323
2202986954
2270096474
2271208506
2279466042
2279461946
2212348954
2212484126
2170518590
2237414702
2237417790
2237583126
2237570583
2248064533
2247999028
2247925364
2246872660
2246871636
2238487284
2234374756
2167224932
2167356005
2167356263
2171549798
2175613030
2175604854
2175653975
2511321157
2242885700
2381167556
2372771524
2372771572
2301607661
2301624045
2569748207
2569748206
2569747886
2573809838
2578004222
2578135286
2578147543
2579228743
2382014533
2371529477
2379918853
2413469207
2405353079
2266828390
2249985638
2252083046
2273052774
2280396902
2242844710
2242787334
2242784262
2247044102
2246843462
2246859863
2238471383
2238569695
2238569693
2238569949
2238052829
2238184413
2271738749
2271722365
2254945149
2263333241
2263198200
2254813688
2271583736
2271711228
2272763644
2272771804
2235021052
2234906364
2234865389
2233881327
2502325742
2514937070
2510810350
2644891871
2648742093
2640419021
2641541252
2641541524
2624761732
2620583621
2618523349
2635144935
2668830311
2668773158
2672962854
2677025846
2677023766
2677040151
2643520567
2643495989
2649786645
2515634772
2540014292
2540150485
2670173845
2670173879
3207052967
3207052718
3210852526
3219241134
2950936735
2943596687
2939337935
2939337933
2939348477
2803032447
2803065215
2786271615
2790396271
2809270767
2817725947
2784173531
2784041435
3035700059
3033733643
3033733642
3033602570
2496669194
2630885898
2492736010
2491757338
3566142442
3700098026
3699900843
3436708233
3424186760
3694699912
3694766472
3694897544
4229606296
4229606072
3041569417
3075312329
3054339787
3054486091
3189662314
3191743018
3204391466
3199144238
3215523887
3215458347
2645032985
2645040137
2632509448
2624186376
2620303625
2637085451
2569453070
3642140174
4212429326
4215571310
4290818414
4290945133
3183910988
3176580164
3172353364
4245951972
4279513060
4145360868
4132898789
4141287318
3604820358
3621724294
3621658822
3588100294
3586000070
3585951062
3585892198
3317493607
2243751797
2247949789
2233236959
2501760223
2422133214
2432618990
3502240494
3518882543
3523076831
3514618445
3510420060
3543953752
3544015320
3544016120
3514658024
3512695976
1432178056
1431129480
1414335880
1415397336
1415522152
1417029161
1432757817
1440954139
1440813854
1474310462
375414830
376463422
374435870
369119294
910184490
926969963
935556073
931287784
864436968
831324920
290198264
269231832
268709449
336940298
341232666
349620282
349678618
81241162
81768522
98402506
400326906
1585348826
1584305358
1580120270
1596894174
3744377518
3749096110
4294420126
4256465550
4290020254
4289761710
4270891181
3218137260
2755715300
2751520212
2752698852
2752699236
3826436644
3849505300
3881028101
3880840711
3875595782
3879855366
3879981158
3804348646
2744239334
2748570839
2798909573
2789300420
2785102276
2801958644
2806146596
2912052772
3166065172
3164952068
3165415189
3169608995
4230796323
4231774243
4246392835
4178239491
4178305347
2102358337
2102284609
2102264133
2086535493
2086011221
2084896893
1027617903
1027685467
1036196955
1036209483
886427481
886363993
888451913
888439625
880050523
880119899
926327035
909550843
909571327
907468031
907302078
924071102
928325806
930558382
872350366
922682014
918426302
1455301294
1388257983
1388131023
313266701
312749597
316944185
333916441
292026633
359108459
1970771819
1953862633
1951437785
1951437785
4115698235
4111499818
4147151406
4281442878
4281524750
4013056526
2942493230
2946944298
2946811947
2881259625
2881272008
2883431624
3139412168
3104694664
3087950776
2887648169
2904425387
2910782890
4025814506
4273282298
4273415370
4290060362
4292157514
3721732426
3704756090
3703707258
3703592938
3703625722
3699439562
3720590795
3721565577
2681638808
2681704424
2673188588
3172312700
3172246044
3174412828
3174494828
3179209325
3179274990
3212629478
2927412454
2927412470
2952778950
3221157190
3179210566
3179144727
3174852407
3174840111
3174897006
3212643374
3220637759
4290185279
4290124125
4292296141
4258341316
1498493380
1481838748
1481834652
1480593565
1480615141
1480648741
415279157
427866133
445888781
519223053
511091213
1580106253
1579860619
1579861930
1583924650
1592325290
1571319982
1558724814
1147813902
1416515854
1417604646
1425992230
1421650722
1438498562
1458476354
1450082755
1445822851
1445953921
3593393044
3598644132
3621253028
4120177636
3029658596
3033837389
3042422607
3042158159
3042027102
3210065439
2941763119
2941624109
2942095149
2942105468
2808013508
2807984788
2803438269
2803368621
2770076335
2769027502
2756513966
2765364462
2912167966
3182700558
3216271375
3082119181
2545313804
2549504268
2541096732
2541160220
2547463996
2543260460
2543260652
2543588268
2543596461
2281440174
2406221230
2271481262
2271480238
2234259966
3307739166
3291163662
1143612430
1105862670
1101783117
1403551884
1386783880
1379435656
1378452632
304780440
841916824
841917400
858096216
858096153
824623625
807821851
807544635
270675259
1357003066
1352862010
1420905786
1420877067
1418777611
1150337035
1299431435
1328731451
1311958831
1311957614
1182163710
1190552270
1203192710
1206206870
1173275063
1174337023
1442753901
1438428972
1438428716
1476175416
1448908345
1444708907
1444447018
1578746154
1578946666
1581011050
2134638842
2113536202
2109365385
1570696088
1570695848
1570565016
1440541064
1463612552
1430016137
1412715001
1412826091
1425150697
1420960489
1418732267
1422926523
1414543259
1409302523
1342193114
1347554762
282201546
294788555
330511835
330577081
316956825
308568216
304468376
308773864
308773416
326075928
288329240
858565161
858564907
841787451
841782282
1915650058
1915125963
1999028363
1965478303
1948672685
4101399277
4105660141
4105465581
4122275551
4136939103
3063201643
3066341227
3057956731
3054277466
3072295758
3021914974
3023983214
3028165230
3028166254
4110237311
4109646639
4042538301
4059304989
4092923917
4084666381
4093071389
4057919709
4056802461
1909226637
1942768031
1917602751
1917209279
1917222591
1917248189
1648877997
1660215423
585408573
585408573
572841993
573333529
590286905
808325161
808328249
812518169
883837499
901696042
1052547786
1051508362
1051505546
2116845706
2116976778
2083426698
2083435418
2087629487
2096035567
1958506213
1962684149
1968973765
4145882581
4133311717
4133311717
4141727989
4158111877
4124500101
4107719047
1960264375
1423250085
1423192743
1414800047
4099155631
4099352238
4107691966
4109753854
4105211199
4120939807
4158699277
3596658445
3592925709
3592868365
3592831773
4133880109
4142334255
4154930415
4122422415
1979006105
1962228921
1433681321
1433743785
491860361
1028661705
1028653321
1030750523
1022393659
1022421291
1022404971
1028696555
1062316443
1044615563
1044550539
1044611995
2118222763
2134942575
2101389102
2102504230
1966336822
1966222102
1969363766
1902516519
1911949605
1945572405
1941245957
1943080967
1934676247
1933619510
1895867254
1900065534
1883276958
4031024798
4026829470
4027026078
4026944151
4026936053
4031130469
4040632612
4120197412
4153810004
1723207684
1728008197
1717424149
1717350501
1716297831
1716301869
642547737
638369817
655299672
604906969
739124841
743319145
1016988393
1016922843
1018954315
883164427
346293259
132531209
132576265
115795209
107406601
107382537
124159947
125207259
91521707
74764970
73691882
73667194
74847546
91624747
125181995
125100043
108298251
117276747
116228571
133071259
99518347
82753163
74363529
70038201
338481896
338465320
343719209
905881641
922134571
922003499
845978634
841777162
841908426
841912522
841928906
573501611
539894185
539959977
552410793
547687145
547687145
548674297
548678347
565456843
871825547
872288651
872288667
832442811
831405995
818162603
281291691
281037753
272752521
272737163
273916559
290628351
290628334
299082542
833859886
833728558
837854255
274787389
270662665
270695433
270670857
270667017
271993611
282479583
278186942
294422958
311205006
314933390
308183174
306090183
1378792407
1382458087
1407689447
1442292455
1962260118
1960101798
4098159022
4098154990
4098122091
4099290891
4109766411
4109634329
4108594025
1961175657
1952783321
1952718729
1953760649
1970536857
2146517241
1588777196
1588760620
1588764677
3740311813
1584440117
1584456486
1584919078
1601581862
1601573166
1501495598
1484526906
1484531978
1216162059
1214200077
1289689372
1289607444
1291617540
1560052036
3698099140
3731784324
3735978628
3735978673
3601760930
3601838754
3597464226
3611042466
4097581730
4097713078
4097715374
4110162094
4121692351
4138612878
4138608782
1457938574
1457836494
1457816410
1457832747
1458860843
1173825321
1173760808
1198926632
1182234920
1182752025
1316962317
242073613
225411087
208568335
1281790030
1281791310
1546553726
1546619390
1550826479
1432660911
1474604719
1466200733
1467224717
1463095996
1448489644
1381376933
1389568421
1926303921
1928339601
1390469207
316710919
333488135
291550214
1344378902
1361164310
1898166326
4079139118
4083391790
4084305711
4057173519
4042429967
4042446349
4042413629
4117771821
4130611757
4063502893
4063502637
4067692589
4076077287
4070375575
4053668998
1352561798
1356778886
1348325006
1344064190
1348230894
1350514270
1358831902
1370300462
1370759210
1370759211
1402736665
1100743720
1099713832
1138084136
1108842792
1178057160
1178443144
1177322888
103596424
120324505
73733049
73806747
82190762
82190826
82059566
82059550
90464570
90481962
124036138
124167179
124171273
104235017
104825161
104630248
97836776
76865257
75767401
80950799
72495630
202518798
204611886
208855086
1291231246
1336312839
1319536711
1185909191
1190107575
1450162615
3597447094
3593253278
3593245118
3594358974
2520690926
2522800366
3067994214
3063735335
3080580133
3080715316
3084897556
3078475540
2503788052
2503956020
2487120421
2489198117
2489268022
2497453430
2509769070
2509773294
2543393262
2530810334
2522570574
2539388750
2547688782
2547688782
2547625087
2505874543
2501675246
2501872094
2489245663
2489221023
2506047423
2501654463
2501653933
2501710764
3565097900
4103541420
4103549596
4103467652
4107583172
4101282308
4096043788
1965337356
1998956812
1982250252
4129719300
4130766852
4131307557
4145869159
4095500647
3023971894
3028163094
3035499030
3031239222
2493791030
2443454742
2477075718
2528579846
2528449334
2260021798
2259956518
2192840486
2197030182
2197572663
2187156487
2187230215
2187209751
2182884391
2182945847
2201880838
2151549766
2164136518
2159943238
2159836790
2159869671
2158796519
2162990821
2162988773
2154607333
2154607276
2154623676
2172482232
2168402616
2155819448
2155754664
3229559016
3222612008
3222607912
3292518409
3342841865
3325929737
3325863689
3337388552
2259583496
2259583500
2259321421
2276110935
2242638439
2246849123
2364286946
2382118118
2415660262
2394896630
2394766582
2415661270
2372669646
2356089295
2356031689
3429511256
3429572728
1143480344
1144527944
1144551624
70838728
68725192
54430089
37653899
24022410
7177626
7131627
7139819
8184173
6185261
6185269
6185221
6210883
33464258
40811474
1114479506
1177329538
1181517714
3605889458
3601699298
2528949094
2528949031
2528944933
2524767020
2503305004
2507548204
2499151404
2493910572
2493844029
2427722303
2432441950
2155616126
2172465534
2180919423
2449428569
2449461320
2440868936
2436675672
2434566392
2467142344
3004021384
2987178632
2987230856
2987315851
2992517802
3000902058
3015585966
3019636910
4057739454
4040958094
3503693966
3499499721
3505853496
3496217608
1344563464
1075866376
1076324872
6700555
15601354
12191626
12191162
31343786
6156462
1144840286
71147526
70230022
70234134
74224678
86807590
1177078838
1177177414
1189763014
1185563383
1185612453
1185424044
1185424380
1185882376
1207828744
120980792
85204776
68168232
68184617
67164683
71356235
80776650
1150584218
1157009802
1207349646
3328356750
3328353246
3336745822
2262926118
2259993382
2259969830
2264147759
2264213295
2281142063
2276902687
2677968221
2677906941
2682031597
2680980717
2672595165
2656022733
2651762889
2669342829
2635752557
2621058173
2621061485
3692702573
4242222693
4170786309
4170790405
3635955205
3636315653
3657272935
3745312355
3725979363
3726014083
3726009219
3726001025
3738583445
3603251623
3603180967
3049548198
2487511470
2496063854
2426325806
2428487438
2428289806
2427249183
2448188207
2490180461
2490242541
2489716204
2633370028
2623347164
2618825036
3742919940
3726241029
3732597815
3732597794
3732536370
3661163522
3459802114
3474596866
3443139650
3438945734
3300787862
2227047079
2243693220
2208045732
2191289004
2189221788
2185004364
2184085772
2167333132
2162614589
2162614319
3236885542
3229435174
3229369830
3226994599
3227195271
3227137925
3222941127
3223006419
3290130627
3290146882
3290208582
3579677526
3600727558
3602296326
2529080838
2529133063
2532082213
3057426981
3057443364
3057394220
3023974952
3022926568
3035496936
3031173353
2964064507
2964068602
2423023690
2436754442
2470359306
3556676362
3552486347
3552485881
2478154985
2469714155
2469660911
2467694670
2199267598
2165712654
2174100030
2174038574
2442424878
2511663973
2511643124
2276754612
2273086640
3460138160
3460272304
3325489280
3342233732
3308658885
3291883205
1148598887
1421163111
1418996455
3583273687
3331649423
3331629199
3338109071
2251587759
2201059815
2167572309
2151081477
2163697172
2163483172
2163483180
2171871788
2213950264
2209743161
2478703785
3533441195
3537651883
3255093435
3255093387
1107742859
1124524171
1092018571
1362539337
1349952041
3496455721
3496258089
3513035289
3554982409
3534134795
3601236491
3601252938
3606316010
3614704106
3692311018
3692437550
3696634926
3696634126
3696371982
3436275982
3436574991
3466055439
3466577677
2325709588
2328724340
2328687140
2345460260
2295128608
2295095840
2307813920
2407928369
2407925265
2411925297
2260733281
2260732257
2260801777
2260891841
2262228160
2262160624
2262095072
2197083621
2205472229
2169823229
2165832573
2169928573
2169907581
2169907517
2169968957
2203524445
2211853647
2212439375
2212262398
2212287982
2178729454
2178719230
2178792830
2178792830
2180889942
2172632407
2206185943
2204088791
2206203381
2206201333
2206127093
2172572375
2166346399
2166223806
2166223806
2168960446
2177349790
2168826014
2168776862
2164643998
2198227086
2182512015
2186699663
3533054879
3532927407
3553898927
3513779119
3509797743
3491947311
3491882763
3491818763
1361111307
3508660491
3508984075
3510012169
3514223369
3522682440
3499377372
3499115260
3498201852
2157081117
2157081113
2161140266
2161143594
2169530666
2203117610
2185414778
2181482955
2186790603
2203341385
2180256265
2163479067
2163554091
2163550250
2180261930
2214008875
2192966667
2193489931
2193543245
2193477677
2197590381
2213327719
2171383651
2171404130
2172510050
2206129506
2206129650
2256450706
2264835202
2281549955
2281476535
2281477045
2239541940
2239541940
2503784148
2486998540
2487135757
2487151119
2487118399
2485004846
2484996670
2539540230
2547970310
2527055942
2526838999
2526839015
2526840037
2539429093
2535439317
2518612673
2518580929
2518562499
2520658674
2549953506
2545692898
2512146658
2495370470
2495478981
2499803332
2491283652
2352872388
2352970452
2621319828
2638112404
2642310069
2683818407
3216036006
3216019622
3203437798
3211828534
3205541639
3205605895
3205605893
3205671429
3205692199
3209878822
3084009574
3052732662
3053126102
3036283798
3036288742
3031965415
3031972455
2498243191
2489854535
2490068807
2490294599
2516570199
2512240753
2547893361
2539519089
2518677840
2517564160
2517527297
2518576705
2518579011
2665365874
3197747302
3216556134
3216560358
3149460726
2583227614
2570616031
2553886927
2553948301
3090819485
3090815933
3103395516
3099145916
3099091612
3183272860
3218383357
3209995637
3205539605
3205604869
3071387141
3071472133
3075658277
3084046637
3046522925
3046457389
3036480541
3028159497
3026074441
2489264731
2484877931
2484877035
3025933003
3084325514
4153807242
4136849595
4136681643
3062946987
2530257067
2516625563
2516642187
2517692042
2534503114
2501263882
2432090666
2426847530
2427232298
2427233326
2427229197
2443611148
2506526476
2502336004
2636570196
2671146740
2671142580
3191240631
3203913126
3199519910
3199255718
3220223142
3211894983
2937238343
2937168389
2937102868
2920342069
2920474405
2924633127
2952203303
3169585190
3161131031
3169466375
3169463063
3165204015
3165140527
2646086255
2511885007
2545472143
2549662358
2541258662
2507704743
2503772325
2503973013
2436823173
2436788101
2436769477
2436768453
2436768343
2432578086
2427257126
2443969574
2443988006
2444032022
2280503303
2255403013
2183830789
2183824901
2452259397
2456466117
2540413607
2548605607
3085744046
3078409646
3074279679
2503919711
2503931917
2487184653
2486576653
2486575629
2507543047
2515931686
2511606054
2545161254
2677300338
2677397571
2681658435
2507590977
2235488065
2441007809
2474562181
2482893479
2482823847
2986141606
2986147238
2977750183
2961169557
2956909701
2420014213
2436247493
2436247109
2436244999
2482385446
2477077026
2443452706
2443452450
2494312466
2225888275
2221721649
2217723953
2234440001
2200629185
2183833281
2456532609
2457645747
2466100147
2466231729
2482937077
2440924277
2436683813
2419386661
2436116021
2470323719
2470326790
2545812022
2545746214
2679898214
2645054566
2645052535
2565360711
2351693125
2368370501
2402968263
2675634887
2675893911
2684135078
2684136878
3210524846
3176970397
3041765517
3037702284
2500832716
2501834316
2468233732
2470314501
3010331175
2980905574
2980844002
2963820707
2963820723
2426983555
2422785411
2418661267
2418728851
2418997187
2418992961
4029605121
4029670401
4033733648
4033704996
4117582884
4117722132
4151194884
3597546756
3605923604
3605989236
3601597284
3551269229
3517719919
3522979326
3506267614
3506271710
1416058334
1416090078
1432867294
1432703070
1361399886
1361530958
1361473630
1428583551
1433892223
1442182621
1442183132
1442174668
1474811596
1474688605
1449964381
1466741565
1466807599
1399698479
1936702511
1919859774
1928311838
1929359382
1920962614
1916256351
1916227677
4061606141
4044829164
4028045228
4040625836
1889471148
1352605341
1351892621
1353983631
3505678223
3227833599
3244740863
3278295261
3278303709
3530027357
3530011421
1390916413
1458549567
1458419502
1458356014
1995222314
1986903354
1982700826
4130196794
4264547642
4264554618
4147114234
4280565946
4252238010
4252242106
4260770218
4237698734
4237700781
4187303593
4256447193
3715382793
3710197001
3743835145
3743867928
1567617304
1576841688
1560066008
2094835640
2094835384
2111353788
2145186281
1467904234
1451098170
1462632506
1428553786
1411716138
343158058
343222826
351738379
351620619
351588043
343705227
75334537
1164882329
1198436765
1206813597
1202623388
1202647980
1206839276
1197860716
3613703980
3609574692
3613762836
3622286597
4159018247
4159025942
4150632998
4147094118
3056505574
3057549959
2990195335
2720618149
2720824740
2804705700
2758568420
2762430820
2762364700
2762371853
2762269454
2779046190
3085201446
3072672806
3073248310
3040742454
3040744487
3032379445
3031326741
3032375557
4106084623
4126994766
4112369130
3877555370
3860778154
3860777098
3862317194
3995359370
3995359690
3995425259
4011945707
3990975195
3970036473
3970036473
3969958488
3969958424
4243677740
4168311084
4181163044
4219423780
4219161653
4227552279
3959124046
3958104142
1877598702
1768539114
1803404026
3948729306
3914657610
3980683546
4228069723
4228061659
4229241739
4099215003
4122804890
1437532826
1437532810
1420767902
1421616046
1157373999
1147936815
1143743497
1143827465
86960136
120494344
86412040
91065096
99387752
216841704
1291097512
1281855896
1294369160
1327927692
1333186956
1316377004
3469926884
3469861348
3734238199
3734209526
3755049974
3620771750
3620775846
3586172326
3611407766
4144141718
4145190294
4147285150
4063399326
4063408094
4083336910
4083271247
4083180063
4045414975
4049609261
4041220397
4041474095
4104388655
4121755707
4054725643
3551407115
3551407115
3547167033
1396557849
1396492297
1396481097
1396479049
1363001353
274649097
274616331
274599999
274665775
274538797
273617465
273548809
290340361
315506185
382680649
516705995
245157578
245153178
247246250
519869610
1601732778
1467650218
1467654586
1442488731
1436193176
1977188776
1967694248
1963827624
1997447608
4128159112
3590768072
3523677208
3523479608
3523225640
3528468776
2477928232
2243306024
2225406521
2359558698
2360082986
2360132330
2360115626
2364309690
2355728570
2351543482
2351551674
2351619214
2352643471
3426381453
3292163660
3341446684
3328929292
3337186828
3337348676
3337279300
3337278932
2272970212
2237251812
2220617772
2220871709
2245836829
2277261375
2193379370
2192531754
2259641642
2259442986
2281491946
2273102234
2273163658
2235412362
2233448331
2233382859
2233115403
2233180427
2236196153
2237248825
2539320632
2539287848
2539263272
2474508584
2482962744
2478588201
2442936681
2442973547
2442973546
2447167962
2438780410
2438845946
2438976986
2438911434
2438887371
2472437721
2472507353
2472114008
2472245208
2471196040
2437440905
2420667801
2429113787
2429515707
3503238843
3495243434
3491051194
3507820187
3541435275
3524407693
1376920015
1458774287
1453417277
1457812269
1457812265
1466725689
1432714520
1164437512
1164371976
1442244937
1570196427
1606700986
1606710954
1598321386
1296561130
1280734074
3428213114
3428278618
1289184730
1289092474
1287970154
3699690858
3699410287
3716194621
3720847641
3747000601
3608580152
3591869496
3591760952
3596478489
3621611579
3550362923
2446202667
2160920170
2152465003
2152466011
2160920153
2177703757
2207070540
2194487644
2194480444
2194480428
2194627885
2190456637
2190320429
2207031855
2190250543
2194440807
2262598391
2254213815
2384303774
2654975902
2654732222
2671475630
2621062046
2621062030
2625252750
2629772734
2629575098
3703316698
3703316490
3724288011
3313246490
3312725274
3308595466
3291969802
2235353370
2239531274
2243725578
2277476170
2260632522
2260644810
2260513259
2260505003
2273104363
2268863978
2233350526
2233350462
2237016382
2245406015
2245274943
2278831901
2281441036
2214397708
2214362908
2214387517
2180829031
2180811110
2181011814
2172632038
2172500983
2206055111
2206063301
2189294276
2189032260
2205776724
2203793780
2178627941
2161785189
2161802599
2161835511
2163867094
2230891990
2239535030
2239534526
2239602095
2239609023
2239740061
2239740045
2239690956
2239641932
2235443517
2235444029
2273193791
2281584190
2277385790
2277254958
2277259054
2247888174
2246887551
2171455565
2171451852
2171452364
2204998348
2204998364
2205154045
2205154031
2238708463
2238675822
2238675302
2272262518
2272263255
2281684167
2281551047
2281551327
2281543166
2239733694
2239741598
2239740599
2235431607
2235399095
2235530197
2239633877
2239637845
2248026389
2247960837
2247965957
2248029461
2281333045
2281234725
2247676199
2246607335
2246607335
2229897111
2221514391
2221521591
2217343735
2217294551
2234137157
2267691845
2204773701
2196382725
2192121909
2259161197
2259206381
2280161517
2280175001
2272042425
2238486953
2234358699
2268969915
2267003786
2265952202
2265378778
2265345898
2269521258
2270569834
2281057594
2281454874
2281508106
2280590619
2179743514
2179481562
2179487130
2179514778
2179576251
2154340521
2154332344
2154659996
2150466956
2150079884
2418514764
2435226380
2468784908
2452007180
2519115789
2523304991
3060187182
3055960126
3190177886
3177595390
3169211118
3166131950
3166011114
3165941499
2650042073
2675732169
2658951161
2524921320
2524921337
2524921177
2550078745
2516452637
2495492381
2230198543
2230264142
2225697118
2226701294
2226702254
2226708398
2230909934
2234304990
2234370511
2234448335
2402184655
2402168143
2406365006
2382242686
2382308334
2382111726
2382132078
2650587502
2650575199
2684133853
2684134908
2684201324
2675935356
2671741004
2671741132
3745409164
4248709276
4248708252
4248178861
4233494957
3704750509
3700503477
3700437684
1576022764
1576010316
1441822284
1471212040
1604368904
1336015400
1197538089
1193368362
1159857946
1143099658
1143128334
1143046430
1148224806
1425059110
1420863794
1420933122
1436977154
3601763330
3740173506
3727601858
3660493011
3660468467
3660460259
3661047266
4201980518
3149144614
2612277798
2612278814
2612798990
2608609806
2338081550
2303584526
2307697423
2307762959
2576332109
2609877196
2610462972
2616755436
2603123884
2603125932
2569985444
2553212901
2553178087
2554210294
2623092726
2631410678
2631411366
2493130423
2493187733
2499282828
2507675020
2537034892
2251900076
2251965865
2251970393
2536400395
3245157899
3236703755
3231985161
3232177688
3236316968
2221392232
2238038104
2236993608
2236915720
2220139832
2228596523
2228726314
2247621162
2264911370
2256424778
2189296122
2187133098
3529056426
3537510554
3550097561
3522900408
3497551288
3493385624
3493631368
3493705096
3493767161
3514732091
3522596366
2447875598
2447683102
2481778207
2212949519
2263776799
2263748143
2263811886
2264663334
2264675622
2260467750
2275344622
2174693822
2176639423
2180813213
2180287876
2204404100
2200279172
2183510484
2183575860
2183588116
2183540484
2200315652
2180391428
2159416868
2226591269
2226392613
2225868325
2246837853
2239513087
2373972143
2382357679
2382228670
2382219422
2372782222
2368051358
2368182750
2302064990
2304158990
2312545551
2312545613
2312414589
2345989629
2337654269
2335641085
2335509869
2316647213
2317232943
2337156927
2307796751
2307730703
2290953551
2290879871
2291943663
2296137967
2289322495
2306165118
2302050078
2299979294
2304172558
2311496478
2312610142
2312937582
2312929518
2373485823
2368244939
2401933513
2401937608
2403003272
2386225800
2390649480
2405314184
2279478968
2245265064
2245264296
2228224424
2228450536
2230350889
2220889149
2237670415
2271421774
2271355854
2263229342
2263222190
2263172526
2272544174
2268382655
3308573069
3224740300
3224609548
3223822860
3223695900
3223695932
3223826233
3227958075
2162596106
2213447946
2197719306
2195556666
2195513211
2191324105
2191184585
2191184568
2260456104
2264457901
2279137957
2237462181
2237456289
2236931553
2236733795
2234738963
2268212998
2402430726
2406622982
2415010054
2411147494
2410938534
2411462830
2380793023
2355631241
2352555145
2352639368
2218421128
2218453704
2222713416
2231167544
2246881064
2255271705
2263253769
2259059467
2192016158
2191569198
2191581486
2195778862
2187643183
2200357177
2201409801
2268522761
2239032585
2222843161
2231280409
2499715611
2627646074
2630648554
2621997994
2638791850
2634602667
2634799275
2635753721
2618976457
2625268169
2632609353
2628448841
2645279323
2645082859
2682831595
2407027451
2388222687
2388222719
2388342637
2415598893
2415466557
2414352445
2414610495
2414811167
2248026126
2248027406
2247963934
2247886142
2247886142
2247886142
2247902527
2247902581
2239547380
2238501828
2238485444
2221773700
2221912500
2221391268
2222308260
2239077348
2237504244
2266929732
2250160644
2518592004
2520688132
2537464341
3044971111
3044770407
2700646118
2692259558
2691206882
2703788774
2737347318
2737568502
2737699575
2737634293
2737633749
2716719573
2783795669
2783926645
2783869301
2775476597
2758699381
2783275349
2783271285
2716158325
2749716852
2749856084
2749786437
2749885781
2750736757
2749684071
2750204263
2750269814
2708462454
2708470614
2704144982
2737699446
2737699671
2704112599
2708298197
2716686805
2750372212
2750364020
2750364020
2750364020
2750359860
2750232885
3018660149
2985105717
2985113717
2985244757
2444179575
2444040311
2444040311
2544835799
2544860359
2280619207
2280520855
2414665143
2414730679
2406472087
2405955991
2372368791
2368092631
2369141077
2373331223
2371234071
2379688198
2379558678
2379558198
2280918310
2280918054
2280393846
2280410358
2280447190
2179767510
2213387462
2204997830
2205137367
2205137399
2205153783
2272262999
2272197463
2272164693
2238611317
2247061348
2247912820
2247916884
2246891860
2238499157
2238466933
2238536567
2238593830
2238589478
2238593846
2280618294
2280521078
2280453590
2280427926
2414645662
2406322590
2406322590
2406454430
2406464666
2368207034
2368207035
2217146461
2216884493
2217928972
2247274252
2243142156
2276499980
2274423356
2263925292
2255767085
2201292327
2200836902
2171481382
2180852774
2180848694
2176785430
2159819798
2164006166
2164001143
2154563926
2171427158
2238568918
2272262358
2281634998
2281684158
2281483422
2281477534
2239600023
2234498951
2218262407
2218131349
2216165309
2232870828
2231822300
2269573069
2270621645
2279009677
2279058845
2270543279
2270465967
2270465499
2270534987
2272709915
2272722235
2238145851
2271699257
2280022297
2259054873
2258981177
2259960809
2396278697
2387921833
2400570281
2367150985
2350317513
2354505673
2362831817
2631259001
2622870315
2639586091
2639585578
2672159786
2672289834
2404898858
2404894779
2400704523
2237062155
2245411593
2241217032
2241249852
2375410284
2358567532
2379535084
2382119916
2407318460
2406470285
2402210446
2402120366
2402047918
2636926126
2620218558
2625535134
2623433870
2371759246
2380211406
2396988874
3328058842
3330164090
2252227706
3342847082
3246194010
3237800395
3235703240
3252486024
3286038424
3260872120
2183053737
2183053805
2183053631
2206179630
2482807086
2175575343
2175591455
2158809119
2162443559
2155218215
2155220966
2153131702
2161518246
2161390246
2169770926
2203320719
2186682764
2186706376
2183448840
2183973176
2200742200
2200742664
2205068040
2192487944
2192491017
2192261675
2210005546
2176332586
2163999530
2164002094
2231179646
2231326814
2231236814
2247994831
2273293709
2272953741
2272957324
2271982220
2271777468
2255001261
2250891179
2250931194
2250910042
2267686970
2234132542
2221549630
2230987790
2226790667
2226725195
2243449307
2243478447
2281473967
2272038830
2267929590
2269109111
2269051703
2273209631
2281581839
2281514271
2281451837
2381070845
2381038013
2380956093
2381223357
2381090237
2372176317
2367723933
2367855053
2367864141
2367857935
2368922895
2368939279
2366779195
2379361067
2375170859
2407602985
2408849209
2408842521
2408841497
2409038649
2274702121
2276733737
2247903017
2247936809
2238499193
2238548349
2238552429
2272247661
2272247549
2272247503
2272116431
2272042750
2272123630
2271869678
2238307182
2238437758
2238445918
2247096655
2248142159
2248011103
2239625183
2239617022
2172509630
2206064062
2206062750
2205145278
2188368046
2255419582
2255386767
2255366287
2273257615
2273262045
2239699261
2238065439
2355505951
2363895583
2363961151
2364358455
2365333303
2315042615
2312941367
2346233637
2329460581
2329446772
2331609172
2598996052
3731458164
3727263844
4264532068
2116982884
1982773364
640596052
640612548
657381573
623892885
627956149
627956149
627956151
627956151
627964407
627964407
636353015
636321278
770522622
770522551
745356727
745348023
678239159
677714615
685841079
681646775
681654967
950090485
951070293
951070277
948973121
433073669
457194325
457185653
457202037
457275767
457406839
457308535
457308663
532807062
490839446
356629942
356629942
356629943
289521047
289521047
272759191
273938583
273840599
284322261
283277781
283331957
274943829
291966935
291856343
292380631
325869047
325941735
325975415
57670999
24116550
32374550
32292662
1131191590
1131256118
3270498582
3266312470
3266279702
2192522518
2192523046
2192449318
2210271014
2210221862
2180796199
2247938039
2372721119
2305595901
2305137149
2305276413
2305276253
2305145181
2305669471
2305404407
2302389751
2302389687
2400955815
2400958645
2384177284
2256119940
2256119936
2255157424
2171259056
2154450096
2154433776
2154708448
2150448608
2149847008
3223783056
3245749888
3249956481
3549750915
1402265250
1389661858
1377077926
1377209238
1378269510
1377937414
1444997126
1444964367
1444949005
1428307260
1549940268
2091017772
2092070460
3633366556
3633380893
3632310813
3636505143
3653351990
3653499430
3678616166
3678609142
3678609382
3678602406
3645047974
1560347798
1560294534
1560292486
1430334598
1472298134
394362006
327252118
332429718
324032918
22109662
20086223
24278477
24532428
23940572
57200636
325700604
292158428
292153820
300476765
300526943
300596574
1097514038
1093598262
1093532982
3241016598
3240492854
3244678711
3248999971
2175256098
2209863186
2209731858
2209733922
2209664034
2213857314
2272118818
2272184578
2272189186
2238607171
2280599251
2281451187
2247909281
2238992289
2171915681
2171903409
2171702705
2170731921
2204282257
2187504785
2455874752
3529550864
3525356596
3525360677
1914936357
1914870837
1914895413
1914895421
1629674781
1617088269
552062669
552062685
1626722301
1893064700
1901395316
1935473716
1935440948
2004773924
2004757860
2012102132
1978603476
2095518356
2095518357
1559691959
1555104438
1555052262
1555050210
1555066594
1559292498
2085678914
2081468230
2098378054
2131920198
2115142918
2115229462
2115010358
2115005991
2119183911
2136024677
2144499429
2139309989
2004895125
4156609687
4139836599
1984160918
1984094342
1984098438
1933758646
1398231270
1366643942
1366629751
1365580119
1365588341
1365719909
1399200373
1399262933
1399150277
308404935
317846087
334606919
1408602935
1374983459
1365546019
1345109027
1345109043
1345297425
3509500945
3513696017
3551452673
3534671361
3601845779
3605919538
2523686258
2536251506
2535796834
2506495330
2498102627
3567652723
3567734337
3584359937
3581208081
3576997393
3577194257
3577652995
3615395074
3615394834
3598681138
4135384167
4131185767
4131185767
4133467501
4158031724
4158033500
4149595724
4111789901
4112311757
4112410077
4112414189
4116596071
4127016935
4127018999
4106055381
4106185429
4106189767
4127018951
4118617479
4147983751
3611108535
4151649699
4160189859
4122433507
4105652211
4105557953
4243645889
3698385985
3698386001
3711001713
3744543841
3727900003
3727892067
3757182562
3719499378
3719503426
3702599234
3434163778
2381413891
2414992951
2394021413
2394005269
2259812101
2280717575
2280709175
2238798887
2238780711
2238711591
2247165479
2247298599
2247196213
2240834325
2274421013
2278619204
2279079060
2279079316
2273267108
2407336356
2373781940
2357004709
2352945575
2289441638
2288139046
3357753110
3357552390
3357552390
3357599494
3358631174
3360989446
3380973894
3415183750
3398411655
3398085765
2659883156
2656733364
2520418492
2520418700
2453309836
2470113228
2470077789
2435523887
2439521583
2506630447
2506695981
2498631469
2494170685
2646279741
2643985949
2375554575
2374520591
2374556991
2370415663
2332798015
2332730463
2332734671
2320213193
2328405448
2328422392
2328557288
2345328377
2404011737
2404339449
2404142955
2387426682
2388604026
2388603994
2388463706
3458142427
3441313227
3424542665
3695894169
3695836825
3695748763
3695747739
3695748027
3695748027
3695749034
3712528299
3746408937
3742349677
3729186093
3730230541
3730232589
3730699101
3730666367
3755963391
3755956158
3722278318
3697111470
3563016382
3563012254
3570880654
3570783391
3570722221
3570722285
3578844668
3578918364
4046975452
4046893405
4046886681
4112955161
4117085979
4083466011
4083523354
4083670842
4084192795
4084024859
4079813179
4079948587
4084085099
4151259247
4160582911
4160582879
4141872334
1994384719
1993208589
1984725789
1984791356
1985918268
4129205276
4148078620
3846150172
3833563164
3833503229
3967719421
3963585277
3963470525
3963441855
3829166767
2759600047
2767728039
2784496807
2767789206
3841666438
3841598854
3841927158
3841529826
3841545586
4110161218
4110168322
4101775618
1954357523
1952330547
1968836881
1977221381
2012872964
1476009228
368785693
368917037
901642799
901560843
939301834
922520970
914129051
1985777851
1712107691
1712169131
1712234682
1729024414
1679709102
1681793710
3840681710
3836489326
3836492398
3853262671
4121713999
4125912397
4151076111
4129783071
3592838431
3597032735
3597024567
3605341495
3597414453
2523664405
2507026693
2498638596
2494186052
2494285460
2494154389
2495215285
2495149735
2499346095
2436419503
2470238654
2470308015
2470439103
2470374543
4078429583
4082492815
4091003359
4090937823
4059554143
4126532911
4117030191
4100314415
4096778039
4096696119
3828260663
3832323863
3841764663
1744682261
1716886549
1712823301
1712751621
3860242453
3859980325
3859992613
3859955813
3843424741
1683359639
1618349719
1618938551
1626148534
1626152598
1621898950
1621893959
1621893399
1907110175
867967245
867967241
872153353
863964443
836663771
836696474
299822010
333245370
333234058
301760906
292848010
271892634
271872170
275149034
283533615
284614957
283550989
367365900
392465164
1445440268
1982237452
1982761244
1987020088
1986298088
1982103736
1983152280
1714876569
1714839723
1733714922
1691821802
3839110890
3839171290
3831249610
3831261898
3831295882
3831289242
3858583738
4160569530
4143792266
4143906954
4160622763
4160692457
4160496105
4160580953
4160682777
4160670265
4159670825
4159479323
4159485451
4118577674
4097610266
4097684074
3829396074
3829331759
3833511215
3841821741
3885276181
3872912389
3864458245
3862876173
3862884413
3862881325
3862843180
4001255020
4007480956
4003288700
3868996220
2799444572
3084657608
3053069273
3036284859
3036352442
3036220090
3027839674
3027983034
4101594778
4108875658
4125651082
4159500474
4151177450
4117684475
4117160155
4118210011
4118279643
4118276058
3052922879
3052922863
3052783599
3052717055
3027559389
3027100509
4100977469
4100912941
4100936997
4050457653
4049933341
4079367181
4146478093
1999584287
2000623999
4151773935
3589671661
3585547989
3566501573
3567043847
3298607127
3317485622
3317555254
2276352310
2410570294
2410575398
2411679462
2512145318
2516339125
3564910724
3292271748
3309179268
1430139780
1363026604
1360929708
1394352044
323758989
319564173
319052173
320130444
307462604
326271757
301105933
300122927
367036206
358657326
358647862
322407446
389988366
387862543
392061199
1474175837
1436424061
1440221037
1415065581
1415325661
1415477067
278807307
278741529
295551513
1402851897
1381802536
1377609272
1377676040
1394580425
1899858587
1904052923
1912311434
4059797130
4125667978
4159214522
4134056170
4134199402
4134199343
4134166575
4150944773
4150946869
4151131429
4118625589
4118691143
4126563783
2111207301
2102883221
2102776469
1968558741
1968419740
4124161468
4115709420
4115703916
4279281724
4013079837
3996299037
4267890239
4276208174
4276114222
4293923118
4251988006
4233171238
4229042454
4233246470
4241628950
1553009527
1485847415
3633654087
3654691078
3679931718
1263847238
1262798822
1514465254
1522852326
3683049927
3682779588
3649225152
3654386656
3629163492
2550178788
2566956644
2571153013
3141644119
3150032231
2613099879
2680421485
2681396349
2672970973
2668955101
2534741933
2538741421
3084001191
3080068503
4153417110
3079697622
3075536087
3071333429
3073540413
3039986189
4114063885
4111770127
4115976734
3042199098
3042184042
3050571882
3050772586
3048615018
3585482762
3585482762
3585483017
3585475336
3723780920
3713334584
3708852536
3707812104
3707874056
1560718920
1564967624
1468302025
1469039259
1473135290
1464476586
1460281578
1561863406
1545151598
1545475150
1415459918
1423918415
1423754623
1423744367
1423752687
1465297407
4134972815
4134964622
4076832654
4076700350
4066161326
4065649326
4061455018
4078723818
3848233579
3791408489
3789867048
2816792616
3890608136
3882264648
3878071497
4147568779
4147560586
2000076986
4151755178
3891680687
3875366831
3874252767
3874252749
3891127133
3857052509
3848663871
1952801087
1952936223
1952911679
1953959981
1953838125
1953774893
1953773885
1970551165
1970699213
1979087565
2008436429
2008302287
2010399455
2012500959
1978692077
1953522029
1953685871
1953681719
1960037639
1959827799
1951443222
1951508806
1968422214
1997706694
1980945606
1983299782
1983267302
1986339238
1986340774
1995915191
1995915159
1991581653
1941190645
1945379812
838083380
276046620
276116252
276116252
276058909
276097823
276077342
276073238
282364190
278694030
1369279630
1449033870
1449046414
1446936966
1445888919
1449579173
1919415013
4075577893
4092355116
4058866460
4058985224
1886196504
1886196280
1881962280
1887207209
1887239465
1901906203
1917700170
1985906826
1994300554
1994366106
1996395658
1988006026
3581857930
3565088910
3565089727
3573445295
4109198063
4109133423
4125910639
4151078751
4151143887
4151274959
4159602127
4126070175
4127053247
4126994879
4126994943
3078477695
3077953407
3076912959
3076826685
3051726397
3035477629
3035608925
2767101820
2700054380
2691534380
2704137772
2704143900
3006096924
3006079580
3006083708
3005547244
3018065132
3013870829
3013870831
3013952758
3014026454
2980504646
2514936902
2506619990
2485648438
3022510102
3039214598
3039210502
3085870343
3081679621
3081748996
3085746740
3043807844
3039586020
3022864357
3039632365
3039631855
3043834367
3086302430
3082101854
3082104862
3065262110
2527408158
2527539482
2527408922
2531597882
2540509738
2541554474
2507999530
2642365914
2629693898
2629607819
2629607817
2629599720
2625406440
2637991276
2671746380
2671684940
3208570317
3208570349
3212460527
3212525990
3187372455
3187369367
3187238295
3187245015
3178848215
2674618325
2674618197
2674621781
