2813081766
3047438518
3169212550
3160601798
3160596806
3160535814
3168854822
3165710118
3165775142
3166170166
3187113014
3178497075
3174302949
3174372580
3176539556
4283833764
4292284308
4291107716
4274334592
4274482816
3733352081
3750131379
3621212914
3612607218
3614708338
3581162790
3573316646
4043175990
4043233286
4042954759
4109940757
3858279732
3882395188
3865817620
2721747476
2719711860
2735243892
2701968116
2769078116
2756462628
2761250853
2780178470
2814257494
3070110662
3070111174
3069969542
3063677094
4137418918
3604938910
3579715790
3579716621
3581291804
1207319340
1190398772
1190983941
1180481797
1180470535
1180336134
1322942470
1322954822
1308270802
3426472370
3425252242
3425378946
3425567382
1290732262
1287455343
3432806185
3701272360
3734808840
3603736840
3322710312
3590883688
3590950392
3590881736
4060643784
4090134923
4056584618
4123697326
4148814054
4145574118
4111995110
4097708102
4097712390
1954425398
1958545953
1957452320
4121754144
4155308912
4142707648
4130313088
1445905024
1596867203
1412305570
1411849890
1415920098
1353459746
1354509346
1354244114
1354309635
1102651648
1106907904
1132070656
1193986816
1195084480
1158257392
1166580448
1166580450
1284014818
1284031474
1221259746
1225400802
1260004754
1245325698
1249515906
1252724147
1252529568
1269326240
1214833120
1211934192
1209834832
135112976
1208331024
1212529424
1564916480
3730226432
3726019840
3594423552
2519448880
2653667104
3190554144
3194748448
3198940705
3215521314
3215484450
3152571938
3127384870
3127396454
3135985782
3135977527
3135977493
2586392581
2587569220
2553949252
2553949764
2293898852
2293959399
2292714214
2359835366
2359831270
2364034710
2271794822
2255151746
2271912866
2238427558
2221506983
2221704581
2351757445
2351409349
2352392209
2369169427
3459688451
3325471746
3325534210
3338043719
3334374341
3334374036
3350905504
3623375524
3575145124
3558368228
3558664172
3558796788
3562990068
3495741909
3495738247
3495271303
3495337862
3612775814
3598090374
3593961655
4133871781
4133871844
4133838964
4133953876
4117180797
4033165101
4033822255
4042227246
4037369402
4054114074
4091866378
4075076618
4066744347
4066810925
4064252988
4064117772
4080910348
4148089164
3074323060
3187552869
3216914023
3216840290
3215728242
2646359922
2633777010
2625578866
2625512406
2623349750
3696808423
3629696503
4183336391
4182289863
2034805063
2034821959
2085247815
2081033925
1545209557
1545482917
1562260397
1562325437
1549554847
1553779910
1552201814
478455862
478456630
362130198
383171846
35046597
303956160
306053248
305004704
305016992
49160608
296620932
279380679
10799622
10783294
283413038
292334126
1399629102
1399619854
1895727182
1895727307
1895727247
1952358573
1948247469
1947529133
1947496175
4111752827
4080041483
4067553051
4075158841
4071087385
4071081225
4142920972
4126012172
4109357604
3035611684
3036500516
2633855521
2625517107
2642296370
2675916306
2659138322
2658869042
2663062818
2679717170
2578986258
2310552851
2293776147
2314743350
2314743414
2314878822
2314894434
2348467298
2348400690
2339930130
2339942402
3682115589
3657015300
3631981652
4164466932
4248340692
4247488644
3878324364
3878328716
3861551756
3861563020
3861644940
3861648109
3861717615
3865780782
3873968670
3873976894
3869782062
4121443366
4104656950
1420433410
1425680387
1411000323
203037697
205133089
234557731
1589330211
1588261185
1588236736
1185645952
3337195392
3463027344
3475618448
3426347744
2356751072
2364091939
2360028690
2359822178
2359824610
2376610018
2376598754
2376647858
2380829826
2221651073
2217451904
2217452416
2235217792
3577395088
3609112468
3612256660
3612273047
3591145702
4129066086
4146041910
4147880966
4114214927
4096390157
4100691476
4109024804
4109041188
4260101732
4286076628
4284016516
4292403447
4292440294
4158324902
4116578470
4112449718
4097705366
4097705622
4101901974
4125039254
1973168774
1469852310
1469852631
1453277143
1455358279
1458946311
1466339607
2004001047
1966190903
1970312231
1968217133
1976612973
2001840252
1979885788
1979903180
1996647636
4111879525
4116057637
4127067686
4122805814
4121519638
4159300102
4143702550
4143546646
3067642135
3084420421
3042483652
3021729748
3155881716
3157950180
3155844773
3177055991
3185379062
3218867190
3203666406
2532585710
2532597982
2675434575
3159813189
3159865621
3159865620
3159735060
3025645060
2490873348
2490880516
2486063616
2502840832
2435728160
3006023008
3018640480
2997652704
2729426117
2796465349
2796530887
2787941606
2787935462
2788000110
2788086126
2788057983
2770805563
2758091305
2759135784
2759132712
2765429513
2761255435
2761288266
2811619962
2794769098
2799455946
3055309387
3055358281
3191672940
3190620268
3211395172
3186233428
2628399185
2628399335
2561487782
2628543142
2628583094
2624375710
3425470862
3695110542
3577145742
3575048590
3579227613
4120282620
4120150908
4124353340
4149523260
4128616988
4130771516
4064204335
4062170926
4062007150
4112336366
4094576110
4098777559
4107149765
4236588357
4236519183
2089037422
2094345966
4283903742
4132855758
4135505294
4143957151
4277964989
4276924572
4268265932
2099807004
4230587964
4230983204
4230917924
4235115812
4235119904
4251372816
4269200641
4269204289
4267066307
4267065730
4267131042
4262752422
4283719846
4235652286
4244031946
4239837642
4239702475
4244417387
4194086761
4284345657
4284400921
4250845245
3967795245
3967639589
4236075063
4242960663
4234556263
4118153127
1997803447
1979984775
1912875399
1917266359
1925585317
1923024804
1385956244
1369183172
1354572293
1089266225
1085055523
1085052450
1352961586
1353161522
1353091362
1384024850
1451133506
1983810242
1983885187
1983686049
1983701156
1715232932
1712595180
1729560813
1733689709
1742079549
1972634141
1972642316
2106860040
1572086296
1553405720
1553336600
1552091148
1551902733
209741839
214136894
218174494
252903430
236060934
236065542
103944978
103891490
116703779
113020771
246324163
263108993
267040897
1248761985
1244501136
1244508288
1328410832
1286599136
3433538276
3701842668
3702843116
3702844136
2622810857
2349128427
2349132186
2483284106
2483447946
2504416394
2445690766
3532538526
3533574846
3533578886
3604243090
3581207010
3559161890
3559161890
3559242770
3559368706
3559303427
3559303683
3610163731
4269705731
4276014913
4274640323
4274577635
4275626211
4275627171
4292605091
4124736993
4099559379
4095692483
4095698499
4095698499
4112348707
1966892834
4152325426
4143338498
3602302018
3602793554
3606858770
3614968850
3610774579
2235111733
2239376180
2512006676
2545554996
2478379636
2478338804
2478363388
2176352700
3237515439
3493639342
3493628398
4030499182
4030634262
4047415558
3795822854
3793530119
3793650436
3793650180
3795751428
2789134916
2805879524
2775323309
2762736559
2763525290
2763528362
2767730874
2757372090
2757373066
3831113098
3990823306
3986387274
4019835161
3887629624
3887630088
4026050056
4013532680
4013594120
3879374392
3879456296
3883420267
3799534314
3799994026
3799914426
3795661194
3795595402
3795587210
1651249338
1659175081
1621495960
1889935496
1894129864
1895243976
1886658664
1892950056
1351884840
1352021273
1354112267
1084628234
1088760074
1080309770
1147422938
1155844250
1085049994
1085048202
1101758618
1118482586
1122673049
1110090141
1110090684
1110094572
1110025764
1449699876
1474865444
1470674988
1453885476
1454228501
1449639959
2132983847
2100461863
2098364962
2098364946
2111022594
2140450310
2140450758
2115823782
4263245990
4263119022
4128909727
4135139772
4160427964
4121563868
4104802844
4104864261
4104671765
3567838007
1424552230
1411928110
1411907626
1564019994
1597643530
1597647630
1601841694
1604856446
1604873038
1336432590
1340621710
1336525710
1303040671
1303028404
3299533472
3299395232
3303853728
3292315296
3290736608
3290867536
3697713472
3705840963
3697454082
3711146018
3711010850
3709978658
3743547170
3727062530
3731755522
4276748802
3736797715
3734517537
4288163621
4254608173
4105701817
4109044121
4117321881
4147697849
4145583257
4077420937
1929937545
1900577419
1909162634
1910161082
4059737514
4058557678
4058557678
4033524743
4029325569
4096434432
4029317376
4029645088
4042232864
4037456929
4121361443
4159069186
4130213122
3744337218
3745449250
3749459234
3757843490
3756590130
3756655618
3657114882
3652785426
3635991331
3635995169
4177060356
4167742980
3715800708
3749612180
1583319716
1443678884
1443642244
1443638660
1913463220
1913524388
1927152037
1924006310
1923350886
1940152326
1403314182
287814670
321361934
333830206
296024111
1420286764
1424412204
1953941052
1947320860
1947320844
1946259980
872455764
1006688597
1057024501
1040247031
1044571379
935784675
898560163
885964979
1960362134
874017942
890783926
924699030
2118048662
2122246870
2126440966
2125114886
2124980742
2124980501
1588174900
1592307748
1530454048
2016960544
2017087968
2017091168
2088421985
2092878369
4239755539
4239697927
4269059077
4264883204
3728064836
3726066404
2664309476
2660115108
2525762213
2525758189
2525496303
2547519599
2627350558
2361025542
2361064462
3434076190
3446454398
3475560702
3458976910
3459137678
1580073102
1596866974
1567355823
1979310765
1956179628
1960618668
2086447853
2084350237
2083428365
1965982733
1999552525
1999061005
1998983197
4159050540
4155900460
3719561768
4256433705
3703319067
3707513355
3697093194
3697273546
3697126026
3705519754
3707602827
4236083612
4235166140
4247158892
4265058340
4264927236
4264927488
4265075457
4264964647
4265480742
4269675118
4261351406
4240181678
4239919294
4239997070
3717949582
3755600014
3738738894
3738730510
3740893198
3756699711
3723141412
3698255140
3694128416
3693955360
3695118576
3644722384
1497236673
1534985539
1539180306
1522488882
1539106354
1538827826
2046340642
2033757987
2033888529
2033880064
2033749008
2134418528
4265140448
4131008720
1983516864
1920598768
1941570208
1941701282
1907098278
1353463470
1354514154
3495693018
1075698122
1074505930
1091086538
567498
72922318
81543629
83755412
75379092
71181216
70656928
18228128
39216000
47690113
313885890
318082066
845518902
1915004966
1931783470
1629791278
1617334555
1680769291
1696383771
1695285819
1695028970
1679440554
1683630762
1689848490
1688735162
1957180554
1438130314
1605902474
1341857806
1307205662
1290723334
1152312326
1151777794
1151697971
1152680995
1155301745
1205772740
1591387268
3734680708
3740959988
3728311396
3727204388
3727220780
3727356188
4264448776
4268705336
4277000745
4290554410
4022123050
4005337962
4005334346
4000088138
3995893962
3996037322
3862880506
3862847722
3846045867
3833010107
3841406619
1693916827
1689722523
1962217099
1962151567
1960586894
1977367982
2006715566
2008831166
2009067662
2013192334
1970184334
1953407438
1953403103
1953484911
1953255469
1949048877
1965826344
1999053608
1676022313
1671824937
1671892537
1638156809
1642392075
1633987403
1633984459
1630308235
557630089
590168761
590222009
591279081
1669210601
1941841065
1941710009
1941720201
1906177163
1910350985
1356694920
1356175096
3570777848
3572874872
3581280040
3622299436
3618529580
3618517311
3753775382
3720286502
3439137070
3430678830
3695137054
3695111438
3695180042
1547172619
1544928011
1561705161
1599309449
1514242699
1510228666
1510281914
1515540922
2119554218
4276083946
4294965481
4294699208
4258834632
3747135048
2673377880
2673447528
2684084840
2684084840
2544525947
2544579306
2511082922
2481720490
2473330874
2473540762
2452239498
3527045259
3598377163
3615219785
1432920841
1432921627
1416140331
1412007466
1412157210
1412123930
1546259486
1546259470
1550453774
1550453022
1575627038
1609117454
1588080414
1588100446
1453913562
1454108831
1186513084
1186513068
3331874988
1180397740
3256488100
3239723232
3229237712
3232678464
3232144930
1353035298
1352972834
3496250662
1361349654
1361489926
1428594694
1428611086
1965319471
1966868264
1964969720
1057689304
1028333272
1036654297
1020990155
1020809803
1492706122
1483269402
1483390234
1483454746
1500231946
1542176014
1522177039
3669725215
3736703069
3736703357
3736764781
3740963685
3730477669
3726366325
3726374485
3726243413
3728598869
3745480563
3716035922
3716023618
3699246342
3707700502
3699186742
3632020774
3640404270
3636341038
3636076350
3635942173
3635958088
1217982936
1209565608
1478001064
1477022124
1545187244
1545317308
2094771101
2090510751
2111482254
1599793550
1444562318
1444565382
1444864406
2115879334
2136769446
1842127783
1821221493
1820833541
1687653637
4101344519
4248149270
4280675638
4281233182
4214105918
4218295086
4223468398
4189848558
4171051359
4171047709
3634115356
3634108188
1490818316
1499276556
1230841100
151856396
151528716
155727112
155784472
155784505
155776345
155758921
424186313
424251865
407475641
944356777
961132972
2068429228
1846131132
1846525340
1846457740
3993932172
3859186669
3859202863
2723545902
2740257070
2691966254
2960399398
2968984614
2964788270
2494955822
2495546238
2494304975
2226913997
2220409549
2215150540
2215163212
3293094988
3293166668
3427515421
1275784197
1208673285
1226499077
1260045405
1312474189
238736461
507167949
507233485
507114749
507094269
507486461
507412857
1063228265
1029485417
1028433529
1036625529
1028366185
1028228459
2131330143
2131480654
2131435614
2132484206
3680182634
3690596202
3686469226
3686342250
3652726362
3633852106
3365414602
2291733450
2291946459
3365728761
3369898473
3357311464
3406791128
3390023128
3390025208
1242475992
1510915272
1516145801
1532923032
1495174361
1495237849
1495107033
1495118713
1527620409
1527571001
1527538235
2098029163
2103343083
2090749935
2090781679
2090846607
2090846605
2111680397
1562158991
1595794398
1595896318
1581150702
3745460590
3749523822
3724288366
3701416286
3701421902
3701413471
3700760191
3432257149
3436451357
1280579085
1280639757
1289036573
1289036061
1289498908
1289498908
1280128300
139273516
135099692
135099469
140112975
140084559
156861902
192644606
192583166
171681278
171550206
439981406
440107486
440046078
438034926
1515774446
1523082223
1523082223
1518887917
2072867820
2073031532
1506800492
1506661245
1481429821
1477243709
1477276479
403665691
420360459
424555787
424613131
416224315
416109625
416118105
416118093
147682639
147445711
147576799
147511263
147519439
164288463
189449165
173785981
442078061
442083133
978953533
978959677
973651055
973907051
973906410
973906394
973910490
2064438250
2014311402
2014209006
1758345070
1754209646
2089359711
2089498975
1971992653
915028044
919215180
910819404
839582044
839450988
839390060
856425261
827065133
835454573
835655285
814690933
814031700
281813844
281825620
281895236
281896277
281898869
281890663
282053495
281791318
298487238
323657158
306949574
307209414
307078391
844080567
844075447
844071351
839881111
839750055
839680487
839681510
839746790
839890031
839773231
906886191
906910781
911113309
911090885
1063137669
1040122253
1023218077
477967261
477968285
417152701
417147519
433924671
436025886
419179022
417607174
417670662
417796610
414597650
144130610
142885410
147072610
189540066
172895938
181011138
176816371
177733856
446169312
467198052
403218444
403287048
403417432
420129609
436906570
1514846922
2051706570
2051637962
2047378122
2064237434
2034909291
2034901039
2043290669
2043354172
961223700
961231884
961166604
961166924
969612892
1002993396
734589684
734569180
977843165
978104831
990687726
403501294
403502310
135084262
135215206
139409702
164501878
193863638
176830086
176821894
177866373
179963524
196759172
159338196
154949492
138174756
138207276
152887340
425517101
417128511
416080127
407696879
407494053
407632293
416004501
969644500
717920588
717921549
717985037
709473597
705471788
1779212588
1779216684
1779282220
1779290604
1796151016
1796087528
1800281832
1770916586
1804143226
1804077626
1804089402
730342458
713564170
986374154
986423306
986227726
977843327
973651053
973716733
973782269
973782237
436911309
436919501
453659853
458902989
528158719
535498751
367992567
367869654
367869654
99434070
82648946
82773618
82777682
82392658
78194258
79377938
79369746
79240722
12131922
16348738
15332162
61452626
44601715
44667376
111777232
116111824
103393776
372877556
369670308
369663148
369657064
906789113
906932427
906944715
1063182699
1073635691
1040150877
503275853
503279965
503267613
485294429
476907353
476919641
485326713
485326459
485351003
502127195
535690059
535608267
510442971
376411643
376410619
510497275
510505439
506328063
506360750
456012782
456069607
426579431
418201575
414527463
413478647
413474375
413468231
414529095
412427863
142880311
143404583
147599143
164376359
189560087
189755655
156193110
151900534
139260262
407680358
407680359
415874423
424328471
457882886
1514838278
1510643718
1510840438
1510800486
1510751478
1515140350
1519268334
1519260655
3683521261
3683124844
1535641212
1238113868
1238122316
1229924172
1229924220
1208973165
135087997
135024077
135065037
403500493
403568093
403699165
403633487
407811919
407805775
424516095
424458687
441301439
441432223
441103503
977965197
436916365
504041645
504115373
504111273
487469929
475429435
481741323
1017481739
1033943562
530622986
514109194
510951690
506888458
471744782
471737103
471737135
340737829
881593189
881600997
881600997
881601989
365900997
323735877
323600695
307005222
323782438
323981110
332377398
315466802
332169330
357335251
340709569
336491456
336470724
336470756
340535012
348925668
349143013
344709573
814254287
835225679
868780111
583575647
575384959
1644864527
1644867597
1644855581
1644925293
1644818861
1645019565
1644954029
1657602217
1653542059
1653480875
1653489066
1653555114
1922839451
1932341835
1344680457
271000072
270869000
270873144
275591720
283915816
816586280
817631019
815533338
278711306
280857802
292396234
1345240266
1345240458
1345105802
1345097370
1345099450
1345237690
1344975546
1344987838
1375363774
1404703204
1455292644
1454317664
1458511904
1450061824
1194209280
1161179136
202776868
205792037
214173486
214175550
210054410
147189002
197520650
177055050
177046858
177049035
177966552
177835496
171503080
188241400
136856056
405492216
406483320
469660008
983458169
982311769
986506607
973923695
973890863
973878574
974074174
994980143
1003434287
999044399
999047021
965492573
965491549
1003315029
995056989
458055005
458053981
458025311
969779583
969783678
701479294
701479390
693025238
735033750
734902678
726448566
722319799
722337207
722419127
722353637
722352485
726534436
730728740
697240373
697117461
697051909
965487365
969681671
420437791
420445023
424442335
969735679
1003355583
432928191
433058751
424671163
424656795
424524186
189577626
189643258
181254458
1250934042
1250866442
1267368202
1267433818
3381363706
3364595691
3364728747
3369053115
3654269435
3671038315
3662583849
3662584889
3662650425
3658265625
2584588300
2584653884
3138301996
3087716717
3091907037
2622178269
2621982701
2630363053
2630362797
2626369261
2626355967
2626487295
2492203998
2223245274
2228555642
2228493178
2238974810
2268404314
2184633930
2188813834
2197201419
2465563147
3551834905
3554452329
3553927528
3545600232
3506864344
3607532760
4127585512
1980071149
1980724461
1980658925
1985893743
1994281807
2011066959
1977607887
887023567
887006671
2085590223
2085401823
2085397741
2102174957
1818211821
1683932541
1685995901
1954419039
1953968462
1970610522
4118034282
4118036074
4124384874
3583327866
3582279178
3582226954
3582251530
3583291915
3583812105
3583816041
3588199912
3579743480
3575548152
3592263864
3592281240
4131321032
1983800793
1983799657
1987998571
1996452699
2004710218
1970987854
1979380063
1960546783
1960358399
1960354031
1951966446
1952093407
1952105935
1952105951
1949963743
1950291419
1950094843
4118550379
4152113003
3623698027
3619503739
3585947227
3583800859
3583832587
3583816203
3583816523
3583816041
3621761129
3612770557
3608642781
3591869692
3591820540
1981183116
1914056089
1914060201
1927089579
1929184651
1929195915
1946100683
2013192825
901763609
888984089
1962713625
1953277481
1953475371
1961855275
1952827643
1949650059
2083979402
2083991690
2100761018
2136355755
1607869162
1570120250
1570584126
1553754687
1553771071
3701254923
3718098699
3751707983
3737092559
3607069071
3598680255
3594375407
3592249583
1444814959
1444814911
1444811055
1442713919
1958549325
1958510540
1958337224
1958451928
4105804508
4126719692
4158169804
4152205900
4114588175
4097819166
4096770606
4096128814
3831819310
3857045614
3890600143
3873830989
4133805389
4130293453
4130214605
4131267132
1983783468
1987842861
1990983725
1974214701
1420698631
1420708870
1420741702
1421838534
1417451750
1413261558
1430169798
2000586822
2004782166
2000524406
1966923874
1966924002
1947984099
1952080097
1952141728
1962496928
1962635952
1962899120
1958696688
1979668160
4118618688
4114358784
4112267060
4111808292
4126617388
3049208620
3049081357
2545777231
2545938126
2545739454
2541503150
2524726206
2524955070
2533290414
2529091823
3606863975
3598459957
3594264581
3592314887
3592314887
1444831254
1465795606
1566460998
1549781191
1558038983
1553972197
1553842148
1570547156
1564778964
1560584613
1544987557
4233532085
4232495825
4240765923
4240728547
3695468647
3691263015
3692960806
3709737222
3749329670
3741022726
3736653350
3734558503
3734552853
3733504012
3729379340
3709526092
3692749772
3692741372
3707389609
3703262890
3703066282
4256745914
3757627626
3728275691
3728272603
3728467083
3711623565
1551557517
2096812935
1960494038
1960625126
4108104550
4099781414
4099311366
4099341574
4114017542
4111822087
4111737911
4111742335
4280098285
4133425133
4141813437
3600617117
3600627389
3600642749
3600347789
3600339852
3579351436
3560875932
3560875932
3565070332
3565025060
3564925221
3563868471
3564065030
3572426034
3572360482
2498546978
2491206947
2503592261
2535112388
2522529476
2522543808
2529817152
2521326096
2522358308
2641896741
2625111079
2632453159
2629504086
2629438662
2627407046
2374698134
2412459430
2387157990
2387178230
2388256326
2396579398
2392368911
2392368911
2392571167
2396687679
2397015343
2254277735
2248985846
2248985782
3457109142
3742260374
3709758598
3697159558
1559629442
1555515075
1559090705
1559012897
1559011616
3706496032
4294222864
4269128768
4263413952
4263414208
3994982976
3994979857
3994928674
4011606566
2772181798
3023839278
3026989102
3035365422
3031041246
3031043534
3032357839
3032275597
3030166156
3046943436
3080497740
3076295180
3004993052
2990380604
2990400044
2990416445
2990420847
2990420462
2994472174
4070313126
4070377654
4070455446
4069420166
4069436550
4069434565
1984738500
1997319252
1963764772
1948171540
2082376964
2084488964
2084000053
2083860839
2083860839
4229247334
4233376614
4241759847
4237564535
4237634119
3701287623
3718212295
3751798471
3734864839
3734864343
3600580839
3604250727
3612647463
3607421991
3607454743
3608569095
3609089287
1465795895
1457472807
1457276190
1465402382
1474024463
1473951007
1469755677
1440260380
1968759164
1947771884
1947908076
1952106477
1968883645
1968788895
2132293007
2098729374
2098791934
2086344170
2096840491
2096705051
1555639839
1572431487
1589240799
1589158351
1587057039
1591251119
1581822127
1577623727
2131468541
2132456461
1981453325
1983827229
2000604476
1970699308
1953963044
1954286644
1413221381
1413297413
1413362529
1442730723
1455346323
1455420035
1455420034
1455264386
1375699347
1350424035
1344040167
1344023783
1344024047
1348414959
1373578735
1373444079
1369179103
1369178831
1103049295
1103045407
1086075679
1090279229
1088222765
1079879229
1080014349
1365214733
1367314013
1400813389
1379841101
1915585759
1915520239
1916047471
1916252398
1914614014
1930863022
1929765806
1930179246
1930166958
1930298047
1934492319
3516806900
3569303396
3569167124
3569101580
3703319308
3434954508
3434891021
3451667230
3384623934
2310893870
2310819886
2340164654
2335970414
2317096062
2316181582
3402522958
3398329038
3398203069
3398195116
3411561916
1209584820
1278919812
1278911616
1278976432
1279035360
1546421856
3559886352
3609897472
4129991168
1915661824
1919845952
4067394256
4067263153
4064146086
3778814630
2688288750
2955676974
2959345710
2963675398
2964204294
2964270598
2449223174
2549880086
2260467750
2258571302
2260611126
2260611271
2277265549
3321659532
3227289004
3227367848
3226380472
3289360568
3609045176
1444840588
1377730696
1379840072
1379835963
1916579882
1916576810
1916382266
1933224218
1971235083
1686027275
1685881885
1679605885
1679683836
1679716604
1679693036
1618875620
1626801636
1706492628
1738932868
1990668935
1990533790
1991516846
1586767534
1585715882
1602493130
1573132618
3721328970
3722374602
1289413065
1291575944
1283052168
1549304492
1549304492
1549312676
1556669156
1549574949
1545383975
1564327975
1446954007
1445905415
1445909511
1450108167
1593759005
1610466621
1608009069
1507358189
1490644223
1482317055
1482558974
1544946174
1549079366
1550844494
1607799422
1591161454
1589977855
1321478093
247819724
247954908
1297055196
1281185272
1146618200
1148977496
75235608
83759896
100545336
125776696
123561752
115212040
115314456
110992761
381464042
1455207674
1451001082
1445757162
1446875370
1446949114
1461625050
354345050
341729627
350118203
350096699
350095679
73341247
75249951
92020566
108861046
1325134390
1325117958
1458274886
1458213702
1458217926
1407891190
3501955827
3568933540
3568877220
3564660388
3559400100
3559400101
3576177063
4146606318
4143449198
4137552926
1990072334
1453205518
1452960783
1335487501
1297671276
1276699108
1545462196
1544475540
1545454516
471648164
526370484
526307204
526315396
526314881
492793217
475801075
475275490
477372898
477570019
485630583
502399490
227608066
227557122
227552514
212938002
82935090
74708787
91476499
118735363
105087829
247702485
243376597
243372245
109359341
1178907887
1175227497
1191824633
1191890377
1158348232
1162538888
3570116248
3570964120
3583817404
3584013980
3617494012
3550380909
3533668927
3539845662
3548131870
3510379118
3509396334
3509522798
3509519598
1375470814
1371288650
1369191434
282921994
282987786
1088301850
1088301630
1107175966
3254717966
1138574878
1138356766
1121579806
1183351359
1183351396
1116242660
3263726308
3335123937
3322536353
3339378849
3290091699
1144672391
1144673414
1155232903
1088023959
1088006823
1088203439
1373413055
1406967759
1381801935
1383958413
1920964029
1920837036
1915527596
1915605436
1915621821
1898852799
1882076079
1882067886
1886065518
1890063146
1890071850
1890069531
1353198603
1357392905
1441430537
1475009801
1474989833
1459269435
1459339035
1458079498
1449689371
1181282603
1181606251
1164915055
1149043199
1146950141
1147025389
1154887661
1149693693
1419091677
1423220557
1473548109
1383892237
1383961661
3531453485
3598558253
3594362943
3594309695
3611046189
2503947053
2619212333
2623406703
3701346927
3701150429
3650622415
3683128526
3683138718
3687328942
3675794606
3407615146
1226571962
1494688714
1494639306
1497789002
1488998970
1216373306
1283482398
1283683598
1283609935
1287804365
1153844685
1170623884
1163347900
1163229148
1163159240
1198838345
1198834553
1181594411
1181655867
1450156922
1467848186
1476179435
1474078123
1440518315
1432125673
1428001017
1428087112
1429628680
2000043576
1983265388
1995844589
1991719357
1991574671
1454641295
1448161423
1460810127
1414673087
1423061679
1418801903
1420830319
1421094702
1420062511
1424259903
1415994127
1416547087
1366085067
1399113177
1449631929
1462153373
1461883021
1429442783
3559962095
3557860975
4094731823
4113606191
4151767583
3605459471
3618030341
3585066023
3568092195
3568094243
3564948515
3695172627
3709515203
4263159235
4269441475
1996145475
1987756807
1982415623
1445462807
1428891453
1412050729
1416301929
3567782377
3567795689
1420306345
1421357961
1421349771
1083704202
1104679354
1104831658
1130032314
1130278026
1113504911
1384094877
1383969945
1383960985
1937544188
1937023805
1935979309
1931784495
1931780399
1931780398
3777421358
3777417262
4147528750
4149611566
4157873182
4156841231
4291583295
4291712821
4253700869
4242264837
4242272837
4242188261
4233885685
4250529665
4250529665
4284151184
4286268832
4265148832
4281926032
4248515012
4261097813
4122809703
4122750310
4122749734
4156320558
3598469758
3594079950
3594080910
3596149390
3621647006
3583951535
3567178671
3567120877
3571241277
3579630653
3615288381
3594284093
3594414093
3594418207
3592309806
3591918638
1446522910
1446576206
1450852686
1471856990
1405014911
1371526997
1373431765
1348249588
1885186020
1885246196
1885259740
1880573388
1880440268
1880436188
1879387629
1896168941
1900814253
1909196479
1905070735
1905210014
1905095358
1368191646
3515672286
3620251390
3611928190
3613320718
3613324814
3609163294
3608950574
3579581742
3581871167
3590198303
3718132959
3718211037
3722306525
3721253773
3721238415
3696006559
3696016621
3696012525
4250773612
4250844956
4284390924
4015955468
3997144636
3996947756
4263297071
3189719102
3206484014
3208589358
3174969390
3178106918
3165521430
3166637654
3166522967
3164401239
3181162181
3214716613
2667351685
2654965140
3728706708
3726507189
4263337109
4263392469
4263387381
1981685989
1994260967
2009006814
1958683342
1421747918
1421811406
1153239758
1151105754
1151101678
1155330046
1172109279
1171642333
3321157629
3296024044
3294041564
3293971916
3289780492
3289789245
3296031277
2247418431
2259007007
2259007006
2527369006
2528413486
2662630699
2662631403
2665317881
3193935353
3189617896
4263308392
4263328873
4263394425
4263388283
4262862955
2128478574
2141127646
1553933006
1553867470
1553859214
1284834950
1283784342
1287974567
1287957159
3443829655
3485962181
3729100245
3729112549
3730159093
3747000788
3744903620
3744903668
3709202917
3692319079
3691255079
3696704806
3696638758
3707583270
3723308806
3723437894
3753784135
3753525701
1603813844
1608007780
1561882660
1561928724
1564091396
1547314460
1564349725
1568542479
1576947214
1337871950
1335852622
1335754590
1334635886
1334633710
1338826982
1305276614
1296482514
1280229731
1280217443
1297002771
1297789187
1331336193
1316656129
1315671041
1311345713
1579793457
3728456737
3732513893
3747206629
4123903909
4124034733
4102543021
4107663276
3562291084
3558095756
3558685684
1411328996
1415457313
1423777313
1419510307
1421615618
352068098
83780098
83788546
83788546
401444163
376211905
372017297
372218001
1445893553
1445900723
1445847474
1446781842
1446844306
3598598114
3598663522
3606850918
3602654502
3602654470
3602866438
3602891526
3619521286
3619460958
3585912687
2516368877
2640284925
2636024972
2669517980
3189552316
3189630140
3189695468
4262916844
4275458668
4275389053
4275319311
4283720207
4250886974
4234077231
4234136623
4233939067
4233943115
4232964299
4233030861
4234071501
4116628989
4116562429
4151624573
4149506860
4157961004
4292305452
4259259933
4242482703
3705617951
3705609846
3705479126
3705435606
3722204342
3722231990
3722297494
3714044054
3709789590
3743311318
1562338759
1595695447
1465655335
1465393189
1434128389
1434059013
1434060573
1434091053
1476127277
1476127453
1475984077
1473813893
2002289799
1971093695
1966981295
1967026351
1966481895
1467360118
1467360822
1467430450
1473525282
1473520166
1469850150
1469854262
1468822295
1468821773
1200144653
1200144504
1204387944
1430953080
1426757960
1427814856
1461627848
1446885833
1581030793
1581027785
1579991515
506216923
389960059
339636523
352216363
1423863087
1553984887
1955132887
1976082823
928559493
844791943
859488455
825902279
809109751
809187751
808987567
544747183
548939438
563634862
596439742
596411270
595886470
599818322
588353586
858972211
857875473
824321297
807543344
820122161
1353056817
1353450035
1420571154
1425860118
1426058806
1472129542
1186388486
1318505286
1318553814
3465850023
3464814757
1313104020
1443197068
1427554444
1410515388
3562194348
3562268580
3562071972
3561022428
3561026076
3557877276
3291491901
3294636591
3303283238
3299740454
2242775078
2410284070
2393571394
2393440386
2389262482
3476668594
3474710934
3372868999
3377065349
3410684356
3478846428
3462384188
3457993260
1314711100
1316512264
1312322248
1295733432
1276801961
1276863919
1281123503
1280107710
1305318550
1334808710
1201115334
1184211015
1190305861
1194505669
1160959813
1161216837
1429717821
1434207021
1442607465
1442067817
1470512392
1470512456
1476206424
1467774953
1434215403
1429529467
1567932762
1568638234
1475255562
1475259658
1466887498
1466756298
1434252762
1434243514
1434403242
3590210474
3590276010
3585885866
3552374523
3619546733
3623740988
3354195468
3614241292
3614298636
3614430780
3614433068
3622817068
3614821421
3598177335
3732402190
3728138254
3726073870
3742699822
3713344814
3705089326
3632676666
3633716586
3701294442
3432793563
3439116745
3430729161
3430716888
3424628728
3440816088
3474386888
3478650825
3746887641
3746887673
3747084283
3747010491
3747004859
3747070459
3746878939
3713332573
3440735517
3442945821
3476433725
3476433213
2406955325
2415205693
2377585727
2377519390
2360742350
2358722974
2359083950
2380039086
2405207982
2384243647
2384308637
2654842252
2654579788
2671424524
3710550028
3710824717
3694125885
3693426223
3710852655
3711843887
3757981487
3753844089
3753706825
2646409547
2646425803
2648298699
3453525483
3755522154
2656610410
3732453482
3732643162
3728380235
3728466251
3728335835
3745244139
3699008235
3699005179
2625523679
2625441631
2621193599
2625381759
2631688575
2644337023
2644394333
2492908877
2509699069
2647959020
2622797308
3713316188
3709185356
3742755869
3724934205
3725065277
3725057341
4262894911
4262901023
2120127757
2128512845
2111738333
2094961117
2088731087
2084536519
1816121559
3962926182
3962842470
3964940134
3990104678
4019653222
4288089670
4292281926
4283766350
3754174182
2676762343
2676827111
2660188629
2660811141
2660815253
2388189685
2400765941
2367342165
2350571029
2356833799
3438964227
3707329811
3724080163
3749244963
3728265319
3728396358
3728400582
3728385222
3749354950
3724184566
3719924718
3719878126
3724075499
4118339833
4114108632
4114284952
4114224536
4097452712
4101663464
4110416617
4105034443
4104969931
4109144651
4125917707
4126114585
3622744425
2523833708
3061818476
3056918756
3054883316
3059139061
3000419191
3013002022
3015037734
3044861222
3040666902
3040863494
3040768262
3044955421
4252632381
4126739836
4116193276
4099686364
4095481853
4099884509
4099888605
4124966111
4120706175
4153191551
4140606797
4132414927
4083082191
4078879631
4062134703
4064100783
4064245167
4068441526
4074725270
4070363095
4070367031
4070358295
2998773015
3010437383
2972689175
2955850261
2955858453
2955855381
2960117301
3035422501
2762275108
2695161892
2699425812
2707815428
2738158612
2738222133
2803299429
2775995749
2775996273
2767656659
2767655635
3052876498
3044479698
3077837810
3086225910
3048480230
3049093478
3032316262
3036539222
3044927814
3074287046
3057639622
3594375367
3598274807
4118499555
4110046435
4110081379
4110338865
3035617811
4101815827
4118586899
4131235587
3057562627
3057615939
3061812337
2793381089
2810164449
2810041697
2809975651
2805822195
2804904674
2804839138
2804880114
2792163058
3077316082
3086761073
3082643536
3049154560
3048667392
3052923140
3052793364
3052787252
3048571445
3052720743
3086279270
3077886950
3073689062
3040136422
2771908854
2771810422
2776005719
2784418885
2783376704
3035002688
3035067985
3026532051
3022331634
3022330546
3023510178
3077913506
3081583026
2527935619
2528055425
2527924372
2544693732
2510856997
2494083623
2498269735
2506667814
3077090598
3056315446
3056249863
3056249927
3056504013
2789133517
2789133789
2805391101
2776006397
2759818845
2759661063
2767001095
3035379303
3031201255
3047978215
3048034455
3081728133
3085856901
3045052565
4097758357
4097760501
4118804597
4126993445
3891047479
3874270271
3865945375
3861632287
3861562943
4129998374
4129965622
3073058310
3072926214
3077116470
3051882278
3031193442
3031260515
3031419329
3031423424
3031301568
3053319616
3078480368
3057443168
3074220385
3074422113
3040270097
3027652369
3027717969
3027589968
3027598160
3027593536
3036019025
3048726385
3048720161
3048526625
3050632019
3050627667
3044337250
3077897827
2809974375
2810040183
2927623494
2927553862
2793335815
2810182711
2944269607
2909625654
2905562422
2905570678
2943235446
2859406710
2867664086
2868126966
2868212967
2868302967
2866203719
2841631813
2824791109
2824529221
2824578420
2891507428
2893606628
2889411236
2889570996
2906278544
2944289425
2952089233
2935322259
2935317394
2935349686
2952065383
2952065319
2952061991
2943675431
2942626871
2942695479
2942752822
2943536438
2943503830
2941480854
2907926158
2907848334
2907901662
3044020199
3052408679
3052420901
3048285973
3047237383
3048220438
3052414742
2498772342
2490764662
2490781154
2499169762
2499071475
2499077329
2515854405
2507269188
2536682564
2519905348
3056776308
3060970853
3058942309
3058812269
3059021805
3071668221
3038247901
3023461325
3023461263
3023461775
3027596695
3035910631
3035910631
3036115415
3036046151
3035981653
3035916133
3052728165
3044932981
3044924887
3042827735
3084768759
3084776823
3076388215
3076390679
3076390710
3076384566
3078481718
3084777270
3084767543
3084763415
3059564919
3059569127
3070195111
3070179239
3061784246
3078430390
3174834070
2625453966
2490777038
2499155406
2495427870
2512153886
2548852030
2532074815
2532173117
2532307221
2532299092
2550121812
2273269108
2239577429
2218662167
2222852374
2221803798
2230271286
2225945894
2243700006
2277259046
2277249846
2277250334
2281440526
2280391950
2238467343
2238577951
2238577981
2238709053
2272247677
2272116605
2255345500
2255345500
2272252764
2239689020
2357129532
2357129532
2289956156
2298346872
2297281400
2297404408
2355862443
2372508586
2389216170
2385089946
2653655434
2653593994
2653659546
2671370670
2637718446
2621138718
2624203550
2624219950
2498591022
2515355934
2544819462
2528023877
2528018884
2527953348
2523694052
2519503852
2519503468
3055986220
4147556156
4147555132
4130855212
3864365356
1725274172
1725339661
1725334543
1714913294
641044542
641511470
641658926
641646638
623821870
611175807
610916829
627702749
627670013
627670015
661224447
644446591
652835199
652836207
669646303
669775311
770438607
762049951
745398207
1819139007
1819138719
1827535551
1827535615
1827535615
1827531391
1827499645
1828546111
1836918079
1866211374
1849434150
1849430050
1852768354
770572370
749605826
749622979
749664961
749402692
766180164
652998980
640407616
640277745
640472289
640471527
640473062
661477222
770662246
1840209718
1840192770
2095985922
4230948610
4230293074
3705998946
2627997286
2560629350
2561686118
2293246566
2293246534
2310023751
2314214215
2347817303
2305948023
2305948023
2305939831
2305939959
2339625303
2339633527
2339600759
2339469687
2339469687
2306046327
2306046295
2306046295
2306046295
2314434903
2314303831
2314336631
2305948023
2305948159
2305948159
2305939967
2305939967
2305947999
2306079071
2305947999
2305948023
2305948023
2373187927
2373188949
2373186901
2371055989
2364764661
2364756468
2364658164
2356277748
3430003184
3430004724
3425934260
3425868676
1278655364
1295432580
1312209796
1579587780
505908420
1042646101
1043697717
1043832869
773300261
773234727
773234735
794215487
756401215
740086911
740156654
622850222
622838190
628999078
612188838
620057271
616002199
1689473685
1689481941
1693531863
1685088982
1685089270
1685154294
1693907414
1706544070
1723191174
1723188678
1727385671
1718997045
1714741285
1714708516
1718837548
1718767932
1710358844
1685128508
1685350525
1683253503
1683483135
1691802526
614452878
547144334
601682574
662032975
657900309
1731711268
1735715877
1735714853
1744267302
4160117766
4151709126
4112975750
4112844422
4234614438
2628859558
2628794022
2643469990
2677024470
2391811910
2391817478
2398096406
2398293030
2415078454
2410882054
2410688775
2410692919
2381366117
2356200421
2356171509
2356236925
2356368189
2356335933
2356342109
2364729677
2364729549
2356394445
2356185485
2402388877
2385678221
2389899151
2389898191
2398286703
2398315310
2398102318
2389713198
2356154670
2289041455
2287162415
2295522317
2295587853
2295387420
2295367516
2287043276
3362965196
3362969284
3358817908
3358818164
3356687732
1209181300
1209509108
1209443524
1494660548
1511425412
439782788
975539345
975539443
975674487
708158503
705994791
706060327
706142255
706134062
706199599
705982503
710238327
710299871
729694685
695157693
686621373
686625469
681915133
682046175
1756853851
1754621787
1758751819
1749313611
1745348811
1746323915
1752615627
1760004825
1755614921
1772394443
1794412891
1786028075
1779753007
706207791
706142255
773242927
773177390
773120230
777347222
660492438
629096854
611271318
619512502
619524790
615347894
615463477
1688549941
1692674853
1710499895
3883149334
4133895174
4133879878
4146463110
3697672838
3701670566
2628850406
2628794086
2626694886
2358259270
2358259206
2379226886
2370832702
2370897967
2379376671
2379442207
2412804447
2412826109
2379270045
2370881437
2354181791
2354173951
2356404007
2356337959
2356342055
2364730453
2364779845
2381560261
2381417365
2406517429
2402339493
2385632181
2385674199
2389867991
2389847415
2396204342
2412784950
2404400438
2414939430
2415052087
2415059223
2414977303
2414907701
2347795308
2305852140
2289156852
2285073140
3358798452
3423811124
3423764276
3423005972
1275504660
1141286916
1426503684
370575364
305563716
304973893
841845847
841846871
841986295
574533799
574529703
572448935
572510375
642306215
659051687
625565109
608918933
609189813
610238129
754445041
1827007056
1822550640
1823603312
1827727984
1875962449
1849747745
1849744417
1849871379
1716673538
1716673538
1725303858
1725172770
1725178918
1733779510
1700675598
1683931406
1685832463
1683613215
618184253
550018012
550030236
550095260
541612444
537405885
588918189
576324015
846856535
870973703
812319489
283972097
284960288
12332577
1083968051
1082919426
1082984962
1099696706
1116555970
3263549138
3264600050
3266704354
3266834866
3270898082
3260309922
3259261346
3255066023
3271870871
3276069271
3276134807
3284498837
3284629941
3251071285
3243731255
3245828917
2171038517
2170907445
2170907445
2170878231
2171980055
2210777367
2206583063
2206714198
2206718326
2206595430
2206580198
2210772455
2170009013
2167911821
2165814669
2164766604
3238377372
3221600140
3221608076
3222099596
3222222728
1074673544
1078341117
1079389293
1079389229
1081353245
1081353221
16048132
15828228
7572740
3311904
1223440
17996032
302417920
303008769
303923217
843026545
910143601
910078065
910078049
910078048
641328480
668532064
668563829
637098327
771316070
771316198
762927590
796490198
792423367
796617541
794524240
802937456
802806384
765066096
629795141
630843463
903440470
928602214
926500966
926501346
926637046
926644934
930839239
830200517
827972485
836362161
1893326259
1889402259
1889533330
1889524146
1893587874
1892997794
1884617443
1903656755
1937191169
1936007168
1898192912
1344544784
1345200432
1349390900
1353584183
1353386550
1086003798
3233749574
3233553094
3288079046
2197610182
2192888774
2190848966
2190979702
2189800039
2189746791
2189747047
2193921895
2210700263
2210765798
2202377190
2202393590
2198207446
2198305239
2202434037
2202416501
2202481012
2168795972
2151953228
2160415196
2161111549
2161114285
2160973999
2160367791
2151979455
2164775311
2199280013
2266120077
2232563589
2215784853
2215715237
2219844069
2219844903
2177924370
2194865410
2190651138
2192748034
2192815634
2192683554
2192626211
2197078817
2155103012
2152010580
2152674116
2152690500
2152723780
2152708196
3301881956
3293493367
3592329286
1446938694
1580107846
506369094
1043247174
1042985030
1042985078
774549606
707457255
707387621
795435509
795571156
762008244
636043948
619255484
887691933
883505807
883501711
883767958
1961700278
1961191830
887436482
879050946
878801106
895738099
895672531
895673539
926149825
909367761
913562209
1056148001
1051822625
783321633
787525379
779136259
775007235
1865849907
1765706787
1752861986
1752812898
1752813539
1752823795
1765368531
1798906611
1836655331
1819874017
1828258533
3975742165
3975757447
3975887495
4105902726
4105898630
3032030102
3048761734
3069996422
3204215174
3204202974
3200242670
3199660782
3199591151
3199525605
3201622709
3189036733
3189032893
3189167613
3206444285
3206423805
3210620031
3218943327
3218680139
3738773835
3730390347
3730322763
3730383199
3738923135
3739140205
3722362893
3705581581
3705578765
3705650957
3697131357
2623405949
2623340015
2623305199
2623358447
2631877119
2631877533
2627557277
2644338573
2648043421
2639654909
2673199085
2669660141
2669658461
2671358285
4286161229
4286161279
4252607599
4252542063
4248435839
4248493151
4248493383
4286500167
4152280951
4143273847
4134827991
4134826967
4134892533
4151735029
3187036789
3170326101
3707058005
3572772631
3564384055
3564386606
3564444030
3589611006
3757391102
3734443510
1591152982
1607930630
1532237598
1263809854
1259087134
155980823
164220981
160010293
143233268
148410532
1213768100
1209570212
1208591252
1275965364
1276095924
1279699333
1549187527
1431738823
3614883151
3597043551
3597125406
3530016526
3538274078
3538212718
3546670575
3513213437
3514200541
3497465309
3497330172
3514111468
3514117484
3514117428
3514135860
3522450229
3518288661
3585127175
3585315607
3585258295
3620906790
2538839926
2522201911
3595942711
3725967159
2652222743
2652239127
2654811198
2654938174
2604536894
2575174694
2566786343
2562592565
2560562708
2560369156
2560385604
2560402244
2576724948
2576650740
2575611877
2579545766
2566953638
2567146214
3103967990
4211220166
4194447054
4194379102
4198507630
3939501167
4202890303
4219630607
4186170383
4190217485
4190222093
4190158397
3955277439
3951083119
2877528685
2877463277
2881985261
2873396861
2835652125
2835853837
2835853837
2835849789
2835871533
3910454573
3914713133
3958851693
3958786175
1794529374
1786144798
1786143774
1786143774
712389694
712389694
720843902
720831742
787940574
787940750
787945358
787945118
786898590
1861164702
1874796175
2109685391
2092924559
2092789381
4240240327
4240240327
3707627351
3707303255
3698914679
3698980215
3698947575
3699078647
3715767729
3589939121
3589999505
3590261393
3623688853
3589025461
1441017781
1373906871
1373975479
1440822199
1969246646
1969287670
1969266998
1969267007
1952493885
1952562461
1952692493
2082716425
2099485193
4246919705
4280449561
4284675897
4226990889
3952181545
3952116009
3951071289
3955274809
2873141304
2868951096
2835585064
2902645048
2902613768
2903900680
3849716248
3853324843
3853267498
3853267498
3854311786
3858509034
4126677162
4116396218
4116248714
4158175370
4158425227
4156327304
4156527560
3183391704
3183391336
3183387176
3183387176
3187581484
3179122221
2906426927
2805762607
2804453231
2787822943
2787829069
2809815501
2809819599
2818187487
2799182062
2799173870
3069706478
3069904126
3070112990
3061720286
3078499550
4148049358
4118691726
4118687374
4110294670
1962745742
1425816478
1425811902
1425878975
1358706591
1358705341
1358701309
1375547965
1408004669
1407775549
1390977325
1382589759
1399371071
1399495963
1400802907
1365167835
1364118171
1363430079
1346657213
1355095487
1893086399
1884692671
1884758207
1903436255
1936990559
1400203071
1382413886
1382414142
1399177022
3546593054
3547635470
3556019982
3553922590
2476054047
2543687197
2543751733
2514408228
2516476716
2507018540
2506956269
2423069165
3496810733
3513588207
3514775903
1400776015
1400844559
310186255
305991963
306127163
320614699
320614699
286000427
273533243
273533211
273668363
273669387
273601803
274634059
343904603
477081947
527414746
510572506
107919259
107910555
124622267
1164481963
1156093355
3299389865
3299586488
3299521944
2276111848
2264588648
2260394268
2260386572
2260697949
2259268205
2259198703
2548610026
2506656682
2502461866
2536085946
2519447962
2519377290
2537218507
2537185739
2503692795
2490061163
3026937195
3026808174
3035331070
3035364302
3186360014
3219781326
4276700878
4268294734
4264235550
4197134910
4213781295
1499996201
1508384809
1491611688
1487615000
162150408
200816649
173561913
173582347
169520201
173707341
182091981
1247445133
1327136909
1276805557
1278977956
3694705573
3698956981
3707477653
3707406053
3707291621
3724338541
3749455151
3749524519
3749523495
3745321015
3745386519
1430130695
1417548047
1417544463
1425935885
1424382493
1420294749
1604631129
1587855049
2128909963
2121040539
2116846507
2117915563
2117882283
4267577771
4292224427
4292224426
4254477722
3717541258
2647928730
2646880154
2374248410
2374317658
2376013594
2376013626
2377987374
2410275119
2242482236
2242482236
2510852380
2494076420
3165163012
3102247524
3089992420
3106769645
3140459246
3123601134
3123591166
3123324126
4180287734
4163581026
2024410210
2024413299
414922816
481835136
213395584
74980736
87741824
37393792
36341120
36619649
40357265
40033683
40040851
39877537
39857121
325069669
358615869
358684989
392379677
526611725
526415165
1063286063
971042095
971042087
962723127
963886358
961781014
994151734
994280830
994287070
994164190
994098686
994096638
2068028922
2067970010
2076358362
2042799835
2043127547
4190483195
4191008491
4224686059
4224617961
4216311273
4263233769
4263180473
3189434777
3208310153
2944060809
4026123657
3992572825
4261147355
3162206843
3162186297
3162449453
3179095853
3179099436
3187475756
3183280444
3214700828
2643223372
2643256268
2643452889
2627391915
2631486890
2625112234
2619869354
2552760506
3643410650
3643672778
1533422858
1542862090
2062897179
2062872619
2054463785
2048172345
1779736889
1778688120
1778689272
1778695320
1778752665
3943537081
4211538409
4245036011
3160279915
3170766697
3170443129
3166379992
3166265292
3180914636
3214533580
3197686781
2665017709
2656620911
2587443566
2671382782
4282000634
4282002682
4282064058
4282336698
4284315274
4250789514
4233946762
4242337482
4166844234
2019392314
2019507002
2021605150
2037980942
2063271230
2059010351
3669692461
3669504045
3673743421
3663245533
3659044813
3674777231
3678973630
2592651966
2592718526
2593044463
2609820655
2615067501
2648621949
2624934429
2624934428
2624918333
2624918845
2490702895
2491226223
3565099263
3565049999
3560888463
3544107151
1384107405
1920959885
1920439197
1920446909
1920446909
1647620332
1647620332
3795099757
3795623981
3794711597
3798906157
3807282987
3807373083
3882705466
3882693434
3849270062
4100919598
3035562303
3035563294
4105112863
4239334239
4239334269
3702480853
3723329477
3748526021
3744327045
3728727429
3748289957
3756933031
3689887719
3685552887
3689689662
3690734142
3690734382
3673690410
3671613738
1515773994
1511633979
1513665549
1513657421
1511566540
437828748
438025372
1528476815
1528493454
1568327054
1576682910
1559189502
1555003390
1555919614
1555591790
1555591919
1555588857
1572351992
1568161196
3745004716
3743945901
3745132733
3715785103
1576944527
1572751053
1555943005
1560078893
1560078957
3698125677
3716067292
3715535692
4277568380
4277633644
4277580604
4269052204
4269057069
4264864815
4264934446
4265524270
2118048814
2134821902
1999523086
1970161102
1971258815
1971133877
1953250485
1953312149
4100861333
4109246420
4105111060
3585431060
3619448372
3621578276
2682054197
2677989893
2643379733
2626668135
2626438119
2630615526
2621969854
2618897854
2618900398
2622176174
3695778478
3695713278
3713546702
3747114062
3730563086
3738951702
3739217942
3755978806
3722424615
3721245991
2646974245
2646916884
2680470868
2655894868
2655958356
2521728348
2517550428
2517501245
2651798829
2669493551
3713809710
3697089838
3705474350
3701415198
3701363982
3750221126
1451529542
1455731782
1447339090
1443340371
1443274995
1443274995
1460068593
1427030257
1947125153
1884015521
1893321393
1892276865
1892400065
1901833155
1935391091
1931214163
1914660098
4064227602
4080997666
4085060898
4059831586
4043062050
4038928930
4038933014
4036823558
3498920518
3498891895
3549216485
4090281460
4132222340
4128018560
4144992388
4228829332
4228805044
2081303999
2081303486
2085497502
2093820606
3565890222
3565882046
3582463629
3617072780
3331875208
3333972120
2262360252
3260609772
3262774316
3261791276
2196400165
2209229094
2175601958
2163150646
2163101246
2155793982
2153352767
2152238621
2160639500
2156439052
2156443452
2156435308
2160633836
2152310757
2215222757
2215283173
2504694263
2680863223
2665130103
2656811078
3191577606
3191575558
3191517206
3123355702
4197097510
3929731118
3946443134
1798956382
1799055710
1798989854
1798985759
1811564575
721111117
721123661
721155919
711705295
711705311
711709438
728495086
694776294
703165942
686388342
686382198
686382142
686417983
694806591
690612351
724302205
728485205
711705428
711709636
728495044
694940373
694809333
678033127
1751768806
1751776222
1751907294
1818983390
1827372798
1844123359
1843991253
2095649477
2095649492
2087203572
2088248805
2096638439
1555642850
1554652114
1554648002
1554729922
3468211650
3472400466
3464274034
3470651442
3466481714
2392720162
2394830374
2392613414
2392613414
2408903295
2379535309
2354872732
2355005340
2363408028
2631838364
2623322812
2619120380
2669448924
2652806668
2652827405
2652532031
2675647534
2675453990
2635608110
2618830910
2623156254
2627612958
2359180926
2359036526
2358528735
2375338703
2387909583
2388040845
2388045965
2388037773
2383778045
2385817839
2385899631
2369185583
2364434229
2365468469
2365340965
2356952117
2352744452
2285766916
2298354180
2293922324
2293852693
2344156679
2323174934
2316878182
2316890470
2315837798
2320033134
2328456566
2328525910
2328517958
2311736646
2362330439
2362854215
2362792567
2362755687
2362755941
2354371557
2354371557
2354445300
2362964980
2379741940
2413165301
2413099765
2388458485
2388453751
2388654455
2405358711
2380196951
2296310871
2295856215
2295646295
2287225047
2287225335
2283088231
2299930983
2304121703
2303072871
2345097815
2328132423
2328161095
2328226118
2387077462
2386950358
2386951671
2370239927
2361843095
2227621269
2227687325
2220215741
2220120509
2220194269
2215410525
2215131709
2215193149
2152413725
2177579548
3246993180
3314101564
3297324076
3234602028
3226209388
1074547932
1074059724
1074592140
1426890636
286105484
319666125
307078095
315470815
373920766
1464447470
1472832431
1435215807
1418371007
1418378173
1422568381
1426762637
1426774927
1460324751
1397706143
1398739343
1398673806
1434325390
1961763239
1961715109
1962700773
1962212068
1953811061
1932578309
1915856389
1920115205
1919145495
1919944238
1928341039
1945118509
1941057580
1907781740
4059480300
4032807052
4095523980
1410120076
1414302412
1959102989
1960217102
1601616414
3731287598
3727090990
3731285038
2590393390
2591360046
2588147774
2596544526
2613469262
2558981086
2558968542
2626077431
2358560485
2358561508
2354367220
2350152564
2367503221
2384345909
2388536119
2388536087
2262707990
2258449750
2274112918
2223781270
2223830431
2228061631
2227473837
2227473837
2236652973
2370877885
2366683645
2234759453
2216847629
2216831759
2485529407
2489723693
2514884461
2510750125
2547253645
2244219277
2219057545
2219254217
2219271451
2219145499
2228508987
2230634778
2230765834
2281634058
2263808266
2263336202
2263335178
2263335211
2264383851
2262168041
2261017065
2277777900
2227449324
3234082796
3225881580
3221621612
1074137980
1074011964
1342450972
268707084
286090508
286221644
319769933
307055098
38554090
38291946
42588650
1116450298
1401660890
1351524810
1351528842
1351521690
1418563513
1418501032
1422699432
1947003816
1963801512
1997413304
1996898216
1996891563
1460016554
1472529854
1468276110
1334061454
1334061518
1333799182
1317231926
1251114286
1270250799
1269260076
1235504940
3362572812
3358378504
1210956296
1212001080
1209903929
1477290250
1494067466
1536007562
1536006046
3666327230
3666326191
3662123693
4194665132
4194796204
4194743980
4194746348
4194736412
1783019804
1783019804
1783019548
1783011357
1845926941
1778749663
1778757790
1795600542
1812377782
1813432246
739692214
744868598
744880935
769943845
786721829
1852073013
1852269575
778462215
762203334
745490838
745360022
753748630
749592214
766473942
1873769431
1860526933
1852106101
1868950893
1835530556
1685572412
1685441117
1693772509
1693838079
1693955807
1710735967
1735705183
1731514727
1731519527
1730636837
1852210224
1852180528
1852119091
1852647474
1852188694
1852705030
4293790470
4260301382
4238805718
3634699894
2560966246
2560966246
2292203134
2292199038
2293246558
2297436751
2297453023
2305948159
2339633663
2339633631
2322717127
2322717127
2322717151
2322725239
2339600695
2306046263
2289199927
2289199927
2289298295
2297494007
2297481719
2305870231
2339477895
2339478421
2339502997
2339503093
2306079735
2306079607
2305977207
2305977175
2373020439
2372950327
2373044583
2373111031
2415062215
2415126661
2414918069
2389740965
2389741493
2389958613
2389899089
2406676241
2406655793
2406655264
2406719776
2305925136
2305930240
3375531328
3375533504
3375533440
3409086848
3677591728
3675568352
2048174308
2048239716
2047191844
1783016229
1783021357
1783072239
1779224751
1779228862
1796202654
1762586774
743883942
754437542
753257190
753261351
769980709
778332197
778333236
774201348
774299652
707186708
711902516
695193333
686672533
682482397
682613469
687856479
677243357
1767696863
1767172527
1868032431
1868549551
1834862526
1818092190
1817698974
1817630358
1819756278
1684360934
1684307814
1684302118
1742759987
1726355505
1860569105
1860503555
3999737858
3999672322
4284877826
4251846466
4243457730
3701935762
3701808866
2628001506
2629057250
2360355446
2360355414
2360355590
2381318422
2372946199
2406735191
2406673863
2415128023
2414935543
2339426277
2305870821
2305940213
2305915733
2305915671
2306042135
2305976631
2314365207
2314366231
2347891991
2347814263
2347814903
2339425013
2339429045
2339503095
2306079735
2303883767
2303879511
2303863127
2303797527
2372950327
2373044583
2406735319
2413030791
2396120469
2396033461
2389737893
2406532004
2356270000
3429970896
3425907216
3425855248
3425873664
3425872128
1278388480
1278388480
1277344064
1596099008
1579321473
505515139
1042646163
1042780339
775139489
775069921
775069729
775086113
779277345
779175009
779379859
657810562
1698063762
607276966
610487974
614550198
614583031
631365157
664856116
1726013716
1717624836
1713496084
1864561685
1830997013
1814448983
1827031735
1822935702
1822673542
1839454855
1877081799
1861281527
1852858855
1852924133
1853055201
1869681891
3979347107
3962642582
3832685462
1693610662
1688453862
1688258150
1688243750
1688250887
1692444933
1830926340
1847756852
1847782436
1849058340
3996520469
4013294598
4247129878
4234545878
4242999990
4171569846
2562005686
2561949366
2576361110
2306877382
2373985606
2378177846
2362445158
2362510566
2362664151
2358371477
2381378997
2414905269
2406518420
2385742533
2385705479
2402544151
2402544438
2398284086
2394088502
2394087446
2391920663
2396045559
2387657125
2404435877
2352139957
2352111253
2354215621
2354199109
2362583639
2362518295
2364549430
2372929846
2406501494
2331164919
2331173077
2331238549
2331017652
2305852324
2282783460
2282815028
2284939797
2284939806
2285071134
2381506590
2408753166
2391981126
2390982855
2659221652
2664464820
2521859492
3593505956
4130445476
4128479396
1712503008
1712499920
1712499728
1712516112
642960432
645219361
661935351
657744055
624386486
611718054
611779254
619791038
615603967
615643693
631302700
664856604
643885068
639887372
639826957
640073741
640073743
774293502
786941614
803589806
765845175
749199303
619183559
611675527
611413174
611527846
1685523878
1680147878
1680155574
1684087478
1692471974
1822507687
1822540389
1839256093
1839261196
1876994828
1868605452
1847760956
1848829997
4264720415
4197849102
4197843982
4214620446
4176937598
4172743406
2562130670
2562008686
2559848046
2291411558
2290362902
2290100742
2294291270
2302676214
2344862903
2328027285
2323898501
2327875764
2345698724
2337311396
2299628148
2301884949
2368940551
2368875270
2373069110
2375167014
2408719398
2340508919
2340471959
2327874965
2328924053
2404421269
2406604469
2373180133
2373122919
2356308855
2356292375
2356226838
2370836758
2370914614
2412965111
2408768663
2408685717
2278588564
2278588820
2270201748
2500958100
3574841300
3560155988
3560089876
4096960564
4096977940
4113722372
4111627276
4245837068
4283844140
4291184173
4286858861
2139375309
2139375311
2143776383
2143776573
2135255839
2118478111
2118613055
2118481967
1980066879
906440719
906366991
906366991
906362943
927204397
902581605
898526053
932084597
932137941
378292693
382490837
374111431
1175395527
118364311
21904311
9317047
76425911
76491415
76356247
1150029550
1087114862
1074536238
1074614062
3222211342
3222087950
3222026510
3230403358
3230648862
3230567966
3230574206
2156701295
2173478637
2207026604
3284961468
3276638396
3272444060
3507304604
3490658492
1343109612
1343106604
1343104556
1364137533
1384914445
311181071
311187727
42780695
1116719142
1116657766
1133435238
1137638262
1129245526
3276729174
3276597590
3268180054
3284949110
3251456118
3234748790
3230546519
1083062871
1082931813
1082931813
1078745956
1074584420
1074789876
1048004
269284740
269276045
269259677
806195647
806203803
806203803
806220170
806354378
806287819
810477850
818833690
885991690
902768906
1045315339
1045312267
978203146
986657337
985936425
985924137
1002702701
994385759
994389375
994323821
1002798463
1002798591
465927679
465927679
424017399
424017399
424017399
407371223
407240183
407223799
407223799
952481271
944223703
675788191
692498831
692565407
692567455
692436415
2063974335
2063974335
2064054159
2064054159
1795356655
3947012079
4019359087
4019243292
4019235084
4006653708
3998479884
4262613516
4279370268
4279435804
4248113960
4256444714
4290511914
4021831786
4273522922
4290287818
4258838730
4229676238
1547412686
1547362511
1547362509
1547325948
2134528997
2130334311
2126206497
2126042640
2126034480
2126033440
2138612480
2082055424
2082137152
2084193472
1949975777
1954219169
1979516067
1992102322
1992238978
1996308098
1927101074
1939618470
1939663526
1906108087
4120158855
4124550085
4151739085
4151616045
4147421743
4147438127
4113855022
4097053230
4096065838
4100916270
4105047086
4240312350
3703449614
3702925327
1559636045
1568103877
1601652676
1584743300
1582383764
1582387956
1582490356
1582474228
1582539125
2135995431
2101389350
4240484646
4240681230
4240677710
4248931150
3204499278
3204518878
3054703598
3054965678
3220575150
2544304550
2544107942
2528387478
2528387526
2549358861
3313242376
3295543560
3295544072
3295553288
1080895800
1076640040
1077680360
1075071112
1370248
1355144
5277067
13861338
30638394
41324858
36087066
36611098
1110352926
1110111262
1111216190
3260629038
3259564078
3251319150
2156475182
2156409454
2156660462
2157924071
2224843495
2224844517
2226701989
2381890469
2356695973
2356753313
2221486513
2221875636
2222859700
3296619956
3292358804
3292252293
3275409807
3258624462
1111140622
1111009550
1122543934
1118370094
1118364970
1386791723
1407959817
1400554040
1394197032
1460199980
3574133292
3574126460
3575249257
3306744186
3344464154
3336046858
2258307354
2391411002
2391418154
2391482666
2409177386
2409328938
2375664942
2381877119
2407043037
2406260693
2389546388
2390667668
2256449972
2255987108
2272637348
2536608692
2503186364
2486353564
2484251540
3021121940
3021139444
3037914164
3037983004
3040080140
3040212748
3023562268
4097207820
4097211916
4109782644
3048490983
3082044902
3086242254
3061150030
3054920830
3075876078
3084263926
3046519765
3029795540
4237562588
4107543260
4099155693
4099152367
4101261550
4252293358
4294179022
3740445902
3738346702
3729891406
3594637694
2520855342
2252547886
2277906214
2274756391
2274760487
2277324581
2277250357
2276197653
2276199703
2276199735
2280394022
2414611750
2414609766
2372682230
2288832902
2288832903
2355990917
2355990965
2355999157
2355999157
2351542748
2351600968
2368388361
2386210056
3459950856
3464227592
2390289273
2386082409
2254998267
2263387850
2209120970
2209190490
2209256298
2210312554
2176688235
2164039929
2155655421
2168229101
2201798829
2182793389
2182797741
2248829327
2254077903
2254074575
2262459086
2241487582
2224562799
2224825967
2229024623
2220102447
2354316079
2362847533
2358583609
2358255624
2358272072
2228276344
2239072488
2235009273
2233895371
2267978186
2267997642
2267820298
3345744138
3354202426
3350602027
3350602024
3321242920
2222209304
2218002696
2218002712
2234898760
2234821065
2212790730
3265560970
3265761690
2193003450
2192749482
2209522602
2211488687
2165342639
2167440797
2167709129
2167847177
2469836808
2453055496
2453121036
2457118732
2453451805
2453504317
2988343593
2975777599
2967393119
2967396959
2967397375
2969368559
2960981999
2960981999
2977746415
3009240575
3008117838
3003919374
2467113998
2433694766
2438872366
2428386095
2159943231
2242844189
2242646540
2276209164
2276987661
2226913551
2163999087
2164018662
2164054502
2155661730
2150488450
2150611330
2150545795
2150544771
2267722115
2250940803
2255139219
2259595761
2259653617
2259662433
2259463905
2528947168
2524752352
2654779872
3191639201
3191250069
3208031619
3174477255
3157720326
2889272374
2888072294
2757766246
2757766374
2766347774
3031571166
3029539518
3029342974
2496666142
2490370575
2178943517
2175151404
2208640060
2208578572
2191789068
2192313348
2196523332
2197801445
2189359591
2206136806
2170550758
2153773510
2153707974
2153691606
2172107254
2171910630
2239019510
2239019470
2239086030
2239143367
2239149525
2239145876
2239210900
2272572820
2273086868
2239532436
2238682548
2239674340
2222892004
2222367477
2222383829
2218157783
2218213079
2217942999
3289594359
3289459957
3289459909
3426968773
1153589444
1167225284
1167282652
1205093293
1205094063
1180130990
1108499134
1108556734
1175464382
1175465374
1192240334
3310358542
3293659422
3295826206
3300025118
2158195230
2175029822
2175029807
2275726125
2275726124
2279917036
2272576936
2272642440
2255938952
2264326552
2255987112
2254738409
2250540011
2267394683
2233967179
2233902859
2233906443
2233906185
2239216665
2239097880
2507467800
2515922200
2650210104
2683756073
2414298667
2414167610
2414085690
2414085690
2414084906
2414154026
2414161962
2414293050
2414227482
2414764042
2347589706
2315042894
2315029983
2305395423
2288622301
2284444317
2284444367
2284550863
2306502559
2314890685
2415554037
2415422965
2348305877
2338868469
2338966772
2339044469
2313841989
2313890119
