627964279
627964279
627964279
627964279
627964279
627964279
627964279
627964279
627964279
627964279
627964279
627964279
627964279
627964279
627964279
627964279
627964279
627964279
627964279
627964279
627964279
762165623
762166647
963490293
963490295
997044671
963490235
963490491
963228347
963229371
963230394
2087303866
2105129658
2103098010
2103098250
2001382794
2001253770
2001269179
2009657515
4157173945
2002677945
1901461608
1899365416
1899375928
1881550600
1885808137
838279689
834011659
868090635
865927483
870068715
927737257
927739321
860638600
868601800
869652424
936899080
938959368
367354392
350577179
346421050
351794538
343272682
339006634
271958154
271962250
275234954
275169483
325500937
308736008
308717368
308719208
317106921
316975801
300718987
275549339
271353018
272404667
272207931
908759087
912961829
921346341
921346065
912949249
908755971
908758019
1043306594
1026414690
742217766
673647654
690295846
727982374
719659558
716124710
1002308182
968558278
951795398
951659207
414722693
418916997
416870077
416868269
953721261
2026680751
2026680751
2017763754
2013569466
2080616862
2080543070
2085802270
2086028095
2096502319
2095398441
2028289577
2029992456
2046704392
2044594441
2074020873
2057110553
2060190745
449581115
441196923
441196971
441213867
995074987
961524649
961385389
961319869
944550301
944550293
2013640023
2013705475
2014772482
2016820482
2015762690
2019958050
2041453862
2057962791
1522139927
1519977413
1518887812
1514709412
453551524
403221917
403286431
403352062
403617886
420395022
1515115534
1516158990
1591689246
1591537727
1586291501
1586291237
1603065380
1573652004
1561079300
1225537028
1208878913
1208622401
1237981635
193608131
177871299
177801619
1251489185
1272471968
1230561776
1208611152
1208673040
1213178416
1217372720
1267720721
1250944561
1250709218
1250712994
1242360994
1242102950
1309265062
1326089358
252617870
219055246
486968670
474450198
483891990
1560062502
1572646439
1543284261
1517916933
1513849092
1511702548
2048573540
2051690596
2060156004
986413157
987314277
978926671
974856271
456798671
423297483
409666523
417928953
413743849
414788328
414792445
418986973
158873933
192439559
169365767
173760823
175792934
184181298
184210194
200000274
157925650
157925458
141155794
141269426
418102179
418949795
414755493
418950837
427533956
456906628
507200964
507120933
507194663
511257895
385428775
381232438
112787718
116982530
133767955
100279827
82517507
82398787
83478099
93946867
110727635
249278593
240824449
186355841
138251445
405588199
405592175
405617007
410724139
416817771
412623483
411575001
411575017
411575977
210266792
264825528
239909513
508476297
1457430411
1459520907
1391231385
1391296697
1366209769
1886369068
1882040108
4029456932
4096762401
4096717346
4230935330
4235018530
4251455522
4268305458
4268361730
4276750338
4205447441
4205529712
4205379284
4210616004
4200112836
4195918572
3927483364
3931808197
3923685703
3900604686
3896495422
3896277806
3896256814
3896257838
3896456554
3900572106
3908698570
3904377307
3902284267
3902549481
1754016201
2022451657
2039228617
1531919563
1531909194
1531904330
1540162522
1506751082
1489838698
1489580590
1221079614
1216964365
1217096972
1233877260
1229543500
1225378005
1275775109
202037635
219082114
223256962
265195907
244285905
245006448
1190821936
1177198608
1177256960
1177210897
1194008881
1144595297
1423454817
1418278437
1418280485
1418230308
1422453524
1414048540
1409854220
1460256588
1376290380
1388872445
1388872685
1388949999
1380688103
1376380151
1443456215
1460301254
1426746306
1430940482
1472876354
1456162642
1457111314
1448722690
1583055122
509317427
509322547
528084051
490338387
421120246
421091559
421096615
425419943
995833239
970609543
435901061
414840501
414840549
418969589
408479189
421061893
454681621
456844309
461034807
459982135
1508626231
2045365879
2046414455
2046416502
2046419798
2046353743
2038030367
2038035517
2021383213
1748752429
1748760893
1748762429
1752946493
1752810367
1759040127
1759044207
1750655727
1749608173
1745413869
1762227901
1762334623
1766528398
1749753310
1758009590
2026584550
2026576354
2023366642
1553668034
1555764162
1555764098
1606046083
1185599873
3337257344
3328934288
3328938992
3463181168
3463046000
1316512544
1299718436
1283006772
1283133708
1283129613
1283000127
150550062
150484526
142095934
142161422
142095886
142096142
158876494
192528719
175800799
184189406
184258942
184127866
184070522
192455018
190357866
157001066
167486810
431592794
1504281982
1504413039
1504359661
1508619516
1512670364
4198006932
4198084788
4196065716
4198162852
4202353572
4205724324
4206708388
3151781876
3117707076
3092606769
3092696865
3101675283
3103774227
3103642115
3103642131
2566738483
2581410339
2581141027
3118008178
2614697842
3680320882
4200413458
4200413490
1515534386
2052536370
2051480594
985936898
985670726
448799814
448799830
448806390
465599990
457275894
465664502
465697270
465697270
465697270
465697270
457308662
457292278
457293302
465679806
465679806
432125374
146913214
146914230
146913970
146913970
146897587
146881139
146946851
163724577
264385569
257295361
257307651
259396611
225840131
226381058
74139922
74172786
82442610
82438482
95025490
95017330
266984946
1323957618
1323957618
1324086546
1189860626
1206508915
1198128499
1198128625
1173093841
1173069264
1172934640
1164550112
1160298464
3341401040
3341532096
3328948928
3597384400
2523511536
2536095472
3073089265
3073089137
2703857251
2703799906
2737368674
2737368674
2707980263
2691194815
2691387290
2691255706
2707970490
2741524922
2749921466
2733209786
2729011418
2729175130
2729114634
2733307147
2724914955
2724947739
2737333050
2707952426
2691371818
2691305786
3026851162
3026783450
3035105498
2498238719
2494052597
2510895312
3316201536
3316263936
3320459264
1160392704
1160392704
1160650752
86914304
86904576
90918657
99208017
132766673
124378065
124377552
107731408
107731441
120158705
86600179
86731250
74145778
82528242
78205810
78213906
78246674
15328051
23720755
23852659
23812787
57236403
48847795
48855986
48814518
40401326
40402350
40391083
48775339
44585129
44724392
48914856
23814568
2876904
2818012
2801628
2735101
275299311
283687918
300465022
300530558
292272991
292272991
292289375
300547967
300678509
1374420335
1374354734
1097588014
1126812958
1093181198
3244865294
3517559582
3517690654
3500912958
3500913469
3567956780
3567956540
3697905212
3693644316
4230712012
4230659020
4231703948
4231718332
4248465853
2105409991
1971257799
1971257669
1971257381
1979544612
1979477028
2147478788
2147413253
2130628357
1584383685
1449509589
1449415669
1583616981
1467286525
1433801191
1425417703
1423912231
1419585575
1421637671
1421663287
1438446663
1476239559
1451200967
1446936963
1446937011
1446941095
1446438838
1446508438
1467473846
1442707366
4126959078
4126959094
4110181854
1977361662
1968977134
1968969198
1977302527
1977230847
1977231357
1977300989
1962435327
2088297215
2086183518
1951971150
1952222478
1950910494
1950910503
1951046693
2086321184
2086315056
4231782672
4230505072
4230567648
4247457457
4280946307
4293529218
4272555666
4272751506
4272165362
2125738354
2142511143
2113152039
2087988269
1546923037
473379869
339087373
339608077
343802389
352257557
79449605
82628355
74222659
70229203
338607299
338605441
892249475
1982769027
1988069043
1982830257
1714402993
3861754545
3861230257
3861246625
3861181089
3865076197
3873448231
3890217238
3848348942
3831704862
3831704878
3839982894
3835809118
3970289103
3974483343
1818742159
1818738071
3848449191
1709352103
1742987479
1734463941
1830941125
1696719333
1696817637
3848496485
3840040209
3840067841
3856780561
3890278177
3890259779
3865166787
3865428931
3861365651
3861304227
3865568163
3865142247
3865142263
3865138037
3890300221
3856927789
3991148591
3991152702
3915720718
3949407502
3949399310
1785071374
1793983006
1794052910
1789468974
2057904446
2074615838
2075656254
2073567278
2038964282
432546939
415858011
415889753
432666969
432666904
424279864
424408920
420149064
1493947208
1497994104
1506326376
1506328424
1502199272
3687489016
4224368124
4224434172
3142172412
3142162172
3142162156
3108615916
3108747005
3108681445
3142227685
2874839013
2874904037
2874777077
2883108341
2874723831
2874793463
2870703958
2839242742
2839156726
2822379510
2825598454
2850887158
2846688438
2846692534
3116184822
3114087646
3100982478
3100912718
3099880519
3099913279
4173706607
3100088143
3116742349
4215664333
4199542493
4195287021
4195272172
4195272172
4199498061
4199358733
4216135949
4183564331
4183568427
4166844458
4241425466
4241431754
4241435018
1556490634
1556543882
3712403866
3578236298
3612641162
3612640138
4143223242
4143288618
4142838058
3069026607
3068961069
3060769564
3074352908
3074324340
3040741356
3208579053
3212642221
4286390175
4278136718
4278005646
4277415326
4294196478
4260713598
4241936398
4244041999
4243911437
4243891773
4243891757
3170215468
3168777772
3093141053
3092043341
3108894175
3117342191
3117321454
3118435822
2850000735
2875194959
2873026063
2872768287
2855924013
2927120428
2943877164
2943942936
2942182217
2908628937
4259196841
4242475435
4254861482
4254877850
4254886026
4259112074
4259098762
4244603226
4244537646
4236157742
4232045350
2621301527
2638046999
2638112055
2606392359
2614772791
3147451733
3147521349
2610523973
2579099477
2579095413
2616772453
2589509479
3122446975
3122516558
3122619230
3120948590
3125077358
3133459950
3150761438
3108810703
2840440781
2840569820
2832119276
2832172140
2849866860
2841429084
2837308492
2837343613
3105766759
3105758695
2841511654
2845181671
2845771487
3114024527
3150720591
3151818055
3151883367
3151924327
3151938911
3143620430
3143427662
3143427822
3143495406
3143491310
3142438894
3143484814
2841634190
2845811903
2845607341
2912716220
2916931468
2904352716
2906255308
2906357116
2905283692
2905476204
2909674604
2913867117
2847823199
2847899471
2881285966
2883382606
2858200174
2858257454
2854128662
2870905862
2938086662
2904466998
2908141094
2908147238
2857879079
2853979735
2853975509
2853967093
2855535845
3933537509
3941991655
3954578679
3918935111
4170609986
4170704194
4169461587
4173637475
4182025809
3645371972
3675156036
2584641364
3122580964
3193817316
3202140260
3214920820
3114179909
3114250061
3101534031
3093083694
3090995054
3091056494
3091023854
3090704366
2826528750
2835052270
2830851838
2835042271
2834882381
2834885901
2841177373
2841177405
2841503004
2824791356
2824794924
2833138476
2841446236
2841394508
2837196284
2875140589
2883471853
2879278591
3147779535
3146638542
3146048718
3150226670
3141899759
3142029295
2839973599
2839981774
2849484414
2916390511
2841413167
2841428526
2837430798
2820367183
2822251901
2822257901
2822507757
2842561709
2846756029
2847808925
2847352207
2845060494
2845076942
2844060926
2848308590
2840497471
2840497677
3143607820
3139298828
3139305004
2870861356
2870824748
2870795580
2883449981
2879292783
2879292782
2879231982
2879166206
2874971742
2870525262
2870717662
2871000318
2873056494
2856197358
2860391662
2866679294
2883456462
2882809294
2849254862
2882874878
2866208239
3935752189
3935670221
3934564173
3938757709
3926174749
3943152685
3911097391
3961443342
1816052750
1832797246
1866400806
1852048679
1860503143
1861682773
1862219333
1862217412
2144808644
4292160405
4258741141
4260776580
4260776580
4256648837
4256458421
4260685477
4260685797
4252297061
4252485429
4286041861
4285918983
4285590806
2133912614
4264655910
4265020454
4214689014
4183248087
4166479239
2018934149
1758646213
1758973639
1754631767
3902058022
3902057766
3906251878
3897879654
2835672166
2869951526
2870893862
2837335614
2836794910
2916568606
2914385470
2914319918
2914311726
2914307709
2851403468
2839344844
2839299724
2839430828
2839418604
2822643692
2835299836
2830907485
2830908445
2847681597
2847878159
3109954831
3109954830
3138135374
3142329854
3142530286
3150861486
3146663086
3146597582
3146638542
3146640847
2613964255
2605571565
2572017133
2567692287
3092960975
3091920591
3091920589
3100432237
3117194540
3117195052
3118259996
3109938700
3108890124
3108983324
3108914029
3118350703
3118286318
3118222830
3109833214
3105679566
3105794254
3139348702
2874055902
2865595598
2865538254
2856624590
2852496895
2869401071
2869335919
2836317807
2841560607
2841574927
2841505295
2841443629
2877086765
2877082668
2858372156
2858310668
2858298636
2858299196
2866626092
2866615852
2861368949
2861498951
3133880263
3134924231
3210431735
3210300662
3218726134
3218789831
3218765255
3219089350
3210504150
3210536422
3177045479
3168783847
3168718789
3160408005
3159748421
3155471717
3159735589
2891292453
2908128821
2907100676
2902844932
2936301108
2937354020
3193193765
2933654629
2946305271
3219004614
3210619078
3210619078
3219069158
4156361895
4139713943
4158534535
4157940358
3579060894
1414800302
3562348718
3570860270
3503754334
3503753230
1356097551
1422190871
1422691095
1439533574
3604911623
3739136519
3732845061
3665728020
3665724000
3648967264
2558513904
3095257840
3093096165
3093098471
3100437990
3100436646
3117206702
3150957726
3108435406
3104203982
3104253134
3087471854
3091678318
3100036462
3095842334
2828004878
2848779790
2849809934
2883368559
2866644845
2857207532
2852947660
2852974284
2869817052
2869886956
2875116908
2849850412
2847753277
2847757325
2852086799
2841601103
2841568623
2841566703
2848376830
2848835534
2848777678
2848843214
2848961774
2882507886
2875034671
2875034637
2875190540
2870931212
2875129388
2875115052
2874656365
2857715455
2857662415
2853447135
2853514733
2857831789
2866220397
2933851421
2933860109
2933860109
3202229519
4276042782
4208942182
4208807015
4208905567
4208870735
4199966543
4216677711
4183158127
4183162095
4174892527
4174826975
3101673415
3093161927
3092047845
3092047332
3092051300
3100497780
3117340164
3176064516
3176130068
3185432100
3218982695
3198010662
3204007286
3195553014
3191700694
3141430486
3141430486
3109543158
3117927894
3117864390
3143067590
4215664070
4215598566
3141905638
3151334887
3147205973
3151398724
3117802052
3109347956
3105153637
3088896869
2820494951
2820554454
2824743622
2824150886
2834566502
3098805606
3099329879
3097310535
3101435334
3100403142
3092016630
3100507366
3117274598
3117270518
3117275079
3109021255
3142544967
3142549351
3142541159
3142045031
3150825319
3150829519
3142379469
3142379469
3142432237
3142554860
3150939628
3117270988
3108824780
3154962125
3154503405
3154599407
3176549615
3219016943
3219000527
4160629895
4141755527
4141233311
4132770991
3595833519
1448349887
1448419479
1448419543
1475813414
346428450
82185490
81856770
73415170
69303810
69391874
207782402
1306624770
1339068722
1322296610
1313910050
1316203826
3488787714
3466757442
3467019075
3467101168
3468444388
3464245860
3476824620
3426624028
1547572748
1547595548
1547233596
1551415341
1551415327
1551415503
494439567
511345806
511606927
507416711
1445367957
1983312037
1983275173
1920345509
1937190311
1909926790
1909922694
819142534
819009462
1892758502
1892954670
1888752174
1890845230
1889808938
1889804858
1893998906
1357123625
1353452584
1438386200
1470040072
1602620296
1581447832
1581444744
1313911432
1321251467
1304466362
1279370154
3422806698
3422776938
3422693934
3435276822
3296864774
3296865538
3298185218
3317153794
3334111234
3337256961
3261837648
3257512928
3257635824
3274343296
3274347392
3325732752
3323571104
3591945124
2518276516
2520553893
2533140909
3065293227
3082061211
3065020825
3069219064
3056841048
3056775485
3056788269
3055739685
3060262695
3060262758
3078026710
3027748294
3024047494
3023982479
3023994783
4101986237
4110358509
3031249789
3031181116
3035377468
3035376444
3035376428
2498722604
2515532604
2533350932
2529149444
2529051137
2663367170
2667369058
2683085282
3211559138
3207122086
3207252166
3140130886
4201297990
4269455558
4269336805
2115529908
2115511428
2115510708
4246352804
4242413220
4240311952
4239787648
4239726272
4260634160
4294192672
2141202960
2107783683
2090999314
2095255330
1952449570
1948255266
1949303846
1683031046
759182534
792732806
788542870
1023619222
872559790
339942574
348391598
277809310
1083062414
1099836302
1116170910
1116076686
1116055438
1116184974
1116123598
1117229350
3269754918
3244590119
3224210479
3492654143
3492591663
1344915503
1346078765
1900710700
1938464492
1921761020
1925748380
1913173636
1913165444
1913306772
1913290404
1930378932
1896683153
1879454613
1883644149
1354113077
1353588741
1353520141
1353459997
1353513581
1371327213
1371311021
1398197179
1377230219
1446433163
1445319562
1449452266
1457807978
3605291562
3621794346
3579863595
3563087659
3706874155
3706911001
3702901001
3702847757
3702844191
3707229711
3698770694
3627204870
3627188262
1479647266
1494344802
1527966915
1581410435
1589794945
516323729
1590057361
1590042001
1464272304
391382432
391128992
374416289
376648369
384906881
384841411
384835411
401619235
367032611
350320931
350279953
887134465
895530752
929215040
1046655572
1047564917
2119218743
2048113174
2117253686
2117319206
4263575078
4280317735
4230107199
4238495773
4238491677
2628928605
2558543085
2558551141
2646861109
2655175967
2656490767
2664881423
3748940063
3749448046
3711839230
3716026318
2641233806
2372868046
2373530970
2373465402
2379752746
2358847274
2375681578
2375627290
2375578122
2358813211
2377687848
2381877544
2415427880
2280226904
2271839304
3727408376
3744180328
3744192872
3711618808
3711582936
2100961864
2098991689
1562128971
1544828507
1289042282
1217734762
1217755210
1216735310
1216851150
1216520398
1246146758
1310097542
1581154435
1580105857
3727593856
3727595152
3711872688
3695046305
3564924583
4110237350
4110171566
3036427694
3053200878
3049006558
2512332238
2512332239
3585947103
2547874911
2538953749
2524269589
2255967509
3598083348
3614893844
3590255124
3573471188
3569342389
3573319591
3562833830
3562841510
3575423398
3609194934
4145468366
4145476446
4113946431
4118076973
4118085165
4118075935
4059360030
4092979982
4093634830
4076796942
1920910350
1920549918
1920471086
1933127742
1937388567
1903825940
1910113908
832243428
597182116
600634036
1917645460
1913451405
1912889758
1912882606
1929760234
1879505770
1893132842
1620503082
1891085838
1957996303
1974771724
4122247192
4151607320
4129062936
4129197080
3860773688
3862358568
3866552872
3873921577
3865333257
3861148169
3862848072
3879617240
3833545640
3841814952
2768069816
2768108728
2763902136
2763902393
2763825067
2763828906
2780608234
2793182954
2788472570
2788680442
2805392251
2805393279
2809578815
2801095983
2801038383
2801038398
2792845322
3861778442
3995996186
3997045818
4018017338
1845367898
1828076618
1828076746
2096570314
1962229403
1962245819
1962170027
1976882873
2010445529
2010440153
2002052169
1985455113
1987482649
1983288345
1714935097
1719006763
1851119147
3998602795
4000827003
4000794235
4017423099
3984327419
1820070395
1828524281
1828532473
1828528249
2096963705
2097095801
2095000665
2094870361
1021062744
1021062728
886863432
886884040
888964808
1961657016
1977915320
1977923512
4125464504
3857680120
3849295608
2775498360
2771299897
2754522665
2892932649
2893017659
2918040107
2943169066
3194827306
3190100522
3190554922
3056074798
4134015206
4143517862
4139446418
4137328770
4120554627
1952098433
1950062721
1949993345
1948944915
1948944929
4113550880
4134331936
4134331168
4134330656
3085882416
3035286784
3169471744
3169454400
3169401665
2632654690
2632460130
2548573026
2527596898
2527790418
2527595622
2527598694
2259171366
2389194766
2386262030
2386226186
2639958282
2631569753
2627376088
2627441404
2627245740
2558037692
2552797852
3107699340
3124406924
3124423084
2855987436
2860250220
4008198189
4009254925
3862585544
3845791880
1950228616
1950223496
1618415512
1626802856
1622478504
1622417067
1622441690
1622474314
1635036746
1664921162
1648144346
1647685002
1647687066
3812067241
3809903272
3877016248
3878871720
3877889000
3814728040
3814727977
3797955887
3806469998
3806464742
3802270438
1654667926
1923099014
1927294086
1390554246
316814471
316806279
312476887
312476774
48291878
14716950
6459398
274895878
342002950
350259494
350267686
396666918
916764709
921090132
1045866692
1041671300
1040629908
1041154196
907985252
1986937637
1994736175
2003068462
1948576318
1948641806
1952885262
1693354510
1823443486
1822263646
1821151437
1820635356
1862578412
1845817580
1846894824
1796613096
1762012905
1745238779
1750473434
1758923482
1823820538
1840544714
1873048906
2141474890
1056309263
1045823549
1041637420
1057234988
1057235244
1029582440
534645464
532548296
1521896075
1520818826
1520736970
1524926426
1517064682
3661407210
3648955114
3640566506
3636372138
3636168360
2562297516
3103305644
3094914980
3090982820
3105728464
3105810384
3105877778
3105778482
3109960482
3095269154
3103655186
3098411266
4171890694
4171776054
4171812909
3908627560
4185438408
4212689032
4195989640
4195920008
4195936392
4197985483
4198117578
3661238634
3673821738
3652846190
3636068982
2562197058
2293771971
2293787552
2298009760
2351549568
3442082944
3458859392
3458868096
3354059396
3585008276
3589120684
3497823980
4030499560
4030507656
4030573192
3812534920
1647807113
3795288778
3795747338
3794698810
3861872938
2787962922
2787959851
2788158493
3991823628
3970840076
2897086156
3170240141
3092520351
3092524206
3092522154
3163825322
3163686123
3165783113
2628974024
2627790536
3718293240
3727992424
2654245608
2654388889
2652296907
2652826746
2675955754
2498742314
2498398218
2498407690
3572212234
3706233374
3697865262
3710441006
3711487278
3745237030
4279949382
4263177414
4267361478
3737895110
3739205846
3755888855
3722338805
3705611253
3701285797
3566744237
3566737068
3566737324
3570931624
3579323803
3614977418
1463496074
1463434634
1462376442
1433080186
1365795098
1374216459
1374192393
1474922009
1449831976
1445636649
1982442025
2121047851
2125235259
4273766411
4210851865
4202623017
4181614632
3091080232
2553950008
2558134809
2566588025
2562204379
2562208479
2562200303
2293769134
2291676583
2291666083
3365410961
3436976257
3428137091
1276520833
1293037457
235041683
100811651
100913602
369156355
302035255
315666735
315664175
860929578
810584618
805341738
872655370
1413655498
1413646986
1413926590
1464731326
1447953038
1447695246
1451897038
1184510063
1320689709
1605918764
1555590188
1278789932
1278839100
1293584396
236632077
102406159
373195854
377389254
377061510
376996007
117162150
1190813862
1299850374
1279143046
1279073494
1279203190
1153373734
1153184358
1151083239
1151099580
1151121052
1151113132
3294397868
3306980524
3611278492
1463725388
2000071948
1982245148
1713547581
1713473821
1646365455
3793927709
3862074925
3859976765
3858952957
3858907821
3859153580
3846636200
3839165096
3839890360
3839899032
3835704537
3835767897
3970116635
3970000923
4255410202
4288964634
4272711706
4294928458
4252907978
3698986378
3707372938
3703177658
3703116202
2629374378
2646098090
3198996730
3198984204
3198985484
4272729612
4268534284
4264331804
4264332828
3190720028
3190727196
3207520797
3157148478
2901213422
2901168302
2897039547
2897204379
2898263193
2898262265
2902255737
2910644281
4013222969
3996638235
3996570651
4264981515
4265481275
4265477225
4265477225
4269671928
4269754312
4276049608
4292866760
4255114957
3164464847
3164464846
3164464894
3168597742
3033813678
3050652590
4158063038
4141088958
4132704427
4127465641
1694770393
1678142473
1679190025
1618922249
1626245641
1625860619
1677241867
1649972746
1644734026
1644750506
1644757674
1644823210
1661600426
1615467162
1623925147
3768328377
3769368808
3769486392
3769411608
3769411592
3769411848
3781999112
2704186888
2704180744
2972353048
2973418088
3040481897
2977511019
2985833769
3048804665
3048865801
3048869903
3082313775
2528698415
3065548847
3065544831
3069740238
3057159374
3057355006
3057293547
3057297627
3057313995
4131317835
3862886603
3866975419
3866918074
1736404154
1736371354
1698619290
1680852634
3832005278
3764765343
3764777599
3773096501
3772831285
3764446773
3764449077
3773034293
3773225269
3836135733
3836725301
3856455733
3873242133
3864548439
3864526919
1712984151
1715085431
1719279983
1719337515
1709900347
1693128267
1688944201
1689856584
1958308552
4105759432
4104698568
4108881608
3832057496
3832055480
3832525480
2767106792
2767188584
2767057513
2783957739
2783969258
2783816618
2775366570
2775354298
2758579850
2754392714
2754458314
2754449963
2888684075
2909659691
2909659435
2951471419
2951364891
2951364891
2951430650
2926134778
2927193530
2927323546
2927257754
2927192250
3999811834
4008298586
4000044042
4001034250
1851449354
1847255050
1847222282
1780106298
2069513274
2046446874
2045464410
2024505210
2024356730
2025405274
2029535050
2021142363
2021207673
2021359213
2029614700
2029606524
2079871981
2063098365
2054693084
980951240
456863960
422187992
409606872
434768472
435816984
448338520
448326216
1526247112
1525195400
1583907464
2137686664
2095743640
2095756200
1827648427
1818604970
3961885866
3961565226
3978338602
3995133738
2921590282
3995265545
3995232792
3890367016
3835890200
3836022536
3836544268
2767127556
3027112980
3027051552
3026988064
2494313568
2527985888
2460881280
3534623617
3534574466
3266109346
3270302114
1110243746
1127012838
1346305350
1346282246
1881055494
1880924462
1884070190
1632412782
1649186910
1649182938
1645054170
1645189370
1645133034
1712239723
1716445288
1851711721
4018037213
1832788429
1816012749
1816016383
1815942638
1819812846
1824069630
1824196303
2092639951
2090348238
2107141070
1603824078
1593534590
1580877838
1580861446
1584335894
1592753446
1592715053
2125443884
1056740156
1048359188
1061134404
960397508
674988212
742109356
741990568
741957865
741945595
742070122
1815681579
1820072489
1694239272
1694251544
1975269896
1992157704
4138370632
4139352652
4139287500
4139291087
4135170990
4131037870
4146769582
4247444126
2099923590
2117028230
1982599342
1719410926
1718886638
1635123406
813047950
812002694
811805350
821111462
816937654
814807734
864070358
915711494
848601351
1660715012
1647087652
1663672356
3760892932
3760891972
3828271572
3828272804
2766951084
2762216105
2763264699
2783191754
2816747258
2816748394
2816739370
2800486458
3874310170
3874408458
3874421770
3874398218
3874398235
3862859835
3879637050
4097757194
4096705610
4096150986
3827764910
3831836334
3836556974
3836482223
3836482220
4121440924
4121436556
4151845004
4147658952
4148065384
4148063272
2000579592
2004773896
2013101320
2013025560
2013021560
1971061224
1954485241
1954419339
1954420362
1960785594
3566829290
3568852714
3585658842
3585722187
3589005899
2506809931
2515247707
2516296443
2545660649
2545727465
2543624168
2547813864
2537328120
2537542088
2537485128
2520703817
4131316537
4135481642
4135407914
4135413034
4131283994
1983831050
1988021258
1988070410
2004663321
4151094360
3844977736
3828056280
3827991032
3832251128
3832271592
3840668392
3974718185
3974915818
3857477610
3882621418
3865844986
3861787850
3861258442
3882225866
4159111418
4121380330
4155725290
4159727050
4151371082
4132496714
4141282602
4137074731
4137140347
4153856217
4160184520
4118618360
1949577720
2083983865
2083914745
1953893995
1693927979
1688525355
1688513035
1738844939
1726263051
1713673737
1713866265
1713865241
1714917913
3862360617
3861303913
3861299817
3882768361
2700041641
2699942329
2695748505
2695744152
2700074648
2758669960
2754405000
2754405032
2771186280
2792149801
2800546095
2800543022
2800544814
2800610350
2800667710
2934885398
2926509062
2927553542
2923324694
2923390774
2923329398
4001252302
4017047439
3983361437
3849145500
3832372380
3840769212
3840375996
3836114076
3837162716
3837158621
3853919627
1708468122
1968451002
1951739306
1951739306
1683436986
3839296922
3841279371
4109718857
4108711176
4109165848
4109166360
4125943352
4126008888
4126078520
4159589945
4159653674
4160554218
4143718570
4143718586
4135518346
1983774858
1999521674
1949227738
1949231738
1953344043
1709488699
1727315467
1727309323
3862209049
3860177465
3860247097
3860255273
3809899113
3759543017
3759998443
3766226091
1618742458
1626150074
1622085882
1622028378
1622094154
1890328842
1891378442
1891432763
1922861113
1989974024
1993055048
1984543304
1980274376
1980273352
1980338889
1998509003
1967010042
1949704302
1949705326
1951734822
1959076910
1958815054
1887642191
813830861
830490317
293914332
327452648
332170344
307147848
1376694344
1913566280
1930343880
1930342105
1934536361
1934409385
4145854123
4145842058
4146038154
3078542746
3086939562
3086934506
3086999867
3049055033
3048006200
3048006200
3215255080
3219455528
3194277481
3190050667
3190101482
3191148874
3191803914
4282265610
4252901402
4110300219
4106105881
4106106185
1958557641
1956147097
1956407211
1574725035
1599866042
1463615674
1430192346
1411322970
337581370
341191994
349581082
349597194
345433678
395834318
516199327
507814335
1040490671
1040494765
1040482477
923567341
891192524
1964420556
1968615292
1968680548
1967427172
4114908788
4249200196
4257670853
4258719431
4116076278
4116520870
4116461478
4124841390
4124639406
4120576190
4122685598
4121453023
4125681117
4125667197
4150835740
4146641420
3794573836
3794569740
3794109965
3794182687
3861295647
3861299775
3861267047
3878033319
3764849829
4042067125
4042067092
4038007988
4037944501
4037944469
1906714039
1403397879
1369773623
1369715221
1084498445
1084515087
1088741391
1076219950
1076220974
3225259306
3235679018
1352436714
1402768314
1386188682
1390315403
1381664137
1377493400
1379459560
1379688744
1933186360
825894184
825962280
544943913
553338639
551143178
551059738
550016298
583566634
583566698
575245786
1649182618
1644991167
1645056686
3792622334
3792597726
4027462398
4027463214
3034459438
2629638454
2628331798
2629445714
2629381362
2495116467
2495136912
2426963076
3261762688
3257572736
3526023552
1378507200
1378499632
1378362401
1915510823
1916788775
1631506750
1633469214
1892450958
835487390
835488703
860642237
302782869
302258580
1381374388
1456879012
1454563748
2008195972
1973465924
1956684549
1893836293
1885584183
1965133095
1998625838
4129336382
4146193470
4246943022
4230356846
4234546926
4239789806
4238675710
4238616150
4121174294
3618644246
3606061062
3604156422
3604160518
3598804342
3348332535
3616702429
3583147980
3587559388
3579104748
3577513197
3577513083
3715667034
3715671050
3715736602
4235961370
4231701822
4235900718
4235973166
3170427439
3186156141
3186185981
3177731804
4251455420
4252506540
4118510060
4118444525
4118731023
4118731791
4118803470
2004874254
1985339414
1985470487
4132888629
4060467428
4060889252
4060890532
4060694180
4090119860
4052383380
4035634820
4102743684
4107855556
2490950245
2489901863
2490098974
3580879902
4084071470
4084059182
4067346462
4084123662
4084128974
1904204943
1910361227
1901911195
1935473850
4062012586
4062146778
4062069210
4066329134
4093116974
4038595118
4038603325
4038599192
4038599208
3568840488
3568834856
3585673496
3749337353
3745184586
3745157066
3711475658
3711473050
3698886074
3705184442
3700990138
3705249947
3713786009
3711619321
3577401577
2541416940
2549805676
2545603180
2528703100
2528699133
2532893421
2524493549
2522580973
3055193437
4131096861
4131105055
4131105055
4135233823
3862605583
3862599183
3862921759
3862819359
3862880831
3861828135
3878502951
3849077479
3832283831
3832287671
3832034487
3840490679
4108925110
4104861878
4104796342
4105058438
4105055366
3569295750
3590140311
3590067125
3583783925
3567001972
3573293876
1417488164
1417493284
1417623932
1434335693
1476344207
385628302
376706190
372507038
104006557
107086588
132321912
501248552
502296360
498101032
529557800
244800281
245255946
1251656458
1257947946
1260970282
1260957994
3358105867
3358105864
3383270728
3416889816
3400260088
2327509352
2394618216
2392481256
2396651912
2262368665
2247889321
2231305129
2231239353
2231239323
2229673627
3429120682
3424918442
3441695738
1244473802
1244391754
1244307722
1244377354
170492218
170426666
153657646
136880190
136880181
141067316
141133936
136960240
1210767840
1277884800
1173019008
1185597824
1118356864
1118622096
1118679536
1118744803
1185849570
1191043298
1159475426
1276904546
1277103458
1279138802
204106438
418048710
464244422
447252167
447251398
451453430
1516806630
1512612070
1529389422
1546183023
1546311021
3697998700
3706387300
3572169540
3588934596
3589001156
3622340500
3605824181
3606942375
3607081654
2533217190
2522673574
2535252454
2487018726
2487217254
2487151942
2490297606
2498656007
3589101319
3622662933
3622646053
3622637861
3622637860
3581743412
1417491733
1417493813
1413430565
1413356853
1415470917
1423955909
1174242181
1186235269
1189380997
1323668373
1324347895
1324245990
1325343590
1341923622
1291593006
1291586878
1283210502
1278946567
1278881047
1278952727
1283015494
1333380038
251249606
246006727
246138823
267083091
217808225
1276669409
1142451681
1142547936
1163821440
1191084160
1189838976
1185644672
3333128336
3333132784
3333138144
3601444519
3613961126
3693669286
3693693350
3694068870
3559522438
3714715798
1567306214
1600725286
1567367974
1558979126
485237270
216804886
216279558
208939527
207035139
205654787
206753219
1280738691
1322615171
1324843395
1319600515
1319272851
1319272882
3467882914
3471877410
2389732642
2402298662
2368744230
2367830806
2381454614
2377515286
2377580806
2375303430
2375344423
2360668517
3438592364
3426012652
3425978708
3426056276
3424086388
3424053572
3424054080
3424579520
3447702464
3471803008
3337323136
3333063315
3333083826
3333092002
3467207650
3450348002
3437765666
3425176610
3291093250
1143875841
1144990976
1144941840
1144972368
1163313280
106414465
116752769
115851649
115856786
115758578
133660002
1165323491
1142222051
1142220259
1096147331
1130279297
1121878401
1117684099
46104978
45073330
49111974
1181492198
1195123494
1144263486
1144393486
73865479
73685271
73726246
74230582
82487046
111838022
246055367
250249605
241861040
237613536
1295557984
1545120800
1545120800
3557791792
3561393152
3611723008
3604399360
3600204033
3602366738
2661795106
2661604642
2661576486
2666298918
2670202406
2570654286
2618974925
3713687949
3721015708
3754492077
3746046127
1565009086
1560948158
1544175550
1275726798
1276656134
1276653318
1280913157
1281320724
1280824596
1154909444
1205241156
3331753412
3332277632
3334442384
2259652017
2259679201
2264688487
2256282406
2415141670
2381784862
2243307310
2243168038
2243183398
2247409974
2247479750
2247467470
2247401869
3295986108
3291794868
3289663956
1075263984
1075194224
1075195216
1075210048
274129856
332829632
316048256
1381402496
1383567232
1384090544
1381997220
1918676644
1918674599
1650238190
1629336430
1614803246
1613754414
1613721646
1617502246
1617502470
808006406
809042439
807077412
818482980
277362724
277358700
294267084
328870092
45746316
44682653
49009055
40489407
36303359
37286894
17343150
4760238
13149870
13146790
13155238
13351318
4896902
302692487
302686343
305832071
103526615
103391527
40428071
317252143
283648559
283650607
283654685
6953757
6949149
23726349
49940941
49819981
40485125
57311495
23757623
283751207
284730149
1893252900
1883802148
1883998804
4077558340
4060781124
2450185796
2451190276
2520330757
2531787311
2527604782
2527604846
2544375022
2477333678
2192184462
2192192646
2192188550
2188910775
3258720679
3325903271
3258859927
3274628230
1076812166
1076816262
1089399502
11008518
10811954
15003170
6333219
1411686433
1462018080
1982111776
1986306048
1986441216
1916178432
1916698816
1963950256
1946992801
1946952098
1946952358
1678516910
1678589610
1692342890
1957575194
1974417930
2007771659
1386753544
317204232
107533576
103384360
102282348
119051436
353994125
337282446
337287047
878360455
903520903
928686791
909816323
909885959
908608039
925377063
757605167
741024043
754650155
748226619
747161625
763922507
780699851
1049396362
1044676746
1040617610
1040625802
503734698
520496107
469968491
474099257
482479640
345050680
280299064
10949129
27525641
58458699
54264571
52182939
18798987
22976907
31365259
31167641
301511081
324837801
844927977
844075752
1917625192
1917628524
1912910892
1912909924
1879494772
4026945764
4094043620
4099290807
4107673254
1972714150
1989417654
1989413782
3600026006
3604274310
3604000903
3606094021
1970373380
4095914500
4096172544
4100432400
4100301361
1952822066
1948537126
1948520486
1948712998
1950223814
1950227894
1962875814
1956911526
1957436838
346823814
363609222
112155782
45008071
49272151
49279351
48783719
48849383
40526247
36331934
53105551
2773903
7979931
7914425
14218089
282616617
16527144
16530217
7154475
7268650
7317518
74229774
342656006
485392518
451580038
451580034
988450961
975876272
975876336
2049614064
1781178480
1781178976
1764450912
1747530276
1819804204
1819813405
2086152758
2094803302
1958480038
1958480034
1420691586
1420692610
1303322754
246174594
246399618
246334098
246338547
246108449
115879972
241705004
224928808
204109832
422230280
438876472
976791864
1782094600
1782221640
1782285000
1853588104
1849328281
1864008345
3978007211
3977818794
3893947050
3912825258
3983198442
2947205162
2812987418
2796211211
2796511241
2800689160
3056476168
3073249320
3040486312
3026847404
2964195005
2964128437
2427204277
2443978389
2209097349
2204634756
3274181012
3274389917
3274320271
1093281934
1093298574
1366280606
1902951854
1886168446
4046304030
4045902620
4049901084
4058285628
3781471788
3810892332
3811032612
2720445988
2724639015
2796474406
2796503078
2800484534
3073114262
3022983318
4096659638
4096669078
4105059974
1958623879
1958558341
1958488709
1968974485
1998461829
1983516037
1446970247
376177567
375718910
375530278
375595558
106963490
106955554
115368226
133194034
212987922
210915330
210915587
211158273
79564032
83430192
70789472
70789600
221981060
255462276
242944900
242751109
251151029
250135471
518833071
380420587
401404143
352248047
343384557
341110197
474278805
474278807
348511127
398653847
106100935
106099783
22070274
5296418
13673763
76590370
78687522
95530274
106083618
106083363
102137859
102663299
102403203
120297619
69974451
69974690
74037923
346594976
1420396272
1470666192
1449700544
3593185600
3593128704
3593079312
2418936352
2423197216
2427200033
2427200294
2427199782
2427199590
2175533302
2176631942
2180808854
2151186839
2151252357
3222991236
3221938572
3490341260
1347298701
1356733930
1349924970
1362569322
1395919066
1379141834
1379150282
1391867786
1118200458
1122300570
1123337210
1121764138
1134347050
1085916971
1084926764
3232410404
3232476964
3228088100
3223880484
3493495284
3490349460
3507060884
3519581363
1372096678
1363933606
1426734006
1191848582
1192897158
1312698054
1324228438
1319900454
246161446
245899286
250093575
259663047
205149571
70962563
70962562
68914578
72910242
98075939
110669089
115977504
107653376
103458816
36342784
36340736
36339712
304840880
1396281504
1882830240
1882824352
1614518960
1614396068
3827935974
3827935790
3760839214
3760737838
3827836718
3878166566
3861381222
3878356130
1743389857
1705641120
1705907360
1638273152
1906454656
866279744
330454272
326124817
321922087
288367662
271654959
275919147
1355940619
1355023051
8914635
8915547
8935995
8968766
92977934
1183493390
1184407870
1190699359
1182433743
1177191301
1177203332
1160439444
1143630576
15281888
16261669
16331045
16331055
24711210
52101146
34096170
55101482
55085162
55347578
55163850
1112123339
1113240267
1181385609
1122931593
1135513993
1101984155
1086255531
1086120363
3233604523
3497845675
3493648299
3493789625
3493768137
1346284297
1363065608
1378716428
1382856460
3530334988
3538931996
3538600236
3606757740
3604571116
3595052004
3578336244
3695841221
3700035030
3700103270
3700964390
3700960302
3707253806
3715846158
3745177870
3711557967
3711477077
3694700004
3694706148
3699031476
3562714516
3570054532
3570128260
2244592596
2240530165
2240466535
2245680742
2379819622
2641897762
2632546354
3573238802
3589997570
3757650946
3732418579
3728290161
3458873315
3391764194
3392677618
3392677442
1524114002
3649631014
3700080934
3700088870
3565920295
3565726948
3586697348
1427679628
1461229964
1998183324
1998209948
857362824
823812201
823787562
823926826
807141386
806624266
806751017
282475048
278809128
345787081
480037513
213419656
145326985
162173322
1240117662
1491775678
3681464486
3660357863
3659964535
3661009413
3658711556
3725648420
3724550700
3724550696
3745789480
3431348264
1285437480
1285294127
1286080518
1286137862
1291365382
205225986
255492098
237932546
237940738
237940931
237928577
103530672
103501984
355078560
1420506785
1420377763
1420312226
346570466
78130738
74983186
70918402
1716242
1638690
524579
21827347
55499266
132025026
127830658
268409475
1332320131
1332261523
1265153703
1257825959
1253732007
1253719703
1253719699
1252536675
1256726563
1273503783
1483210791
1479024687
405282875
472391705
472388889
489306377
389687561
393885961
324684041
332974537
332975496
318275976
317555096
317427864
316379288
306884776
306946536
323543336
298403625
298483227
294268442
299511354
301477690
360187674
392708554
394056139
360485321
897417545
897561368
1971238424
1971303960
1970124344
1970058808
1970049592
1965855289
1966076537
4151310073
4151310059
4160747499
4160608171
4126987706
3573405082
3573535130
3573543354
3573375402
3497861290
3496947902
3224319166
1132336278
1115567239
1123950723
1123426433
49750225
48505125
40166191
287679034
271033866
270838298
807705386
824477995
842828073
1648134600
1713211272
1715372680
1848554200
1848549928
1849598505
1853874985
1851580462
1851023422
1834422334
1817313406
2083651838
2083654806
2083915910
1551309490
1553279650
1553215138
2089576114
2089607873
2107418176
2107551232
2143193088
2142144512
2120583216
2116074528
2048963621
2050019367
1781678126
1779589998
1778606703
1787118317
1787253469
1770967756
1755246280
1759242953
1817827913
1813617275
1870240491
4009277930
3875060907
3865608361
2804519064
2754510984
2754531720
2754527820
2754496044
2753895972
2766415396
2762745380
2779522592
2813067555
3064725746
3081699506
3031371922
3031380178
2498637846
3563992070
3565038854
3560319238
1412900878
1580476463
506738703
507398222
511560910
509382830
509128879
1044951213
2119872668
2136641676
2088407964
4235835108
3908611684
3900221028
3963134564
3963347692
2889544429
2888389358
2942829034
3874227434
3802925162
3807123642
1659775130
1651386506
1651386506
594421898
812520587
812581514
821363354
816132858
816132666
816067114
279192106
279208490
279745305
279941896
330203656
310280712
303924760
302812776
302817257
302817259
860600138
860534091
1969136905
2105451800
2105388504
2105393080
4252868280
4194274969
4177364635
3639890586
3629462202
3629462250
2556244330
2566676522
2562510890
3099570206
3099501583
3116281165
3126566620
3122367196
3188362956
3188365004
3189412428
3189473900
3189326121
4128780331
4112261162
4097770542
4101901358
1962806310
1420691734
1420700422
346891779
78394881
78381888
99549632
107954368
103649488
103125188
237346260
241613173
241613671
249997927
518302567
511485311
511483999
1044283465
1044283465
1044287549
1061064749
759078949
740155493
742219877
741810413
741802219
745865705
743775915
752171755
1016412923
884423371
934746827
380901963
381451851
514651657
384598296
375947288
1449824456
1449828488
1412080008
3559493560
3559426744
3026815656
3035339432
3035364008
2762534440
2766725672
2762531384
2695410233
2749932075
2749945386
2737424938
2787756602
2787854906
2788117338
2926540890
2934930522
4000011386
4000052346
3995709694
3865751742
3848967310
3827997838
3828263053
3828332684
3828333228
3828349612
3831888556
3781490284
2724487725
2724487742
2724471342
2741252654
2690908734
2691567134
3765308174
3840805134
3853256958
3886815478
3871283398
4137565382
4141756614
4267585734
4275974246
4271779942
4288552998
4189921334
4189921309
4173078600
4177277256
1480330072
1480395512
2017336024
2017340152
2021288680
682163928
682132169
732463818
715690442
711569642
708354282
708355179
708357243
708547673
708482105
1782247465
1782203433
1853834793
1861633641
1722175049
3874377288
3891165896
3882711752
2775351000
2783729384
2817278312
2745979384
2712433080
2699912120
2699977400
2699978648
2700003769
2695678127
2695682222
2699868334
2690955611
2724656651
2720457230
2988859918
2988778038
4066648866
4066644002
4049863714
3497987122
1425945714
1425944818
1420718210
1420734594
1420722306
1437172097
1470733712
1458419888
1445837040
1982638192
1982703665
1983904035
2000546082
1815932706
1820127010
3976191794
3971912962
3971911939
4022251777
1852473664
3995714496
3995714545
3995800483
3928833954
3932961186
2859219366
2850830766
3098492362
4173211594
4172948042
3634045518
3633848845
3633848852
3640153652
3359170356
3359157012
3627592276
3677006405
4197100230
4197092998
4201350790
4209541542
2868424877
2860294316
2839388584
2822169592
2820597464
2820560488
2820421228
2834572840
2897487404
2897479204
2897479188
3170831872
3095275776
3158124592
3162245217
3165391074
3198682290
2661945474
2661953666
3601404082
3332948130
3328757926
3324572838
1463297167
1429810312
1411262600
1411311944
1412872968
1358072600
1906360120
1939906840
1923129608
1923191048
1924432152
1922859307
1922928426
1985645354
4128958506
4279920682
2084179066
2016019662
2016346318
2028869070
950957799
1068431077
1051653777
1051042688
2121572480
1849000064
1847042208
1863691424
3959729824
3963987620
3965096548
3839345196
2758623804
2758550072
2754355753
2753831465
2690908459
2766409019
2766605371
2762349579
2913348619
2913217610
3986951498
3991145930
4251741386
4251974875
4252949755
4294882555
4294877403
4278038987
4007432667
3999052283
3994001899
2920194411
2920197406
2920192782
2921237022
2921188910
2789000746
2789007915
2804806187
2909782617
2892841689
2892776344
2892779961
2892779705
3974910139
3974911146
3970792682
3970857194
1841195130
1878452298
1853286474
1846930506
1846862922
1846931659
773320923
777449657
779535785
796313275
761743003
627529370
627402426
1702192810
1735747258
1735749598
1744125390
1710570718
3841277054
3975626046
4243537694
4235146766
4167902750
4176032302
4171764270
4171764270
4172808495
4173070460
1488793688
1492394184
1477734600
1493485000
1493630664
1493347016
2030283336
2026224200
2026347080
2110032457
4250701129
4286088281
4268265721
4269322347
3740967019
2681921643
2630488687
2630488677
2622104097
2622170656
2623092256
2633504352
2629353808
2678816832
2661978561
2661975747
2661846755
3194526435
3190332130
3190602467
2922298355
2922298835
2923340995
2923344066
2921263318
2920800486
2924798374
2942068142
2910669742
2944289727
2926463967
2926410205
2926344285
2926345244
2934273037
4008075341
4008075485
3983958237
3967177885
3967175821
3965181333
3973577637
3990215397
4023712373
4023709469
4006932253
2926964541
2939674172
2805878300
2771275292
2775522844
2758614588
2766407212
2766407212
2762212220
2762211708
2762215785
2695115754
2964596414
2968792734
2977184414
3074177982
3074164926
3056355518
3056389278
3060718734
3051791494
4104561734
4105090055
4105020677
4234980628
4281134884
4264306468
3861653028
3861653221
3866965671
3976005542
3971876278
3970829702
3971943822
1761352078
1750870350
2015111438
2017208638
2082946342
2082936114
2095448098
1554907170
3703377970
3634123778
3633114307
3398416517
3402283204
3393898948
3394914884
3403287044
3403168292
3386386989
3361213994
3357103914
3360219946
3360203546
3368588046
3385373638
3385372599
2337905059
2335938979
2334887842
2318112706
2322265026
3488248770
3316265347
3299489153
3232369056
3236432288
3223849380
1076369792
1076525440
1077601664
1077600448
1076404496
6856977
6857507
1093444129
1093581313
1093581312
1399753216
1391364880
1454213921
1588387811
1584146306
3731825538
1579811250
1579880866
1562907042
1550324130
1558778310
1554583582
1487417388
1487416364
1487415356
1491609608
136866056
137054664
154818952
490397064
526026121
534413753
530223549
1574478253
1576575916
1567138468
1546236468
1546314293
1563042357
1462641181
1458438687
1471022383
1437534255
1421346862
1425549342
1148741646
1142462478
341478410
341475786
117080458
117080974
117080973
117097140
106521252
117974692
352857764
336083620
386873764
398867636
110505093
112344199
111217858
127937762
132148706
98631142
123844086
253867382
253797670
253801254
1331737122
1306571298
1302368802
1285591586
1285850659
1302693411
1275063841
1264478497
1243482135
1243219973
1243232325
1260009537
135792865
135863521
135931329
140314561
147612368
147120865
138786419
138589714
151171650
184783442
167809778
180409058
176280546
243519991
243519997
243653864
516225256
1577904360
1578948792
522188936
121625993
87540105
69682123
73794378
73806650
83240746
83110190
83126574
1154775350
1171717382
1138151686
1137623302
1120715062
1116590374
1116627246
3264115007
3265155352
3265088872
3267131880
3279223272
3290732968
3224212873
3492778441
3496575944
4041835336
3769351976
3857361192
3861555496
3861555992
3861557000
3996103435
3995976458
3995468074
3995467822
3995213870
3991150630
3836155106
4105047442
4106106754
3566871170
1419387520
1167594112
3348677280
3327697312
3323506144
3340282084
2166007892
2149231364
2216606213
2216577543
2220754438
2231317014
2243695150
2243440942
2243453166
2646130854
2646394023
2649525381
2636954756
2671748228
2652283012
3726024836
3742818460
4279690605
4245880621
3979528749
3828861452
3828673036
3830771212
3839878664
3848192536
3978150616
3977790137
4013434795
4013430954
4026009774
4294576366
4290381902
4290651150
3720290318
1572610078
1219305534
1220419646
1220485142
1218195461
1217143820
147651612
135039036
1260357660
1310361612
238721036
104770828
104760581
125151062
1165997894
1282328518
1282033622
1282017142
3358135650
3380093218
3401261346
3401212194
2327565074
2327368562
2394461091
2394465953
2398654116
2401799844
3475633828
3476763308
3443204780
3424264620
1551556780
1954192420
1949009940
1680640000
1680648192
1009559808
1009105152
1008894977
1042464771
1042415618
1579286594
1596072290
1576021986
2091920098
2089826994
1954904962
1954867586
1439034755
1460573312
304009344
306057600
304480656
841286240
841024036
845165100
585114152
551562008
547367177
815806489
815990795
280103114
397609098
45105546
41009546
34833306
34780091
33595819
37790127
37793191
324254899
290631809
292729217
284328900
284328708
283157028
274771500
270584364
270559804
270608957
807549566
862091726
916632782
916619470
1721925838
1726054526
1717612590
1717608750
1700833071
1700904511
1633926697
1630976553
3812022825
3812510249
3879615017
2805930985
2788953259
2796291259
2728985787
2728080539
2727949449
3012306057
4086066573
4053688237
3051233197
2499159471
2499224719
2490705054
2507236598
2503036967
2536587319
3609411845
3613418252
3588497932
1441142284
1424367116
1424366088
1425476409
1423182890
1423193130
1431580714
1427451914
1360457738
1343657033
1343588552
1347717544
1372359336
2009893528
1989906056
4137325196
4139684495
4293562694
4285169702
2938679330
2804457506
2804589874
2804605186
2804557250
4016713090
3991411122
3992467874
3975953058
3976137382
1828588182
1845299910
1844980998
765994006
766252054
1017918470
1017914439
480552133
233283972
477540736
469930384
486770064
520195568
525375776
510766352
375566336
371363841
371376133
388104199
337772591
1411589422
1550987071
1559366191
1553140271
1552972383
1418783311
1420865231
1471186639
1454801565
3602285245
3602363117
3598559212
1449108836
1394532388
1360879649
1344024627
1344024626
1344081954
3510566947
3615425889
3597549505
1458449088
1190529664
1184173696
1199836832
1150031523
1150035618
1149775778
1150234018
1276931234
1276957874
1276555394
1276551554
1293328834
1293324610
1196655410
1181779490
1180825106
1189275138
1185076738
1453753906
3601171749
3601636388
3602692204
4135356524
4063791176
3527056584
1914365128
1981440201
1998192843
1949959129
1962803944
4105110056
4104916520
1957441064
1957964296
1475619400
1450453704
1582303883
1589710762
1589839018
1581326510
1598103726
1547841758
1548890318
351416654
346304078
346827501
346831532
351075244
875346348
891853996
909803660
1982496972
841921293
845451823
841264687
841271854
857741886
824385055
895627325
899813480
899809384
898773000
500178952
493887512
208681240
216033561
211941659
213039370
213039370
211259146
215319435
265716619
240550794
1314292618
1179030446
121939374
121955694
130344238
113636670
46534734
42340549
47579588
51888612
50840492
17211388
319077228
855943980
843876399
575514638
844013773
840867980
857383052
1413120652
1413104300
1411989156
1411914404
1416104608
1420561122
1420048418
1419781122
1151475714
1436725250
