3367386604
3371576780
3363113420
3358710724
3356744580
3356671876
1209187716
1224975749
1245750423
1254139047
1522573461
3670193348
3661796804
3670181412
3738342956
3738236460
3731891756
3727696396
3459524172
3459661788
3480620461
3455454383
3451260047
3451335823
3451740366
3434913806
3433865278
3702300974
3706037054
3697641022
4230780462
4229736238
3960251695
3960251709
3960386845
3977155869
2936985373
2921219613
2921206383
2789147375
3883664363
3892052395
3887858107
4156298457
3080467545
3080666377
3080613129
4154452233
3623725373
3615469325
3598616271
3607003855
3531588239
3526148527
4129607855
4129616047
4146459815
4101434503
4101434759
4109825927
4110276566
4101825398
4101562662
4101628199
4101763365
4100583717
4234764565
4244170005
4244236053
4240105239
3187592470
3221080374
3191630102
3191106830
3191831838
3128820006
3120365926
3097231734
3097244614
3101500357
3101238245
2564304612
2560187124
2598099908
3137002436
3128663501
3191374284
3191374156
4264079720
4285047656
2909381352
2892605160
2889591512
2889530057
4013595259
4001074027
4000877929
2927395129
2789003275
2923294731
2923360297
2906550377
2889756779
2901279850
2898136170
2914983274
2946318206
2929471198
3197642462
3218630558
3185272767
3034191767
3025799047
3027830661
3027773333
3036637157
2964280933
2963621429
2980378133
2984568597
2976179509
3039097895
3040138279
3021329431
3020420358
3024576262
3041283846
3183889942
3217448470
3218487062
2599752502
2616472342
2614375197
3117687612
3117687592
3117690664
3117689624
4225071432
4216838600
4195785161
4195716299
4195647691
3943989450
4015292667
3980828907
3980829163
3976635245
3976569420
3976569436
3976720940
3842392620
2802713128
2807890280
2807891320
2818509912
2817919065
2813810907
2811615450
2811623642
3080191178
3218601162
4265078986
4265079002
4281815402
4218827630
3115725679
3115725687
3098879815
3100911479
3092526949
3092543333
3091592820
3100107348
3112542804
3112477252
3112478277
3141855189
3171217381
3171372453
3171306925
3176026029
3183890335
3213328271
3214241678
3214213054
3201619454
3195334974
3191107866
3191091482
4214563130
4181074202
4185006362
2018653243
2026965033
2017724473
2017753097
2017814537
2034694153
2034684939
960840971
423887647
423891759
407708207
416227879
416162359
411963907
143528721
160310033
160244529
193732881
197976401
189572433
189054325
197442039
180664567
449165559
440907998
1514577118
1514577118
1514575054
1510387934
3657871583
3675189439
3641628591
2551076525
2555266733
3100577468
3095680668
3095717564
3095717564
3095705276
3112472253
3113520809
3144978155
3124027178
3190095674
3190240538
3190177050
4013305146
3984010554
1767323963
1750472761
1757879353
684014649
683947016
700719113
969203720
1027911756
1061454029
1047822751
1047376830
1047114430
2129244606
2129247422
2120857786
4264409274
4265539754
4263442858
4267634314
3219023547
4253927097
3181175432
3168592520
3034052312
3036141564
3026503021
3022804335
3022791998
4096008478
4117177662
4251325758
4294335535
4290246700
3215457308
3186072844
3178465036
3178332684
3171975708
3170935356
3170951725
3170952814
3171057390
3176291246
3185002662
3185854630
3181661326
3051766926
3052299406
3077464454
3072746118
4131263190
4135326438
4135330406
4143720230
4138540094
4088203326
4088334397
1907234844
1374033932
1365646348
1396004108
1393869068
1392808732
1929683756
860153644
868536109
864865070
865028398
600733742
558770222
554581054
537623822
537554182
537624326
541597462
549981478
549996902
549980526
558438782
558438751
558446943
592181597
600505197
596294509
596228445
600348999
558405711
554276959
554424445
554391676
554383724
554318700
558513004
558512748
566966908
566762316
566762316
566762317
566827869
566852575
566852575
566787023
566885343
566868959
566868991
566868991
566868959
558479839
558496223
592051071
587938687
587938687
587938685
592132461
600512813
562772333
562641277
562641229
562641229
566765903
570181959
627964279
627964279
627964279
627964279
627964279
627964279
627964279
627947895
627948919
627949045
762164725
762164733
762163709
762166973
762165945
1831713465
1831713529
1864743675
1864743931
1864808811
4012293163
4012305450
4016428090
4016563514
3982943611
3848689519
3848750847
3848623869
3848634365
3781459897
3823393209
3823376571
3806664955
1659320539
1660037339
1657941451
1649552713
1649880921
3822395177
3767996219
3767951115
1619525135
1619312143
1619828255
1624039006
3758935646
3825999470
3842644334
3842652398
3842652398
3989518494
3985324174
1871390862
1871260046
1837640589
1837640588
2106355596
1967431564
1728090060
637767004
637644044
637577228
637577228
637642812
637769773
570591293
570608671
570838078
1645102126
1645104238
1649311598
1703566974
3835353678
3835353678
3768162894
3768098527
3767074540
3762874092
3825743596
3842511788
3877249452
3877249452
3889833388
3867805069
3867678605
4152895373
4152950671
4123582175
4107010014
4098535262
4098600270
4099648782
4099843342
4108236046
3838739727
3847194383
3847069485
3775704877
3775704877
3809262892
1661771036
1645053213
1645200413
1645166621
1645154333
588058669
571282469
575610149
583929197
579800429
579669341
579345733
579353925
579349829
847854925
852131149
852111693
306852173
306868557
323678537
827060603
818525035
818524027
550222411
550210379
550209867
550209610
537499850
537435338
537432282
538480874
588959978
572404202
572404459
575608427
600651385
600647257
596386397
596386525
562832093
546058956
1619792524
1888224908
1888224900
1351358084
1082922692
3230611156
3230545508
3230541429
3230608983
3230494422
3234844374
3225914838
3242564822
3276127430
3259481286
3255221446
1376238806
1376107639
1376236855
1913034007
1644606231
1645196069
1645056293
1644998957
1644994877
1644998917
1645056327
588238935
554570983
554647014
554637798
592321518
579738479
579803693
579803924
579616004
579084292
583278596
839651332
856567900
806236248
806228440
810418936
818743016
814505704
881646312
881629945
1015855819
747416202
751679882
676306314
672044234
722907354
706126074
706191466
706060394
705011818
705011818
704898155
704894062
709088607
1782731135
1782715261
1782911853
3947115116
4181992044
4173674092
2558998140
2559522396
2559522388
2291086932
2290949876
2291928821
2293764085
2365081589
2356709271
2357114247
2231281030
2231349142
2239610294
2272627126
2451933682
3525811698
3526800578
3526795330
1914102018
1913004339
1913004321
1913468193
1649170215
1657069351
1652920102
1652853510
1636076806
1619824398
1620021070
1620024951
1615658597
1611427429
3758964325
3759021927
3825868135
3831110758
1687821526
1686779014
1686709382
1686644102
1686693302
1686939559
1686935477
1690602932
1694862676
1695517716
1863297024
1846519809
1845930003
1846454275
705625090
2047757335
2051933495
2051933479
2060399910
2060201254
2060217638
2039475526
2022634822
2022605766
2022671303
2022486453
2026693029
4161331620
4161502628
4161407908
2030963684
2035235572
2077174341
2072919557
2072974861
2038698525
969151295
969159455
407184159
407134559
944039391
944041439
939846110
939834366
944160602
684103514
684102410
684560667
692892987
692893481
688439081
688520744
1762393640
1762227768
1762349912
1745604952
2018234856
2040021228
2073579756
2056810717
2057007307
1520103626
445314282
977984746
973850858
973768858
973782154
991607946
672826506
672891019
674857163
674861179
675001451
674868523
1748545067
1746447979
1796843131
1780396751
1780404895
1780466349
3927196333
3931128237
3933209001
4008706216
4025549048
4025693272
4025691160
4021512472
4020496696
3986938169
3987851291
1844501578
1831924938
1829893322
1829950954
1832044010
1798458858
711001434
710939659
710947849
711008281
711140408
719463736
720514873
716578333
733351453
681446925
681512463
948452878
948446798
407381710
403187358
134754974
134754958
134771342
139186830
143308430
1485549214
1485613726
1485618110
1485291454
1484961246
3636637774
4181819406
4245717007
4229009433
4094934056
4094867752
3845306664
3878865772
3815951308
3798192012
1650574284
1650967036
1650905452
1651929149
4061601813
4061470775
4061487142
3797243170
3822505250
3767983874
3767983618
3768569346
3767307795
3767324195
3771531041
3792469799
3792452966
4060880246
4128053366
4128185846
1993213430
1989030806
1988764294
1452221069
1452089996
1452077720
1473021864
1426361336
1946454344
1946597640
604416008
604153865
604088329
604016667
621051947
654802987
637980715
638509099
772689967
777863278
788350446
788354550
1862227910
1856706183
1873483413
1839806132
4243142324
4244190864
4235802256
3707315888
3701024433
3701417651
3703510722
3434552898
3434421826
3434363698
3429923634
3291529042
3290676546
1159898434
1446155715
1383302595
1391695313
1920055152
1915860784
1916253744
1914168097
1914004257
1645486370
1644442658
1649148962
1657539622
1657539638
1636781126
1619975494
1619982279
1620047828
1888286420
1942814420
1913453300
4060961508
4061084644
1913601012
1913593796
1926107525
1921917319
1921917327
1905090958
1955553679
349107599
335990223
1946667295
1946519615
1946466351
927246383
918595647
641775887
637568334
906068943
1040368583
1040380759
2114117671
1849942055
1874894883
1874895906
3984827410
3967988806
3967980998
3968324342
4240921254
4232906406
4228646567
4228652711
4228136613
4240719525
4237628817
3700626560
3700564096
3700629632
3700547777
1565562321
1597083125
1580374359
2117253383
2121512967
1047631879
1043381255
1060155413
607236145
607367203
1681059875
1681051683
1685242851
1708376803
1720964819
1658060483
1649532483
1645338177
1645341237
1648388645
1648372269
1648631341
1648631576
1644499976
1648825400
1657082921
579142697
579142713
579601483
562896207
546184783
546184782
814685790
814226046
545815150
545815102
541915711
537706111
537703039
537695229
537694701
541954217
550483113
550484153
550353033
541702281
537507995
537639118
587905102
571122718
571121710
571121710
571142190
572249390
578542887
595327287
595319093
595184949
595182965
595153399
561607159
561607135
544829947
543782907
560544761
602479609
586750937
586759001
586758937
586758921
584656651
584655371
579408443
562758202
545986122
545988174
545799886
545798879
545798911
814496351
806124127
806125181
806158205
537703901
537695708
537761244
542097404
542096380
550345212
550344957
566868223
558610526
587905118
587901974
587902006
587918374
587922534
587877734
558500454
566889063
596188791
596131415
600325959
591937349
558448477
567220845
567220845
562903645
562641487
596126285
864565837
931666509
378044109
394833861
1435019141
1351333809
1888130465
1888126371
1884130723
1879935394
1896192466
1661385154
1661385026
587655490
554069298
554134818
541417251
545607203
562417171
595917313
583334657
574946561
570743877
570940533
571432039
571284591
587996271
554637566
592058862
579485422
579485418
579354314
579350090
579350091
650652235
910764665
919284329
919219064
394931016
344603464
344596296
92999625
130551257
113788265
113788265
248041833
248115544
223011144
206233928
206233928
147480904
147448184
143195496
143178088
411609448
478718440
1015589336
1015851977
1032620490
898403802
667258346
554013930
554033386
537358426
537268314
537268586
541479210
562479914
562349854
595889487
600082759
591697991
587569239
587700327
587659367
587626607
587610223
587610479
591805423
600193775
596065007
595933919
595877582
595910350
595893966
595901134
600095438
600619998
591772510
554039646
553744735
553876333
553811821
558006125
562229101
562098047
562081231
1635818959
1640009167
1631686606
1631821727
1631762347
1673703338
1656926122
3796085162
3796081071
3791903149
3792165284
3792067060
4064681296
4065211664
4132319504
4150141200
3588106000
3567134464
3566870272
3315207936
3315142480
3315082593
3315082547
3319280658
3310949715
3292085619
3292149715
1147828163
1156203202
1157317314
1153221618
1153233830
1149036006
1144810982
1144281446
1144342807
1144416516
1094085892
1140154628
1135890700
1119109436
1117012269
1116013870
1116155182
46607150
34945838
34938686
35460890
35418394
302838042
302821690
307007850
860652011
869041067
869106619
860723135
1934597567
1934604734
1930410430
1896790463
1896807647
1896770911
1900948799
1909335855
1910384423
1910318647
1908675094
1900299038
1900331390
1933955454
1933964510
1917709534
1917647070
1917601951
1917602237
1917458877
1917468668
1942628316
1909072588
1888031692
1888223581
1892438317
818705453
810318893
806103103
806107167
810293527
810424599
827206423
869150215
869217799
852308487
852238871
852239143
852230951
852230438
860636534
827116926
827116926
558680446
558750079
558856543
558852447
592341853
592341853
592407389
592277341
600599933
600698239
600362351
566808047
558483967
558483959
558471671
558611959
558609909
826978773
827044245
826905013
826905015
827168183
860855743
856668606
856668574
1930410910
1917755278
1925621647
1942413727
1942413821
1935008061
1898242089
1898209321
1897948217
824341513
811746315
811746575
888292671
886245183
886126365
886077197
886076189
351498589
368202061
385237325
385335759
385336831
385324527
922202091
938848219
1978967499
1953805787
1949610459
1949676015
1949807087
1949757935
1966526975
2000081309
1982222781
1982297533
1986483629
1718966253
1744172781
1705371373
1705109085
1709237837
1709307661
1701035807
1701029479
1835246183
3982742134
3983655750
3979428103
3979375669
3979371557
4017447972
4025898276
3870704388
3870773765
3870646799
4139082526
4143280430
4151661678
4113849454
4097252446
4097187086
4095085839
3564573981
3572578077
3568775965
3585544732
3619099148
3602338636
3602346829
3602904573
3602748919
3619458470
3581709734
3560738278
3560291830
4097221846
4113998038
4147552470
4130861271
4130861269
4148040148
4148040356
4114481828
4118087396
4105443044
4105442924
4105447261
3568313375
3568329758
3572556814
3572610062
3564344398
1416795230
1462948046
1446166990
1446429646
1446494975
1446377087
1987438463
2004217215
1978908031
1970508895
1953535055
1970319373
890277917
892457021
892530813
892756093
875958517
1953956341
1979126757
1979062197
1475810965
1475688069
1458845381
1454667509
1471538791
1470490231
1436852742
1436848646
1952809238
1948618806
1965404198
1965400126
1966531615
2000090143
1983339583
1983085871
1987264303
1995511663
2012230271
2008052285
1974555197
1972617757
1955844613
1951654661
1947459845
872535079
876926055
876936295
1976036606
1985402062
1985463438
909624462
909623711
909627839
911537071
651491243
668268267
936736491
920090475
920068415
922165279
896868365
338964509
339021879
276239143
821452325
817814053
817797701
868195013
1928629893
1920238725
1916043421
1916043453
4063736061
4063666413
4111918061
3025494765
3029817071
3029817067
3029628523
3032233518
3053207070
3044810254
2977636110
2976525118
2984980271
2984779047
4058514709
4033351685
4030210053
1880711221
1896570933
1896476675
1896398915
1879621826
1883866322
1884003826
1892400118
1892268790
4039809735
4035623621
4052396676
4085952132
4140476036
4140348084
3058217637
3070816934
3071865250
3038373026
3042569378
3042704610
3042638930
3076451331
3061736449
3061805056
3061657648
4135530785
3069121313
3069056611
3064923873
3064923893
3069001412
2524741316
2537324356
2503769412
2507957572
2499757324
2629699356
2629703485
2646283567
2645046574
2343052398
2343052398
2347244638
2306809038
3376291022
3409591494
3409591510
1264264407
1264133509
1532503428
1595487636
522007956
488451988
486811572
340010933
340010919
348153510
348149734
278001510
280229686
296858934
295736630
1373932862
1365544254
1400213278
1937219359
1935121183
1935510397
1917684733
1917291421
1648794300
1644609468
1661401020
1628885500
1628926188
1612062956
1616322669
1884758061
1895109693
1895122205
1895124245
1895169812
1895152148
4038564356
4120349188
4158032388
4149652996
3193349636
3193348677
3193868887
3191783974
3057599014
3056337702
3056342310
3060542766
2997364782
3064535102
4138407950
3602585610
3606789130
3594063898
1444507674
1461448778
1409994954
1946845326
1959428511
1955303085
1955307180
1955118764
1950918332
1947772632
1681651208
1698334216
1697285945
1634372649
3790380073
3823959081
3815558217
1648348361
1648268681
3812553389
3816747693
3791647421
2713571999
2711607215
2749167535
2740740845
2721849933
2990416397
2993562141
2997819181
3014409517
3014409261
3014138941
3018472461
3001701391
2457489422
3598348302
3596181566
3591925822
3591991358
3608827230
3558498126
3562692302
3561688782
3569966734
3565713054
3565713407
3566793197
3566789117
3590054364
3580556509
3576419453
3576421695
3577476415
3577341247
3575178046
3587760703
3565716029
4102784572
4102784532
4124688148
4044930340
4044985380
4080776253
4064212301
4064171855
3795732303
3795717855
3795734509
3799801324
3804034540
3801919980
3801919948
3800871372
3805053893
3809444695
3809408886
3809109346
3810143522
3816369442
3816365090
3824753014
1677405526
1637559638
1620653382
1888026950
1888026822
1888239830
1892480247
1884093879
1884078003
1891995379
1892060915
1887868467
1904645683
3553551635
3595494659
3591269379
3742252035
3708689747
3696103411
3704295411
3704098483
3704372915
3704438419
3720796035
3737573249
3733436289
3666122689
3667175409
3667177253
3671371047
4200377637
4196252709
4263416881
4263412737
4263411713
4279140593
4111331505
4228862081
4228788609
2081305477
2082341541
2086471333
2092699181
2092699180
2108430872
4121750281
4155026185
4159416589
4293626143
4285041727
4264072703
4264133071
4282303439
4282254031
4248699639
4252897895
4239139430
4239143206
3702263846
3703059510
3703057414
3424331846
1276799174
1276831878
1209706886
1230670726
1232637830
1529451158
1512813206
1512813270
2120979431
2146013541
4290294117
4256737125
4284001893
4279807505
4262112833
4263171777
4265494193
4264493987
4151054755
4159255971
4155192499
4155184275
4155118723
4155118723
1437283475
1441293475
3572032609
3572034593
4041780483
4041844995
4042041603
4084047619
4063135234
4062609922
4066804242
3059188515
3066355811
3057934565
3053726949
3071150327
3041790455
3033402103
3030006343
4237962758
4239943174
4243089190
3160985639
3174613093
3174805573
3206194628
4278904644
4144686660
4144627300
4148741733
4131997669
4140527589
3067833847
3063631095
3063663861
3063581941
3067774193
3212481985
2637866945
2636816961
2636821075
3161183843
3160987491
3043523617
3026742369
3026742513
3026873809
3035516289
3035516803
3031386002
3052684786
3052692706
3044286498
3044286482
4114560258
4118680886
4118685479
4127137575
4127002423
3583515974
1422409154
1422405058
1414020482
1414495634
1414526354
1431286163
1464766867
3595481475
4140807617
4073495872
4073491728
4074736432
2740890384
2776279568
2755239460
2755171877
2755195493
2770883303
2804613862
2808611558
2817000422
2812805606
2779513958
2766673010
3035247830
3035245766
3031067783
3031099527
3031156869
3052058756
4152274052
4148077764
4131254388
4131189029
4146352933
4146426661
4112983589
4096224803
3026614835
3035548451
3165572915
3165572611
3182073411
3047916227
3043525251
3040395939
3040409507
3040470179
2776624291
2818432167
2801560790
3070192710
3061738758
3061196295
3061121575
3077845543
3052675695
3032286207
3032225199
3166467247
3166469310
3170131078
2624965830
2669073478
3726041110
3726467094
3726401558
3730776087
3732812053
1601832221
1576684116
1558956756
1558837900
1961597580
1969851020
1999150988
1982378397
1646833821
1651413165
1651364013
1647604133
1647588261
1647719077
1647714981
1647452837
577779621
586169767
579878311
599070903
1621547207
1621551559
1890561285
1886361349
4029657877
4029067825
4029526561
4042040865
4037864993
2980372007
2980502055
3014056502
3085355794
3077032434
3072838899
4114085075
4097172675
4027704385
4027638897
4027835633
1634921921
1668435395
1651658195
1645301235
1649424355
1649682403
1658070883
1658066739
1674905363
1641493251
1909924630
1893016374
1892950847
1908675135
1908674111
1908673087
1908685631
1904486717
1908750621
1942357065
1934491723
1397624906
1397625050
1397167594
1396973034
1397508522
1942802346
1938343818
1938547594
1938416521
1938412456
1938540456
1930149228
1629220156
557574412
556378380
557624588
557624636
555059501
554143031
554012151
554012087
558276003
549895587
541502883
537195905
537195968
1611126064
1879471904
1892052512
1888906800
1974888960
1453746688
3735509504
3740092929
3740094034
3672727010
2598960354
2598960354
2607340770
2607476098
2574968194
2574968770
2566619602
3098116578
3098055137
3098337760
3094143328
3090478416
3107323216
4178995312
4211501088
4215744560
1799829505
1808149507
1776164103
1776157975
695927591
695800103
693645607
693657893
692642157
701032300
701022200
734568136
726514392
1808775928
1808710392
1808383704
1799921368
1795735545
3943284713
3909729771
3909853162
3909783406
3913994094
3914260270
3913801535
3909447447
3942739799
3942726645
3913484709
3913419172
3988982180
3988850868
3988789396
3988809860
4022593668
4022593685
1870788823
1870723287
1741797591
1733421142
1729357911
1729362263
1829919079
1829914983
1842482471
1842552102
1844646966
1844515862
1836069894
693117966
693314846
701634094
696403518
1803601419
1807805961
1807806217
1866510281
1850059741
1858449309
1858600863
1875894174
1867433886
3981367294
3981366654
3831416102
3841901878
3841848582
3839158022
3830769414
3960266326
3981363814
4024355559
4020160869
4005350452
4005360660
4000636932
3996442644
1865605236
1863508196
1829957797
1828832677
1832962965
1841359509
4018268820
4018338452
4018330308
4023580356
2943709892
2905952852
3178705509
3185980007
3181707815
3181642022
3181646902
3185845254
3177524230
3177590038
4252379942
3723889527
3723888967
3705019715
3629330499
3629199363
3625021459
3623940403
3695244065
3703617057
3716197920
3737366016
3737299520
4275473088
4267543953
3195833761
3061618087
3061625255
3175064486
3158237846
3158205078
3158192886
3158247142
4235468646
4251729190
4125899830
4155259922
4155323411
4155469891
4155437121
4160659649
4150239425
4284460240
3219036240
3084814641
3084749601
3059531299
3056920103
3074376199
3073262151
3077440118
3048145890
3047948770
3031183462
3035378726
2507942918
3575523334
3575523330
3579717891
3571320065
3573219585
1425625413
1417212229
1429984213
1429918677
1463715781
1467846085
2002557429
1935456421
1667016869
1667016877
1733734284
1733736076
1712751309
1714787029
1714467429
3792757543
3809534247
3809533991
3780199459
3787606051
3787610161
3784734977
3784731457
3784732355
3820357315
4093575875
4093579970
4093449158
4084995430
4085005414
4085000230
4093454390
1943943175
1943943175
1943878727
1910257109
1909420501
1883689861
1883689617
1900532401
1975841440
2009130656
1942013600
1925439217
1925589507
1933978370
1397107986
1365122082
1356792866
1356398627
1356529927
1356472581
273375492
273217284
273211172
289983277
289983791
860802382
860808526
860808526
860876286
860682734
860637678
860637678
600787278
600233223
592371973
591847732
558162276
1627693540
1627693476
1632403876
1632404388
1632470676
1632476821
3788487333
4056332965
4056349357
4056345533
4081478533
4148505479
4148506255
4116000398
1708537774
1710621102
1710555302
1709179110
1700798486
656416774
656417798
656467223
628153655
762422551
760325399
756069637
755078421
1866700084
2143468836
2139274532
4286816084
4286678596
4223899332
4224116428
4190562013
4190535295
2580434558
2581400942
2581335150
2583168046
3648521278
3648524302
3648987150
3625854223
1482564895
1482571063
1481252151
1481266455
1482249559
1498993110
1532539334
1515823494
1514911110
1514771894
2135539110
2135600566
2110439302
2094974661
2086585028
1966949076
1965830892
1999381484
1982604781
1995193581
1992035503
2008878239
1438068110
1419062670
1423191454
1423194079
1148532191
74916311
74916181
74658053
74658069
74659604
91307828
91242276
124812084
103939540
103986564
106074501
104890775
62947751
1136689509
1204196628
1205251348
3354700084
3328486692
3328618260
3329136132
2666447367
2663301714
2679882466
2679669734
2645071270
2640895458
2636969427
2621433793
2621366849
2621334016
2625516112
2499614449
2497452961
2496932259
2496932259
2550008243
3741191554
3739899270
3735667078
3735584870
4272460838
4272464934
4276661303
3194528773
4264140820
4230721588
3090075648
3091075840
4162716240
4171170531
4170987106
3097237218
2562459618
3724283346
3713535106
3709500546
3625642114
1482352770
1482610834
2086635650
1008634050
1027509251
1043829763
908177411
908107779
908193843
909365347
638808291
638591399
1690379943
1686314661
1686309541
1686440629
1972640389
2010917765
1981556869
1981168773
907423877
370544773
393417653
904929957
882910885
882917093
346036949
346041025
346042049
81917763
81982787
73568514
73635122
73438498
73444642
207666466
1281474322
1289928210
1285733906
1285750290
1285740050
1219679762
3383932673
3417478400
3395454224
3391327504
3391326480
3392387856
2318662160
2320759312
2320530992
2327850544
2323670820
2324718884
2325017636
2325005351
2610725926
2614658166
2572781398
2568591062
2568599286
2568601270
3105468054
3104680582
2836376470
2874125206
2882452358
2873540487
2936471445
2902947732
2937456564
2939291556
4011984804
3982695844
4020247781
1872772311
1839213767
1839211719
2091066567
2095260743
1952654663
879965511
879852802
888240402
887159058
887207954
870561814
853711878
854760455
586322951
584287509
575706405
570724645
570736932
1661224236
1661289836
1661357420
591792620
596057068
596384732
562830284
562903501
567229773
567242077
567239799
1632462135
1632486711
1632618262
1632493062
1632430598
600628086
600623462
583845990
583747958
583678215
575287047
856305431
822814519
537466167
541787495
550182006
549993686
546052550
562825670
567019870
600643935
592390431
558770461
558770461
558841117
558701884
558636348
558636316
558647581
558647613
558717309
558750079
558750591
558750583
558750583
558742007
558742007
558742007
558742007
558742999
558742933
558871989
558871989
554676661
823112117
823113143
1880010150
1900981154
1900997542
4056865446
4090428086
4136561302
3599655622
3599655750
3600687878
3617132855
3570938148
1148985636
1148988708
1144985908
1142888756
69081364
90049312
90114816
73326339
83788546
216695634
216707570
216707507
1290514867
1600893873
1579783089
1579718561
1579718561
3727660961
4264490401
4277007777
4290569697
3183242727
3164368327
3184912862
3042232766
4114996382
4149695694
4283830478
4283760847
4245950591
4248253743
4185276205
4194179629
1505565245
1505503773
1505568269
1505174028
1509298700
1240711692
1225818748
1207997164
1208002476
1476439981
1497537438
1505926558
1505924494
3754071438
3754344846
3747004814
3745510831
3477071277
3728172509
3732301261
1609979213
1610040637
1576288301
1559523375
3707008318
3430274366
3429291326
3426154270
3375821590
3644781318
3649012486
3657073414
3652958053
3650662372
3650661796
3680021676
3745045660
3728460940
3728393365
3728393399
3614364071
3622753270
4121940503
4121744951
1907162663
1944890663
1669179447
1665113105
1665125393
589283345
589283345
589287461
555610149
558679077
558681397
558680405
558750071
558881143
558881127
558823783
567212391
567146871
558659671
554465351
554514519
558774631
558766951
567155303
562895479
562854471
567081543
567081551
562952799
562936447
562871135
567056719
554473551
554489935
588069071
588134639
588134895
600734447
596531951
596474575
596441807
562887631
562870751
563002541
600833181
588053645
588020877
588201917
588136109
592329389
596515567
562895487
562838286
562833678
550250510
567097358
567155999
567156511
563009087
562927189
562869845
567055045
554468293
554471933
558798253
567197101
592361965
571324893
571234767
571291727
571357231
571354158
583935022
579744046
579744014
579745550
563025743
814565199
818534351
818542533
818521813
818527973
818454501
550279653
550279653
558668005
575446263
571379959
571142391
571089127
570958079
570953915
571016123
541728443
550120155
545925835
547043851
548936203
549256715
547153691
551334203
558665787
558731387
558793195
558809579
542077419
541926379
558781419
558814827
592357979
1674553867
1670224395
1670224649
1674361611
1675405579
1662817547
1662550363
1662767227
1662660713
1664757993
591278313
601764073
597628265
563945311
562895439
562829903
562839119
562855503
567146190
567121614
567121806
592232326
1665965494
1665965478
1665785342
1930100222
4077530494
4077530478
4090177838
4086246190
2475567662
2475630126
2441874974
2441893646
2177135887
2151994382
2151980062
2160564286
2160506990
2152196206
2168776830
2466565214
2538587231
2538489053
3754829052
3754896892
3687661052
1499274236
1495079548
1495079516
990722588
990722588
990853660
990846492
722218508
692874765
700772173
700759391
700759519
692436479
692436415
692559799
692559799
692559799
692493239
960928151
960944535
960973205
1028086165
1023826325
1028029877
1028059063
902295479
935653303
935638935
935638423
869643735
863220791
862037055
862182463
593939519
594004287
594008365
602299389
602037149
569527181
557961117
557893085
558925085
561029407
559980859
560046890
568502058
568761642
593922362
588564490
587495434
587474954
554068267
558300971
562485033
562414425
546096009
550273929
537691021
537822125
537302701
1615247017
1632411273
1645058761
1645124137
1650391593
3800001081
3807144508
3823905068
2712407084
2968454204
2960524300
2954236940
2487624708
2508469284
2509047205
2525892263
2458394278
2458394278
2262306470
2256033462
2267641494
3610895766
3577324758
3559498774
4096764982
1949740038
1949476870
1679009806
1627621647
591564559
591564639
1732439903
1728245567
1728244015
1728502063
1732697391
1707461951
633654543
625792271
621597967
604787999
604767551
739181863
743316839
747515751
747334643
747142083
768139203
801746371
785032659
780838385
780895637
776506757
772336007
772286935
772484079
722090863
726276655
730483503
696798479
696839439
696821007
713600271
776518925
772316173
772380797
772405359
772762727
772684903
642653287
642649175
651038023
634260039
747244119
747178743
747178751
747379421
1015294669
947923661
947924685
415252205
415289325
952156133
952152055
952151551
952221023
960739679
994162751
708950079
704755775
705034303
705509439
705305663
990523709
961159741
948572796
949486200
949486168
412619352
416824920
147405400
143358808
143219544
143350088
1217059144
1217060296
1233899976
1268306424
1270391720
1237033896
3367744428
3367605165
3371736495
3363355054
3361323438
3407788438
3389439366
3657601478
3657597766
2046923542
2051055918
1795203118
1761648686
1744875562
1744942138
1745001514
1745001514
1745001514
1745013818
1765985611
725864395
709056459
704722891
705770395
722539435
726734506
735123114
714151594
714159802
713369242
780412554
1049372298
1049371274
2123129739
1587340252
1591599580
1465902412
1432286468
1415503108
3293990164
3293841700
3235125540
3231522592
3231588144
3231594016
3247978017
3247970083
3285714722
3285716786
1137254162
1128868114
1095248162
1091049830
285739254
285743238
285948294
285944198
353319302
877398918
876874630
876628982
876731250
1011084114
1011084098
1010936578
759278354
759278354
725723990
725875478
704903447
704862487
704846135
709048631
709310767
726481199
734615871
1003051294
533256542
499706334
491317726
222951902
231328158
1301006847
1166760445
1166768636
1166764516
3314248164
3247434084
3251624740
3284503348
3280046933
3263269231
1115785582
1111591278
1107396718
1107527774
1107794142
34068558
34068558
34003214
34003215
34011407
34007309
34008391
38255943
38245831
38176133
289840516
273587588
273648004
273648020
1348180208
1348188272
1348184112
1893443632
4040944672
4040813856
3768116512
3768117025
3767035686
3783810342
3788000358
4048030838
4077391070
4077390046
4077525982
4081728254
4085918334
3549112926
2441620046
2441624142
2173181518
2177373790
2177390463
2160678783
2160811901
3234421725
3234421213
3234400735
3242924415
1091246462
1124743550
1124744542
319368526
386411854
386411854
923303247
923294159
621411295
621407133
621407117
621407117
625584541
625597853
1011482013
1007282589
1007282613
1011612085
902757349
898031589
897769333
931372887
897695063
885111287
872528099
872454323
872528019
872659091
872585651
608341427
625118611
650294659
641902017
776119616
1846783792
2117315360
2116250400
4146281264
4112595760
4095883552
4238752032
2644905760
2646544160
2509772560
2274897712
2258124593
2258128755
2279131986
2272889810
2172165106
2172160370
2155452786
2149169490
2148247890
3238771650
3242897346
3242897106
3242982130
3238644450
3272150002
3272161746
3272292545
3272222784
3276421200
3280616464
3280542976
3280493888
3280534865
3280526819
3280525794
3276310754
3276380322
3305744786
3310070210
1196077010
1196072418
1196131570
1191810258
1158534210
1141709890
67963970
68037714
470691442
474885698
479096386
529462979
512464577
1586073283
1582860946
1444448934
1444458150
1998103206
1964556990
1947845258
1960493547
1958404328
1958374632
4105857272
4040911049
4045236617
1394563995
1393430219
1381369482
1922368138
1387606939
1387536813
1391730860
1400316076
1366716564
1365164492
1347207965
1355580973
1356631599
1350347294
1349364254
1349495614
1349179678
1350225166
1372245071
1405765085
1380594141
306843916
319488260
286065957
806106405
810298663
835480935
852256647
852280197
844071301
839811460
302485940
306484388
322999717
1371772846
1354933830
1355997702
1148314166
1148249638
3295702566
3572627766
3568490502
3585509381
3619588292
2529069188
2532164996
3530343364
3530343124
3531362916
3527156268
3527157292
3510382372
3510372644
3514567716
3581817908
3565035524
3571322892
1150091272
1149763977
1149766074
1149770154
1166571690
1162410154
1159305402
1144759434
1142661582
1142661902
339452678
272343862
276538406
276667426
285116498
299550914
299501763
324671683
324681057
324742688
309863968
846729764
845681156
846811652
307814917
307012143
307005166
323784362
860462010
843823514
843774106
315291834
311154905
311123208
315258632
306864664
270197272
270197257
274395401
281722907
281592938
298371306
331876586
306776187
323631131
826947849
810166025
810164761
810181145
810086969
541889069
541885228
810320492
541955836
554415868
554284796
587855612
1661727480
1665848296
1670050024
1637541097
1637547257
1641736393
1635428811
1937353675
1903730394
1618511578
3833103322
3829043706
3829051498
3761938539
3766068587
3763922413
3780902877
3793379021
3797579407
3797562038
3875218094
3875021486
4160238590
4116197726
4032312414
4040764478
1892165695
1887972381
1351171084
1369052172
1402604556
316279820
318323004
307833133
307899199
303707679
303694366
843580222
860406122
600609258
567054571
567050477
1624080813
1624224701
1624225469
1615706780
1611504268
1611635356
1611578044
3775851244
3796791148
3796771100
3797811977
3800003353
3798819625
3798786345
3823420457
3768879131
3769927690
1622579210
1616291850
1612113930
1612081162
1612057642
1667105834
1650331690
1650405434
1650401294
575545614
575611694
583807534
596379190
562847302
546070086
546111302
562854215
600602709
592402516
575543412
571357540
571357540
592263540
592198612
600579029
567024349
567040669
567040669
567106197
567147156
562428564
562330261
562051717
830487239
834738998
834812198
826419494
855779622
855714070
587213063
591399183
591661837
592235293
592043517
826916349
826914301
835302877
827307487
827045343
541703677
541702653
541694973
541694589
558545501
558561805
592064013
592061983
591929966
592978286
592982254
566755566
566756574
818433166
818727054
810387854
810531807
810478558
827255646
860778334
844004622
852387103
852157759
868873535
869041469
567057789
558668157
558406509
1632148093
1661574749
1661703901
1644933853
3809059516
3808998060
3775451820
3758625452
3758690988
4031320492
4102623468
4102755437
4119476285
4288292873
3734644747
3740985354
3736778826
3740974538
1584109002
1583907210
1244233870
1328275694
3744161902
3744145703
3744150307
3622441507
3619251747
3585697299
3569088259
3569008963
3573187779
3573186755
3564733667
3558376615
4094209445
4094476213
4111309469
4111383229
4144950941
4144494237
4148688829
4148683261
4156907767
4258619510
4241842550
4244070774
4236124438
4236181782
4236050494
4236050494
4261229631
4294845501
3741201676
1593648392
1518085640
1532827144
1532956232
1239354056
1218382553
1218251515
1220292334
1216111598
1278014414
1294238030
1327857990
1316127062
1320330051
1318495169
3465852833
3468993441
3460617121
3477455777
3697198069
3697164757
3565043997
3564926269
3563908393
4096567593
4114459433
4118719449
4152142731
4152139147
3866919323
3866927531
3867058603
3867074985
3866813417
4067042089
4062847784
4079497512
4045940024
4033555736
3773434136
3769239832
4037675801
4038941659
4055690906
4093440650
4080845450
4047422347
4047426461
4113949613
4118585829
3049030437
3048048417
3048134147
2511267586
2515526930
2506749218
2506704102
2506771638
2506771863
2507828615
3044666775
3077303733
3077234117
3077278732
3060583436
3060591661
3060556861
3194888461
2641244687
2632843822
2628387374
2628256494
2628264878
2628265390
3706205370
3714780298
3748195722
3727224715
3727403915
3727407497
4130060489
4130060376
3865951544
3891246872
3891171848
3874394636
3866014237
2787615533
2787434535
2787442727
2770732135
2753956965
2758149365
3031303988
3031302708
3031302708
3030909460
2494095877
2645075479
2674441014
2670299958
3208219446
3141245718
3141180230
3208310726
4286235527
4285219735
4251923382
4247729078
4164759998
4166787246
4242285806
4237044974
4237109326
3700238414
3700172879
3701308621
3717876941
3489320332
3489318300
3463370140
3463440316
2385377212
3481129724
3481129564
3740766748
2667029029
2666828581
2667372839
2656886839
2652763223
2671705591
2638142375
2507852455
2516242051
2516240003
2549674899
3623395558
3598245926
3609780258
3609977890
3576325170
3559531778
3697940226
3698001410
3706208034
3370650402
3370846498
3387558146
3421116738
3400207810
2343125442
2309608401
2310648480
2293801632
2293801632
2297995936
2339944096
2322239104
2389364609
2389364146
3727379618
3592965282
3593231526
3594475654
1461610894
1431054734
1430547375
1430548415
1430712767
1433833815
1416003589
1424261141
1424273461
1424269364
1961272596
4121343796
4154894116
4142839077
4135568693
4131194141
4147973391
1966935322
1949960682
1949973498
1979325082
2007568026
1453864602
1453871754
1453900426
1453884123
1453884283
1592430893
1567271277
1412082173
1412094085
1412040837
1546456197
1550057653
484507815
1558315426
1558324194
1559241570
1290806818
1290823170
1281421058
1231088898
1265006850
1273387266
1270799106
1268697618
1234750179
1234759267
1270388579
3418010433
3685397249
3689579313
3682109281
3677923045
3675825828
3676022404
3674924676
4245354148
4245345956
4284143524
4292494692
4290659380
4159622148
4158966789
4150570046
3609585726
4247046150
4231317510
4230409526
4234602274
3706606115
3703521873
2629567168
2629567120
2650624688
2673238752
2673239793
2655283185
2663673315
2659477746
2525231314
2530461910
2522209494
2520040694
2520040854
2520695174
3594436998
3613385206
3588071910
4108162431
4108105087
4107841407
3052971823
3212420719
3208353661
3208365405
2906248573
2889380975
2822247469
2822444077
2826573116
3103405628
3098161724
3098153500
3098022424
3098030808
3098044108
2561207709
2628311215
2628294830
2649332910
2658901150
2654639310
2654639438
2519371023
2519386925
2519394860
2524540468
2524521996
2524525069
2994410015
3002683966
2998431854
2997416110
2997406894
2984958090
2955606159
2418694287
3492484237
3493335229
3493343469
4041880361
4037681707
3500810761
3500680712
3500683048
3228051944
3223849096
3223935112
1080949129
1139661707
1118799758
1118471102
1122665454
3261760302
3526066486
3542655270
3509101858
3559499810
3559569458
3559569426
4113210374
4146777159
4130325975
4134397285
4143826789
4143765093
4143769205
4150059597
4150256333
3072189183
3072193455
2807887279
2815214831
2781662317
2778106893
2765532428
2768154124
2759835164
2687493661
2687497791
2705277502
2738618922
2742817642
2732327146
2728199418
2728271066
3818797306
3818875131
3822971081
3813532872
3813531848
3813535945
3780104409
3775821049
4031675881
4031397741
4031389293
4040105597
4035712591
4035719759
4052554255
4052562791
4090257894
4065092070
4065124534
1934422167
1934610591
1900724429
1896596685
1896478729
537458969
538695993
538630457
561932553
560883721
560813065
561889289
593477912
592413485
600679021
596157039
600344167
600346454
1661507670
1661507670
1661581415
1661646948
3809106916
3775535844
3775536868
3775545060
3779673828
3784851428
3784850932
3784841460
3820624117
3820632310
4088932822
4093177158
3524824390
3523845190
3523984582
3523984582
3528170694
4064976102
4060789990
4077567462
4031430038
4039819142
4035641286
4035639750
1623751142
1611147622
1611152678
1628059446
1628054334
1628054078
1640575711
1636307595
562577035
562572171
562568075
831277979
830950331
834817947
826464075
826472203
558098203
553774907
587312959
839100703
839097375
839093263
839173149
839697533
1376552044
1913619692
1917752812
1926151660
1888419789
1888419789
1888418767
1888418270
1888303598
1884043758
1879849326
1879841582
1879973422
554595870
592307727
579645967
579635023
583828815
575442143
588093695
588101887
588167407
571390189
571390189
1645132143
1645132143
571404143
571369255
1712207719
1711945063
1717187685
1725635701
1727732948
1744517324
1744468172
1845225932
1841032013
1824234077
1824234103
1824102966
1824102950
1828239910
1815665462
3977862918
3944447319
3929744743
3929617639
3958965415
3921347735
3904585095
3904580999
3904597894
3902532238
3902655150
3902589670
3906787943
4015819303
3994860309
1847568645
1847520261
1847518213
1847283765
1847279653
1847197733
1859781733
1843006657
1828342209
1828412289
1828313777
1824119461
1824250581
1824496199
1822277395
1872555299
1847127079
1847094310
2115709990
4263126054
4263130406
4269412214
4256893782
4239002310
4104854214
2494249542
2495158870
2495167077
2226663012
2224565860
2258124388
2191052772
2194181612
2195234284
2186862076
2149310285
2155536207
2155544399
2228939102
2228775278
2220374126
2216167534
2216167806
2233081838
2378839807
2374645469
2374514380
2374514380
2378758092
2378737100
2370545644
2370479085
2371527661
2371588857
2403959513
3746411209
3742163545
3742131769
3708630585
1561200393
2081295625
1947081993
626930713
765219849
767312969
767345995
799573323
661227483
657360891
657364347
640595323
640662651
644660475
778876155
774738137
774869145
791597209
1815015611
1814982827
1814443178
1818656170
1822522026
1822481066
3987840762
4021392907
4021330441
4008747276
3996360972
3994476828
4011225900
3843429100
3827237548
3833398957
3841789609
3837528751
3837545407
2763316111
2763299662
2780081678
2809505294
2787484190
2787615294
2787549758
2787553838
2787496750
2787164975
2804958703
2809154735
2784053439
2781960351
2765167775
2765501581
2690000005
2689998981
3772129781
3788846375
3786673447
3786751239
3820301575
3820432647
4089330965
4087223605
4091491605
4091375957
4090319319
4056695254
4056728982
4056731062
4056931238
4048481190
4115623862
3612288406
3612152263
3612283213
3613335836
3747553596
3722389308
3707715388
3434953276
3434945084
3432340028
3633613325
3637814799
3629425503
3675292671
3657531831
3657543831
3657801879
3657801875
3724928162
3725000098
3741745058
3579186850
3564506770
3572838018
3571789442
3571806082
3588619654
4125949430
4142709990
4142703667
4142702608
4142768400
1445781808
1445737248
1445728800
1412244000
1412309536
1416501008
1420691267
1420758466
1420630226
1353476306
1471998150
1458870470
1456835782
1448383735
1450483943
1450500599
1467412951
1475764965
3621708517
3621611237
3588050644
3588050884
3697277780
3699304720
3697997824
3706301456
3706511408
3706515504
3706032179
3722679090
4285694498
4281435746
3188756066
4262587074
4262521542
4128303815
4149279463
4159983591
4125885815
4050518086
4126027782
4126023714
4125892642
4125892642
4127155202
4124992515
4115559683
3561934353
1414351397
1422686821
1422686949
1439464117
1456225973
1984706229
1985765781
1985999029
4133474471
4133327075
4160258067
1961591555
1961529857
1948951045
1965811253
1965616997
1999136997
4150790311
4159178919
4121824439
4121316551
4121322503
3584484615
3584419077
3584354069
3622086453
3623135013
3621176877
2505033263
2505045615
2505041534
2504883934
2513272702
2513231214
2496461934
2496460015
2488267973
2488202437
3561944516
3578721748
3612235220
3612300693
3595519377
3595519411
3595531702
3612307958
3613290966
3579766214
3581343046
3581400342
3572800806
3570708262
3587485494
3587485502
4116032895
4145517935
4144465407
3071264215
4249874903
4249839607
4249696103
4249687335
4250866983
4292817959
4225709118
4292555790
3713741902
1566260383
1574641063
1574444967
1572357815
1605920391
1459147415
1450824327
1450889606
1451151495
1382445125
1399218196
1365504060
1348718892
3496460856
3496461848
3496270360
3504646712
3505170984
3522988584
3554511560
3604907659
3607007626
3605967102
3622826222
3580866790
2486165591
2487083331
3560333761
3560309185
3711312320
3757187553
3734070755
4271125862
4271125798
4289995054
3715375918
3576451642
3559522826
3693745675
1550335515
1567100731
1567099354
3714649306
3714800842
3446504650
3446490314
3439313114
3456037115
3451822411
3449725193
2359206220
2308875500
2311040493
2310844397
2289929903
2301478623
2368685782
3710867030
3710285398
3710281526
3714146598
3756023910
4159950918
1993588934
1983967383
1447093423
1447259293
1447237788
1984956584
1987316648
2003701417
1969890953
2011767433
1470657097
1470681881
3618164776
3622347816
3613976633
3446270233
3454724891
3450501658
3383375386
3383624218
3366716138
3366732458
3640447914
3631780009
3627784344
3627726984
3627722892
3678054540
3661275340
4198014988
4196962364
4213764393
4184482601
4234817071
4243470895
4243458671
4243524302
3723434638
3756794510
3756786318
3489071790
3413578150
3379572966
2372936742
2372955186
3453019138
3448889347
3448942852
3448934660
3451294476
2377548652
2382202732
2373816168
2369620969
2403187690
2402069466
2251090890
2251086794
2251245450
3329110426
3454939386
3438031086
3433824358
3433959525
3433963808
3303874864
3429381392
3425230160
3425360192
3446323648
3463093184
3463023552
3458841552
3458842580
3324547957
3324875575
3324875559
3597529382
3539820902
3552321790
3502055662
3506380974
3506312367
3497984189
3514647961
3512518041
3512520008
3512241416
3564804360
3559566089
3563825977
3563826473
3572086025
3756585035
3739775178
1592418474
3739906218
3731505642
3731702074
4147995402
4096652811
4096780873
3496471241
1357249161
1357171337
3521433225
3547088521
3526247053
3526259613
3530432957
2460951021
2544641319
2511102215
2511102743
3320603175
3312202295
3320652342
3320390454
3320451366
3320447279
3312059709
3442035721
3308906504
3560683592
3575363784
3579681160
3621556120
3604776617
4133257897
3055391385
3057562009
3057562105
3073290604
3043942700
3027235629
3035591231
3035574911
3027055342
3043762926
3077318062
2549875878
2549417143
2528522373
2529063117
2533286095
2650793039
2624563470
3698240270
3698240270
3631139342
3631045182
3626504766
4180415294
4213969198
2053906478
2061770799
2075471919
1486114821
1489297477
1480911941
402979927
403175511
403103063
1564925767
1600032583
1593741125
1458146629
1458281796
1459330500
3606676980
3606623204
3615089380
3577475828
3560653540
3560526756
3564722085
3035261347
3035257778
3035593362
3052273298
3043783350
2540466870
2540438230
2506884814
2507026398
2490247406
2515347686
2510843110
3584607446
3618358405
4155082116
4150896548
4146704036
3057229488
3056582128
3056514320
3060707584
3060777745
3076809523
2485396258
3563856674
2632856354
2628388130
3165193250
2628256802
2628340803
2632711619
2636835267
2670390210
2653604546
2653604546
2657963734
2657884134
2667320294
2667061550
2679640382
2646151486
2629308919
2628285668
2632510708
2364262548
2414524548
2263530628
2255137924
2250941572
3593049236
3592983972
3592983972
3577385380
4101677524
4105933589
4105015861
4042044981
4033668661
4029476375
4029644294
4113440278
4146995174
4130278886
4276948118
4273804438
2126320855
2126278679
1991045173
1994956861
1986568509
2104145165
2087364621
2087364623
2083174463
2134624287
2048538639
4196013341
3726246445
3730375213
3734504045
3734504175
3700962230
3434815878
3434750086
3434758274
3434713238
3432554662
3298338214
3294144935
3306723733
3308952452
3274353548
3542789004
3542792076
3526013388
3543056716
3547185448
3547128616
3521962536
4058871352
4050591256
3547150904
4046225209
2440854827
2449234987
2428453899
2495496202
3567939850
3563807290
3563872814
3563643438
3697853246
3706293566
3706361983
3706366191
3748309223
2653587847
2653597575
2653651591
2653536917
2653508349
2653622893
2653631277
2640913196
2632461604
2629314868
2629318933
2629336261
2628285845
2649252277
2406089613
2385122189
2385131405
2385132956
2389256429
2414356589
2376608875
2359833690
3433566282
3433849034
3366769130
3357852650
3357904874
3357970254
1211537678
1211607310
1228205375
1248654639
1518256926
1518257102
1517986694
1582867111
1582867111
1582867367
1599645093
1549444485
1551547585
1550486723
3572157441
3563707696
3295276320
3295309584
3312338448
3313456688
3304804912
3300610579
3317385042
3317423570
3350846626
3350788258
3338176674
3323509938
3323499667
3608903873
3608858820
3611189444
3576587652
1412312961
1441663619
1470762658
1470890662
1470898854
1458332358
1466815326
1432978238
1416148287
1953082637
1953081612
1949018396
4096505880
4113275912
4134243336
1986642953
1982530585
2116748523
2116625835
4268368810
4276814506
4273480378
4273599147
4289434367
4239300173
4243504901
4234656005
2082838533
2015673381
2015682599
2015633447
4180025446
4214620646
2037777318
2113341094
2109148914
2092383939
1553279681
1486105280
1238641360
1238793920
1339973312
1325270721
1342046849
1337852547
1203585714
1203258018
1169695394
1303914406
1303930294
1341746614
1333446870
1328203782
1328192518
1294709766
1198108694
1432989975
1441501447
1441431829
1432912229
1428727268
1429776548
1429928116
1463482517
1467636885
1467893141
3623813589
3556000759
3556078389
3555062565
3538219301
3622102333
3622102303
3622305310
2541148698
2507591194
2491407898
2640150042
2639885114
2633519402
2629357867
2629353769
2628511593
2645059321
2649253593
2640959388
2641084860
2641051837
2637779133
2620924125
2620925405
2621056477
2373846349
2415811853
2414701837
2666318877
2666306621
2666044733
2667164988
2662965528
2662965528
2662904120
2667090153
2654519465
2654586283
2654619582
2671396798
2642071214
3177840302
3186229246
3169451783
3035295559
3043681221
3077235333
3072942757
3072856741
3039625917
3039756973
3022860717
3026461800
3030648872
3030648888
2493847561
3568199689
3585009931
3350117642
3337602554
3463233710
3463233726
3330064558
3607019694
3606503582
3606503815
3606377399
3346330551
3306546103
3575117815
3574986231
3581738103
3573349415
3572497719
3589209911
3589264918
3580876294
3580327494
3581376470
3614784934
3587472806
3587471527
3570785447
3570916503
2490864771
3027734979
3027481107
3027411475
4116951569
4150559281
4133806625
3060066081
3060217127
3060204583
3077508135
3077442791
3085829558
4159309199
4159256463
3622598543
3597455263
3598638509
3598642621
3604934092
3604938189
3604996037
3621648341
3615285863
3581731430
3513643878
3513766246
3513765926
3548369974
3548370006
3548372039
3548249157
3615358292
3581926772
3571336564
3573437812
3573503317
3573364565
3573364599
3589089062
3590141734
3590141750
3590076214
1434203934
1434268446
1161638686
1161638782
1165833214
1172055034
1172076506
3314338506
3314404042
3297422282
3436882907
3438981083
3454771929
3450381000
3450372808
3752362600
3756557096
2670240040
2670450728
2670393405
2670385165
2670385165
2674579789
2649421772
2645226188
2645410509
2511176445
2516447983
2541610734
2520313574
2520281062
2520264118
2520462726
2524853382
2550072551
3590275309
2495500501
2495542468
3569345860
3569216773
3573350199
3564953447
3560767335
3576651250
3576321474
3580515778
3580522962
3588977139
3589108211
3590154001
3590188801
2549939985
2548891444
2532109620
2532238612
2532234261
2533343319
2533212519
2533151079
2522732390
2539517910
2505965270
2501771255
3577610165
3577667485
3581869452
3615487428
3556636117
3539826165
3531437541
3547158005
3547289079
3509523959
3513718262
3496965590
3505354070
3523016054
3523007798
3523015990
3521948982
3513761078
3513687830
3509556999
3509577223
3576686101
3611194965
3615444725
3621537765
3617342949
3617411557
3623874807
2508173399
2491262231
2499783958
3036657942
2961021718
2977733175
2436415095
2973296341
3007013573
2977563623
3053060583
3035169190
3030910182
3030930470
3030930726
2489876231
2489939717
2490000901
2506761012
2515210596
2515010020
