1847524484
1864247444
3978168740
3965586084
3835628204
3834973885
3834906253
4103344781
4099154637
4094698095
3025167918
3033558574
3029360446
3046136126
3046144046
2543114342
2543144310
2526433094
2262175302
2383756806
2400468534
2400992550
2405311526
2411601959
2411601941
2378133509
2377703621
2411241948
2398652076
2390461100
2386266780
2386295455
2385111727
2385116654
3324760302
3609899214
3559825614
3572408397
3568206924
3568273676
3572280100
3564939820
2486480428
3023349356
3027674717
3052832462
3048572910
3082061806
3086255726
2788484734
2788680398
2805359310
2805408398
2805212078
2775844014
2784234671
3048475815
3048692949
3048631365
3052921860
3052791044
3052778772
3086325044
3078018868
3061241604
3057045252
3057044740
3061271653
3069533414
3201574118
3201577190
3193180398
3675521118
3642626378
3627950858
3640276490
1487608346
1554524779
1554524905
1554524840
1558723464
1550376840
1546167177
1579922315
1580904847
1444589694
1981784102
1987878950
1996334113
1925028896
1675398176
1629324320
1612611632
3826180132
4095632164
4111365669
3876343342
3863759390
3872147998
3884472958
3850926974
3835222934
3837449878
4105859735
4110361220
4030472836
4078707328
3525185952
3523616929
3536199843
3533118642
3535079634
3517200578
3500419267
1084611057
3232668641
3228471281
3224209233
3223618369
3257262849
3261506307
1382191379
3538060579
4074802465
4091586848
4116752640
3827476740
2753993524
2771814964
2803273221
4127577607
4127474182
4127982130
3859284514
3864606562
2797077603
2930245728
3198685424
4272435392
4159316160
4096401536
1546265476
1546259077
1550523054
1558784686
1554787246
1555835050
1555309706
1572090058
501481482
228868363
228909864
480570920
228911912
250063160
242661641
1310100746
1292272974
1292158430
1275381230
1141129582
1153716582
1166467430
1334763987
1334755776
1335509184
1308180688
1211646112
1211661728
1278897040
205154944
70937219
91966082
117230518
116178342
117219494
381460629
381452476
1457299692
1446813740
1446813740
1395572004
1362016549
1345292578
1345276210
1346259218
3497938194
3573466402
3569275683
3032404817
3187601984
4294809152
3673523921
3673542371
3665260258
4202114770
4198315650
3660055970
3664248994
4276617378
4255724711
4239092877
4238911628
4238911628
4259883468
4192844236
4226465612
4286227972
4265587220
4265071140
4264981029
4281733927
4248109154
4231271522
4234480738
4242933842
4238755842
4239837442
2092210946
2106896130
1607773954
3730216210
3732309010
3728131122
3728589858
4265427042
4265566435
4269683091
4278072963
4290713235
4257027761
3703314101
3706984101
3696506535
3696502711
3696567735
3704955317
1559503333
1576280405
1575231749
1567040773
1562799364
1567055668
1567935780
1567939877
1549057845
3696738069
3721903877
3657422599
1237247239
1269458183
1256849719
1273561381
1533740839
1500122935
1483345767
1483213799
1479023015
1480076215
406335365
454828676
436609668
436609684
440542116
448926116
528568485
478174438
478173302
143816726
140699670
136505350
153540610
153465858
137670658
406028562
410161714
965915170
2073268770
2123400481
4269845808
4206926160
3657537936
2650905264
2667994784
2617646752
3026063008
3032418016
2963803491
2443721826
2545433650
2545495042
2549820418
2256219138
2268675346
2407217010
2415532018
2411333618
2377663474
2360890294
2365125527
2355687813
2640945540
2636752284
2636753132
2637801644
3577407644
3610962060
3610967428
3610923908
3577217941
3560448743
3564643303
3564778279
3573161255
3573172535
3517958405
3534727429
3601770756
3601698628
3597435716
3728507493
3728515685
3744899879
3693539590
3693494550
2083470374
4235016290
4243273955
4240128417
4257160625
3751573392
3738985344
3730596480
3730629360
3730827040
1591701281
1589591347
1459034419
1199000883
1143358739
1143357699
1144410882
1282855746
1291305970
1559725538
1576373474
1601566915
1585309763
1581242435
1585445089
1602088416
3724404448
3707630289
3699229393
3697144545
3697140449
1565910739
1565916995
3712281875
3713330481
3713530913
3697263665
3563044945
3562918384
3579699696
3613320064
3604924033
3606990529
1459425267
1459362275
1450977570
1467754530
1600072706
1600007170
1585406978
1518071826
1517990146
1517981954
2063237186
2080015554
2036960466
1752800465
1748614241
1748544608
3893931232
3894209760
3894210020
1796177892
1779304164
1783038688
1783038705
1783444019
1809592867
4256961059
4240186482
4239333442
3702397122
3702134978
3451787458
3481213314
3478992850
3486851810
2411164262
2377368174
2377155310
2645600239
2643503593
2639301080
2635303304
3172112776
3172186504
3172050828
3172180620
2903675580
2903675564
2937250468
2937283557
2807059937
2809136355
2817539315
2816617683
3856801011
3848408275
3848408450
3965861762
3966840450
3964677826
3973066450
4241716854
4239738678
4256486710
4255424519
4255424517
4260208641
4235060224
3695047696
3695115297
3695074337
3694005539
3714977074
1441664258
1610489154
1610225474
1610285506
1341718994
1207452130
3354948067
3321618931
3321554881
1174066881
1576767169
1559863025
1568451313
1602071281
1987948401
1987427361
1981060128
1981059104
1712361520
1712443408
3860062228
3876774692
3843224100
3839018540
3833843244
2692861496
2692796104
2693070728
2693057960
2709970344
2710465960
2715637673
2709258923
2742813370
2704036794
2707706298
2691036602
2699487386
2699471322
2699540826
3764755210
3760564746
3777340938
3794068042
3794031594
1646473642
1646399658
1646462126
1658916014
1654726062
1671642558
1671523790
1671490894
1671474959
1637920271
1642118671
1629527559
1629535751
1612756759
1612961063
1612895591
1612860647
3764537573
3840035061
3856848916
3886278676
1722017796
1726212101
1726082053
3873694725
3873629477
3999454501
3999419685
2872135461
2870033253
2840792036
2851474133
2829519557
3903269591
2829086454
2830172134
2846938614
3958439414
3927022806
3925911750
3925911750
3942885574
3909281831
1761789991
1765985319
3914583063
3983797303
4025666855
4025732405
3958463253
3947982613
3943772021
3910348773
3897757669
3908374197
3904179895
3971028663
3970963111
3987765174
4019257270
4023515542
3925928326
3925911943
3942689223
3947014165
1833080885
1828887557
1829934085
3979579445
3979526181
4017275175
4025566503
3947919165
3943706493
3910347629
3899853821
3908504477
3904178847
3902872255
3902881470
3920656126
3958436854
3931222358
3925910854
3925912838
3925912834
3942820147
3913456928
3913452832
3892497664
3893820672
3977760032
3981954336
3922806049
3946918231
3947045206
3943833942
3910272478
3916631518
3923839934
1772100270
3919583914
3920633530
3918542474
4185941642
4190168971
4215318413
4215582109
4215778716
3938893708
3938891660
3930503108
4011234612
4013330724
3979841572
3961884708
3961638948
3827515692
3828486428
3828496156
1613897277
1618152175
1626344174
1622150078
1622215054
1639005390
1672737998
1653715022
1658167374
1658167422
1657118830
1724223847
1715569957
1728087349
3842217252
3842155812
3976389668
3976225828
3942655076
3943832804
3948022164
3922856581
3969060499
3968956066
3968914146
3967865554
3972064066
3892371714
3909151746
3942688819
3926042661
3926038564
3997354084
3998403652
4015179076
4023636740
4023468580
4023394852
4013957668
4009763628
3876594028
3843163500
3771862860
3767667532
3769842248
1888827979
1888758602
1890904394
1911864538
1932820730
1645510874
1645641930
587641034
587505914
654356714
654361832
1728302184
1828871532
1828875564
1774350124
1770155564
1770006076
1770006031
1770006090
1770006366
4190319854
4215422190
4211281070
4211285134
4223745934
4219547278
3649142405
3649207940
3632687748
3628497604
3625311508
3642086452
3643863076
3690065972
3686002708
4222857269
2073080871
2039528494
2035320878
1762691118
1795328094
1795333326
721595470
721527882
721527898
721606010
721670522
687993195
692121963
675410283
675403119
1749146974
1749121862
1757510486
1757641319
1774411494
1807955654
1874997959
1870803653
2139226757
4286645157
4253046183
4257250479
4244700351
4227919247
2080485070
2080747214
2084951630
2084947527
2085603159
2085549175
2101798133
2144789748
2128018580
2126707844
2118302868
2118227364
1849800612
1849795476
4005802692
4022567893
3963716471
3960530278
3960532326
3960564006
3960621350
3964799254
3973258503
3973132035
3973064499
1821471522
1821593970
1821622770
1825620210
1834017939
4265717121
2114103680
1979894144
1979895680
1712572304
3878799344
3857769249
3835750178
3835750178
3839946034
3848333618
3978492211
4012001555
3979496705
3983611136
3964740400
3973132833
3969057314
3968930418
3968873442
3981458914
4278217106
4261636226
4127352963
1984043136
1985087616
1985154432
4067444692
4092617317
4088455718
3851477550
3851477550
3851462446
3855920430
3847523382
3780955142
3779871815
3780526421
3830608236
3830604588
3832701740
3966990141
3977312589
3977292109
4013992269
1866643789
1849854285
1712491596
3876684812
3876814908
3880955949
3847413807
3843121455
3960480047
3960547311
3964800751
3989965503
3986098831
3985848974
3985714846
4019221470
4018205150
4022398990
3980447758
3980452894
3909151774
3913459750
3921853799
3985805141
4019357396
2949743348
2932978420
2941494036
2937319684
2937188372
2903565349
2903532645
2888920301
2901559791
2763132607
3836874398
3853584030
3857715934
3849335646
3845206302
3845206302
3979355199
1836149823
1844635679
1842800655
1691798599
1683260485
1683259461
1683193957
1683136613
1683203429
1833035125
1862397301
1845684581
1850924389
1859309511
1861699527
1861309431
4008723431
4008710887
3998298735
4015075951
1867526713
1833968395
1817190667
1816341786
2094143802
1955728154
1955662362
1957759562
1957714634
1437659018
1471189386
3599794570
3604054169
3594695080
3590496680
3607274408
3607225324
3607230460
3611416397
3577966341
3561156407
3570593575
3566467875
3566320929
2494930225
2650256641
3749093632
3610681600
3608576832
3608576960
3608598353
3608597873
3579303393
3579082209
4115932641
4116002257
4124186049
3589412275
3618705827
3622842787
3622842503
3612561606
3612562886
1397980670
1406233582
1389390830
1926290430
1917901278
1917908171
1980817609
1982918857
2000089561
1962341176
2091274808
2092320312
4243852089
4235995947
4236012330
4235913770
4168801834
4177232394
3923280394
1771614986
1805164586
1790551081
1803531304
1765196840
1746060296
1745011720
671249432
671180136
671102312
675290985
700530521
700530633
700530649
734101433
734101433
717354905
717354893
717354637
1791080093
1791080111
1791080126
1787016862
4018323150
3972184654
3973225230
4235431230
4235236398
4235255854
4235255871
3964760093
3960475692
3960738860
3967228268
3975547628
3992849100
3988671116
3988213389
4260647566
4252038142
4249936366
4245713022
4244664446
4244661358
3175214446
4286770030
4286749566
4018310989
3885272396
2815722820
2807858212
2805895204
2771824692
3979862132
4013285476
4013356260
4013317540
4013313972
4017294997
4025553591
4025488038
3987747574
3975242326
3973129054
3964691742
3973082398
3904957759
3900894267
1771228169
1808974857
1798358024
1798357001
1798423593
1762911531
1766878507
1749052763
1744858587
1749253611
1765953002
1807959434
1791050634
1786991514
1786933930
1791222442
3938575018
3946869690
3946899387
3946901481
3955469288
3951467496
3951464280
3955597128
3948197640
4011308344
4011250984
4011312429
3943783725
3943791725
3948117485
3914489343
3956409302
3952214982
3952284374
3951047294
3921683247
3913364283
3892392729
3896519449
1749051961
1757669947
1753398138
1770162634
1808829642
1785758922
1781563466
1848807514
1846730858
1862426859
1862476015
1828790781
1816277945
1824655017
1686244009
1686178473
1702910697
1736501977
1720757065
1716562185
1712362505
1712558089
1712500761
1712500777
1716703279
1715650606
1732493422
1695760750
1813206502
1817403382
1817370206
1758715470
1758592606
1758523230
1757474654
1749151071
1749278047
1749274077
1744952509
1744860345
1761633705
1795257769
3930281913
3955443388
3955447548
3956373116
3918620189
3918587421
2844845597
2844911389
2845045533
2849100063
2839597373
2835398953
2835431721
3909293433
3910286713
3914545529
3946912248
3930135000
3938539977
3938676171
3938640842
3938907082
3955721182
3922039294
3905266030
3896878190
3896878126
3896882237
3980889148
3980903484
4014196028
4014069036
3980510572
3976320492
3977369581
3963836415
3963846127
3972095470
3921763438
3913292895
3913366607
3914542415
3914481502
3956416094
3935516286
3935377150
3935376126
3938472702
3938513822
3955271054
3921716365
3900943500
3905137804
3959471260
3959729308
3959864748
3960901100
3981889005
4017311085
4017120575
4012925983
4013126687
3983688991
3992084255
4021513846
2947645030
2930853478
2928690806
2865776246
2857394758
2853200454
2853265926
2853402431
2857459055
2874165357
2849032319
2832652559
2832657167
2828462605
2828373532
2899609132
2899609388
2908004652
2941625644
2941686884
2943796324
2943798373
2943868133
2910313959
2909986807
2905792247
2889080534
2888947414
2754703094
2758897598
2775612862
2783992222
2817644702
2817775774
2817775806
2817785086
2784228830
2775835615
2809357149
2805167692
2787213084
2787147052
3865081900
3865172029
3873687583
3873692687
3883072519
1702028295
1697833991
1697826103
1702088487
1702219623
1735774071
1733684567
1733688677
1735773557
1735916885
3883394389
1702221681
1702217713
1710749267
1710745203
1710612322
3857993058
3849645427
3883265367
3883392247
3849833943
3849846213
3891784149
3891780581
3858092021
3849715671
3849711447
3849705319
3849701239
3849713495
3849708919
3858095463
3849702759
3849714007
3849840983
3849845045
3983919893
3984055557
3849807125
3858059301
3832807462
3832820086
3761709526
3761651638
2686914214
2690910886
2963540646
2963544998
2427727767
2444701061
2209754501
2209621381
2209121719
2213328359
2204935975
2170859301
2170859045
2267392532
2250615552
3324427536
3324417296
3592877056
3593392321
3728667779
1595864450
1549464978
1557919667
1555683251
3707368401
3699171600
3693929760
3693405220
3693407524
2623986996
3165048580
3166621188
3099248140
3099186749
3115906671
3153657454
3145268974
3107520174
3090736814
4231750566
4231680406
4231659654
4234018950
2086610050
1549610179
1432169539
1465330771
1467358291
400952514
333860290
296144578
329682627
329750211
317036355
317030403
1919258675
1982181410
1982115874
1713677346
1680319522
1680272675
1815530787
1820280291
1820132583
1819616503
1819550951
1878801575
1876700583
1872571287
1872572053
1737307797
2009928325
1977356933
886841989
349971125
345318133
347416085
283147781
283180805
1348721925
1348635909
1365416197
1382254853
308514647
1449563511
1449570582
1449623574
1449443366
2120544294
2116313134
2084315182
2084449342
2088400910
750439247
683330188
682330764
698912652
728282268
1798873324
1748541668
1746444388
1813962981
1813439971
1817630691
1842529955
1855114897
1855374977
1725425088
1725298112
1718940768
1714742304
1714742305
641066081
578286711
578212951
571950551
571950551
1649886711
1652017143
1660274423
1676007135
1625808591
1625816655
1625815567
1625815583
1625677631
3840277807
3840208174
3831817510
3882214710
3866522934
3866580326
3866187110
3874512230
3874577911
1743879511
1702050885
1683176769
1683436992
1683437520
1960252064
1960116896
1960122033
1960128145
1440165507
1456876163
1458965187
1454837315
1186205203
1186211361
1169434145
1152673584
3300390673
3300834561
3305020675
3321531842
3344862658
3327954354
3591145378
3591739314
3596003218
3612780530
4124420067
4101308257
4101295397
3040148757
3073730563
4145375251
4128713779
4128707634
4132372498
4157473043
4154356275
4120834613
4120893013
4122802884
2510088660
2505369828
2534725860
2534721660
2518043724
2450915404
3067502924
3080184429
3082150638
3048530670
3031736038
3034876902
2485422966
2486618902
2486599431
2503093765
2534485524
2534483492
2538741284
2546142740
2541760084
2675975908
2541778860
2541802159
2541781662
2529460894
2521072318
2521599934
2517404798
2518517822
2520688670
3073304590
3073272910
3040504910
3027920334
3030255519
3047100095
2510045119
2547803647
2524738687
2524934159
2524963079
3615351063
3581801270
2491139638
2491075126
2499447574
2499463430
2516183054
2541317134
2518234382
2518614798
2524840494
2550071855
3568566893
3566483044
3298043504
3302256464
3301242704
3427071296
3422926080
1141290240
1158063104
1159635968
1195285504
1177996369
1182256353
1180032161
1465212321
1465868209
1415534481
1423922833
1423791777
1419573153
3567052193
3567054305
3613191393
3592350929
3326016832
3325484544
3325478400
3338028544
3606386192
3606849056
3724306272
3703336417
2629721267
2627652738
2627718322
2631699874
2635902438
2668932582
4262766022
4263290318
4275940814
4276006382
4023827950
4015426799
2906033247
2905836621
2905715981
3979453709
4010910735
4010994703
2807225391
2815577133
2782005292
2784169004
2767658076
2766493148
2766493148
2763518972
2763387869
2761208254
3855918574
3847533806
3845426286
3846147134
3846110470
3846106374
3849776927
3883913021
3867002684
3866973980
2789025564
2793350676
2801737269
2801733157
3082620478
3053272670
3032297054
3166517246
3166636030
2646411190
2644252150
2577149399
2581344087
2572971271
2568647943
2572820758
3646562582
3646582806
3675930654
3676029278
3675845070
3675808203
1532520331
1532624777
1574633369
1557823129
1549426312
1549616776
1432110792
1431794376
1431794440
1431794952
1427461385
1412812057
1412951867
1417078299
1442243083
1442300491
1476166363
2000454330
2000454058
4147938475
4114122987
3858479338
4290685434
3216944090
3200165450
2934809098
2943140362
2804531738
2775237162
2783503211
2762531305
2762490280
2766668680
2754089608
3022534536
3022661800
3077187816
3064596520
3064924184
3064870920
2528076808
2528108552
2528023320
2511242027
2499707882
2499576302
2491204014
2491204014
2490884534
2488787390
2484561118
2484425806
3558213647
3558234117
3562432772
3520494388
2448841460
2448907904
2473940608
2482356864
2465649280
2461196944
2461254320
2460009120
2464207585
2464212961
2464215009
2480991587
2480994663
2481052023
2472659447
2472664534
2472803542
3009608822
3009598566
3009659126
3009572934
2992791630
2992791582
2992783386
4062363674
4062444570
4079220762
4045658122
4029872394
4034046218
4042434826
4042491146
4042572042
4042571802
4057448571
4090945645
4065779812
4064638308
4064564708
4064630224
1917261808
1917196176
1917196160
1380325249
1398159235
1364535202
1358245798
1358244790
1354185350
1085741702
1085558422
1354014438
1370793766
1387569942
1387573510
3551834134
3518346273
3505759265
3493831712
3560895536
2503889936
2520397684
3531224676
3535406692
3535340148
3602387540
3606585940
3330024221
3309183263
1077281050
1077284122
1077217562
1079458074
1079458570
72813130
72634058
72677002
123523994
125616554
117227691
399818921
398971053
398832044
1464111532
1464181212
1464246733
1598465485
1598203229
1598201469
1598209580
1465384508
1465374220
1465337356
1192707852
1196896548
3486855204
3481546789
3481546805
3486856199
3486938127
3480648718
3413564678
3421425414
3418261014
3653075518
3636242222
3633882990
4174950250
4162624362
4179528059
3926824975
1779348493
1779212333
1779212332
1779277868
1779359852
1780404332
1765199084
1751632852
1759989461
1759846101
1759844085
1828009917
3983877549
3967561133
3975949229
3971680949
4240050821
4240054913
2092637825
1555576531
1555572227
1291333379
1283190018
1148909570
1146804290
1142869186
1075760322
1092535426
52319618
41299346
48705442
44379042
48577955
49560993
41165745
34939793
53965521
20435665
24937313
32281889
32291105
23967745
57587713
40810753
40805633
1181659907
1181545270
3597464374
3623772950
3590215542
3569305198
3569153774
3567052522
2493312762
2493312715
2493315721
2514275241
2535246761
3611053993
3728672713
4265484744
4269482328
2121998632
2071666728
2071671848
2070482220
2036862220
2036886796
963437836
960475404
957854044
956604884
960541108
960528820
692163005
692302317
1774370029
1774369133
1766046061
1765849372
1832958220
4009990412
4014115852
4014375944
4022763580
3955667052
3922124909
3921994861
3913346175
3896765799
2839698791
3108113766
3141733398
3124829190
3124833286
2588093750
2588089910
2659323430
2407665190
2407992870
2374239830
2408896198
2408883910
2262077335
2264173735
2255784103
2251655415
2251806967
2251716823
2268473543
2218142150
2222336726
2226532070
2159349414
2157186743
2161397397
2153043589
2169825156
2169808772
2171975572
2172106676
2172108708
2171059109
2439428581
2439424503
2435312535
2469886869
3543555733
3542498965
4079363989
4062650813
1919164845
1935945901
1902461055
1344684047
1344786443
1344564235
1344563211
1348855834
279894318
1403963694
1386891550
1186614542
1188692302
1178218967
104477621
102376117
119153280
665216
1971840
274138768
282134176
277947313
276832737
281026852
282075180
284176680
283140392
14729529
14995226
10783498
9800458
9275658
126454026
109811786
244030538
247107658
180007247
174764365
170566484
1244307956
1210753524
1210825980
1210812671
3425421566
3425369054
3429563022
3438008974
3433579198
3483947694
3736654506
3736637867
2662899884
2658705644
2670249036
2636695564
2351622220
3426380109
3426364238
3438948046
3432645326
3432514206
3432788974
3448508905
3751563368
3734467672
3736594504
3732121800
3459361160
3459488648
1578212232
2131797640
2130743961
4261446331
3998384873
4002591016
3870466348
3865157924
3877758724
3827725828
3828232708
3828224565
3840541222
3769106990
3769111406
3791139066
1635266778
1635261578
1702377610
1962420362
1956255898
1973033098
1603935370
1591612554
1313747082
1322135802
1317937966
1335767598
1301951006
1287201302
1287152181
1220076064
1220060960
1291368224
1278773216
1278904192
1143637888
69918592
69926785
2772883
2837939
33311139
66345381
49556885
49491845
40981461
35656500
35660583
39871279
39870510
66183210
30843946
30705978
63735838
42833950
42973198
1120843790
1179563022
1176154190
1176408526
3489571742
3451822743
3703538356
3703145124
3567816612
3559455660
3560729516
3560848300
3577621388
3577622415
1365124574
1372853630
1406406718
1406415934
1406153759
1364206607
1364210957
269681436
272777805
273044173
281432733
281375407
1350891183
1351405487
1351404463
1351604667
1355803067
1364191641
1394011353
1396106441
1396089097
1394782473
1361244441
1361110829
1348511533
1885382447
1894231855
4058488111
4092955935
4158098767
4132409167
3067055743
2790241839
2790172223
2798298686
2790830398
2935545903
2944131183
2938749167
2938650847
2905304221
2905242029
2905234412
3991554796
3988736636
3969648140
3981713932
1813914121
1813971467
2084311850
2147223598
2058094638
985405470
448276494
246949902
246997006
251297863
242909319
120226183
74089366
74167206
82425510
74170006
1416346246
1416600214
1416404911
1349316079
1902962029
1936061529
1919284313
1986376953
1986376953
1987892347
2004671611
1983773755
2122250553
2122252089
1853814315
1860945707
4008227627
3999834413
4016611389
3963343116
4229613324
4233789044
4241189476
4236851808
4238098016
4238095713
4238090723
4254806502
3734635942
3600420278
3603434886
1464338818
1191722882
1191847558
1159357061
89711244
89694924
91795021
90880773
91138311
24090934
56920358
325354854
1365542231
1399227847
1399226871
1399251413
1399320901
1394995477
1378218277
1394962733
1898272573
1348754989
1357130287
3504605742
3504605726
3500935774
3501984734
2176585694
2176583038
2210267438
2277384470
2277400838
2277400583
2210160997
2209108388
2213282220
2204896172
3324840876
3326032828
3326032312
3460180412
3459704252
3711410508
1545900300
1545634573
1545642559
1545709102
1549900326
3630283318
3680873254
3665161510
2588361830
2597191910
2596933870
2609513710
2577010127
2358783437
2358779741
2379751181
2379744527
2409256223
2411361662
2411279870
2415398382
2407009774
2369407486
2367355343
2354769359
2354799949
2354639629
2363003677
2375660349
2375917948
2380047852
2373750253
2369554797
2367654365
2367076813
2404838861
2404837341
2404709373
2413085693
2413265881
2278729609
2413031389
2404442093
2400242669
2400373119
2404575567
2404543823
2404597022
2404390206
2404729134
2413285694
2308432190
2308235630
2312925551
2287784303
2283327359
2283461599
2287659743
2287692511
2304260942
2312838990
2379892062
2409255294
2413646191
2413576495
2371633437
2355085580
2355033364
2363467812
2362222688
3427580016
3423385792
3423505856
3558507968
3558507456
1461355456
1988003267
2122290226
4265450530
4264401954
4264420386
4263977058
4263911634
4251320738
4238803618
4238612129
4238620320
4256448160
4293930624
4262750912
4261767488
3724962048
3726011651
4280221442
4286504466
4252864038
3990396519
2895687653
2894642924
3163074268
3163287292
3167714943
3171358270
3138717486
2587164718
2591359086
3149267054
3147702526
3114213598
3097257165
4174941260
3627584776
3694893576
3711609352
1580968520
1578887752
1578790236
1595543804
1561198820
1414398180
1422786660
1418658108
1351435532
1368258828
1385031948
1385081101
1389271374
1380878798
1376618398
1376551870
1460437950
1411294174
1410769871
3561403157
3586446116
4157403940
4140610340
4140610348
4291732077
3185487583
3168721615
3170814670
3160984238
3157851054
3157847982
3178815963
3220730315
3220796414
3137151982
3137151462
3137085538
3212577890
4286318818
4248713346
4231932291
4236127619
3697160065
3697149315
3695985827
3721155751
3704366182
3705416758
3701418246
3702942470
3702939430
2359742247
2360854311
2410993493
2396320644
3469534084
3469534100
3461099941
3461222567
3323855015
3340632231
1144914142
1279078414
1278487822
1282681614
1282747150
217389582
142347038
192421694
178934542
178962702
178946829
178815980
179872232
188260712
135839016
403290408
453945608
437168136
441362633
978237579
1041140875
907362443
907346059
926023835
875696811
877798057
746664617
746599080
746596936
746613256
750823992
1020430889
1033013787
1051951631
1049867022
1053925391
2113970221
2113970405
2113975461
2097347732
2097347476
1975941812
1971718821
4120840887
2013014678
1987848118
1983664558
2003583358
1902956810
1894539531
1894278953
1894312745
1961491241
1953233195
1949039407
1965608206
2000216526
1998315918
2010809263
1973076909
4102734500
4106929796
4098542213
3558795975
3560827494
4117555750
3085758246
3064780094
3064906814
3199108134
3199071270
3203195925
3194806292
3190779988
3208532212
3172860340
2556301749
2631808487
2560367590
2560371686
2560371494
2564569398
2315009302
2315072270
2310680837
2294161716
2361131044
2298232876
2285651148
2285493640
3357272968
3377162889
3377080986
3372886698
3406498750
3406564750
3474768010
3458044058
2388570266
2392760526
2392826318
3465847383
3465851492
3485315620
3447558692
3693724204
2485831212
2485799724
2485811244
2485909557
2620127287
3693795342
3576650190
3614183054
3606905486
3602789046
3602784678
3600687271
3600031909
3604226212
3612636356
3607489732
1460054084
1460054017
1460054035
1464244530
1455850866
1457422675
1457422789
1465303493
1561780693
1544890343
3691326182
3692378662
3696507430
3751090734
3734321950
3466411278
2394697742
2394685454
2344103998
2310611263
3367576380
3367502380
3366457060
3366505120
3370695328
2289867680
2285149088
2283118512
2299965313
3389433537
3389433345
3397824001
3397910064
2324487712
2325510688
2329439012
2339948844
2300155948
2304280684
2346236236
2341056460
2592845516
2592843500
2596898540
3210315493
3074068198
3056242422
3056447222
2787942134
2788134562
2788089506
2788097442
2789112978
2789112962
2805889154
2784913538
2779674818
2779666499
2813221959
2775388231
3040682822
3040752214
3036623590
3032220398
3032223726
3032230126
3032230110
2493262022
2497538246
2496032135
2496030085
3570803605
3579122592
3574924192
3574924256
3574928224
1158943028
1163141380
1173693445
83253269
100026388
259512372
238417940
238344196
171805708
169722061
239026310
238420102
221384854
204632742
483566246
1551999654
2088809126
2088805031
2139137716
1853931236
1858313764
1846647332
2116061972
2116265221
2116182038
2133209122
2099642406
2083389478
2095973414
2092566791
2092591680
4240112320
4240087680
4256926336
4294476416
4264329860
4264346261
4264428213
4264440487
4277088167
3198953959
3198953575
3200007199
2667193359
3740935439
3738838854
3751307254
3751341526
3751404742
3755589814
3721957542
3713773798
3713699911
3696918533
3692807184
1545099568
1410873652
1411066676
1562257972
1608473125
1586447926
1586222018
2127147971
4249391506
4232623010
4232684438
4098598534
3557407366
3557542551
3557694103
2501773991
2541031077
2544904164
2510299628
2510304349
3298833431
3299095590
3299284018
3295552530
3291407362
3425612034
3425349890
1294643459
1315606529
1323995200
3463020752
3459089648
3727526112
3728583137
3726420709
4267551469
4258245356
4258244296
4258657096
4250173768
4281630824
4281725292
4246073708
4233393007
4240729846
4240651894
4232193910
3696637302
3692429398
1547042823
1954418692
1962892548
1974454564
1991158580
4138707716
4138580292
4142697668
4130111644
4131176876
3071665068
3021365924
3033948836
3029742244
3029611232
3029612129
2496927250
2532584706
2532797506
2532797522
2533182562
2658716774
2654585974
3728385094
3728384070
3715801167
4233797647
4233723999
4233753839
4234018026
4235684266
4235688878
4233317038
4233170622
4232066766
4233110094
4233130519
4243616548
3170165028
3186025776
3186031872
3177630720
3208416256
3195835488
3202138337
3198140658
3198083238
3198083238
3198019494
3202141926
3061631710
3073993423
3040471757
3023830749
3028014812
3044659788
3044602381
3220759325
4277724461
4275629101
4267300909
4267363357
4263170061
4263178253
4246368333
4229837053
4229825775
4233498350
4237765290
4238092970
4103875242
4120653466
3063686794
2526557066
2530754730
2532851882
3530047659
3597357259
3609911371
3559841801
3492734216
3496925464
3563571496
3563440424
4096117564
4096259848
4118274568
4160209608
4120363676
3583955629
3582817967
2513186478
2534157222
2534148534
2450411006
3529434446
3533627406
3533086726
3535254534
3535049766
3539246118
2451885093
2452440164
2469003340
3493474764
3560583756
3571069516
3566940732
3567006249
3567007275
3701222955
3692833321
3692845593
3424115209
1561783881
1595336393
1591035801
1590707627
1582302379
1312965818
1581411482
1581477018
1581343930
1598283962
1565716891
1146270665
1154716172
1154531852
1154531900
1146218028
1412689452
1417015084
1358233384
1387744569
1387709898
1387709834
1391838394
1379157162
1379144106
1393824186
1360474507
269885784
282468632
9904440
1083450680
1133788441
1117145354
1117186314
1184296202
1196809498
1158989274
1142211982
1146540430
1151246734
1153344406
1157600247
1148752613
1144632033
1142663056
1146793856
1163575184
1199279760
1182371504
3325878176
3594311072
3593794976
3598017700
3614778532
3623101857
2549310849
2549273475
2511520451
2511569634
2510336610
2510332706
2510332194
2447679522
2539950130
2535772214
2535978022
2535611702
2535607102
3076659774
3081775727
3081779947
2998147547
3002342539
2465158283
2523545737
3597287577
3597361321
3593035948
3609817580
3576415068
3559577100
3563841036
1424614925
1890358813
4109352509
4109286956
4100955932
3027015948
2490149148
2485971260
2486040380
2435781404
2439975452
2515407372
2511217279
2512193262
2544635886
2544635374
2246843518
2238461002
2247041098
2231263434
3302909067
3302814905
3561807017
3578592425
3612206219
3591233675
1444405385
1444344057
1377206584
1932952328
1881644552
1894029848
1688513083
1688512826
1957017882
1961661722
4281090314
3745186506
3743023802
3708433066
3691652782
3700109030
3700173286
3432787154
3432784962
3432964166
3435049154
3434513603
3454438545
3479410865
3462498481
3458305200
3593572592
3593838816
3592921188
3592867940
3592884580
3592893036
3576047148
1417555500
1423784477
1419524639
1419542046
1423498526
1423477774
3579352070
3611014151
3594167365
3594163652
3594159492
3593438612
3597653412
3597657508
4142752165
4159512999
3052155302
3034854822
3026532342
3026546230
3026578998
3034906150
3034873622
3031492354
3031690945
4105359024
4109520544
4117761696
4111470240
4279269296
4264682676
3999523956
4007785525
1721814037
1726012439
1717625878
1981932566
4129480718
4012011646
3978449150
3849779134
3837193882
3835099835
3834956475
3834957449
3858032329
4113322457
4113301625
4096726043
4096668987
4100865835
4109250347
4104994351
4121697806
2645300750
2678851086
2397906750
2399086382
2415796542
2377527318
2360737830
2358247462
2358247654
2358268086
2362474627
2354152321
2353234564
2353177220
3306335876
3325532852
3324348852
3324942516
3324963060
3325029591
3324863558
3325912094
3325444414
3471184702
3466994198
3467010582
3466949174
3467395877
3471589676
3475526700
3358084156
3358279740
3358198028
1210718988
1223305740
1224240652
1215884860
1530422828
1515808636
1515905372
1523241309
1523173247
1514722927
1510483695
1527260910
1527277150
2060187005
2055909612
2055966956
2061009084
1497931908
1476963716
1477163392
1477421488
1477441696
1481529504
1480998049
1539716513
1522930643
1521893890
1257113090
1340935682
1298950914
1277749554
1210841378
3362503970
3370687794
3384321491
3414730625
3398352512
2324602496
2324090496
2412138112
2404714224
2404660833
2406754083
2398364962
2411142354
3451795586
3451656354
3455846562
3447457954
3440654466
3457623171
3456508035
1308807491
3457327362
3463618818
3484595474
3433143602
3433078050
3434133795
3434391585
3449075745
3462171683
3726363745
3726298337
3728360865
3728361377
3728368305
4276765313
4289454720
4238992000
3697930884
3693731460
3693697788
3697896044
2632723244
2628528424
2646358313
2578781451
2562470666
3636199946
3701408302
3701416750
3434881134
3434878190
3438822551
3447321733
1327146125
1309320332
1309392268
1309257036
235645196
236583228
240666924
106630956
108672844
259928780
217978508
217450125
211097534
210768294
214966694
72360110
68182206
68219066
68202986
71351659
348174635
345028907
280210203
280145419
283280906
274892558
1365673230
1395035198
1394977830
1378135271
1445299351
1450624389
1459011973
1456894901
1456874401
1456808355
1450451363
1445994915
1377837478
325067702
274805654
283181719
346100407
346100727
350287639
350285575
81832711
1155578646
1155701526
1440914182
1457687814
1591907590
1591902470
3739463974
3731988774
3731988775
3665006885
3681800492
3681600828
3645981724
3646305400
3646305656
3629528440
3638498808
3638310393
3638308329
3638045675
3638049755
1486379914
1541172122
1524494266
1512042890
1511998410
1511965646
1562309102
1549787630
1557979375
1557980391
1549595877
1545401853
1562294013
2136913628
2128512716
2128512588
2119993116
2120000829
2117903645
2117989643
2117991707
2122284858
2121684842
2138445675
2113274747
2094269275
2094269193
2087977241
2088052009
1953836075
1953835051
359938363
393509131
385633547
385860875
385597785
385454425
385585404
379229436
383433932
97184901
4873345
724097
1638545
1774049
2044641
282407648
278147808
327430740
310698500
1115991556
1115720532
1115724140
3263469931
3268185066
3553595082
3521020554
3619603082
3602825914
2529092266
2529141162
2662654377
2675241384
2637480328
2620506568
2619506968
4230128936
4234406717
4242598671
2111859470
2134124830
2117483854
2115372494
2120089790
2128478638
2140938734
2090607071
1557946703
1549591831
475851831
471660599
471398451
202996995
85594881
123339521
123339461
114951809
114970497
131791235
534423955
534359446
534619606
511291462
519667782
385384671
385388781
911761645
924328108
1023938728
1007289769
1011490473
1016732395
1018956538
1018965706
1035739658
532476682
520061195
1606254859
1606190395
1602005803
1581034281
1580837609
1448778635
1456115083
1384824969
1385824408
1390018728
1396322472
1345986984
1345201128
1349408313
275639817
283421455
308587790
308591646
372044862
372068382
373161998
337510598
470155670
474374838
482800278
1016579742
881888990
898670175
919645983
911516957
907321661
907387672
1998057992
1681834521
1686029867
1690226219
1824324138
1822194490
1826376458
1766591818
1762528586
722089083
726282281
718938152
987373672
983179516
983048668
982004173
1002972061
969466797
424187823
415809023
416005599
415940047
952810957
944420829
407811837
407811805
424646285
423941785
423952041
457670585
457578907
457574827
1002838250
1002839162
1002900746
1002898698
994510090
457515290
459088698
994845999
994845999
994587951
1003025709
1003001149
1003009343
1003009341
1003074877
986299636
2060041396
2051651760
2047457424
4194932880
4211849616
4211800720
3142516368
3213776560
3180724963
3215262306
2543846946
2544119590
2531534950
2523666670
2523871454
2540578974
2675845263
2650683791
2631823245
2631888781
3707109085
2632244845
2556485165
3630198573
4163136815
4167367999
4167855423
2033008431
2032995870
2016165390
2083270086
2105359534
2103334062
2102281390
2101690510
1967448206
1426366670
340111438
1422389374
1150801023
1083690108
1083623676
3499530732
3565586812
3603335964
3604122380
3602034444
2527306511
2665521966
2657133422
3191124974
3172303790
3154543022
3021377950
3025597918
3035985375
3027529055
3040096127
3073392174
3077643822
3086157358
3082229274
3082106122
3082107918
2548368414
4150526014
4147933247
4114477279
4049593229
3504268940
1355726476
1884215948
1880029828
1879755392
1880874672
1883026404
4100763940
4155289636
4138721301
4142851077
1986683905
2116683009
2116748581
2137528103
2112628519
2092902191
3971241791
3971022111
1840294943
1875950607
1875950607
1782623245
1778424861
1778422812
3926036484
3993145396
4010983524
4011213028
4013885413
3992850087
3988655798
3988721286
3988598406
3992727494
2918985174
3179031798
3044883703
3050772949
3033997301
4241825460
4241763988
3717539476
3717404305
3716236993
3749758673
3717248801
3713049891
3711024403
3694308611
3694308611
3694308610
3694329090
3709033730
3708949778
3713406754
3755345762
3737061346
3602849731
4137648001
4141735809
4148469153
4144280993
4144014497
3875583221
3875574855
3875580999
1728097335
3875777639
3875716199
3843216615
3843180007
3843425699
3849717683
3849782995
3856996083
3852803810
4121181906
4121177410
4121259331
4054275075
4058338563
4059358483
4059359029
4055234341
4057318695
4048864295
4044669991
4044678198
3776438294
3776377118
3781083486
3788407134
3767502207
3767307391
3771255903
3763141085
3760024509
3760074412
3781050028
3781041820
3814533020
4082902429
1985421727
1993748887
1989546454
1991706486
1453590294
1470113030
1201696006
1168237842
1155720466
3304256306
3427988258
3427975986
3427848467
2362564881
2358439168
2375211840
2411121600
2394278864
2393672416
2263653088
2523700836
2523444772
3068699180
3204031036
3204031197
3195577070
3191382702
2922939310
2921906606
2939027630
2888171694
2888183994
2896592714
3970333209
3971443209
3971770891
3967576586
4013434890
3996789850
3995730106
3995795642
4268372138
2129273002
2142904762
2140824221
2140828300
2124207052
1993654604
1444192285
1444274239
1444045935
1966238814
808589510
810703814
819120855
548637341
548445948
548451868
1635038748
1663337756
1646625852
1646568492
1646584876
1647591468
1731592253
1679164397
1818104495
1824391854
1756168934
1756103406
2091135742
2092180942
1551116494
1561798862
1560733903
520546445
373733772
382114956
382112908
315916684
315920796
316600764
316596653
1406464487
1372897638
1358414118
1358336278
1885774130
1952490274
1948296738
1948292658
2083622406
2136133126
1058171655
973220103
990068022
2030441590
2017858806
2027291126
2022965750
2021942230
2021975030
1501929974
1501868062
1535422477
2076487692
2076685320
2069281032
2102827816
3981871656
3981740584
3846478584
3875841672
3858797193
3859071625
3859202731
3875992490
3821912238
3818702054
3818708198
3802130582
3797870726
3793135746
3795234178
3795236483
2738263683
2708898501
2707785333
2699343396
2699355940
2716132645
2707743781
2708271413
2809034021
2792242471
2791771558
2934180278
2934257814
2934913174
3220060567
3185978759
3169199494
2627936582
2627928118
2493710390
2225356822
2376392706
2410980355
2411183153
2398526768
2659159348
2654834228
2654703108
2653588996
2653601293
2653613582
2670325614
2620921062
2620915894
2623209622
3696894134
3705549310
3701420414
3701219643
3703317560
3433834520
1173108808
1143818444
1143982540
1143772556
1143767433
1156350409
78549977
95351385
32400936
1097739820
1093610028
1076713789
1143786542
1164760110
1181528126
1181589774
1181647118
1190048030
1189847086
1185460271
1185452077
3598222441
3558513897
3558533515
3558502027
3564775050
3566740155
1419260665
1419252473
1150890472
3302695016
1148787816
1077677272
1077676184
1077733816
1128196492
57585037
48529807
66355630
1366335662
1362141414
1429315942
1429381414
1467131206
3606232915
1458603875
3597977571
3593814743
3594404439
3598586405
3602457381
3619168556
3619169324
3623365660
3610781788
1446651980
1446918604
1450594252
1591101176
1586512425
1590719034
1590703642
525348638
89533742
72754406
72679586
72614034
336855170
335958146
340189619
348627617
344434288
345422336
862751488
841779488
841526560
1915396916
1915388420
1898693180
1880637996
1950888556
1959269935
1888029487
1888176494
4087347390
3600803982
3604997518
1446900623
3593978511
3593650830
3596780286
3621967662
3621842222
4150323566
4263569918
4133547470
1994810510
1990590605
1990656188
2013143468
1970152100
1948656292
1411785348
1411719812
355743605
930409511
917825574
918001686
916961286
916822022
912624646
925270022
875999238
1010233606
2082357982
1549402862
1557725930
2025329386
2025336426
1488464170
1505241131
1509435417
1505245192
1505434632
1241123848
1224347192
1216222777
1214128717
1214067271
223089239
252474086
239886822
248307938
248242419
248169665
119196865
87984577
222202321
220182881
257733985
517775393
517775409
1583259651
2118029378
2118026450
2132772002
2081207462
1947002278
1950640046
1950625454
1690578606
1690577583
1909276333
1939675117
1924989277
4075634957
4092583949
4033864717
4033722685
1902951231
1937541663
1918667295
1927077390
4133049102
3598393614
3728351550
3745128494
3698995566
3706324478
3635023246
3635100046
3636062606
3635996829
3648579740
3676892364
3375026636
1210774092
1559900692
1559888428
1559757356
1415062124
1410887660
1427831788
1465576344
1448864136
377140616
373002696
305693448
304661001
271303226
808123946
808118826
820570410
816352362
816612554
1890353290
1961263242
1417080975
1412883855
1416015534
3580225190
3596903078
3592692358
3597009606
3605922630
3601744166
3601429798
3618123046
3618123062
3622317383
3328857565
3329147068
3610165420
3611083180
3608990100
3575440324
1415422404
1356701812
1356694612
3497905236
3493460052
3493554196
2487118644
2231265844
2242791957
2259420679
2192323078
2192314902
2192310566
2192068838
2192076974
2259160238
2263353486
2250770574
3458870414
3458868362
3475906635
1278091291
1143604237
1147878669
82373172
78162468
347908704
343713488
354198208
371033024
371106752
303473985
303480067
840091922
840157474
844155938
567590946
547340343
547348501
550277421
541886252
541888040
554470968
1628368440
1661922920
1628329704
1628242681
1628180891
1883771034
1892160686
1351288046
278863102
278805702
278799686
10413319
27174149
1121883397
1115592004
1178512708
1178508613
1446940117
1446610933
1463334887
1467540199
2004570871
2004497399
2004562919
2004431141
2004361517
2002334012
2136551736
2128093496
2128110888
1994173800
1988921816
1988397193
2139535755
2109915019
1573039754
1581428362
1577254554
1577248362
2114020906
2115035946
2121330730
2124447787
1051099149
1067900941
1030152204
472301637
473383141
471281831
471278758
1006972838
885336739
1955011249
1352080004
1352097412
1371297412
1391223428
1114358404
3257582292
3538597607
3551246182
4054361390
3048776750
3050874154
4124620298
4158293514
4149904906
4112172570
2906281514
2906146794
4251469034
4188597419
4171789465
4175967628
4164428492
4231733956
2084205524
2083180772
4239049892
4289301668
4272851076
4272855172
2129562752
1580045536
1580003364
1579970596
2116362277
2137464870
2112167974
2091132198
2096434150
2029472406
2029439622
2029444742
2037830286
2100613774
2133087183
2133672765
2100192552
4260194344
4255672616
4238880600
4255657672
4290381448
3753509529
3619295931
3602584490
3619160554
1475870826
1161572378
1144857626
1144989706
1144973578
1156492047
1420790559
1424792525
1424801668
3295642244
3341189764
3324416644
3324408468
2250650224
2254909984
2258969377
2258904099
2258906146
2258922531
2276252711
2259452951
2264826319
2262475663
2262802831
2254287022
2503770286
3560735910
3560819886
3558743198
3491642510
1343105422
1883646622
1904688799
1384529549
1385510543
1389639310
1114927806
1114952686
1140167486
1085650742
3500975910
3568080678
3584865591
3622479109
3597317124
2519372884
2519368916
2653586836
2654657940
3208638389
3212603111
3212602983
3220973094
3200005678
3203928878
3219657534
3177722638
3022655758
2489980175
2625255769
3707451880
3703060904
3707247016
3707242888
3581413324
1440572108
1474290269
3617055550
3599818798
3620773998
3607135334
3607267398
3707939270
3707939782
3712134022
4257333175
4257255407
4282550239
4010970957
4010975037
3993022253
3994070829
3994133773
4010979597
2937241903
2903654702
2889155054
2889168366
2893493694
2901872062
2897546174
2897501166
2914802174
2946293070
2812077391
3885818952
3881624008
3877400984
3877438904
3877511080
1713257128
1715346088
1727925164
1739918253
1706298823
1688216839
1956651015
1956700166
1961074950
1424139526
1432530690
1467135746
1473282866
1438708514
1413509410
1413837095
1413808421
1422721316
3569994028
3569977836
4106983836
4140480909
4132092301
4133391759
3866395087
3866394974
3996422507
3994329387
4011303275
3960906091
2887181674
2889270762
2893530602
2901722602
2902254954
2919036218
2919035934
2919034143
2919230781
2917061949
2942158173
2921096141
2921161693
2921296365
2924889517
4009184685
4004859309
4021635485
3858065869
3832901581
3830935503
3830871901
3858122557
2818000188
2809398556
2792629524
2788435732
2807440932
3084256868
3080062564
3063219924
3062105796
2525771205
2529965287
2530096230
2531144918
2509906118
2159685830
3233485190
3237679494
3237676422
3228245398
3236641670
3237555094
2164009382
2172399030
2187142598
3260878934
2193428510
2193363230
2192339262
2175562031
2158820653
2154613037
2150402349
2150467869
2167315725
2205065485
2213454093
2192413501
2192343660
3354231404
3313480300
3292374572
3426008616
3425995561
3694630957
3692472351
1528211470
1511439374
1511493646
1511374926
1511506142
1514303982
1522672558
1518477991
1518539429
1539310244
1497391780
1480614588
1476715404
1543890828
1548218333
1556540919
1418058998
3566519542
3566518486
3503800542
3497454815
3526814173
3529939581
3538324021
4071524917
4071393044
4075073540
4062486557
4062490669
4062617645
3777401597
3828798165
3827782325
3831841469
2767013612
2762758764
2762767148
2762762536
2762795784
2692704776
2688511496
2688361992
2709455387
2751267434
2747007726
2729181678
2733380782
2733126830
2724934846
2724917406
2733302926
3807945870
3805850766
3805841870
1674156750
1675361182
1675263406
3797579183
4065993127
4063895959
4063895687
4061946003
4078727347
4051487859
1961740355
3568228419
3568233283
3568232963
3584982531
3618457171
3605812194
3741082086
2667077862
2667278582
3623375318
3589828070
3581619182
3581545343
1417222973
1349008156
1349066508
1349060380
1366102333
3496816959
3498012734
3512202526
3511983422
3519323438
3515125566
3515328334
3582370783
3582894997
3582895012
3579622308
3575433124
3575598516
3577620876
1430137228
1446389900
1383405980
1391798684
1391932828
1389433756
1120932765
38805983
32579894
14890006
15014914
15014146
10963234
11533090
27967283
44733201
116036353
104497473
104497601
103514256
103522449
120302739
69966995
69946545
70059489
338506528
342696740
350495524
346366780
367407884
392568585
375900683
375884415
917355242
917285610
648853739
648577225
640188616
640323784
623550664
606789784
607002792
607007657
606931625
1692666539
1688472298
1621109498
1621109450
1671441994
1654657610
853803530
845562395
846619179
846602539
842276907
842276923
825491547
807338171
811472298
281945770
281808570
277614218
294129355
327683849
45749513
48899336
48898312
40558872
57320216
292262680
830046984
826836280
868780136
852002920
843877481
856527050
806265034
874442954
608105690
742308394
754887214
750692974
750559102
649896014
641507535
641630413
640598269
640577709
640557996
639904428
669260460
598031016
598157960
581318280
849687176
832836233
279184011
279338730
279345898
279210730
333736554
309620238
305447694
305447182
305446959
309768229
384737559
367952131
351175939
74304771
69814546
338250866
343497826
349795427
345710691
396230723
127796418
90115266
69011666
69023970
69020130
69151346
81672723
79621649
79541761
380408320
380408384
49057872
304976112
304971952
304972976
305027217
859715745
809446311
819800750
815016618
815018714
817115850
815018570
282346042
281530926
281325102
277121575
1351465495
1368238663
1385016135
1389336007
1389265351
3596534150
3596534662
3592348390
3609143014
3558614758
3561764462
3503109470
3498844526
3498865001
3499906392
1356627272
1348448120
1881127276
1897838636
1914353708
1645911044
1645773828
1645772804
571125780
839561236
1897844769
1612599329
1679693089
1820269923
1827413859
1839996771
2125209315
2125338242
2126390918
2063214214
2063275686
1543050918
1509439150
2025337790
2025337242
2028474842
1491623995
1558766649
485157944
485161016
359192600
354966536
388502536
355078152
338301192
342512204
351945468
1419396844
1419529965
277674669
294440687
42915022
114188362
106573834
104476698
104538426
1445619497
1476061992
1442573096
3715677048
3715672776
1513655944
1592492680
1588494986
1604997770
1604989578
1605055146
1475879082
1475879086
1467752606
1461526671
1595744393
251994248
235331784
235317512
117619212
89299484
133270076
66357820
1107136012
1156223500
1165656580
1165656772
1427800756
1427829665
1430812066
1405627554
1401433250
1402481826
1398488242
1394213250
322569154
20657094
24650726
1106780543
1136260175
1134135374
63473966
63473966
63479662
9150922
10133643
1084137611
1354400905
1350159529
1346156713
1396485545
1379248123
1383576331
1391755529
1457815560
3596932120
3610175528
3576621352
3559848492
3564029564
3568288476
3569140428
3569152847
3569152366
3569115182
3497795630
3492744238
1345194046
1345194758
1344944646
1358576198
280694471
331089863
50069639
37486727
37634245
37679441
37678627
41789987
314419747
314555921
314343681
314343425
310354113
841916609
908497041
1966507169
1949796769
1679268513
1616248485
1624565413
1676960493
1643389597
1899242205
1881618125
1881545247
1885735471
1638156846
1671719206
1654975494
1654973446
586125318
590249990
606507014
606531591
606519303
607571495
741735015
764734063
1872034540
1854200268
1854196940
1866776780
4010209484
3976618133
4232455079
4240843430
3162977958
3179626150
3181133478
3214677670
3214673606
3051033287
2514166733
2648204237
2648236889
2648239977
2639845673
3172501819
3206126363
3206191899
3210460683
3218714121
3220883208
3218790184
2673571368
2669359724
3172541164
3172934396
3168674461
3164472214
3163816110
4256432302
4255400106
4251238554
4230452298
4231445514
4231440650
2081860362
1964288570
1997912618
1981259274
1981793099
4133405129
4073636328
4069442024
4069409256
4074656008
4045285128
4030607112
4034800424
1958488873
1957968170
1421097258
1425278282
1547436490
1545404602
1545474222
1309282478
1317695670
1317696962
1318741826
1251665666
1257874210
1255711074
1515757922
1532535266
1501214146
1551535555
1551535488
1546361248
1563027680
1596550368
2133421536
2134605280
4286283232
4294573984
4254723968
4238061444
4237934468
4107845012
3025708436
3021531124
3021731556
2759521892
2768098916
2768041573
2763847271
2763839087
2768028542
2784805662
2793358094
2789085966
3879674142
3845992762
3827643450
3827775547
3831896120
3836086312
3836135512
3852901320
3869556360
3870589576
4076634761
4068250299
4062024427
2988405614
3055034735
3038314538
3027894282
3036290058
3032103002
3031988458
3032017322
3046680986
2782445450
2807595658
2809758346
2809823898
2939859691
2922029865
2922094892
2922177580
3861703724
3861705772
3882239020
3982905397
3967176725
3962966295
3960943157
3963057717
3967188725
3992439477
3887454853
3870620293
3874802565
3874786695
2792804759
3883331759
3883360751
3845595503
3777438015
3760465215
3764399934
3764525883
3764521769
3773237560
3785623896
3785636296
3819185544
4088685192
4086579912
4068786760
3532964472
3535585579
3535660078
3534613550
3538798654
3531327518
1379653662
1379588110
1446673422
1446650894
355074326
73994274
75051362
75051506
72950738
348725954
344576706
344692370
1418365586
1436195714
1589230018
1323862466
3462957522
3728261026
3728269986
3732431590
3755500262
3701105391
4237960164
4238160228
4108075820
4099146524
4114023368
2000580552
2000644568
1933047976
1930885291
1918142650
4074014922
4067721226
1919320074
4083593243
3789988139
3769016873
3770589740
3768356396
2697759292
2685176365
2769066351
2803825903
2921226478
2923303118
3997040782
3996987822
3950781870
1811757999
1841236655
1840122509
1840122509
2108632717
2112709517
1970139581
1971106221
2000480173
1983705021
1715269564
1713153964
1721676716
1656664940
3803087373
3789873679
4028917518
1881418558
1881479470
1949177902
1953372206
1957562414
2091254990
2109079950
1535385998
1518609262
1245987374
