91093366
91093366
225311094
91076982
1299036534
1303230902
1303230902
1269414326
1269415350
1269545876
1269808020
3420830644
3407985588
3374431156
3441671540
3475160884
3476204341
1309714999
1318103570
1250990866
1250023731
1317148704
1322391584
1309804576
1177947152
103681024
103689472
120465664
91032320
99436865
99473747
91068755
91093363
91076979
91075955
91076082
7189938
7189682
7189682
3127730
3129010
15711922
279953075
346553009
346324640
880048804
892623268
909142252
913336428
921913413
653478919
930223119
1060249615
1026760822
1009853927
611460839
615659175
882050727
881854134
881868422
345041542
349223622
340835138
343144722
351533330
350419218
367163393
400690432
375522560
371340608
372323824
907083168
1045478816
1044422564
801161125
667987383
667989463
928036054
925940758
924958006
925088566
891451942
891427367
895629863
937572983
934419829
934483157
934478021
938692677
367124551
358671734
359726950
359693166
342899054
343095806
351418846
347224541
363994076
397615100
384849660
103830108
103862813
103864127
108029230
106982694
115554342
94517542
211958022
211949827
213010755
217106801
204519777
70298977
70299105
87074241
106078657
114463617
106075073
504529601
504596209
506522209
523266849
526395685
501364773
484575253
484575236
484578308
476119300
477106980
477111148
485499752
483402601
483423209
482401273
499162057
499235787
529775563
529775563
533838539
510755531
506692171
506626938
506634538
510828586
510697518
508601382
504405074
504404178
503486658
507689347
533895553
483577217
485672323
477286786
477319618
471946738
472940514
476080738
1021372962
1017305954
1017370449
899731776
937484612
388100548
389268468
355483364
875571940
1949313764
1961958119
1436752614
1453471686
1453462470
1453457862
1185087606
1184896038
1189096486
3332384805
3319801860
3303209988
3294803204
3294790148
3303047701
3567297062
3584074342
3585128038
3568407910
4101211238
4097018919
4097214485
4112951300
1999022084
1982245140
1982003572
1983041344
640831041
909264449
913445731
917512225
917512229
917512197
905125895
338832450
338827714
338823842
351406754
1419971234
1151405698
1285554882
1335898818
1319170370
1319428386
1319952678
1321001767
1303962405
1282990892
1282957608
1278747912
1277700360
1277889288
205130568
205142728
209599113
213269386
229660570
246465435
116425112
101876120
1175626172
1175691620
1443930916
1450222116
1991290404
1723054636
3870530095
3870407214
3859848750
3859907182
3776086734
3759293066
3761373834
3760328618
3764390314
3772790954
3768592554
3785439418
1672545482
1940926538
1911562254
1349541902
1345806375
1344675873
1344675889
1148592385
1148588549
1154944565
1133709877
1116867075
1118980610
1119083074
1119137730
1186243570
1182045158
1195344790
1161728966
1161733075
1161729651
1197316641
1457306145
1457302305
1447864608
1443146864
1443271744
906396736
1040614464
1058198592
1024719920
1026808928
1026653408
611542177
619929777
611455105
609419651
877729459
885079719
885009062
885009062
886057654
888154822
882911943
882980817
882966737
346030161
362819665
501243923
492889107
358661126
392337414
388143110
371297335
505451815
509846293
510833157
508736053
520148581
486866549
487029207
524712182
382098658
378930354
378668162
382862467
399652227
74677649
74542481
82869681
351338469
351332069
401662561
384868961
913351521
909156645
1714468197
1714470101
1731378373
1681045828
1681037892
1613924948
1613794916
3760254573
3760254573
3760354925
3760195183
3781166959
3789554991
3818918974
3802346526
1654744094
1654936606
1659237382
1726413894
1702284486
1700186246
1682102406
1682075014
4248987303
4249036517
4283511412
4285534740
3757060660
3722454564
2627743012
2627942672
2627868928
2359691521
2360624499
2381627875
3480531426
3463876806
3463872710
3463872710
3748038742
3743725606
3727468590
4263815470
4265519374
4131303695
4135420171
1987871307
1736278779
3828261611
3827754731
3827780285
3827567276
4101249260
3052681260
3052674092
3027702788
3027640325
2499158278
2494968358
2495021862
2494825766
2243697766
2277296342
2212268230
2474412486
2470296455
2474487429
2466232196
2464130492
2471863716
2467612068
2416971188
2419264436
2419210980
2489461287
2493655590
2493528886
2510307078
2276465926
3333555462
3467842902
3465602518
3486557572
3478160772
3473966468
3440608644
3708988804
1561504948
1561503892
1561569685
1410514823
1414717074
1433599698
1433558739
1466124881
3592445809
3596643424
3605029984
3605188688
1453506560
1470287873
1436807442
1424028966
1424026918
3563120934
3559102502
3491928070
3496123398
3512898566
3521352003
3522269717
4050883125
4084323877
4080072229
3526389285
3526389541
4067843383
4076227607
4141237254
4141335558
4132828182
4132758758
4149523686
4116108439
4099327367
3564553859
3564357331
3564197474
3564140066
3580896802
2540988198
3010749478
2985817171
2965298369
2965294208
2963967360
2963967680
2968028896
2955458144
2955453024
2955469808
2955573232
2955550689
2972392866
3010402722
2993555922
3001944386
2532248834
2532119826
2527863074
2527600930
2393383186
2259166214
2259164198
3488106534
3443034342
3443107975
3441077445
1297786308
1322950980
1448783876
1444515892
1444515876
1443598388
1376686108
1896778812
1880000828
1615768076
1624156684
1620019724
1888262751
1896657606
1930220230
1897857670
4030595750
4029551270
4042076834
4037817762
4054587554
4071102595
3534362755
3534387395
3530157125
3274237733
3228295717
3496636935
3572134407
3572201047
3568883575
3567046119
3588001255
2522717351
2524888453
2520429701
2520682884
2520625588
3055330276
3059524324
3059525221
2799611429
2799615525
3059523108
3061110580
3073757444
3023437828
3023962113
3022913539
3026587763
3030719970
2963540386
2427718051
2478053761
2459318656
2262183296
2262230400
2257969536
2274669024
2513744357
2499064166
2499781990
2491395894
3028139558
3040448038
3073017350
3073017350
4129990406
2788021543
2788023341
2787989548
2789038124
2809534780
2815826700
2815893004
2815758876
2815759068
2782147229
2710844078
3784581806
4053016750
4120120486
4121168054
1973684374
1969494166
1966545030
892479686
1060268101
1058200836
789763348
1064489236
1063375141
526430501
526426405
527478839
487698483
520210739
385960435
352574387
365083297
327334577
331529857
331526849
299271109
291344869
299737447
1346678822
1342495782
1342441510
1342446630
1078338838
1083320070
3297928710
3300312646
3314863799
3352607399
3322195623
3322326917
3322324353
1465287040
3609047200
3575488673
3575505121
3575636197
3543592309
3547781957
2456177413
2464668181
2464537109
2460276261
2461327909
2478105135
2444620414
2445079278
2447135399
2468086695
2451308967
3525182615
3525188679
3527288853
1383999495
1392322567
1388144646
1388227910
1387954311
1406894223
1360625805
1343062157
1343205564
1343202220
1879549676
1884810796
1886711340
4042320429
3772836397
3769081645
3785874751
3790064975
3782591950
3778397647
4044878319
3776377839
3759305695
3776123727
4050654527
4159726894
4155532582
4138820902
4139144982
4072031814
4074129222
4074095958
4065653095
4132724855
4145442895
1964396623
1947629023
1951922159
1960177135
1909784046
1943297246
1918127182
1918108750
1914568798
1918771326
830349422
285155710
285094687
280887823
278859279
10230335
10238503
10230311
14506503
6188615
25064135
49103557
49267668
49189684
317625132
309305644
305966380
842836780
861711144
559712808
555584264
589216520
572432648
572428361
574537965
1916686503
1916670118
1898844306
808325298
820852130
816593570
816593570
816724614
816721543
330114695
312746629
317989549
309355245
309389161
863013161
829458729
824224105
807512569
270706120
275943884
275939660
1349681516
1349574948
1357963552
1357964577
1353907491
1084415778
3232157474
3253034802
3273944850
3257293058
3324381442
3328576770
3337557298
3333239074
2259476770
2259460902
2277286695
2545727484
2545729436
2541521308
2268891276
3577654412
3577668740
3560857732
3560841620
3565036516
3572957925
3572833973
3505728133
3505732228
3553893004
1406229405
1387356095
1391579583
1383125438
1914737151
1931710767
1931785007
1931780927
1931781919
1935848733
1919078717
1981988911
1983070255
1997619263
928010523
894657803
877848847
886216975
888314141
888576269
905287693
913605647
1982627855
1445904415
1445871838
3593339070
3593339566
3584692910
3568121518
3568054974
2494313098
2495361674
2495406762
2495407531
2549398697
2541062296
3040319688
4114069704
4114066632
4046955720
1897308360
1897329912
4046902776
4046861788
1899378652
1898321644
1944520300
1671758380
1941180957
1941185034
838083146
1903436138
1886867690
1886815466
4040591466
4055926795
1673570568
1648658952
1649781256
1645651464
1647747593
1664537099
1631469934
3761225958
3761037474
3765095602
3774777474
3764361666
3763120642
3763124738
3796803074
3797870082
3795215299
1646670211
1646527649
1646528672
1647065248
1676417184
1672418484
581833140
582882181
581313229
581198345
870621705
862228251
568826137
669497371
652716059
644196362
773957642
775128074
705855498
705855498
705069098
705077295
725868581
692253713
672320512
672320848
676449760
683724193
683695525
675294599
675293570
671165346
671292386
675482338
684132898
681380403
731458067
714681873
985300480
985325056
448499008
438078673
438084835
419751138
402943202
402664674
419642338
465723106
981651171
981700337
981964480
981905088
995011264
940477376
941525328
941459744
941475877
991263797
705962023
704929831
718102822
713999150
730776526
681490382
685747662
740071886
1813350903
1813486567
1817492389
1817503717
1833980885
1817183173
1813382085
1681261509
1681794021
1686050533
1690046437
1689063399
900402631
1051335951
515388687
519579405
242754091
242754089
251339304
242820616
242765512
108580776
115906984
95127705
1152028043
1152291210
1152299914
1152758698
1156883370
1158980014
1460970926
1444261278
1459989702
1997712389
4115838228
3857879316
3974267700
3974137381
3974145573
3983581735
1865429806
1863717678
1863254058
1862926442
1843003626
1771704425
1757021208
682110216
1022896904
1010313992
473459656
339343752
272337288
292260232
300779656
329634968
379670713
379793562
379744666
383972266
104002282
118546986
120627758
1160817158
87066886
24226070
61974806
61990966
58849526
58935476
58853804
58857900
51579836
53808796
52950972
53847964
322216844
842301892
575766996
575771005
575770941
571572281
571577627
573746698
1612885514
1612884490
1612888586
1680002618
3827584810
3831776618
3971249642
3986638042
3986676938
3985499211
1871503432
1867309080
1862823944
1863929880
1863974952
1830424936
1836990313
3973724778
3902372602
3902307018
3902569162
3906754122
3908584010
3991405130
4003992426
4272566634
4276760955
4276755787
4268374363
3731433595
3756534906
3718788186
3718804554
3718829130
3752383578
3756692570
3732575322
3464152158
3464216798
3464171902
3479835510
3374985846
3362398806
2297049650
2292921890
2292721442
2292720994
2292720755
2309493969
3387426288
3370648032
3362275760
3362346384
3358287252
3358287252
3359597972
3356914564
3360056196
1212375940
1212212124
1212268956
3359886668
3368278300
3365005628
3434211645
3454134559
2405685534
2388905230
2397290766
2393030926
2326958366
2324865391
2324799845
2327880036
2327879012
2319489396
2336266324
2336331892
2298723429
2567158885
2600582247
3657538662
4194478950
4194495078
3926059622
3930323558
3955542646
3905210710
3905800518
3964598342
3960400194
3960387922
3981294178
4023167587
4001934049
2928257760
2945157808
2949221008
2936572544
2936585088
2936728497
2802510755
2802518947
2790984675
2818182131
2951359251
3186501890
3169658898
3165403154
2628589586
2628139026
2628139010
2293643522
2377976578
2411465299
2396539505
2390285265
2390532032
2385812928
2402590160
2367012336
2348918961
3443566753
3477121185
3460348067
3728902561
1581420000
1577226224
1577226176
2097321408
2080544192
1812118656
1812049076
738240940
671132589
671136749
687970937
721664553
1778498091
1846586939
1846653499
1867682619
1866633519
1816170799
3959460223
3959477247
3959610349
3959610031
3963767463
3963832999
3972024983
3889380295
3880918467
3883073731
3873505362
3873505314
3870494754
3868341298
3868404738
3197250562
3197250562
3063024722
2545027442
2511407458
2494630771
2494585425
2498783745
2496719376
2513480224
2529213216
2529278832
3057757041
3057752913
3070462801
3036843760
2756886256
2756949744
2752549616
2752562128
2751583184
2751689189
2751689189
2751541231
2751474558
2755733822
2764118334
2776635710
2810190110
2793487630
3062046990
3061915919
3061870973
3078648300
3078866348
2978139317
2441201799
2445330582
2470480038
2466289830
3003357414
3003309286
3004362038
3008556566
3077762566
3077766662
3061176839
3069508119
3061119795
3061635363
3059570913
3059701921
3059357872
2522495104
2518366336
2518235520
2505972144
2497584032
2494970769
2494983043
2627988354
2627988418
2632038770
2648746274
2640358177
4280347184
4213299728
4213426736
4012100128
4011982112
1864433120
1869671652
1867573380
1862330501
1862400133
1862432947
1828862178
4244781170
4258412594
4254218546
3585228082
2545032754
2528255506
2526268946
2526054931
2526059251
2526059218
2666564498
2670823826
2619508914
2620557554
2620569682
3157501954
3157305362
2887887139
2892151328
2825042480
2825107968
2838534656
2836437568
2870004464
2870016928
2869979552
2869971107
2941454498
4023523762
4023527826
4019415491
3985729729
3985762384
3971086352
3975280640
3832802304
3826429184
3826425136
3842084192
3842100592
3875724272
3796032465
3795999315
3795913330
3795851874
3813686114
3813746786
3790609506
3786411110
3784379510
1636965462
1670590278
1669344838
1673538118
1666194006
1666452342
1674841079
1640308695
1636122071
1640314309
1640240525
1631655324
1631790588
557985261
558054380
553655260
553658956
553724744
558049544
557923608
566244376
566244377
566440969
566433113
566302041
566234617
566316537
566320633
818150617
549584345
541195737
541195737
557964761
558096347
558096219
558104539
591621979
591490907
591486299
591727995
591728107
591734267
600122843
600274395
600266715
600131579
600170491
600177147
591788411
558229883
558234971
558226779
566744347
591917339
591917371
591917354
860353834
860321131
860323195
600137051
566579035
566583131
566329179
566459737
566459659
558062875
591493403
591489339
658598203
658599227
658603291
658634523
633467771
633467899
633467883
633463275
767682027
633464315
893642235
893646299
893648219
893640059
826531195
826408283
289520971
12827978
12819786
12819802
12817694
1346606398
1354925334
3498476823
3515319572
3549269844
3532558020
3532298948
3529436804
3525193364
3527292581
4080284582
4084478126
4059300010
1643380986
1903239242
1897079882
1896967178
1360062475
1360312586
1897236746
1897369370
1906160154
4154040843
4154176011
4156195369
4256859688
4260997672
4163414648
4163418840
4163501496
4164474109
4164501599
4235870294
3974021158
3974030374
3974095970
4022772034
3863409090
1715917762
1711456983
1644352231
1644385903
1644191343
1644433003
1644432891
1631849979
1640436971
1619465369
1619334283
1673797066
1925529050
1917135226
1380395306
3536272698
3536663582
3280809998
3297325078
3231346710
3231379527
3231363200
3231286656
3233331616
3286800544
3530070176
3525875876
4062885028
4062879916
3794444796
3794440989
3811557145
3811097128
3811093032
3811154472
3811220024
3777664568
2687156777
2687418923
2687353387
2691486250
2691483178
2690958954
2716196458
2716138362
2707749210
3781490778
3781490778
3782211674
3782139002
3782139003
3782139259
3782139257
3782205305
3782082552
3782082552
3782082552
3882712568
3882704376
3882710456
3882694076
3891081660
3857658301
3857068983
2766550966
2766609078
2762283702
2779069366
2779068822
2812766662
2795956487
2796465412
2796398340
2813108740
2808930868
2754409004
2754200108
2754298408
2754283114
2758281706
2758543594
2766948538
2818525338
2799593610
3068030090
3080609929
3080606668
3051319916
3160154660
2619089697
3692830995
3695125554
3695126562
3699247138
3706587138
3450734786
3467577474
3468252546
3468226946
3466113458
3466109347
3466109344
3449332128
3705191584
3558443168
1413073056
1413236896
1429604752
1446394496
1983261312
921046721
916719350
916727526
920920871
937697583
887427391
1021657359
1021436679
476160567
477143590
477144366
483507230
1607632910
1589807118
1581418511
3661805581
3662067724
3663699324
3730490028
3730440873
3747218059
3713737354
3707314862
3703055278
3568838062
3568829678
3521660126
3547985034
3531138441
1933370504
1933370552
1931400360
1897843880
823053400
538823944
540854024
540927496
539681288
539681305
568968745
599312747
586729962
576223386
572340618
589175178
538314186
544625098
548856170
1622450219
1622450473
1622192701
1693484604
1685098036
1680977456
1695788576
1846721824
3993082912
3993021472
3925990624
3993165025
4014103779
3980527843
3990227443
4025944563
4009565139
4009569234
1861954258
1727741523
1725642434
1721308802
1972967042
1889091458
1893411202
811149698
806955394
807090610
1885028002
1893283554
1889301222
1637139062
1939113486
4086605326
4087133726
4053317245
3516634732
3504002604
3495564844
3493539372
3496553772
3496487980
3504937004
4037691407
4055554126
3516586190
1406114974
1376552174
1376551022
1376751886
1376710926
1377723150
1897670446
1893478190
1889418095
1888369580
1888291724
1889278860
291249036
303964044
303447436
303441300
840392868
844161189
852537839
852529535
586194221
577801005
577870108
572897564
640658716
1714334748
1714076724
3845831732
3829054740
3829049604
3962149652
3979058724
2775236132
2762708517
2762573350
2695726886
2699921366
2754383238
2755500950
2755640230
2688547238
2709379510
2726099094
2726165718
2722099670
3794727254
3794269542
3810852207
3781491053
3790461308
3824142708
2750400788
2750348548
2742021908
2742021940
2741862180
2724481836
2732870460
2732874556
2733070908
2733005364
2732939828
2732882484
2749651541
2766625367
2766559958
2766498774
2783210422
2808379830
2791594431
2791594237
2925598941
2925664316
2950854940
2913103116
2946657805
2947739165
2951802415
2943409711
2838548287
2838551902
2842885454
2882722126
2865945566
2857499630
2853235694
2920331758
2920323550
2937248974
2907888846
2891117774
2886923470
2903768174
2909891694
2842781742
2842909054
2842823518
2850167502
2833456798
2834374302
2834372254
2834314902
2830118326
2830118070
3096459446
3113236662
3113233558
2610113670
2593270982
3667078470
3402641158
3394252294
3411230486
3419552022
3383900422
3383827510
3417594918
3417592087
3487027525
3486970308
3453334004
3428094380
3428091828
3424032660
3289824900
1142341316
1142274676
1142209076
1142217220
1079364356
1349963029
1400794161
1384014865
1384002817
1383465217
309788947
304021794
324874530
290201890
298590498
294408498
327962934
327991670
59299191
63462772
55122228
21567780
17373476
17447732
21640964
55448324
63836941
47006559
46973294
46977518
63495406
1078761710
1078827262
1087224286
1083046350
1082971598
1099952590
1134490567
1134486405
1138647956
55395236
51119524
17579428
17645044
949444
947652
946628
1012036
5010261
5046125
30211439
55376367
38731231
38729039
38719821
39703311
39621423
316514862
333292334
299669310
274500910
810326314
810334250
810395706
827259914
860806475
844027211
575640043
575181677
575181677
583578479
583577966
591967342
591967342
587773166
587961598
587904446
1644887998
1644854950
1649024678
1649221350
1657093871
1657153151
1669735229
1669669149
1904222477
1887445005
817897481
817897497
272716059
273006875
273007898
272992571
273529115
273529101
273520909
273520716
844011596
844018764
840863820
840863812
840863860
840872037
840872033
840872033
576696419
593337699
561613685
628726645
628734581
628882037
611974757
607740917
605889015
610087159
610074850
880611555
880619747
889140467
285163507
280967891
280967875
12458627
11483779
11278979
28056195
44833427
49118611
40205747
40203699
40235443
40366515
48755619
48538530
48538594
48275750
333488430
291549230
274838586
270646330
270924090
270924602
824637962
828799498
870730250
855395850
848053771
851986265
331895656
323604841
319418857
285864441
826913257
835301801
835424697
835425689
827039129
827177369
860731833
856669145
856095561
856096523
860251931
860316473
868491561
868577576
868700200
868696104
860114988
822349948
822345848
822428025
826692475
835073915
566640219
566704971
835025737
826571609
826563417
558202825
567244747
567104459
558715867
558658027
592212459
592204267
592266603
592403835
600832313
600833339
869115163
869118299
869118299
332239066
290427082
290370698
17677486
891118
1022182
440566
340180419
348562881
1423352257
2096538432
2113320512
2138547792
1849140784
3928471088
3928326672
3928850960
3929911840
3929843488
3929861409
3929860133
3934013541
3934144637
3934129375
3942515935
3941401855
4008449279
4008582334
4008582278
4009638022
4026415494
4254940054
3164416662
2627676886
2627152582
2627149382
2360675862
2360608311
2226452005
2226430244
2226172004
2498790908
2499120828
2423687868
2485557916
2485566108
2485639836
2485344943
3173138094
3206620590
3210814718
3219333182
2682462270
2644713534
2644841534
2377462798
2310024206
2307942414
2312169485
2344720396
2328074508
2395113756
2395115356
2260963196
2252404076
2185254252
2185446828
2168604076
2161270189
2161278893
2153058213
2147764917
2147797653
2164579221
2202320341
2193734965
2194776341
2196807951
2212537119
2179179046
2230506022
2230506022
2222081911
3289452023
3289385205
3289397361
1142040640
1142041664
1144140864
70669632
70731713
91608817
91748049
125293507
91587523
92111699
57508657
124646179
124773219
107472754
107472882
107341746
107304850
107299730
107430290
132584627
99038451
82132017
82127921
82144304
73688368
73721136
73786129
90620737
90604497
124224497
107054067
107058675
116637171
385067379
317827363
309389607
305196310
305423630
841302286
841466159
854966571
586469675
580182825
601154105
591722009
591779417
587519739
554489339
554685627
558813355
567136427
567070907
567275659
592340363
591818681
554008297
826625785
826433241
936640121
932242745
1989206073
1989206043
2127814670
1606606862
1547886862
1547850558
1547830830
1547896430
1556430590
1552166654
1602502143
1585716479
1589916891
1581524171
1594253515
1560729034
1549190894
1423283950
1423220462
362073823
399822159
373816333
369503244
503720988
503720980
906366772
923141668
890189348
1020211764
881668644
613684780
615786029
766774847
1030601079
493731318
493729270
527283638
510505398
443396534
443134390
451523006
447329215
464125884
418200312
410925576
408320520
408349448
408021289
416328730
432059466
448823450
448827562
1522569386
2059514282
2118366634
2118563247
4282820013
4098795180
4098789076
4099841556
4099792436
2960981556
2959896100
3010229540
3001991460
2997534752
2998583504
2996355537
2996356067
2992164711
2971261735
2956651287
3023760135
3022678789
3043654917
3044629535
3052950639
3180905711
3164198062
3164329118
3164206526
3168333486
3159944879
3172595437
3208345309
3208459981
3208455565
3179226277
3186494629
3165523110
3031383190
3031006614
4109227158
4100838614
4112880662
1998959622
1986374919
1449453573
371206160
371210272
372257824
506662944
506605856
510788352
111280640
95552004
78721540
78659076
77601284
77859356
77942348
78600137
128741850
116183402
107790698
103797226
53130698
19572106
6858138
6864314
6852026
275619226
271433626
271367786
271357482
271102506
1361830459
1361715737
1361716024
1362768168
1360724264
1170736232
1200097512
1183324379
109721802
110816458
249209034
1316524250
1311277290
1294504186
1277869258
1282058443
1558882808
1559804856
3698894504
3693650600
3711468216
3745153720
3749352172
2650465260
2648368100
2631496183
2631426534
2623022566
2641898982
2642221478
2675775974
3758038006
3737074550
3741259718
3724284358
3707511110
3699191847
1551818790
1545502758
1566343174
2144117022
2139922543
2139923689
2110556328
4228679848
4094659000
4094610072
3020303032
3020303096
2488602168
2498758200
2477855288
2460033336
2191532076
2191532077
2191536167
2191523879
2192835623
2194934823
2185497623
2185496599
2185578501
2193971541
2210748757
2210748789
2210757493
2211281783
2202884967
2202884455
2165135734
2165266934
3239041494
3238910423
3238918599
3238902221
3243097037
3251485645
3280976861
3280968557
3280968549
2207235941
2211299303
2211293159
2202904047
2169349567
2165292222
2169477279
2169489823
2169457631
2168928991
2168859263
2202413631
2202413599
2211343631
2207114511
2207032447
2173469871
2173469863
2173537719
2177736119
2169346482
2500697010
2500697010
2500771762
2535374770
2535387090
2537483522
3073305859
3077565699
3077564691
3085924659
2548989203
2683182355
2684297043
2684099955
2642157027
2640125427
2639660403
2650150007
2377594167
2377463094
2243196214
2243229495
2247415335
2354355767
2350300679
2621876739
2630265619
3167074595
3158608167
3171257171
3188100675
3188100673
3188127297
3188146880
3187934944
3187945188
3208915620
3180661668
3180660900
2645822644
2645558421
2241855639
2242064599
2242060503
2376098910
2380315742
2371926366
2371987734
2237905206
2234751766
2268241414
2266428942
2266424846
2253809485
2254323196
2388535788
2400983276
2400459004
2370185420
2374381004
2240229836
2224030060
2224030509
2230351661
2381414253
2380365607
2380300087
2246073623
2246069623
2246178167
2246178167
2237789526
2237783390
2237779326
2237790590
2237917566
2271476574
2272512862
2272511838
2270688094
2270684111
2237129677
2235954636
2235891196
2237004268
2236807676
2235726684
2235726668
2244049756
2245023549
2278642493
2278650159
2247127407
2247119215
2247148911
2238766439
2238840182
2238840310
2238840182
2272386422
2272353654
2272492926
2272689502
2272755038
2272623998
2270527327
2237103951
2237071181
2220285773
2219179901
2152000381
2151979900
2152041277
2236063581
2269620037
2261164373
2261168245
2261222501
2186579041
2450832481
2467600481
2467662177
2434195287
2436261575
2973132487
2985694918
3013936630
2477528294
2478578798
2470198318
2468091918
2501786382
2485005898
2497588942
2493470414
2493305503
2492764845
2492774060
2515838892
2536808348
2518126044
2518072804
2522263012
2522260820
2539056469
2535223157
2501644133
2484473461
2484493845
2513860405
2643817845
2677339639
2677335511
2681529815
2639331318
2635288278
2618429142
2618433238
2618433398
2630964598
2643490262
2643518918
2677073286
2542839206
2530249894
2517666982
2517748951
2534861893
2534861828
2501274884
2501308212
3050761780
3048668692
2545417780
2528435493
2528431397
2524236901
2536820067
2503366130
2486577106
2486576082
2490765810
2499023330
2650019314
2641770882
2675845506
2684230530
2684296066
2679987122
3753180578
3753158054
4290028727
4277974205
3195839661
3191639228
3191385244
2788928668
3879382204
3844796076
3832204972
3840560804
2762686132
3030925045
3052158581
3056090661
3056078116
3060468772
3068800004
2528078860
2528111628
2528027652
2511254788
2495526692
2633995813
3162345063
3158150759
3158096742
3158162294
3024027462
3023990598
3040749526
3045005286
3078436838
3086759910
3086751206
3086816758
4160699590
4160694471
4160698565
2011117780
2002590788
2002531524
1997807812
890265692
872444253
872464745
876660715
616614890
612428395
629205547
646053657
650376457
574812168
587386888
554876936
554884393
537319979
541428266
549752362
566527690
600093898
591704202
1665958059
1666092201
1632558248
1632532904
1632516776
1631993512
1631986360
4047905420
4057342620
4057277164
4054115112
3785658664
3785655560
3785668872
4087658761
4138187051
4142315818
4263958570
4263906346
4197855434
4195754186
2048270554
2078160234
2040401514
2023361102
2023234127
412625420
148385340
137912108
137912124
136173116
136115756
407167524
415556132
163639909
155308653
184800232
184743416
151247240
163694988
159619212
209893516
209893519
209957006
230719630
251887806
235049086
236097566
236170518
103868706
108064034
116520226
116805906
133579014
123076871
90046919
81154461
1154926493
1157090271
1152748543
1154780141
1154788335
1079290829
1347784653
1343522445
1360839325
1396700093
1384014767
1920885159
1920884903
847200483
847003746
572289063
588537895
538199101
538174780
538089004
541230636
549619245
616672781
616606223
1681959438
1816173182
1816169198
1812221694
1829701262
1830688398
2098608046
2094146982
2106663078
2106597559
2089889925
1552036036
1551954116
1283515860
1287711732
1287846724
3443710661
3474381767
3457567198
3464349150
3338260558
2260451406
2260308349
2260250924
2260247340
2264441388
2272829996
2272891436
2268762668
2199569196
2203766029
2203838477
2205939773
2206062637
2201864301
2201930061
2206123980
2214515276
2214515292
2176840429
2176643815
2178736871
2447168482
2430390690
2430391474
2430205106
2421749922
2421807331
2419775569
2436561153
2470111744
2474307072
2482759184
2461651505
2465776225
2480718563
2472330722
2468138146
2434124978
2421606546
2421086658
2422143426
2422144834
2424268114
2516346146
2516082722
2516115506
2516182130
2505702498
2488924194
2486958131
2503653392
2474293248
2453339136
2453328896
2453238080
2457555424
2463855585
2463831010
2463631334
2446855654
2420641270
2420706759
2429185479
2424991685
2424913653
2157475557
2178897508
2212483636
2273169972
2256336692
2189223188
2206002196
2212490292
2170476581
2153696565
2152647957
2152678677
2152608013
2153648911
2161980398
2161915566
2161909422
2178685870
2178685374
2177112478
2210741646
2210821519
2211901903
2203312905
2171663161
2154865197
2153817917
2154146623
2155329839
2151516207
2149353527
2198440391
2181730247
2185929413
2194317893
2190123733
2458444775
2462638563
2479412386
2446118050
2446052514
2445986978
2437667234
2438584787
2501599171
2503638979
2503633859
2503633859
2541447587
2547538339
2547535267
2546486743
2546722245
2547707717
2463690548
2466049828
2466049828
2474422068
2441000500
2440991284
2986246709
2986182455
2449247526
2438764582
2468141095
2467874839
2466928707
2466920769
2466918209
2480550608
2476344049
2445087457
2445046499
2426205923
2430392242
2430442898
2421669266
2421487026
2484393378
2484392370
2501833090
2501828994
2508121282
2516511938
2515400786
2515396722
3077105782
3072911479
3056204119
3056262469
3068839237
3064579964
3064779628
3068719917
3068715829
3068911925
3086672245
3053114727
3028109159
3028045605
2499632676
2499702564
2499765524
3026990340
3043758100
3044880420
3052892196
3048668973
3048733230
3050625582
3042232938
3038038778
3072166618
3055205514
3055083658
3059269817
3059237048
3076202748
3042583804
3034197356
3030264677
2962623335
2966686038
2446334278
2471504214
2470672870
2478989046
2478988887
2478884423
2479146503
2479145731
2479748403
2480796770
2480667890
2438699235
2421803235
2417739953
2417675137
2417683136
2417684160
2440816240
2440656416
2482525745
2466010403
2465995811
2465991782
2457603302
2472283318
2468224406
2438872470
2445942686
2445893262
2508740231
2508773253
2513023445
2514068693
2490950741
2485709941
2485774373
2486876453
2491058725
2507853333
2516305415
3588776455
3588776198
3588760806
3614973094
3594061990
3726248098
4263120002
4265219975
2134795911
2105532997
2104877573
1014280757
1014293039
1031070250
1048376106
1048509482
1048238122
911919210
907593930
907569291
907750537
857347208
807011720
813565624
280364712
1354114729
1351951037
1353999053
1369760335
1407484206
3286541606
3248794918
3232016674
3236346146
3227966258
3227963138
3228975874
3302449666
3302416898
2226582019
2360788560
2364917600
2356447008
2637468960
2654253104
2654380032
2658575428
2658596292
2658553541
2675378853
3713862319
3697032878
3704891050
3704889770
3700687083
3702522107
3702588505
3446680585
3375392776
1261693192
1242824457
1246881291
1250288138
3414553370
3414479338
3477385455
3473191085
3461189821
3469713804
3465453964
3465458052
3331307004
2262146415
2255849766
2267466022
2200889638
2200332566
2201385222
2172071174
2178366726
2174158086
2241725718
2241726246
2243887654
2227122722
2231116386
2231137011
2231158417
2231158416
2164055956
2155208596
2155207604
2172058548
2201156501
2182277573
2249386261
2249325845
2253432085
2261819669
2257625364
2391855396
2413085548
2379531244
2379727804
2356594620
2356569773
2352098989
3306241977
3306175883
3306175627
3305449610
3309774986
3317770394
1103440266
1138048394
1121388426
1119225754
1119306170
1118134696
1117839548
1390465196
1377861868
304186476
321033236
824353796
824419332
539206660
539201559
539201598
539201582
540258346
1616023850
1624411946
1624410666
1624607550
1624566590
1624566078
1624762398
1641471006
1660310606
1660293325
1651913101
4062585772
4062655212
4066706028
4076077673
4074000969
4090783243
4052019979
4052011275
4035299611
3498461466
3502653210
3495375642
2417361434
2421555738
2161513018
2157388330
2172921402
2172942873
2206522136
2193939288
2253703960
2250100488
2254357256
2262725384
2279416600
2247369512
2230788461
2230722030
2220345838
2220132782
2219097502
2219289998
2496046478
2512827854
3050736862
3042221294
3038030959
2786370607
3860181327
3860259791
3859178191
3859161767
3876980390
3885238246
3851683062
3784586454
3784058054
3771542726
4048432263
1900944311
1909328549
1938688693
1989086869
1989480149
1989428756
1389678852
1381295109
303358997
303320101
303303715
302915059
302917602
357442226
344859266
344851138
345637830
1152994630
1157155302
1157163494
1157159406
1167838206
1201331918
1470027471
1470035917
1473897340
1465442604
1433968748
1429839996
1429971192
1463522776
1463334233
1467531130
1473904426
1440415534
1373304622
1348125470
3495674638
3495678798
3504003071
3521044413
1407114125
1381948301
1381944781
1379909837
1379692797
1379688557
3527172143
3527356462
3548251438
3506047534
3237632766
3502242526
3502111375
3519004557
3552022924
3537207428
3537146036
3530658020
3526479916
3525333037
1361322031
1076306990
1076239150
1080429102
1089342014
1085016606
1086069326
1088171598
1100751374
1117667853
1119765004
1119801868
1115550252
1111287596
1109191976
1125969192
1393360216
1364051401
1372438984
1372340681
1372407257
1364088299
1393454571
1393487338
1124986330
1096082826
3251934666
3247736282
3314910714
3318978410
3587352106
3586565691
3586582041
3565577801
3301402585
3294051753
3305442475
3305376942
3305573550
3339136206
3342955854
3330336526
2256578110
2189469230
2206311982
2206443253
2207485588
2442497716
2446692004
3522479780
3509863076
3510567604
3510514364
1361977836
1898782764
1881940025
812392459
816603146
284032011
284145675
820951049
816756745
1907263753
2008975627
1743686923
1869456651
1848410394
1848606938
3996029150
4013339070
4013351342
4013322662
4013233062
4017357798
3954447334
3954455399
3918799125
3918799116
3902024781
2826201213
3107867117
3208514541
3191212751
3191225039
3190828750
3190825934
3203449839
2914238827
2897646447
2897453917
2897258477
2897258469
2888863589
3207647093
3207663045
3207734741
3174180325
3174180335
4256302447
4238544183
4238547203
3701484355
3434097475
3434096963
3425700147
3425978706
3425893826
3375541698
3409096514
3404893954
3669200386
3669002786
4222659107
3148917283
3115362849
3106966113
3140718561
3121761681
3121753233
3187813537
2919376033
2932999393
2945582565
2914240469
2914053831
2914036423
3182471751
3174074999
2637204327
2637318999
3073518535
3073518935
3073520935
2779923495
2779890726
2779810838
2777721862
2779819014
2784013430
3037760871
3037842935
3036814741
3036818837
3036818853
3036810661
4152495589
4254535013
3719380801
3702534081
3434097603
3438291281
2351958385
2352155089
2352147393
3442651073
3474108352
3736241920
3736307456
4272983328
4272991009
2930813729
2935008039
2921368358
3189869870
3191031118
2939299166
2939301358
2939301358
2914127342
2913143799
2914212823
2897275589
2897259205
3165694661
3157297751
2635156087
2635205319
3172084166
3138529638
2949781542
2947697702
2947795991
2947591175
2947591493
2947591637
2939194853
3171978725
3172158869
3172085133
3172085165
3172085165
3186755943
4288874791
4154657043
3751815427
3718261059
3449825539
3429906451
2352023667
2349992403
2350050243
3440553667
3478306497
3482486337
3734078033
3736122209
4272989155
3216024547
3178276335
3157296619
3157315002
3157399946
3157405082
2888969642
2893153706
2896300010
2913158922
2913265418
2946805002
3215239434
3202656571
2653210921
2653293848
2653292297
2585929561
3122799401
3147961131
3149087019
3148923146
3149178126
3216286990
3216289069
3208416740
3175058928
4246373760
4229849984
4095615888
4095615904
1948137376
1976962720
1939214208
1922447233
848634243
850661506
313802998
334811198
1433195583
1428732953
1361623065
1898493960
1898625032
1936373768
1940564232
1672449017
1655617467
1655109546
1651855786
1647575210
1645215914
1645289642
1645355498
1626473322
1621295630
1889631751
1889660423
4037324295
4037324293
4121213479
4122774055
3049163559
3080620839
3198135063
3192428887
3188296055
3055257077
3055210933
3057316005
2793140645
2809774517
2759517829
2759511687
2759577238
2759808726
2758637110
2758554150
2753831462
2758025503
2774803487
2783386671
2813265966
3081701630
3082754510
4156500682
4152307406
4145627726
4147761710
4147687471
3875311660
1723629612
1723629572
1713217540
1981718532
1997463748
1963349140
1963331493
893717158
935594662
1989414638
1990145775
1990136335
1996301069
1987846408
1044128056
1065037672
1021979368
1017776777
1017842315
1558711946
1558721210
1558717098
3707249642
3703104362
3701244442
2627512842
2627512842
2644486682
2680073787
2529072665
2529067608
2529084120
2541241016
3609726888
3576170664
3510319272
4047120569
1933191305
1933190281
859512969
863506569
853066664
580485800
597394152
599302680
602450700
577284124
1651025981
1647151135
1646758159
1663487503
1663440526
1629880974
1882587822
1895170726
1890858146
1890849954
1353980930
1353001986
1084517378
1085058322
1135380226
1118475010
3333067521
3333063424
3333064256
3337260720
3479886512
3425299104
3425200544
3426249120
3424398560
3424592081
1281253377
1163808785
1199460353
1182683393
1315832065
242091267
242093363
250550563
250550758
1325218278
1341925782
1291658638
1282868110
1282753438
1282692094
215241518
215279406
211087150
1184165158
1184296199
1190561029
3330179332
3325919540
3323568421
3323502885
3294273799
3298465606
3298463558
3298529266
3298343330
2228791714
2222498979
2239279521
2188292484
2184085892
3324953476
3593393844
3593404084
3593399988
3614404581
3614207973
3588515135
3581171006
3581170494
3581211454
3589666622
3589793086
3589795198
3621776886
3621780663
3604872372
3600807060
3604959636
3615441300
3560260080
3560292465
1412874289
1412879667
1412754706
1425337106
1420278290
1453758979
1454279491
1995345859
4142892929
4134045601
3865880485
3866929061
3866928501
3866934589
3883173165
3845489965
3828785471
3827491135
3827458351
1679962411
1681068331
1815085355
1819280683
1693650297
1689459545
1689721816
615979976
1689542601
1738854345
1726270921
1713806793
1714331081
1726914024
1723703272
1727832488
3889996168
3880628632
3859722665
3859210665
3993428395
4014399919
2940659182
2773994982
2767572822
2759159558
3833032518
3832942406
3849719766
3849795542
3883217846
3816108982
1677005807
1639384047
1622606111
1620432143
1620371726
1620359438
1620879630
1625078222
1632611470
1645125775
1645101199
1646133389
1648230825
1648231273
1642937897
1621899817
1621895883
1621895883
1890069131
833097355
296240013
1365885133
1345028101
1344991284
1344921632
1344856096
1349116192
1349181956
1399469572
1382682116
1114311236
1122503380
1118576108
1118576877
1388060907
1387008091
1391333387
1111379979
1111413017
1109194025
1130145065
1104987451
1088247114
1149228362
1145034058
1148640586
1154922970
1154919898
77374938
81559774
81563742
1157599318
1148891605
1077584276
1361748404
1378529172
1915394704
1915718288
1919912597
1659345559
1650769591
1646588591
1646285483
1646277099
572531179
572530923
593567979
597900523
597760251
581969931
581969931
580991003
601963531
559943691
539033611
543305995
551694889
548539945
612372009
612369945
880805385
344003097
344072985
75718923
213935371
213956378
209825578
209951582
1283689422
1552124870
1552058822
1557563862
1561771222
1326952658
1310044610
1578561858
1528189250
1477865842
1477894626
2042930658
2072292833
3935283584
1788524672
2119863424
2117698752
2116715728
1848303968
3995689824
4013433696
3979879012
3992461932
3851956776
3852207656
3851161097
4102818314
4102556186
3570014762
3562682942
3692706318
3631759174
1543005254
1520980086
1521205334
1521143875
1525346369
1244327936
439021584
439087216
455864801
427537123
1018798819
2092476065
2090378896
2094573184
2084104068
4231788436
4097496756
4095368876
4107951852
4102572780
4035726045
4035234543
4035234798
4052020718
4057260282
4082225246
4078129246
4078063742
4094824574
1946300438
1946165511
1950687501
1950758684
1950747452
2093419069
2105891385
2055699019
1519811146
1519738442
1525940746
1526465322
1526543210
1526669803
1509892521
1482432937
1477190060
1561077124
1326212996
1313662868
1313732516
1322250672
1187951060
3336483844
3354828037
3311831303
3496380675
3504773394
4105148694
4121860406
3886586918
2796061734
2923200870
2938012119
2889262023
2889262709
2822153828
2821778980
3960531749
3964721957
4015127351
4015250231
4015118647
3983662391
2910149751
2910149759
2909227135
2775451773
2809006972
2817464892
2800695868
2800695836
2800696860
2729262812
2729196700
2729196701
2729182366
2729254078
2733520046
2993566910
2985169294
2968400526
2964206302
2427204127
2427219469
2494360077
2498554383
2498542127
2632776494
2674714670
2590917646
2591948878
2600337614
3690860798
3648922094
3632018926
3625737710
3624692062
4161661263
2035133773
2076814668
2068690252
2052966220
2047723388
2047854444
2047768428
2068800877
2068653423
3687652734
3687587198
3654105438
3654105950
2311667486
2311667583
2307471231
2307593181
2374702037
2374964149
2374784423
2375830951
2279360999
2273102310
2273298742
2271721750
2254941206
2255465495
2263852311
2263855383
2263847767
2280489975
2221244917
2485490165
2418389492
2419448944
3493206064
4030081312
4030081328
1899374864
1660295424
1660355841
575996167
575996230
571294694
575427494
583848614
596432550
562864038
567065494
566540679
558348743
558021077
558017813
625126453
1682091043
1677829171
1677763603
1677763667
1812116707
1812110819
1833077155
1875037059
1875037059
1850101635
3997644691
3993248162
4015006630
3981452198
3975217902
3971026670
4239399510
4239403590
4172312070
4187024902
4220630534
4220883719
4208439557
4216829189
4216765716
3138817332
3138820880
3105275664
2836581924
2836645476
2839593700
2839663348
2839737028
2839790293
2839582309
2839592741
2839587629
2818616127
3892374287
3909283599
3909287791
2869151213
2868987389
2873181693
2881570285
2881560045
2881690989
2881699189
2882744151
2881564503
2881513303
2881517559
2881574391
2881607157
2877423057
2877423057
2877423441
2881617521
2923560561
2919495249
2919429843
2919421651
2920537554
2920336626
2941307042
2907818226
2908145874
2899769542
2899765318
2891365382
2908093462
2908027958
3979406390
3979602982
3983666214
3914390829
3914386732
3914452284
3916553020
3916553020
3916553020
3916561212
3916561212
3916822844
3916822837
3916822839
3917338935
3983526199
3983526199
3983264085
3983268181
3983268213
3983276405
3983137141
3983137141
3983407607
3983374838
3983374838
3849157118
3882696126
3823975870
3823975870
3823975870
3823714230
3785965462
3785965461
3785964436
3769187028
1622747844
1622682180
1620667076
1641934532
1631954628
1665185732
1732282356
1715507045
1711311143
1711319351
1862510871
4009928999
3976375591
3909270821
3909272933
3897804261
3897576933
3914353127
3916437926
3983620534
3983752606
4017303966
4017295774
4008907166
4004721050
4003672506
4003796475
2929985849
3215206409
3182176265
2624334091
2624469770
2364423690
2628514314
2510914074
3047719466
3081273897
3082322536
2818346956
2809960900
2805840324
2805971172
2805905636
2805905636
3879639268
3879132645
3844531687
3844485591
1701253527
1734816151
1735340950
1852642238
1861040062
1861042110
1806515134
1806646238
1773091790
2025728970
2025466571
1488661192
1555901064
213655464
163320232
157044904
1260249272
437231800
437232104
437101416
505196072
2132585000
2103224888
1951906424
1960221641
1960218059
1884471499
1901281434
1397825770
1396777066
3544326191
3511827500
3495037228
3494910732
3495172620
3230927436
1100941964
1134166668
3264926349
3264844462
3268968878
3529019558
3523776678
4061900894
4080710414
3844841994
3827934730
3827935770
3828066842
3962300986
4247399210
3207207210
3190425658
3190688842
3203268683
2662727768
2528514072
2543267852
2375295244
2359058804
2359075556
2359207649
2225053347
2497481378
2484898722
3574894002
3608450226
3608473734
3608502406
1997938822
1964384486
1948134438
1952324142
1958349358
1974995471
1973971533
2011754061
1462416076
1463452556
1461223852
1464389868
1473036392
3588014872
3588080136
3588156936
3573475848
3573475864
4110334777
4110260521
4110190955
4109929802
4109993226
4152008974
3594183486
3594146094
3594129702
4128903462
4133106146
4136334818
4136160416
4136159392
1989707904
1989721280
1446556672
1463410704
354099232
270148640
270150688
270143267
274598418
278792770
12454530
61803138
44899970
44840834
44889474
41743762
41938339
41938403
39145329
47546161
47572771
64333603
22340915
24505683
8386882
1082116434
1090488690
1090509170
3237738866
3229302738
3233382291
3233380001
3233411745
3233407648
3298321060
3231212204
3227009708
3239628200
3509254313
1428875515
1428875339
1965681675
891938058
896181002
879403786
879727387
875332395
875341099
875410746
880707594
620660746
668903450
651864074
920314890
910737498
906498203
906506393
638189752
558763944
549849768
549522088
545262236
549461645
817947279
826385294
843293086
843227310
574857390
574726646
851687398
1921359470
1922861678
1926794029
1899518236
1882798108
1344940060
1428826156
1474960684
1453982501
1453982487
1454048002
1459093762
1194874162
85650770
70970818
486199171
481267331
481267331
1555933879
2085923559
1946463207
1963764135
2001512687
2009898157
1993195708
1992966300
4132110492
4133102500
4160381604
4159358629
3853242023
3791174342
3812407814
3811355398
3811354654
3810831405
3848569916
3827712268
1680220684
1680220684
1681269276
1617298988
1621363502
1621362734
1622411310
1620314126
864303118
306603022
302440462
302424078
306622591
314880485
315410405
307023840
307022833
55566017
21921473
5144195
21915522
22886322
23031698
64970131
48090611
42780131
42505569
42512677
1120444708
1121689909
1096458517
1348121863
3497697094
1350212302
1358678686
1358547646
1358461870
1358458286
4042810799
4093145341
4084781165
1933111404
1916314748
1916382540
1914285517
1914489311
306989559
306973815
307105047
316540167
316547841
1392386865
1123889699
1190934050
1207774770
1157507586
1157499394
1157433858
1153240594
1152931554
1083761574
1083761062
1083764900
1150865572
1146929324
1142939784
1142874264
1142317400
68562696
70658568
2517512
2189849
14699018
15747594
1089785610
1104659786
1121353930
1115066826
1119785422
1118736846
1101959886
1085183991
1085062116
1081928164
1077733732
1128266052
1111423300
1178498308
1182667012
1182662916
1181618289
103555233
86581667
69869971
82446211
78335633
12311185
10025632
14462880
54308260
305964436
305111236
304586756
304590869
287413303
270650407
270616615
270735654
270677542
274862694
401736439
378667662
377635470
377542622
398518574
97560622
83011870
81963278
98817870
123847626
107037130
374489594
307656170
307587114
318564650
331213083
867026184
334266632
828932376
1898484008
1899733800
1631232809
1612562219
1612484142
1615629886
1624018558
1624080991
1632551625
1628308169
1661870824
1661740008
1644953705
1657537770
1921846522
1923025098
1923029194
1389312202
1384611258
1385132714
1385124554
1082999496
1084179016
1090400536
1076764968
1076765992
1076780856
1077894680
3964440
8146443
33343242
66880970
50304442
1123988922
1123988890
1123850138
1382913946
1379841434
1379837370
1383966186
1381806570
1390190831
1390272749
1390293244
1381904492
1377706084
1360928868
1344156112
270417856
274602945
282856131
278710947
280799906
297578115
314484419
313427777
317423633
841527329
841523233
573087781
1663873061
1630444573
1629919279
1709611375
3854015087
4021598831
4017422047
2805261007
2771411679
2755011307
2755002987
2766930543
2762474029
2762487613
2779262269
3081250837
4154992661
3546949719
3542747207
3542748355
1400509634
1408906434
1140723906
45748354
66801811
66838931
58642819
25149825
5624215
5566823
5558567
5752615
7722534
83158566
83158566
1156892175
1173866255
1174291725
1207848013
1140771933
1140846061
1124068861
1124061081
1119143833
1119156123
1123869114
1383985594
1379783083
1362940331
1344270827
1346298123
1350423867
1358751021
1349313851
1349375007
1366217999
1408139535
1392410895
1392412431
1384029982
1383903038
1383902526
1392377119
1392428063
1384005727
1384055295
1379733997
1394553837
1365189357
1348281065
1356673753
1356683211
1352453583
1356647918
1356649838
1348265326
1348333918
1348358494
1365136335
1409161163
1392385993
50203593
50281464
41708392
41707896
41710872
37502984
37539864
37613593
36630585
53403947
8315743
8307655
16368279
7946943
5862063
81274543
81276591
77282015
77470671
10230766
13908910
13905318
5730694
5685638
12812678
46178495
46244327
37924293
34783045
35033045
36997093
41214949
41738735
23052751
22970447
1096716302
1079885870
1081922606
1090288686
1089432591
1085170959
1085153549
1152254733
1169883932
1173897752
1199101497
1182330409
1199091243
1196993402
1163508682
1171950986
1107002762
1140426138
1400406207
1379893423
1379832047
1379852399
1379856423
1379790886
1383358502
1406476582
1372923238
1348284370
1348341651
1358827155
1358825137
1354449585
1371329428
1371317124
1409258436
1400812804
3547113788
3509365036
3509365036
2435639596
2436722216
2441032200
3523084824
3552444984
3534623279
3534492206
3534491118
3538684142
3257669814
1111439510
1109292166
1109288134
35529858
18747522
2032018
8336306
16609958
9790119
9822903
9959047
9936581
12028677
16029989
7649575
57977126
37144838
104776966
104743174
1182417158
1182417238
1190806006
1207587314
1169908114
1157195154
1157227954
1157226995
1157353975
1156301269
1156170181
1156179932
1156574972
1173356268
1165885165
1165817599
1158969311
3239367134
3310678527
3302404591
3500062189
3516900844
3522995660
3556545996
3531589068
3531526621
3531502063
1384063470
1383932398
1379742062
1463759230
1430224190
1432353567
1440611101
1440516877
1440530188
1465689356
1449033740
1451130901
373211221
389955829
356389109
339620023
337587623
341256871
345336487
345496246
331206278
1387837062
1392030342
1392017847
1383628967
1383838183
1378541895
1378493719
1378559271
321470245
325660453
334313253
296162901
296097349
11994949
11813703
30708503
22323511
290759719
1366600736
1375045648
1373014272
3497958144
3493767680
3493785296
2419933905
2420048579
2422866662
2443707366
2443976934
2478579942
2461806694
2478575622
2159808519
2155810817
3292410880
3291362336
3291380784
1546582064
1546561808
2083432705
2112264451
1056279618
779455571
1846916181
1779802228
3927220340
3927416932
3927369580
2838918764
2826765928
2835089128
2829849324
2829857532
2829857535
2829857518
2830905774
2830897334
3099340950
3103207574
3092652166
3092652231
2563122631
2563124549
2563059013
2554670421
2554797399
3629581398
3646358598
3654615110
3688181958
3418841302
3418579158
3385028822
3384889558
3384898038
3384898039
3376771583
3410325981
1246197085
1246131549
1247696153
1247761689
1524421913
1541207353
1499258665
1482473259
1482469179
1477289803
1477415755
1482588495
1499365855
1499382271
1498345711
1531961582
1531961582
1515185406
1515189502
1515189758
1515167102
2052038526
2051907358
2051849502
2051318846
2051317798
2059776038
2060431413
4216229892
4212052052
4179554532
4162734048
4164570784
3900311216
3908703892
4189729412
4191957701
4225508037
4225508991
4225709871
4192144686
4174716190
2027238414
1489245198
1489240094
1489309758
1489313886
1505830238
1539519822
449008975
449025357
1522644317
2076226940
2076225916
2067830620
2034276220
2034349804
2030151396
2063835876
1795322516
1795297924
2063996581
2063996837
1792478373
1790379253
2058489927
2058494021
1536172103
1536172103
1501618431
1505813966
1489235342
1505979806
1539520958
1602305466
1585593771
1585586171
1321404282
1179653946
1177822010
1177579802
1176555802
1197523226
1101365530
1084523003
1151631801
1152489385
1156691624
1146328744
1142081208
1142084232
1142092745
1142088011
70444315
69461034
