627964279
627964279
627964279
627964279
627964279
627964279
627964279
627964279
627964279
627964279
627964279
627964279
627964279
627964279
627964279
627964279
627964279
627964279
627964279
627964279
627964279
627964279
627964279
627964279
627964279
627964279
627964279
627964279
627964279
627964279
627964279
627964279
627964279
627964279
627964279
627964279
627964279
627964279
627964279
627947895
896384375
896382453
896382453
1030599092
795718068
1869463220
1869200304
1873394608
4008295152
3933059696
2871900720
2871980576
3107861040
3091079700
3095266084
3103523629
3098280302
4172021866
4171504746
3635689594
3365152842
1213474890
1209412682
135668810
135398474
139673930
156483963
158462331
192016731
175620426
175555930
174511610
170325498
170190330
174126554
174114266
182507002
183628282
173273274
180609466
180577722
197223867
180383144
180387304
180383208
172042104
167850792
167785256
167862568
167928072
437428524
775192876
639927589
560839031
560839031
560839031
560838775
560838775
556644471
556644471
556644471
556644471
557758823
1631517031
1629387623
1633630839
1633631095
1633500023
1643936631
1644002167
1637874519
1637743431
1637677895
1641855303
1633466695
1629337943
1629354103
1629485415
1631517031
1635678567
1635679079
1635744631
1635613559
1677556599
1677556599
1677556567
1677491031
1677491031
1677556311
1675459155
1658665555
1650211395
1650211651
1650408307
1657682275
1674525027
1670199667
1636579651
1637710147
1637874115
1637743059
568097731
558644163
588069763
588134835
554580387
550385827
546191523
546257075
546125957
546060677
545532293
633342359
666896854
666966294
797006102
797047062
696364294
697347342
696298766
696366110
696352862
679575764
948015316
2013500640
1476581475
3624011810
3624011810
3624085778
3636619794
4202887698
4202860035
4203905600
2928968320
2931589536
2931598496
2923205796
2922155180
2922356133
2939091618
2904963746
2904963746
2888178418
2766158354
2761959698
3030394882
3047303170
2543982594
2543982595
2258643217
2259724576
2528164128
2477832692
2477832908
2180024973
2171898557
2167769775
2165639790
2436831790
2435717678
2435725358
2981046318
2980849709
4054587420
4054648844
1902987468
1362987148
1896847748
537836436
537836436
537833364
1615305653
1623300756
1614846532
1895930372
4077107712
3791825424
3863145248
3867339808
4152618020
4236610592
4236545250
3699694818
3691776098
3692890162
3424520498
2350262818
3692440098
4256624210
4273921731
4272852866
4272786306
2930612882
2930555554
2934745762
2921638626
2921635430
2904919559
2888228657
2888199203
2888182818
2892171298
2900494370
2896300146
2913077570
3198294850
3198294530
2661497347
2661296673
2661345568
3198200096
3063973888
2543880196
2548336660
2540017700
2535839844
2435127540
2435782805
2972588197
4046338727
3786291878
3786398390
3786185390
3787242142
3780950734
3776752142
1627695630
1627826447
1627826189
1627818029
1627818023
1627834407
1627806759
1678120163
1682313635
1683886739
1818170035
752432819
748498611
748432051
747973521
748039041
764569985
768765313
795927937
795927025
794879329
795075872
795047216
2116236544
2116236544
2116170768
3730967584
3739420724
3735030068
2392861492
2392862245
2393186855
2394165870
2410955454
2410971838
2380301994
2220919726
2216729006
2485238206
2486413510
2503124998
2501026822
2501042434
2635146018
2635276834
2500993570
3069313634
4138862306
4137946513
4138522752
4137977984
1927579776
1914996800
1916246016
842443776
574006276
588702740
555147300
555171876
558120997
592199973
583598445
583734271
583734235
583611355
583541658
919085818
919544538
881734346
814620362
815155915
817187531
816184027
820308699
811903627
543207067
559989659
572572635
577946489
592630569
591852329
558162729
558129965
541355301
553930005
554453301
558745895
567204135
567016231
566868311
558415175
591961415
592025943
592157159
600488423
600553975
592030663
587836367
588119007
588143463
554572647
1628314471
1632533351
1636727655
1636686711
1670160199
1670168391
1674362311
1644992967
1644993495
1645190119
1645124071
1645140455
1645148647
1649311207
1649311207
1657699831
1657765335
1674526175
1674395087
1665998223
1666006431
1632583103
1640971711
1640971711
1636777375
1636777375
1636640143
1636590991
1636099471
1636103567
1673919885
1665646029
1665644927
1665644855
1724360999
1724295479
1725869335
1717548311
1717539095
1713344775
1696576279
3843995191
3967729443
3967732529
3973966161
3965512049
3964463472
2936858928
2920238880
2921219616
2925413936
2936005200
2948457072
2898064996
2831152710
2831154886
2892812022
2888584678
2888567974
2754352294
2754557078
3832165526
3840554134
3854181766
3854184071
4139466389
4139335301
4139282053
4142427781
3613943764
3547288437
3547210517
1408119069
1374638365
1902985533
4050473272
4117626137
4117740312
4109343528
4100823592
3160971816
3156773384
3156772360
2888335945
2888471274
2917839594
2947212014
2930434478
2930308262
2931342518
2935528631
2922953973
2922948820
2922949700
2923096132
2923096612
2934589988
2930576932
2863402548
2867609111
2875991574
2838238566
2825391334
3102280870
3099204798
3099213214
3115920798
2578984334
2574790030
2285383054
2285776334
2287873278
2292067438
2291547262
2291415119
2358274253
2360401100
2372963804
2402322092
2400424604
3474113165
3478349453
3440389887
3423607534
3423668590
3423799342
2404517930
2398227466
2394365962
2392072202
2392072218
2391040302
2408374703
2374821293
2358114733
2224671149
2230962605
2171455917
2200422829
2200361439
2183588110
2183589134
2196235534
2191846718
2191850798
2191841582
2191837479
2196097319
2272119095
2272250231
2171525463
2154757079
2154822551
2154690997
2171402677
2171402676
2171468188
3278764444
3274537372
3274537404
3240982972
3242158524
3239476109
3239570319
3239177038
3245394702
3248593182
2208409918
2208409902
2191632686
2191763758
2191767791
2195966127
2187708581
2187806901
2200312213
2166758293
2149981063
2150005446
2150001158
2149968390
2154097414
2208606470
2191833110
2191890470
2191902759
2196031527
2254522405
2270316853
2218949589
2218982101
2227370647
2227301015
2227236775
2227217831
2218825127
2235614463
2269238493
2269347037
2269341817
2270312761
2232564537
2232556091
2215795227
2354273871
2361456335
2223027143
2223018403
2227213731
2218900897
2215745969
2215811537
2265119041
2248337667
2248304899
2260871427
2256678209
2256616929
2256543137
2222984609
2160331169
2160069537
2151701153
3221346977
3222469265
3222452865
3239226241
1110617473
1110617217
1112718401
1114803475
1109493539
1109448483
1109714466
3240914734
3244882730
3270101290
3266955562
2257143866
2257274906
2391369738
2392417290
2377801791
2361282853
2365457184
2364932640
2362507872
2354057824
2356154912
3425702452
3390181900
3394646792
1246109961
1241982233
1241787691
1308936490
1176275210
1109166410
1128040907
1093507464
1080925064
1089322648
3232609944
3232608952
3232625336
2159014584
2158932712
2164175144
2172559405
2457772066
2463804418
2463803394
2191104018
2194446434
2253179106
2248939746
2383689894
2402695330
2373335458
2377265058
2377265074
2292198290
2289056642
3356498818
3355581314
3359779651
1220684289
1217604096
1223780912
1215323936
1227935520
1259460048
1241625984
1241628051
1241626002
1241555378
1308664290
1312928118
1317122078
3464605722
3464543515
3750803769
3700668968
3700595241
3705047785
2623310489
2618853001
2618847880
3694670505
2620072617
2620006572
2218468524
2226727076
2274896001
3331860611
3264882819
3266985090
3265922434
3265987042
3266061538
3282855266
3227843874
1076333826
1076005634
1076017922
1075882754
1075883283
14724113
65182720
36080640
36080640
36603904
103450624
103463201
1189718819
313060642
313248962
309009538
304817283
304821427
293223843
1354446499
1354303143
1354502830
1083970238
1142432334
1142432270
1144579614
1152969270
12122933
11135284
78358804
99264516
108695556
104497612
104497612
35291612
303595692
319348908
268987561
805832841
806094987
810486171
818809595
864960250
848175627
312353291
48112139
41685786
3948842
1861418
6092590
13471534
9277262
9277258
9406730
1117690122
1185855502
1181673486
1311696974
3463410894
3471053022
3483632062
3300000426
3297915626
3296752239
3296752173
3292554020
3288360228
3305236752
3305367824
3305286480
3338841024
3338836865
3322125185
3330443137
3330441601
3330441347
2256703555
2256581667
2252385319
2399201318
2348837158
2348952078
2353142286
2357333710
2357265054
2357203630
2357212078
2361397670
2353012195
3422558579
3422566659
3422562305
1275095040
1296132096
1312975872
239230208
239486208
236900096
238980624
238722896
238792528
238726464
238650705
1199146083
1165597923
1144634594
3292113138
3292129522
3292207538
3439200946
3435006626
2358712994
2358516386
2357214886
2357214630
2361408695
2353035463
2399205383
2383472645
2383472645
2383472645
2387666949
2386782231
2403474455
2227307799
3296856031
3296854687
3229700783
3229636263
2160119461
2151713715
2147519411
2147850722
2147985682
2147986178
2164718338
2195115522
2190923330
2260105154
2260202978
2260006050
2259745955
2261818533
2253425893
2253429821
2249440284
2253564956
2253628444
2252448892
2269357564
2504179188
2537720500
2520959653
2521221797
2521254821
2521062823
2517988823
2518053319
2501272526
2488690255
2497113679
2493508205
2493311596
2493312620
2499593820
2491205325
2488915663
2488919791
2505633774
2505592302
2507932910
2508129502
2507543630
2222334983
2230725637
2230659088
2362472496
2370861072
2387867648
2251471105
2251724289
2251719171
2252243459
2250949186
2271986370
2246644194
2225618146
2226665702
2159552742
2159552686
2157848974
2162039695
2177175183
2177127071
2211472317
2194723244
2188431544
3275018456
3224694792
3223774472
3223776008
3492211209
3492194843
3506412074
3585969690
3585901066
3567043082
3298673355
3302933147
3560896175
3560763047
2487011495
2419914931
2516445314
2532242626
2254884866
2183548930
2187726851
2196123939
2191991335
2175018535
2157980207
2157972079
2230323935
2215926414
2266290382
2249653263
2249613327
2253791247
2195070981
2195070997
2190881572
2173964900
2156135149
2223260329
2160382633
2161440425
2153036713
2219875001
2219940571
2219944655
2215897807
2232675022
2266127070
2251691870
2255880526
2262175822
2257723462
2257674342
2261807206
2261832803
2396052583
2387671157
2387667028
2387671156
2387703860
2383558676
2387749140
2270308949
2227321429
2227309301
2223049447
2224052983
2228280022
2228259670
2364573990
2406520871
2389751847
2389747767
2389813527
2406660887
2289224279
2289224390
2289224390
2289228534
2314337262
2322655726
2320562431
2320562255
2316367885
2383673357
2382522397
2382505997
2369923341
2361535309
2361531085
2357349021
2357250749
2224081581
2228263341
2228263333
2270206183
2387712103
2389817383
2389829943
2389928759
2373069367
2356296246
2356283926
2297563734
2297498358
2297446134
2297462774
2347785726
2322652639
2389760333
2389768268
2389768204
2389796876
2383620156
2383554684
2353146333
2361535181
2223127181
2223115933
2222982829
2156937901
2161152941
2154861033
2205193593
2188417080
2188486712
2182195512
2199104056
2165488152
2148698632
2417135112
2483520008
2495910424
2495910440
2513757800
2505371244
2675231597
2658454397
2657474941
2657450367
2658494847
2541185375
2507631103
2507561470
2431011326
2431076862
2430949878
2430893558
2481290494
2464503006
2464486622
2197109982
2188716254
2188716254
2188847258
2203457690
2168850570
2160199818
2160213386
2172726666
2193632699
2193636781
2185247917
2181068957
2181064909
2182309965
2182227983
2182227983
2182227982
2152872206
2157058574
2157054478
2157120030
2156939823
2159074095
2159315247
2163509615
2163575167
2171967615
2171975735
2171906103
2155214902
2155338038
2155748150
2222332438
2222340694
2222406230
2364881766
2362719079
2413050231
2387884311
2387900429
2387896333
2387896349
2387961917
2413783359
2363390335
2363390975
2363411455
2363345919
2365361151
2373750783
2390527487
2256379391
2253765759
2253760605
2253760605
2253908061
2232875391
2220247903
2220231375
2354453199
2362784479
2362715887
2362458095
2379234799
2379226623
2412779999
2396019151
2387638751
2387634671
2253486575
2270394847
2236774879
2219998175
2220088287
2219965407
2219899775
2152775551
2169550207
2203161885
2186384701
2186386493
2186393661
2186389565
2253633853
2249362301
2266155741
2371275469
2354511567
2361587341
2361652909
2378293229
2386624493
2386622781
2382428223
2382424127
2382489631
2382456846
2369988622
2361534734
2357345054
2357332542
2357266990
2222983727
2227439143
2228503317
2245907293
2231144916
2231144948
2231141300
2222753204
2357041588
2357180596
2352986292
2386016436
2384902277
2384915661
2384882703
2384882190
2384866846
2263248430
2226480686
2226446906
2226975354
2224853994
2226947050
2164049642
2201799406
2185190126
2185116006
2185116710
2189306982
2197693559
2193435863
2197560517
2205945285
2153187717
2153184197
2152132549
2152706007
2219616231
2219615143
2488046525
2496632717
2492444556
2512759708
2505358268
2501155752
2484390568
3021392617
3038179051
3050759802
3046498939
3046437757
3050623292
3038023964
3021440268
3021442580
3159748116
3158600212
3158649364
2505456183
2547391270
2530610534
2526350566
2528576726
2545889494
2549965014
2505892086
3579621470
4115443789
4148995404
4148995420
4144887164
1997533500
1963880760
1879978264
1879441720
1883505976
1891895609
1942227257
1384536169
1385621611
1389799626
3537151050
1383366730
1379172826
1379832746
1345757866
1895228074
1895195311
4038526621
1890387596
1886127720
1882980648
1881940776
1932407048
1647190280
1650730248
585386088
582240489
582273211
580180106
580381834
584573066
844587146
842334346
842465514
825626666
544612906
544614954
552020523
551893563
552364747
552382091
837583755
871137674
855609786
871870954
861249898
1934992682
1934993450
1937094702
2004269358
4141267246
4141279534
3738639742
3737326934
2671981910
2635216662
2618438422
2622620182
2628911638
3702526550
3702809471
3702843245
3451173356
3757345244
3745286348
3744967116
3744902476
3608586060
3608323404
1997709661
1967227373
1975558655
4114653509
4114723189
4114855268
4115068260
4115062052
4116171060
4116011284
2505538327
2675339014
2683727622
2683717138
2679587378
2645905954
2645848930
2629100274
2629296770
2633360273
2631189920
2639592868
2667894948
2668099733
3189144789
4262884421
4285948941
4252984605
4126954797
4127031149
4118675436
4118413276
4124694493
3084490205
3067851101
3068113229
3059716381
3059536173
3059541357
3059574253
3059121581
4084599213
4084599231
4084664766
4084538814
4085071294
4085068182
4080890310
4084031942
4075675990
4075413767
4075413780
4075540796
4067021628
4083728936
4050240040
4033529400
4041889304
4109063688
4108875272
4108875321
4117296937
4285064489
4268479545
4268475465
4276733129
4294561929
4294693289
4259996587
4234900122
4234760922
4234678906
4234687018
4100532011
4100662587
4108923993
4104656073
3567867017
3567861915
3588833723
3588837818
3622392762
3530119098
1382774714
1382706602
1382704570
1382753434
1382625418
1382617226
1382682778
325726442
271213818
275502110
283890718
283889942
330211606
330211602
334471187
53268515
19660837
272367661
270270509
269354793
274607657
278800905
280889867
11275787
78384715
95163995
82605931
15529451
15512059
7123435
7124394
7189946
7257482
326024586
309245322
309244314
309310395
309179067
310227641
308212328
308241960
310209065
1382885675
1382885418
1382885434
1445739530
1177288714
1311506634
1315832202
1285952186
1285690026
1285751484
1285558964
1286632100
1286660772
3427852964
3423658596
1278403356
1144153372
1144155404
1144158216
1198716936
1190320136
1186121996
1185318924
1189448732
3462692908
3459023144
3459219768
3442377228
3706360332
3635065431
3635130982
3098066534
3089672806
3089672934
3089668838
3089817286
2871686854
2854892486
2859012494
3135836350
3135844526
3148357870
3115070702
4172101887
4173281533
4171049053
3654035533
3661966543
1510351246
1241645454
1241645214
1245724846
1254154414
1501618342
1216389494
1216459029
1216853284
1288152868
1276618260
1144964612
1143604740
1143604932
1143605125
1164592295
1190753446
1186555030
1320902798
1319825615
250319135
250189375
510178875
505982506
505982762
439069738
980067418
980058331
979943608
975716536
958927016
942289320
943350440
947549928
2027716136
2039229992
2060217880
4208780824
3672044840
3667575592
2593702460
2592629340
2609390300
2307400428
2357924847
2358989038
2493169902
2444935406
2445000922
2448998602
3224945098
3224949962
1077662798
1077552142
1077619726
3746830
1718286
1710622
14551574
27138567
46037511
112055813
250380544
241991792
237998320
1244566000
1244312304
3475683040
3295198944
3572021920
3567894192
3568023220
3567888038
3030953638
3060313766
2787675046
2787674286
2787743982
2792011806
2754522126
3761169422
3760611341
3760590908
3827437612
3827434280
3841065515
3967881770
3967823466
4236516074
4236511738
4237052106
3704146062
3704129926
1557895046
1559950215
1551561607
1278894979
1278894563
1295655393
1329212769
1299916801
234817537
268241952
249324576
249356384
115122368
105817216
102663296
37653632
36604033
36608145
36567267
53311586
19867750
326053222
326053862
326055606
334313110
334304902
296605319
279828119
279551639
279486095
279485087
820558431
807971374
807971374
807970350
808034854
808055078
812400675
808189987
808256513
1345198080
1345202192
1357785120
1353582880
1353584384
1152205376
1152176832
1168675520
1202246385
1185673891
1189869218
1190001058
1181546658
1194129570
1194309762
1462156418
1467399299
1456977089
1456840912
3595870448
3592265843
3592270130
2518647330
3057550882
3057309218
3068843634
3081344738
3081279458
3081297121
2812861600
3077373344
3073177520
3073340128
3040752352
3023970901
3022987782
3026986806
3031181542
2494040302
2510817454
2510817462
2242517126
2242522246
3349832833
3333154624
3337147936
3324548384
3324556304
3324683264
3324945408
3324965888
3308176384
3291120912
3568010784
2494146080
2495129120
2493031969
3029904930
3025714722
3021572706
3158018786
3156971186
3207254674
3190436738
3190428546
3190428034
3194630550
2951425206
2913478822
3970443430
3987482790
4024925334
4150706318
1981993422
1982976590
1982915166
1980785198
1981048366
1981180974
1995864110
1472187438
1438436375
1421657093
1424815109
1416546052
1466357268
1457958400
1457958144
1459065904
1987548192
1983362097
2117578769
1848487953
1848619057
1815000369
3962539572
3895316020
3895285348
3895407332
3895272164
3899400868
3907793580
3903324604
3903324315
3920368827
3953924283
1806579947
1805531338
1805002826
2043095370
952384091
415307355
415302367
415253398
482395058
482403234
1547739554
1547808930
1472377011
1455599747
1389789569
1384023680
1378846336
1915736720
1915642592
1932468833
1898717989
1886130219
1625554986
551825466
568796186
598158362
597965882
850688010
850692106
848595018
851806602
911711626
911709594
914329754
910135482
926789819
876474619
875458923
338571563
342765355
351152431
351021871
352074526
335296783
305927503
305922445
304742796
308953532
317378988
313193388
833273780
817409949
1895346111
1886961579
1887221035
1886167339
1663869995
3877938217
3878135085
3845055805
4100876077
4109255213
3053328239
3053262703
4160501230
4160497006
4160517246
4110382350
1962855686
1962854663
1954519303
1954519047
1681758215
1849539639
1848484919
1781440519
1781444615
1781432355
1798034275
1768551139
1751742133
1751742133
3907581605
3924328101
3958927013
3956813461
3914870661
3948751751
3932039638
4208330790
4210296886
4210305046
4210371606
4222956854
4172682758
4173206022
3636069894
3634906685
3639139949
2552793709
2552793836
2552818300
3676941100
4201230116
4205555044
4206466528
4206408064
4210598272
3929650576
4013595809
3962211491
3962210450
3828254850
3827730562
3827424646
3827359654
3831555815
3848300271
3848349439
3848288127
3848281405
3890224445
4007729468
4007860500
4007868692
2934123268
3202427412
3199231504
3199263280
3182858752
3166077440
3166601921
3165226673
3165175459
2833841826
2821220770
2821204130
2838243494
2938513574
4011989174
4016196790
4021484743
4019387397
3952209668
3952127492
3947949573
3947951638
2870081046
2836657686
2836659750
2901723430
2898053350
2829617398
2829695191
2831067204
2843650052
2870979588
2854135556
2854139428
2853629477
2870464295
2876296998
2942585702
2909096950
2909735862
2909739958
3983358615
3983358869
3982769045
3982769556
3990896020
3990957204
3970133140
3970165205
3969972485
3969968903
3990941191
3978356231
4013060919
4013035814
3979477031
2905738273
2918385697
2897369120
2897397776
2897598720
2897521152
2914954752
2919147008
2939848193
2939781667
2939716194
2921906914
2921906598
2921873574
2922135734
2938901654
2943163542
2943244438
2918086902
2947475751
2947476007
2930625029
2930353669
2930500100
2934559284
2921877797
2921858087
2921860134
2921990182
3157133366
3169721094
3165526535
3165273669
3165138660
3165138852
3165146548
3165179268
2649525124
2669984133
3743660454
4263749794
4280416418
1832111266
1832045762
1815276738
744680514
753057107
752983315
753974290
762362898
796113942
796048406
775068726
1848743974
1848744230
1865677111
1865613111
1865602623
1865602607
1836271343
1834174191
1841319679
1841318751
1837124413
1837137213
3988876572
3977323788
3977323788
3977456956
2915178796
2944797476
2944731668
2944678404
3213307396
3213239812
3213776420
3181180452
2946270503
2948369446
2814150774
2951252950
2875755222
2854853334
2871646966
2838198966
2838118070
2821335766
2821335494
2825390294
3970435318
3970439287
3987298359
3988453399
4019906566
3876251654
3876120582
3876120838
3876289334
3813301094
3821685094
2743748966
2743880022
2727135302
2727135303
2995640405
2999834709
3008215125
3008297077
2974742629
2974742629
3780073589
3780008309
3780049269
3813669221
3813530485
3796687701
3796687685
3796753237
3813596005
3813604199
3813538135
3775723846
3809278022
3809474678
3796826599
3801004517
2727328756
2727197652
2731327172
2718498516
2802450068
2752249492
2752150196
2757384884
2765765271
2768054950
2763271142
2783205478
2750699574
2733996038
2723343366
2748507142
2713904134
2697129014
2688994343
2688863741
2685193629
2685271740
2706273964
3805230756
3804831476
3796384468
3797432916
3799530279
3799529510
3815254070
3773442054
1895442438
1893348358
1892286790
814482119
881592037
881596133
885800869
894204853
2102262711
1573781399
1607327367
1603116679
512736947
516275121
507833217
507799809
503724305
387332369
339094785
270931201
275120577
276169607
274482103
273465775
298631599
311275929
328053145
294425881
295147785
283568393
283536137
275142923
291916043
291917067
325533963
325435659
292929803
1491211
274187049
273974057
272936749
273001277
272947501
290244909
307152143
307155275
308207947
318763353
310235641
844912105
839653865
856427499
827202539
818871243
819982283
821334987
553423307
545100763
543069167
568242669
583901605
839688631
839876995
839827587
839865810
856563042
857610274
872294438
866986278
850278662
850270471
850271495
334041861
275256133
275317461
283853541
278614695
814543527
814540455
818732967
810465687
835709335
835541495
835525431
827276087
860826391
861810455
845031223
844768055
868815287
868745638
868762022
868795838
869045662
869110174
868586394
332264410
63959835
63371033
56028953
41330968
308721688
310282248
308119580
306743324
306809868
302678028
302694412
286916684
271192301
271455205
275717861
815733479
814497511
814494439
814494439
814486511
273674715
5239259
5091771
5093818
272997310
809606078
818125190
813873542
813869191
834839687
843231365
839032965
839053445
840040629
840041445
842139237
582026789
599002671
546585099
546581002
549726986
809773883
809770795
566495035
567018251
562823499
600588667
600625643
558749163
558759151
558758127
558889215
558889471
558889327
592444287
600832863
600833871
600702815
592248159
592239999
592304495
592435567
558889343
558823807
558874623
567132159
567121919
558732767
558757343
541965791
537901439
542096253
542030461
600750716
583449212
1657186636
1657120844
3796150732
3791957972
3792027380
2735054516
2684794503
2697393878
2697361122
2764310242
2759591778
2771129378
2808886322
2800696370
3870190642
3803117587
3819878467
1668200515
1613400131
1613404227
539662403
540596259
538508583
538469671
538452287
555294991
538514813
542707685
551357349
546048935
546052998
546061190
550256518
558184070
600257174
579068598
1652799158
1653841663
1654692365
581216781
1675930125
1663412509
1629927469
1613667372
1613660220
3761160220
3777679420
1630171172
1630143268
1633223404
1691947676
1691038395
1686846122
1687894714
1687698106
1706568090
1705654410
1739208842
648574026
648589322
644390939
640196649
640196649
658219049
622503209
555392299
558861615
558140431
553954383
554036335
1627614317
1631726831
1699094503
1631981286
3787852518
3783727846
3783580374
2709834438
2709822406
3045374422
3045370230
3028592918
3032983814
3024526134
2953218854
2953239335
2769799975
2769799459
2773928289
2782320993
2765618672
2697328528
2697230208
2688840320
2684433024
2684561056
2684497568
2701278113
2705529267
2978035842
2977966274
3011586050
2476095490
2461410562
2460426498
2460430610
2191855907
2191787301
2192837924
2192836900
3270773012
3258194180
3258325764
3258344964
3258345037
3258344271
3245785550
3237332174
3237861582
3237869790
3237312766
2163702142
2159540606
2157445102
2156180399
2156176301
2425136044
2508501924
2508494500
2504296100
2667876004
2669125348
3709271652
3692461572
4164300545
4164299027
4168554531
4177332259
2023558179
2022440979
2076971011
2060329219
449716999
449708599
449774117
416038445
147598125
139209005
147646773
147630151
416193607
411468871
966688839
1052672071
917409875
913223907
841920675
842002593
573464753
573452449
572920481
572850851
1672741539
1670649510
1669610238
1938041678
4068747278
3536062478
3259893774
3259894046
2207127086
2208178734
2174685759
2226926157
2226923213
2226929597
2163493293
2150910381
2165574055
2199264655
3271980431
3280364431
3280363965
3280236972
1129628140
1091879272
1077186840
1077323016
1077324552
1077324552
1092405563
1130154266
1113344010
1113458698
3271430154
3271434702
3283755918
3283759790
3248026286
3246953125
3246949028
3246950052
3242765988
3239886564
3274673940
3274681092
3274681093
1395616007
1395599638
1408120870
1370359846
1352010786
3297131794
3301125378
3292536066
3292532498
3317919490
3351375622
3330338582
3330317110
3330317094
3263466279
3263990124
3549006204
3515456988
3512315292
3510211996
3510343100
3508180908
3507148716
3507111852
1363875775
1367938990
1367938494
1367946686
3503027454
3503989982
3503992079
4042960135
4042964237
4041849101
3773349645
3811090189
3794702095
3794701839
3794701838
3794716206
3794719534
3794301230
3806859374
3802665194
3803721914
3806277823
3805162654
3796248726
4081453459
4081453953
4089855681
4057081536
4053083856
4088751824
4088886992
4055357120
3523069632
3514680000
3510490097
4047299559
4047298918
4045208870
4032055598
1895107358
1895172878
1895181071
1886857487
808729919
825561407
590807359
601293103
595853615
595853613
562873613
562863437
567053773
558734815
558734839
592289207
588234162
1661711794
1661711282
1661711094
1661645542
1628107495
1611276911
1611284047
1611279005
1616456109
3774359725
3819440300
3802728588
3803074700
3803115660
4139701132
4133179981
4145558061
4231540271
4244257326
4239010606
4238871854
4171762750
3634902110
3634963614
1568222366
1568156805
1561865349
488203396
520769924
520765828
520704900
387736340
356278845
338584093
270951967
270801471
274729791
275781951
284231743
277874719
328665103
316538893
308154381
308179213
302965029
307028263
307015975
307003687
273449319
273519059
273520113
290437489
290437233
286242929
319797489
302954993
302971841
319700929
320735171
326046435
837776099
815657890
1619833251
1624028069
1624028597
1615640460
1632485053
3813522077
3792542365
3792607935
3859741438
3859427038
3864669678
3875087598
3874034862
1743656094
1684415631
1952853133
1962032525
881991581
814750413
814755597
814769423
827388223
309420351
326529295
292963081
276742969
274452265
281578285
281578429
273189261
273385869
810196365
839815311
840859790
839287182
843485630
844543974
1918152486
1918233382
1916037910
1915497222
594484485
594412820
602801444
603914532
601621796
558634256
558843136
592397585
591717681
574944545
575423841
575426017
575475697
575617473
558774721
541473089
541473027
550443267
550452019
546257447
546057767
546106935
546082567
562859871
592223615
558668015
554547455
554678527
554678511
554613103
554088815
554084719
554084719
554101103
558298607
625471999
633860606
633860586
608690618
608985482
604792203
604977579
617237483
613043177
613149565
613148933
617244933
810238213
807092485
823836721
853426273
853413985
845033539
845090115
845024114
853432930
848165474
848100898
831305298
567064387
1665971537
1644993649
1644994032
1645189088
1645130464
1645130480
4044288752
4048450288
4098241217
4115015415
4114886119
4124317798
3986479206
3835557974
3835603014
3835603014
3831405638
3829367110
3845886294
3879444854
3860570598
3860710374
3860677350
3877467874
3847847650
2782470114
2778209778
2778217938
2778217942
2778414422
2816093510
3084528902
3059363078
3084596502
3080523815
3080458277
2543595636
2476225780
2476228068
2461535648
2465811376
2455461777
2182772355
3256546947
3273323138
3279606402
3254375155
3232298977
3232296417
3236522224
3228399696
3224197169
3224177953
3224307505
3224249859
3228443138
3320787474
3253539106
3282915362
3265908770
3333002258
3334050882
3350955969
3585840848
2494084832
2489892576
3022565088
3023613792
3021647200
2803542880
2787032880
2787036930
2791229186
2792874290
2923192418
2923197538
2922335350
2817415638
2813000678
2947078886
2947079141
2930308572
2791891020
2788810956
3862655220
3862438112
3862503584
3862831271
3882751398
3852865158
3852929670
3836091014
4105583234
4106103494
3567071174
3571203126
3562808374
2505843730
2505974834
2180920610
2477655843
2477605409
2460762673
2464993793
2523722241
2281607685
2281608823
2281482983
2501704430
2434550462
2167933598
2201688510
2474261742
2478448878
2444894413
2444964044
2176344140
2171138428
2171314164
2171255252
2449123828
2440603877
2438761703
2433516774
2500104294
2500235366
3024531478
3024527362
3021399107
3021334993
3155491489
2887113376
2908719776
2946468512
2946467456
4003308224
3998540288
4262752800
4128510496
4128510496
4130677027
4147453986
1978925090
1957494818
1957560530
1420427462
1437220038
1202346438
1185799109
1185717188
1185725356
3605838764
3614222252
3580670604
4100817804
4126048668
4127101101
2810093805
2788991013
2788991015
2789077767
3878576695
3828228655
3828286063
3832284910
3841728494
3971758310
4256970982
4256971990
4261297287
4261291143
1576935559
1425933223
1420759702
1437414038
1438462870
1438398390
1442607022
1476176878
1476176895
1459469279
1996275677
1996273100
1920762316
1916633340
1916465388
1916432492
1915625577
1932402922
1882072426
1886273130
1907232362
1907101530
1908149706
1912350155
293410121
276698968
285095484
284567100
284634644
32783892
32792117
66363185
41202993
309703985
1446424832
1446424576
1446936640
1445953696
3610218656
3576542384
4096638352
3027221169
3035609761
2762848995
2763569766
2763565606
2763828014
2809982270
2923197726
2923377694
2923308062
2922259502
2922253350
2947353830
2897153462
2897116039
3165584004
3165411972
2632769216
2620190272
2620190512
3157191968
3157191968
3031361825
3031358547
3031270595
3064775811
4129865859
3594207363
3594129539
1446919299
2000563107
1978608353
900532961
900676289
397241920
380497408
376418048
372147216
376409120
1919915040
1919791136
1936498736
1882038324
4096782564
4096770213
4096721838
4100928174
4109182638
4108852910
4108851886
4108851942
4105714454
3568839685
3573031940
3573227524
1417289732
1424630212
1554707396
1554957967
1571654334
1471453870
1444199086
1444194990
1444195982
1444143758
3593724558
3593618318
3593535726
3620749422
4103102502
4102184966
4103267342
4155680014
3600985102
3601315887
3601107176
3597453480
3527166120
3510381704
3492684936
1882071688
1894658728
1890501292
1889829612
3785658932
3815550724
3811354884
4079790084
3877939204
3878062085
3878604037
4281204999
4281205047
4184408358
3114799398
3114807590
3098096182
3098092291
2561172227
2562254595
2560157459
2564549953
2564386115
2354789873
2367297520
2268727232
2256144320
3270117188
3270188820
3270063924
3271044924
3539528989
3539576154
3529020922
3524834730
3523772586
4060709018
4060971402
4060976522
4077883786
4111389579
4094563259
4107150315
4107673899
4120186939
1977356315
2013003803
2013082651
1434397979
1417624089
1417673243
1417452043
1551669835
1550618314
1550354330
1491698586
3656029082
3672806298
3672814474
3127554555
3127554413
3136021804
3136873764
3137073972
3137040948
2597859860
2572689936
2551718449
2551718179
2551918818
2558133474
2633632946
2629438594
2645187714
2393832834
2393767554
2397881987
2263733170
2263642534
2264686759
2524734639
2508025003
2507664539
3608603035
3608591819
3591871819
1446285643
1446293775
1446305807
1446260799
372641839
389415215
125177127
133569319
98441991
81406467
81406467
83564289
81330433
72876337
72880417
72966449
75129089
125490433
107728177
40488225
40619281
40892229
40695621
40653525
40653567
124678879
225325791
208606171
141301227
149699051
200030699
183335403
182877579
182612363
182579659
249614843
519098859
525390249
339800488
71363048
201386472
222558600
256047496
113442696
109234056
110347144
126911400
126916522
361801130
898671018
1024565674
789819898
772972890
705863946
705929486
705732663
705736741
691056679
1748168743
1748168749
1748139053
3899803949
3901999901
3902007837
3918789132
3935820365
4006925007
3996926670
3995927278
4012585710
4012384998
4016842214
3874228322
4138469425
4272887824
4272831552
4272873664
3735740864
3752497856
3719004800
3706229393
3706517170
3707631522
3707567522
2633301222
3159682278
3168069718
3168200711
3184977925
3218507828
3210201364
3122450197
2585576981
3122622981
3121504775
3142468119
3118350887
3115960166
3115896167
3148401767
3131626727
3127439575
3191402631
3191496847
4265222335
4265222318
2134507690
1949174938
1948650314
1692797514
1688681035
1689578057
1957997257
1957998281
4109665945
4113859259
4113879723
4147397291
4147511994
4160107434
2545296554
2511678634
2510563502
2510764223
2515499215
2239749197
2218767629
2222891788
2230821380
2494935605
2515842853
2548346145
3597048099
2657520659
3731260418
4265001026
4265005266
4197806258
2067099827
2033591479
2033590199
2029390519
2024086199
4189420215
4189355734
4187254470
2622777030
2618713670
2618692294
2631795446
2627535591
2493256429
2495357869
2495357432
2499568888
2491205737
2487011433
2487203865
2503911433
2537465865
2537466889
2522644745
2665268025
3198145325
3130978863
3147757103
3149330222
2851471142
2826223382
3895833862
3895957254
3893728790
3892624951
3893145143
3909922343
1762507301
3909982757
3909984103
3910131559
3914325351
3897511279
1749880191
1745684815
1745827911
1745758311
1749944615
1758333287
681523607
680339863
680275079
697052295
730606727
713305223
981875846
445069718
176175542
1249917366
1233141206
1217461506
1217445122
1219534098
1219598642
1219598626
1270061089
1253218352
1253218304
1245087744
1245612048
438160416
437210144
974007344
688860468
672086565
684538469
680344183
680295135
680327887
684522189
683981533
675592829
742898301
759675517
759675517
759537277
759467647
755273471
755337215
755336959
738692847
671583983
672127599
672021103
672021359
672012655
676202607
680410223
680338525
697049293
680272013
680272015
948707471
412037526
143080886
142948758
1216625558
1216625558
1216494530
1216494914
3363968258
3381805314
3417522450
3466711394
2392977762
2393097715
2397291987
2330052083
2329986531
2321589603
2405474594
2373034291
2306056467
2306056465
3388192064
3421748688
3404831728
3396439024
3392244468
1244890644
1513325076
1513271828
2064818708
1762959924
1745137388
1745136620
1749330860
1770301868
1787738253
1787206734
1783025678
1778798638
1778647086
1778712878
1779832622
1763061550
3923717950
3918272278
3918279110
4186710470
4186710478
3632537998
3364154767
3364223455
3364190702
3368356334
3423013038
3473803454
3457025166
3461013902
3465191822
1183351733
1468576676
1457041252
1446549540
1445562388
1982826500
908568580
1043704836
773231620
772195335
772162615
721822951
692396006
684002983
680331957
679811732
683944580
683683548
679554684
2021862972
2021719612
2021703196
3904941580
3904943708
4219508732
3934491132
3934499228
3951536015
3922028974
3909958062
4161669358
4162717934
4162717806
4162721870
4182125646
3687066958
3670287694
3397658462
3397661438
3414430646
3364107154
3364107186
2290365859
2290376099
2290141603
2354088338
2352187794
2351074706
2401414594
2384635330
2388829507
2397086545
2262873953
2254479217
2254540789
2250361829
2267273701
2267208053
2267278677
2272388437
3346112789
3346247940
3312685316
3446768916
3480263972
1330690340
3474103088
3474103040
3675438608
3675430416
4178810368
4178818560
3909199380
3955271204
3951076644
3934298148
3934564390
3930436646
3926391846
3944106030
3912632366
3911584046
3911584590
3946781262
3958975054
3935907550
3934858910
4220006046
3683135110
3649580678
2308451207
2310540167
2313767399
2338933095
2334869799
2334804279
2334845190
2339024199
3387534661
3383264756
3416825316
3416833204
1256753316
1244235876
1513064484
438274084
437184532
990799876
688809988
672034580
676232807
680361702
680328870
680312470
680312454
684506758
671399574
2013575894
2013772386
1745271331
3896949281
3905403425
3917790977
3934565632
3934760964
3934687236
3934752884
3909456101
3892825327
3892725991
3893758182
3895859622
3893771138
3893504642
4174589570
4170393282
3666940658
2592277202
2323841730
2323653506
2323654018
2323655843
2323675297
2344667297
2303773088
2339605904
2322835408
2318640720
2318508560
2335302192
2301683248
3358715700
3356622197
3356579957
3355531509
3359828167
3359811779
1212332355
1212324099
1270988051
1245752627
1514253617
1514322961
436378624
973315088
973118496
973126688
973257761
704822277
705096709
705092851
705056163
726011810
700844722
952502930
952568450
952568450
952568450
964889235
966213265
966078417
966012752
948971312
955262516
955278901
955313725
949075743
953194814
675321902
671135790
671131951
671268415
675722781
684103197
683902525
1749333549
1745137197
1745140333
3892681453
3909524207
3943079663
3943079663
2835777262
2835863550
2818955262
2823255534
2823228910
2831616238
2849442030
2878736638
2861963614
2861967390
2862032927
3937691708
3937684540
3942435868
1782367244
1780405260
1779360844
705619140
705586324
722411443
693046963
684137106
684071555
684132995
683870851
683870865
679549617
965749745
965749233
999304529
965750021
955313927
686863895
684955166
684954942
684758334
675329070
671130927
671201081
672314905
672316985
676765225
683974185
1757724203
1749335642
1745133274
1745133274
3892688890
3892811242
3897021614
2831668463
2827375855
2827375855
3116764398
3150318814
3150318926
3134604830
3130480190
3130326574
2861887023
2861868333
2866062364
3926175756
3926241356
3926298712
3926312184
3943095548
3892767228
1745251253
1749490359
1749355158
1749288582
1749292742
1757742838
1804015462
1804020786
4220464146
4220464146
4220480514
4186762497
4169967364
4173898260
4165514020
2026406252
2026410236
1757978844
1745412344
1745449193
1745503721
1745768169
1746815723
1749438155
1774546507
700739147
692381259
688182875
687888235
957350379
2068906235
2077425913
2073170153
1502744825
1486237903
1490429134
1489397198
1489430142
1486335534
1536540198
2056568374
2056562454
2056564743
2051313717
1778692132
1778757740
1778823404
1846456556
1863245996
1812889004
1745816236
1750010557
1749879454
1749879486
1758206638
1754013422
1770798910
2038965526
2038965254
2039296006
1502421255
1502355719
1506600823
1493481445
1493473253
2030343637
956604748
675586828
675656220
671527448
671527448
671519288
671389480
1745135913
1745156459
1745344986
1749473738
1749470666
1757857162
2043101322
4219928714
3682926746
3683061946
3649450222
3649183982
2558662510
2558727743
2559663647
2576465437
2609950237
2593177117
3134228061
3121644124
4195385980
3926110972
3926106724
3926106852
3925894116
1778395045
1778466725
1782791599
1807957423
1807813823
1874855071
1837106255
1820398607
746796350
746809887
1820387855
1816439311
755280463
776321533
780639469
781095100
781095116
785224781
772588607
1863076906
1829177386
1829124138
1829644330
3948555050
3952740894
4221242958
4220069454
3683133006
3381145166
2307403342
2307406686
2307459430
2312718823
2338048437
2407238037
2407251332
3480857988
3488132484
3337199012
1181321636
1177262308
1445697572
1378584612
306153476
306161668
907979780
907987972
907955276
1041112205
1028266397
944446365
952703647
954145439
953621182
949427767
951531060
949321268
2023013924
2021960228
1757719076
1749322260
3917845012
3952063028
3951997556
3901665902
3905663726
3892924906
3893954794
3896379626
3895330922
3895335034
3924179018
4204935242
4205978442
3668976330
3397399242
3397395178
3397395182
3397395118
3380671406
3363887023
2290142125
2285947309
2282867132
2282998204
2299718028
3389172108
3389169996
3456278797
3457323855
3469837167
3465585646
3348407206
1335213478
1305336230
1292655023
1292372397
1293617612
1328154892
455747852
455936284
438576412
455554316
455094556
456192301
420513071
960605486
956542255
692300645
1749531637
1770359444
1770364564
1770897044
1770894996
1766831589
1762311206
1795841070
1795819566
1796868142
1798965294
1785333786
1806307146
1806304970
1806373514
2074686090
1537746570
3686280843
3384289931
3387497210
2305493818
2288650538
2297038890
2293893178
2310679579
2377851915
2409128152
2409148920
2411245996
3338187180
3338175916
3329066220
3325396196
3323429100
1444389101
1376167119
1913040078
839297166
906397838
621185422
604928398
743320030
1011760222
1011818557
2086477868
1813848380
1817044540
1758309932
1754053164
1754040884
1754049028
3951340036
3951341070
3930367598
2852492782
2869314798
2835743982
3910274286
3895593182
3902933214
3902933982
3902937846
3097508407
2578463255
2572166663
2336236295
2344624391
2306875727
3380662479
2290200750
2290200750
2290203822
2294385070
2284947870
2285084046
2299702671
2365761487
2348983247
3422724815
3691176653
3695367789
3695218029
3745552749
3728840797
3729235020
3730279500
3658843212
4196251004
4200572780
4200247917
3940192877
3948581613
3911160573
3894252245
3894252180
3894191796
3893145252
3909922532
3913595492
3947207461
2874645799
2841632038
2838938918
3895870758
3894807846
3895332134
3895396646
1748830518
1753024822
1761417494
1757227478
681519511
680340871
680275079
730606727
713829511
713501830
981875078
444938646
176175542
1266695606
1216380226
1217457410
1219534098
1219534130
1219598642
1236506915
1253218336
1253218320
1257408512
1245087760
440388640
438127648
437128240
990784788
672083508
676281893
680344183
680295031
680327887
680327887
683981517
675592797
675658365
755481213
755481213
755350141
759471741
759467647
755339263
755339007
755339007
671583983
1745853167
1745779311
1745763183
672012655
672008559
684595311
680471679
697114829
697049229
680272015
680272015
948772998
412038582
143079830
142883734
1216625558
1216691074
1216493954
1216511426
3365028162
3417489666
3467755810
3466719586
2393109859
2397210067
2397275603
2397079011
2388702563
2321589603
2338366819
2305926451
2339613969
3413358864
3404962064
3673274672
4201749280
4196507172
3928196660
3929506324
3927413300
3926172196
3926173220
3926699564
3943545453
3943537263
3910114159
3914325359
3897544047
3897511215
1749880095
1745685519
1745758239
1745762599
1749944679
1754139127
681519511
680340871
680275079
730606727
713829511
713370759
981875078
444938646
176175542
1266695574
1216380230
1217457410
1219534098
1219598642
1219598642
1219729699
1253218336
1253218320
1257408512
1245087744
169724960
438127648
437193776
990784788
672083764
676280869
680344167
680295031
680327903
680327887
683981517
675592797
675658365
755481213
755481213
755350141
759471741
755273343
755337215
755336959
755339007
738692847
672111343
1745844847
1745763183
672012655
672012655
684595311
680406269
697114765
697049229
680272013
680272015
948772999
412038582
143080854
1216691094
1216625558
1216822082
1217542914
3432148226
3434267906
3450044674
3466690866
3466690850
3332608353
3336798544
3328278864
3324019556
3324032804
3592728364
3593840940
1446488444
2000465148
2000454905
1966850491
1970979227
1977274811
1973055983
1419325551
1423451198
3570936846
3564775454
3572377966
3522042606
3282439934
1118113423
1123305103
1114952583
1115144581
1131843989
1131848183
1098363383
1098232679
3228934949
3303515957
3303521589
3563560245
3581189429
3581196069
3614746429
3623334685
3623858461
3623719293
2541523309
3074220525
3074418175
3072325631
3072284655
3078573679
3086962542
3221051262
3220993374
3086770255
3053219935
3179106559
3179247103
3177084925
3177086685
4259274461
4259272415
4259149527
4261214199
4126990711
4118606197
3078484341
3078092117
3078010197
3059725653
3059742069
3059741980
3059741980
3076519228
3078453037
3044898605
3045021485
3053409919
3036632830
3053410302
3053279230
3044890078
3078444254
3078477022
4085251295
4093639903
4060085725
4060048797
4050464191
1904033727
1899837359
1631392687
1631388079
1630884798
1630823422
1668309870
1944110382
1939926334
1940187422
1940252942
4087737614
4058410255
4058408271
4058383869
4051568061
4051451325
4051467708
4051005372
4051168956
4084725468
4084699741
4083520013
4083450383
4045701918
4045710118
4033266998
4042179894
4042179894
4058959142
3589197094
2541571335
2524802375
2524933382
2524837174
3061436774
3086611303
3216626535
3183072229
3185071863
2648194775
2505850583
2501843638
2501778358
2635996598
2639606950
3570671782
3566543031
3566678165
3566997952
3571216976
1144807952
1143755280
1076699664
1076769536
1076757504
1082010624
1082066992
1081890865
16554035
12355586
12487938
300843010
1382973442
1445888211
1445888147
1445900417
1982763153
1982764209
1982782641
4130225569
4134483872
4155258592
4121699940
4122748444
4156306972
3619431996
3619431997
3602653981
3741085967
3464253770
3461792970
1326892234
1329519694
1300158558
1308556670
1308419646
1341711882
1316537866
1311503898
1311504158
1579875646
1585165359
1585033335
1593422023
1610322119
1433112727
1416270263
1412141495
3559622583
4096773799
4100967077
4109192869
4109113069
4110164957
4110164253
3573350701
3573485885
1426011421
1425878365
1358703093
1350310053
293542069
322836613
309736837
308674948
317063556
312938804
312488236
316694828
316728104
316728104
334546473
284479035
282380826
273009242
273537674
269453962
269455242
273646986
274707595
318673083
1388220571
1391374799
1391370511
1382851375
1449961263
1449977134
1601056046
1567501614
1501445406
1509899550
1492727102
1492857151
416887573
416887581
408695612
404550456
151564552
151563592
185510216
172931097
172865598
168605790
235779278
1579061390
1579057294
1467908494
1475248831
3584997031
3568281253
3572278933
3035412181
3043801077
3043801061
3044844397
3044860717
2776462205
3833402365
3833402365
3829219257
3829217721
3829340587
1954486699
1979136174
1974931646
1420104142
1420038414
346292494
82092846
83142446
351775535
347519805
397850884
917936132
853968900
1646758924
1646624780
1646571548
1646567484
1663476269
1613144623
1614186031
1614775855
3829200431
3828146990
3849117742
3849109550
3857634351
3857636479
3857635679
3857709407
3858594141
3858725149
3783212445
3783081372
3816631708
1652374972
1651318716
1651314604
1659178940
581240764
581243837
581251966
564408590
816062730
816095498
811897870
807770142
539334974
1613007150
1616677422
1615694351
1645121229
3792605901
3793662671
2789127039
2788094831
2787959279
2792120815
2783524271
2783511983
2780497343
2713392541
3787010461
3791135133
3782747101
3766035260
3766105404
3773699356
1621955848
1623008520
1639720712
872162056
870056456
299762185
282985051
283054570
282868906
282884266
282884282
278722698
295615626
314487178
318681994
309301978
841847674
842969898
1920972075
1652337961
1652337721
1646234633
1646232841
1663009033
1662943769
1696498217
3844006443
3844006443
3843944043
3843881835
3848051051
3885795435
3885860923
3885927435
3883577611
3879383819
3879383611
3845845547
2772034091
2771964463
2776157743
2775338879
2775342975
2775341047
2808961015
2808959487
2808960511
2808962559
2808969727
2817522175
2817522175
2813327487
2780821855
2784950541
2774461709
2770265869
2770331453
2770204461
3881584495
3866906471
3865926135
3865926135
3865925879
3874052343
3874191575
3874224343
3875208339
3858431107
3841649795
3833263747
3766142593
3765421744
3765260976
3765204640
3765186208
2691443616
2716608928
2716604577
2712484019
2712546435
2712543362
2712543618
3790549446
3790418934
3790354422
4058787830
4058852822
4058987990
4058979798
4054654150
1890399430
1353524422
1353524678
1357723079
1357739479
1348858199
1348990295
1348859221
1357772661
1357772661
1374672757
1366283605
1366283605
1399705941
1399673207
1382757239
1382757175
1382773567
1383027519
3538935097
3538811192
3538810936
3538204984
3546594072
3521425096
3505701576
3501572745
3501675418
3504755118
3496349870
3496935590
3496871062
3496879302
3513476551
3244910405
3253305205
1105952593
1139507025
1139374067
1131017697
1131008481
3513504209
1366151491
1366095186
1349315938
1349315938
1349377378
1349471602
1366232402
1366177218
1399731666
326055411
317534705
49099249
40317425
40317777
52630293
18962199
2160951
6338871
291547447
325293327
308449549
308445453
308445449
304251145
304186665
841001769
861973289
828418601
292784651
292736523
276169226
8258334
8262438
16392486
12197922
78319650
78169122
132705282
116041731
107649025
107646017
103521424
103527568
371963024
1445639344
1982502304
1999347360
1978644193
1961735905
2087495265
3962364417
3962364417
3979136545
4012156963
4020537379
3987048499
3986855939
2901583873
2889002048
2886919488
2885870192
2885878496
2885690020
2755670692
2765099685
2767455911
2762215350
2695104662
2695104694
2695104694
4037479606
4037418119
4058408067
4058408129
3513115089
1365631859
1395520295
1395643174
1383060790
1383062806
1391458326
1458567190
1458034710
1458043926
1458041878
1449480214
1445265462
1446977591
1451127092
1467897364
1610533440
1576716992
1568246464
1551417040
1559799536
3707281904
3724054900
3713761748
4250579412
4246448052
4099532452
4099534757
4107825063
4109901223
4101512614
4101520822
4097389974
4096730502
4050528134
4058911638
4087809010
1940198226
1403265558
1357128210
1357128242
275002166
275067190
6631742
6765598
6765599
99031055
132536335
98994446
99584454
132943766
132944822
116167614
48927638
1114289030
1114289042
1382724273
1382724528
1382675872
1399383456
3513312672
3513480688
3513349585
3513611713
3513603411
3513120611
3496343395
3496465779
3496465747
3513767235
3513767171
3547199251
3547132723
3547194163
4084201267
4092583731
4092583207
4075150645
4075156501
4075155476
4066865164
4062523400
4063559736
4061602856
1935047144
1942445033
1636096699
1636092554
1623509642
1883538058
1896186570
1897304890
1899426090
1899487294
1898733694
1887200486
1887247783
1893600677
1892552336
1351487104
1351491200
1352543872
1352937393
1369712049
1407460497
1382544595
1382454483
1919391058
854048050
849852722
581220390
853851175
841264167
841282611
841314305
841355265
841880609
372120865
384437793
514460163
514473537
262813251
212542147
212345539
78127747
82331266
73977266
74160274
74094802
82548946
82417970
95394098
133020979
115912163
375960755
371830961
1982435505
1982563473
1714328977
1714339505
1731116705
1697623713
1680125601
3827625637
3844402677
3865341036
3865068588
3873636380
3865186332
3865194525
3890356255
3856743742
3839900478
3835702142
3836160766
3853916926
4155969166
4153672334
4153693071
4091335055
4059947181
4043153893
4043159012
3774190901
3765810965
3764893493
3811489589
3794657029
3811335943
3777834823
3777896423
3765313447
3773763495
3770165143
4036572567
4036833687
4089262535
4071432455
4075577623
3596903687
3596969238
1449465126
3596956966
3714458942
3715515678
3705128218
4254436378
4288449562
4288448555
3952912488
1805167096
1801039816
1864337288
1864336280
1864352696
1863721388
1863721132
1729241255
1695613350
1687225191
613552663
615649797
884020741
278930945
278930993
15738145
15844401
13992961
5211137
5147649
56264769
385521856
380278977
1458215043
1445895299
1445826707
