1475752095
1475748335
1442063871
1424369485
82202377
73845513
73763081
358914361
400861225
379890729
384271385
375820297
371699919
371372255
372416759
926081207
926044327
892469735
905007074
1974565478
1974823446
1974823494
1970597574
1952769734
1961354950
4104554214
3702949477
3702902308
2650074672
2654268960
2654267168
2654364448
2654364432
2650161425
2629223923
3166160307
3166554034
3032272806
3028075942
3040658870
3074278806
3072712854
3073861118
4113966559
4097254879
4097062303
4101324283
4109852137
4109782521
4121413065
4158977865
4150585161
4150583579
4146381099
1986314347
2003157035
2003193881
2011582553
2011591800
4293223800
4293750648
4134362744
4134035032
4134065881
4134069883
4142457467
4142458394
4138227274
4138292938
3622530538
3580574891
3496610987
3496871053
3506307213
3505782941
3505877413
3512852967
3546345779
3529548595
3529549330
3554715138
3588681218
2514942482
2498714406
2162756902
2422735910
2432172262
2493055166
2493190302
2226802877
3568039324
3572018828
2485684812
2485959180
4113410572
4113476108
4130253324
4264472076
2117894692
2115920389
2131624645
2098069925
2081370277
2086149281
2092501217
1958349041
1958353985
1421354305
1421403075
1421386371
1421513347
1371181699
1383760515
1379566227
1379762865
1379259057
1378218273
1390682149
1927553069
1923359787
1910844443
1348872458
1348868874
1348864778
1348733706
342641098
275533194
275661982
275411102
275476702
23654519
65794423
116060437
1189798677
1122669333
1449893717
1458085365
1458092525
1471720940
3583554792
3566829784
3571093704
3562709081
3713720697
2642061113
2650451579
2677980798
2677919342
2667372142
2654490414
2654537018
2654614558
2654609438
2656706590
2681942318
2681815342
2643063534
2643043006
2626265743
2626200204
2630410892
2618838708
2618935972
2621163940
3027949797
3027138663
3043421255
4130792518
4130775046
4128419846
4132615191
4139822133
4274055205
2118314021
2130860325
2130840884
1963396444
1951141340
1951154092
885923492
885931700
882783892
881800852
902587012
936157765
919381253
576498951
572303671
572305191
572359021
572440925
840843465
839778504
839852264
822878312
818156584
815139384
815151625
280373963
347368138
346352266
350523018
350650762
351699102
368480446
384999535
375562277
1445109780
1445113860
1445102608
1428343840
1412623649
1423075107
1418938210
1417691634
1417955282
1434935282
3336456930
3464415842
3459239442
3727414787
1579803137
1579803136
1579918100
1446682932
1444651820
1981323064
1967708728
1951001144
1951001129
1624893738
551310378
1618739258
1614544986
540803290
538849450
541994410
562506411
864307899
847268491
847271563
851469262
306438990
373482278
381853990
394436646
902996994
878090306
875989186
876513410
876514482
813598118
836551654
861697022
1935418110
1935419119
1935617775
1910323949
1906060013
1889282653
1960783365
1423841029
1358562052
284885524
284717664
284713568
276816864
360690116
1463062964
1450477028
1986299956
1449564173
1583786253
1583786255
1600497950
3714381854
3710862414
3699245454
3724149150
2677683118
2677875366
2661102247
2661102311
2396795619
2329682723
2329682195
2348687367
2314866694
3371828246
3430614054
3430419950
3430440366
3428376461
3428363148
3713575816
1594399672
1594464668
1577753996
1578019996
1444848829
1444327615
1997992183
1964429542
1964393702
1896158326
806692118
810624823
827535925
836108829
821428749
879981069
877717007
877718334
876661614
751078382
751602350
1875872654
1859037070
2128519566
2120135054
2115998142
2115805678
2115821934
4267500590
4275960878
4288478263
4257016853
4240342356
3573433684
3565028292
3565027908
3565027844
3565031940
3573359156
3724289591
3715918390
3749472558
3749706030
3749615702
3724183750
3724053702
3707289750
3707273382
3707351202
4244283809
4261323168
4277576080
4268130688
4263740800
4263611808
3996171232
3996167009
2920344165
3876645725
3847679837
3841390428
3841344348
3857515484
3878425340
3861652204
3861787372
3865970543
3870035326
3870035022
3852758030
3841387534
3841370126
3841370126
3841435662
3858082831
4017466399
3998584895
3994533935
3993452591
2919698478
2903904622
3155559786
3158183930
3170700138
3164346986
2627541626
2493327050
2509775562
3315081931
3350774728
3338174956
3329786348
3325600220
3594102220
3594159436
3610939148
3577646860
4114521612
4097228348
1949675055
1966401071
2098258750
4245700974
4249252070
4257620198
3990225142
3990831350
3992962998
4026197654
4026183302
4021983942
4026505925
4016937684
3995376748
3995382828
3995111468
3995107384
1848811528
1863507997
1863509037
1829948719
1699925799
1702350615
1702350679
1735785845
1735773541
1735777749
1735912917
1735907313
1702217713
1710749393
1710745171
1710620515
1710542178
1702157683
3883265363
3883400311
3849833687
3849838021
3883395525
3891788789
3858090997
3858096087
3849842519
3849713527
3849701223
3849705239
3849709335
3849710903
3858091367
3849701751
3849845079
3849841431
3849706293
3849707285
3849846100
3849704820
3832823908
3832828404
3833029012
3832947348
3831961269
3974432421
3970174631
3974368950
3974376326
3992201606
3992004758
4025678038
4021483590
4021464070
4019303431
4023431183
4009795597
1862328333
1862394349
1862431661
4010955695
4015130287
3857779375
3852684219
3852721097
3852593421
3852528909
3849381645
3979371279
3979567647
3962720879
3966977007
2901740975
2914077102
2947729798
2930961350
2931026758
2928733958
2932926214
2924536094
2922438958
2922836014
2926985261
2926460989
2926264444
2942883052
3966303468
3966433420
3966434444
3966434700
3966366156
3966362092
3974750703
3974878702
3840788846
3840727406
3831822718
3840342350
3840325902
4024947982
4000633119
3996442943
3996410157
3997049125
3997049125
4001300833
4016636384
3974628272
3970634624
3970593408
3970619009
3970621063
3970693767
3966560919
3979144166
4013746662
3996412262
4000660790
4000660758
4269224966
2117473282
2118006066
2130650402
2126459682
2126185235
2126123778
1606038466
1568281026
1547372418
1546342290
1546211234
1559785378
1555588514
1553475043
3700976834
3432672450
3436861506
3447347458
3447326978
3447394066
3489204002
3468178978
3467126307
3400082993
3400023601
3395829281
3391634979
3391821570
3408531714
3374977090
3370778818
3366600834
3433676978
1286115488
1286120608
1307092132
1298709668
1161403604
1429904388
1428073476
1411295492
1948166420
1947642647
1881053958
4031678802
4031614322
4027090418
4027105746
4027208594
4027196066
3021611682
2784715426
2796405410
2796406704
2795799936
2795806144
2800008640
2787424704
2787436752
3860934116
3995283428
3996266212
4017227501
3987932910
3987801854
3986748750
3969967110
3969952774
3987848198
3983584262
4010863878
3994154306
3994186226
3994161634
4017242594
2914141667
2779104737
2778832320
2778835392
2778835780
2938223108
2939263492
3996237364
3996184100
3996149541
3996202279
3995141159
1851982887
1860373559
1860373557
1860307025
783427905
1051864017
1049771729
511839873
511915651
243279491
260056707
226516867
215080337
215218609
215218641
215210448
215080304
215002465
217097569
82946019
74561522
340898738
340890034
340890038
339784102
873509358
806400382
806597915
825474873
1898167081
1667611433
1676450603
1676184346
1944684298
1911259914
1902756618
1886110506
1882870058
1887072555
3772707113
3772769641
3785139704
3822032840
3796536969
3792408201
3792214713
3792215721
3792216041
3793261433
3793342729
3862520073
3861586216
3861521448
3874366504
3870245928
3870244952
3870282185
3970359689
3975603083
3967206282
1815152026
1815350442
1815358634
1813260458
1826367978
1822317562
1823920091
1823838027
1840559373
1874109709
1867554831
3994067214
3994067230
3994153326
3994178030
3994177966
4013032878
3992391598
3836169133
3836136348
3836144588
3852855564
3882150924
3877954572
4012138524
4012269869
4012249967
4016178926
4024567534
4020440814
4020326142
4021415758
4021675278
4019561742
4023690255
3982286861
3978158396
3963314476
3963302756
3967488740
3967484580
3975873205
3975874199
3975748503
3854326199
3871201671
3875461511
3873897863
4129665991
3861156823
3861181287
3844464998
3831996710
2766578982
2766576918
2783368454
2808472838
2791694646
2800087334
2795979117
2795979244
2816738728
2775334840
2771130808
2771126696
2774998440
3890691576
3886490955
4158924042
4125369614
4251270430
4234554670
4234554663
4234548501
3706061636
3718644672
3718664896
3753071312
3752882896
3755008993
3755009507
3755011298
3721518306
3623016674
3623246066
3354810578
1199012931
1199013123
1199003395
1164924674
1164923442
1433269026
1432744290
1432858866
1466339522
1466073218
1969393026
1965264786
1965075110
1966123686
3849367279
3849365247
3849359961
3848327768
3844141672
3848335720
3848328488
3881880616
3881946457
3882085707
3877875019
3844254986
3848445242
2757985578
2766374186
2783179067
2908872971
2904678665
2938200889
2942726956
2952151852
2914404204
2914469876
2919056852
2910680516
2919066837
2952604919
2935430390
2935425494
3195480534
3191156206
3191155950
3195868414
3216441566
3031826846
3031577487
3031507853
3025150620
3020948396
4094706600
4094879720
4099075672
4115885641
2010212939
2010507531
1985476618
1918748730
1646118954
1648084027
1652224091
1744478233
1744478553
670806488
658289128
638890476
1711580524
1711441188
637699877
641901861
1849877813
1867964439
1817600007
1819693079
1819672639
2088632351
2084375583
2082216431
4232850093
4237109933
4237114045
4103036557
4120695437
4154249869
3063710361
3063906989
3066929839
3084707518
4112316070
4097631910
4112827758
3005566015
2988530693
3001251844
3001186308
3068274692
3059886080
3613533184
3567391553
3568439955
3568698022
3569107622
3568060066
2498547106
2502724770
2502202450
3576079362
3693519874
4230393091
2082909697
2082904577
1831242243
1835960835
1877445394
1856276515
1793098787
1784709239
1781723335
1779589271
1778524325
1778393511
1778399143
1782783654
1803688614
1754401510
2022836822
4170385926
4237568518
3700715334
3697075694
3722240942
3718247343
3717911212
3701195436
2627257004
2625143464
2620962520
2621439832
2638211849
3580717835
3312265530
3345955118
3329100078
3328902414
3337289998
3337228566
3333083175
3349852209
3320483840
3429536000
3425339328
3425406672
2351668976
2620047056
2573975504
2615791585
2598947809
2598927075
2607296230
2569545318
2569745110
2569740998
2582127102
3651674350
3685228718
3686481086
2612754591
3680090255
3659307167
3676149903
3743325390
3743327502
1602135311
1589555501
3735983396
3740242980
4268524580
4264345652
4264288324
4247442244
4231676420
4242145820
4242080312
1960325928
1960324904
1951935272
2013211176
2013137448
1939671896
1939085129
1372860875
1343537355
1342345371
1342353595
1891810731
1887476138
1887472554
1887669930
1975686842
4127367883
4128678409
4263965197
3726996252
3726909732
3731103781
3718258726
3702726886
3700621734
3699573430
3431084726
3435280262
3435203462
3436194246
1288796406
3293771846
3295853574
3295839494
3294660358
3227555638
3244598582
3278285942
3262037206
1382974675
1391100112
1386856688
3538481508
3530055972
3525858084
3525920548
3525961508
4045973293
4030250557
4040789535
3767044703
2710080093
2710148701
3012207133
3009126973
3072123437
3038593577
3021869673
3155050351
4233046063
4241434670
4170594430
4172683358
4176813134
4193547342
3673539662
3667821775
3667829900
2594087604
2597905060
2589516460
2604188332
2575024812
2583360236
3120490287
3118263598
3218668826
3193564426
3195791114
3195687450
3195732714
4286055083
4248310681
4231542152
4231666824
3711568024
3743287464
3747027128
3738467528
3734298888
3734282760
3753353752
3719733802
3719209770
3719085102
3181939758
3212352558
2671300670
2635747342
2618961935
2551853388
2551841368
2556104296
2564295272
2560105001
2610440730
2325228298
2325228874
2325491786
2325528618
2345435498
3386151402
3369513434
3361649096
3359420872
3627843960
1480425832
1478405416
1561241656
1578084360
1577887752
2114955288
1980414088
1443597448
1376289163
1380680330
1904902810
4036661946
4103774910
4107969198
3034096998
3052973094
3085474849
3068720132
3077055492
2502435860
2485784100
2489978404
2498367012
2628324900
2629316220
2226663252
2226662612
2260265157
2258208902
2253949334
2518191846
2651358822
2651558738
3205148674
3154812930
3155861510
3155877909
3155902756
3157852908
3157988012
3206166184
2925203128
4003211928
4019989403
3968608442
4103428266
4103522458
4109485198
4096840590
3558990470
3560071814
3576832946
3608359074
4132446435
4136710177
4271263761
4272877573
2125049093
2124982589
2124987180
4285250348
3979053112
3978921993
3980170313
4013732041
4013215899
4011225515
4011205291
3977650859
2899707567
2895580863
3166452459
3165420345
3165448203
3182225419
3203246090
3194924043
4268667967
4268671006
4265459806
4263268590
3189588134
3156092070
3021880710
4099280519
4105588353
4105651856
4105467552
4103366372
4103366388
3025430389
4095171687
4097198118
4097198118
4101457974
4125054982
4120870150
4119852302
4287358239
4283162941
4279955788
4278972876
4278736812
4278716076
4249357992
3721019099
2643081946
2677750362
2660772330
2660821098
2663233578
2661256234
2661188618
2661254157
2526912780
2530705452
2452997164
2452884516
2451834916
2468756516
2418420772
2422619748
2426805957
2427868806
2425673346
2426176162
2425127590
2437186998
2466608526
2466725326
2466654223
2535335997
2535073836
2505713724
2509843725
2509775179
3566781130
2223604378
2374607530
2409146026
2404945834
2383972842
2386136522
2386274122
3727352586
3710575113
3714769432
3707392808
3707388712
3696755000
3696760088
3692769096
1276784456
1276847880
1280914696
1289295128
1289360424
1172190265
1155349515
81201166
14039070
14100502
81208438
81126370
72659618
91587218
107381378
371626626
309232562
309173427
317495457
1390721184
1919199392
1915071648
4063667364
4080444068
4046890724
2685855460
2765618740
2763282948
3031702021
3030657559
3030855206
3185917478
3194293798
3189768742
3193962758
2657099798
2661310502
2662350886
3750872135
3699484869
3368200384
3359808448
3423001424
2349226768
2349748016
2354988896
2392482785
2394649075
2392551890
2392834434
2396897682
2388520370
2371743202
2354965474
2357062386
2633886455
2499538567
2499536517
2490942452
2637746660
2636707300
2502550772
2502585428
3614076100
3614080245
3623443943
3598286246
3598284214
3597357462
3597287894
3598434678
3739873342
3756646430
3706217486
3706203162
3697813802
3693689131
3693808169
3694085673
3699328524
3723851276
3757336076
3398821388
3398950204
3398818852
2325017637
2329338887
2346107078
2304147638
2557903286
2553709239
2555826839
2572534495
2604983007
2588205627
2655314730
2655317290
2669140010
3155675178
3023493210
2498660555
2494467209
2645344392
2678374552
3731112104
3592885160
2670080680
2619750060
3706072748
3701616317
3701548734
3567269526
3564115862
3612373462
3595822150
1456595974
1458678806
1450224678
3593516327
3593831941
3608584709
4115051012
4098331188
4106519077
4107044130
4107046178
4098812194
4095617330
4229577170
4229564802
2134510979
2121926017
2130641073
2126446768
1521820049
1521770865
2075174193
2075176721
2079371009
2079373824
4275149312
4275146288
4265711136
4261656100
3188896357
2919412455
2919420838
2919285158
2789270694
2797718702
2793593086
2794625150
2817955871
2776021005
3845569549
3844513804
3845046556
3812610348
3816248109
3824616741
1643449703
1643449591
1635727558
1618881926
1617831366
1626211038
1622082142
1638732318
1941468687
4086885903
4074301983
4073228829
4073228893
4073307869
4157255309
4158301583
4258964615
4261074135
4261135607
4252531815
4281887783
4282084387
4281996385
4286252241
4252578179
4233831298
4234027666
2094409378
3633716978
3700887042
3700689458
3431999778
3431999520
3431999504
3432086528
3432054016
3302266304
3351741824
3334899072
3330715521
3330715554
3267661730
3256127394
3524560802
1377085366
1913823686
1915920646
1915985926
1935777807
1885593629
1881329689
1881293849
1881562169
1948666153
1954417192
4108077608
4119334424
4152899272
3733463688
3755549320
3722064520
3436851593
3436974250
3432780974
3432832174
3701319918
3707742334
3699288070
1596894214
1580114950
1580106823
1580122309
1580073431
1512969206
1512706790
1533678182
2042114662
2025333606
2025333102
2092454222
1572381133
1572635084
1572836796
1595382204
2097580444
1963101068
1946336204
1677896525
1623373839
1623628831
1633455149
3812131884
3795361900
3795492988
1648002540
1645971172
1649118756
1657769524
3802111542
3875400998
3882150950
3844367398
2753954834
2753955266
2755528594
2902197922
3971757734
3970703013
2913799860
3182173060
3182963076
2650286468
2637769092
2403216368
2402692976
2405831424
3454403073
3383169537
3365937971
3366204194
3367268134
1219820326
1211468070
1228376358
1528203526
1511430406
1511433222
1510121478
1510182918
1593868326
1598066790
2101388518
4282562742
4265802469
3603357413
3599158884
3599681108
3532243460
3533202196
3529007380
3526911180
3510200460
3493488828
3497666725
3502115207
3501067654
3232503686
2162434806
2221695526
2221728294
2179785250
2209146402
2209113650
3250549250
3300602691
3304652993
3294101664
3289907360
3289907428
3292083252
1144940812
1160702732
1445902860
1449957900
1457818124
1382319691
1986298874
1986822570
1986429098
2004263146
2000068843
2000019691
1981048057
1997891065
4145440233
4292241385
4287973115
4288009931
4254465630
4258790975
4250265143
4246004487
3744751877
2675183669
2683711525
2684232737
2667458657
2682130673
3751739843
3718124227
3651019430
3634102958
3703336683
3705469561
3709131065
3474245643
3457185802
3457181706
1309745162
1313997066
1333920314
1333940842
1602478826
3733103214
3733370710
3733294341
3729034500
3725364292
3708724420
3691949252
3691687364
3691696084
4228531876
4232935073
4241237665
4238100195
4238170034
4254391714
4291100066
4282689730
4261914819
4261918913
4266106081
4275471569
4275474497
4269723715
4265463923
3996967011
2939969637
2906515237
2901335588
2897137212
2897070652
2897009164
2893343245
2889214477
2889341471
2889210410
2910639722
2952577771
2947859417
2914304925
2902254588
2893865964
2889639404
2755492332
2759739836
2758674589
2783579533
2800353677
2800365965
2800689561
2791579835
2791580842
2791586026
2816739562
4158863578
4125239498
4121044170
4121055306
4104568842
3567697982
4108760127
4100369693
4030114052
4113996548
4118253332
4151674388
4134900245
4132958727
4128690710
2937472550
2937341670
2902726630
2906932646
2915319958
2944848262
3213292934
3200771974
3200577415
3200543671
3200543143
3218504869
2547387573
2530608277
2532704405
2532733013
2532757525
2531708951
2548429847
2548411415
2514988039
3580279063
4096760119
4096756071
4096757750
4114517910
3845822342
4013602694
4013664246
4013549030
3996706150
4013450599
4013713189
2910795316
2893952556
2893416044
2901743340
2897487868
2895128060
2895131903
2894159070
3162668510
3166893406
3183990558
3185021726
3185021711
3184898828
3176982028
3172787996
3206378876
3172949484
3042598061
2784691375
3774547102
3774755982
4043181454
4042162142
4042260318
4058867550
4083967838
4062995214
4062994718
4067381550
4072423790
4089185263
4053537229
4041150796
4028510220
3491635260
3493798956
1350335532
1893525532
1889319180
1889438477
4057893645
4133391629
3594237197
3728314637
3728462623
3728372286
3728351870
3732546278
3753521894
3718977446
3718776230
3718775991
3706201223
3694683269
3694846085
3692748997
3697210227
3705590322
3570909730
3570717222
3570722358
3562401286
2488719879
2505492997
2673855284
2682083620
2664725860
2664719220
2664723292
2664907741
2664920062
2659541422
2659508398
2663706798
2521612462
2668413066
3742294155
3741770889
3712397261
4257659439
4288055854
4143370030
4134752270
2116231182
1596137486
1597378587
2098606121
2086025001
2093358649
2089097849
2089081595
2106899130
2140454538
2127867786
2128381322
2120122538
1863229866
1863229866
1830461807
1830461503
1832558639
1865015335
4012400679
3995607079
3996004463
1986926047
1996359311
2006845087
1973360285
1958549149
1958490780
1425810124
1551132173
1551171341
1550186781
1550116893
1566894109
1597270029
1597393989
1597391301
1578517429
2119320228
2144461476
4291879668
4258308964
4258309924
4240485924
3163601428
3163593228
3163790860
3184703007
3178664494
2776465966
2771157550
2772223790
2772225534
2772299262
2910776575
2944335327
2943272326
2926495110
2925974726
2791593190
2791588966
2792161510
2800623830
2801672342
2801672343
3871224215
4278137247
4278009247
4269619646
4286516094
4251847454
4235151630
4243352846
2095898894
2095636766
2112606269
2147139628
2128207972
2128142564
2119819492
2115695764
2132462980
2099170757
2103364053
2102839783
2144685414
2136224815
2119442461
2132025372
4246155292
4233508636
4233239068
3700558588
3700624060
3699448500
3699386005
2625659542
2625643174
2495636390
2487374758
2505196398
3321251390
3253095950
3505179142
3505187638
3492591910
3492657158
3493771270
3491662870
3508437014
3525214214
3524952070
3594170631
3594178881
3598283617
3533191140
2442672869
2425895661
2425957037
2447060619
2449160074
2482962826
2461860090
3535548650
3539755242
3548179578
3544049786
3525089562
3525085451
1381533000
1918611784
1448780104
1444606792
1444668248
3575308904
3709529704
4233816936
4242074088
4103666171
2499336650
2499299274
2632598218
2632598170
2632610494
2628395750
3702268898
3719046627
3757859875
3472712753
3397348387
3459017762
2385396738
3459179522
3459179842
3412739474
3367718802
2293878451
2291719841
2560421536
2560419492
2555700836
2551480868
2620621604
2624754469
2633081629
3169903375
3176261199
2668888043
2651015675
2651015387
2516772954
3603069022
3599137998
3533141198
3537658063
3537682623
3537551533
3529162924
3524948108
3510264012
3492438349
3492464189
3505245737
3500993067
2427251242
2494360122
2494347802
2628553482
2649722138
2683277354
2607603759
2590797853
3664723980
3661500700
3661504809
3661505833
3659348328
3675003256
3641649480
3628755400
3633032136
3632832200
3649602248
4288185035
4273513210
4273578986
4277776878
4263018990
3189539046
3071722710
3038176390
3021087875
3960612017
4229041313
4107470243
4103407335
4103415511
4103546567
3566609991
2492929537
2495354417
2495374885
2495407461
2512188871
2281493703
2252131527
2252197111
2269040087
2537479622
3590252374
3585925927
3585925927
3590091581
3579605533
3608961581
3608880700
3610912268
3610908173
1597703741
1601714159
1591222766
1607995550
1608269966
1608499358
1435948190
1419172998
1420999815
1559424133
1299369349
1295109621
1295050741
1601233509
1433526885
1433526821
1431352100
3578827044
3578836260
3611534372
3595731972
3595756804
3591815493
3612852598
4157982310
4124431974
4120698470
3051159150
3084697198
3059523078
3055324421
3054292228
3054462068
3076416756
3219005620
3181253044
4103733685
4106027447
3573297582
3572773294
3564376558
3564377450
3560380430
1412720654
1148512262
1148495878
1425508614
1425444103
1425966356
1476296976
1450872848
4063932416
1916440768
1916436608
4063936944
4063908256
4078510497
4116263847
4118295470
4160499374
4139522798
4137491022
4137433679
3600579087
3604798797
3609190868
3558269140
3564560836
3572687237
3572666071
3572603638
2538662642
2521852534
2521853430
2532320502
2545299687
2511732965
2494431460
2494497252
2498508788
2632725108
3705958935
3697562166
3693138470
3693142590
3694256974
3694325070
3709069646
3712198733
3645028472
4283602984
3218509080
3201799432
3197404680
3197417000
3065358059
2801247914
3077961386
3073639338
3040084922
3040215994
3073775546
3061200874
3068542270
2460232974
2460230669
2460229644
2460426252
2443603972
2158424132
2158411908
2159969460
2155728037
2168256679
3241961647
3275700382
3275634830
3242076558
3497929166
1357261294
3571679086
3571577662
3571495710
3579884046
3579879966
3613434430
3748701742
3748900391
3711090215
3698499127
3698515479
2624847639
2641485111
2641419303
2683687975
2667021367
3201735687
3218521093
3210197268
3178740004
3178732324
3178666548
3187051028
2918616580
2910175748
2944197140
2940002852
2772231716
2772223524
2775337509
2775337845
2775341909
2775341525
2783796693
2783802807
2817356214
2783834558
2767024574
2767025590
2892855734
2901375414
2892986546
2892970130
2892904658
3161340930
3161333762
3211141122
2665881606
2661684246
2594572342
2599749670
2329163814
2323916886
2323917134
2323918606
2340697870
2340684558
2341750062
2345944366
2348078382
2339479359
2339610399
2339485277
2339411965
2305852340
2370864052
2371064756
2354229940
2354230964
2350295732
2350381716
2350382069
2350307829
2366040535
2668030279
2680595783
2659627333
2659619156
3197604724
3197416036
3193222692
3205795372
3174402620
2889267768
2888231464
2753882664
2753841704
2774813240
2774798201
2817269209
2817267099
2800489882
3068990910
3203210430
3203209406
2666469630
2678986782
2645436446
2360223774
2225481742
2225481742
2226465806
2230596622
2247376975
2239021517
2239611804
3313365976
3313366008
3242029560
1075720696
1075717624
1074671064
1091520984
17817032
52428104
54375752
304911688
304907721
304910810
309178554
846172346
854561979
871339161
837793176
833533880
833262264
871019192
862692089
925672187
623682106
623686458
607098154
1815780394
1828366378
1694149643
1684796425
1697136712
1697186024
1680474792
3974783656
3971621544
3837482664
2780359336
2780343144
2807605288
2786887960
2789134088
2990428680
2991981067
3061191210
3086357038
3220443694
3181642094
3114533118
2577404154
2577469658
3635622106
3635488968
3360745544
1276160072
1275308104
1292019788
252880076
504602764
506822792
372146570
372150670
384220574
401009054
367261846
367089814
896537790
875569322
877667242
886121131
881992363
881992427
1957712638
1889551886
1356877071
1348520222
270759982
270674207
292694287
357710093
399707917
378681116
378737436
394466109
1204032303
1191444782
1292125486
1292160318
1296075070
3481508158
3481512254
3414403382
2340662566
2340662566
2340525542
2374010278
2378203559
2235860389
2236059044
2169949092
2172046244
3245853616
3274824576
3274940352
3341989184
3341984000
3541213440
1393796624
1376950784
3591539200
3608316416
3339966993
3305381666
3288597794
3561365730
3565559986
3566080178
3297640626
3297509810
3297509811
3296986019
3343180707
3322718071
3323768583
3323834127
3529288207
3533486910
3533213483
3533210937
3617105000
3575165160
3558375660
3491349757
3490334165
3490320213
1343102583
1422276150
1440163346
1456743938
1448419842
1447899906
1187782930
114040866
114122867
114999489
232443013
207276165
1281014149
1283168897
1283295891
1282447079
1550889510
1544598310
3692077090
4258373667
4287734881
3212880097
3196103137
3200432816
3053647504
3054912128
3056992897
2519663255
2532053927
2511085733
2494309605
2494315557
2490309644
2490251276
2499685388
3300289548
3317069068
3317102095
3250046478
3237269158
3225206438
3225206182
3225214130
3225175218
3228057746
1080705170
1131049090
1114300802
1114300867
1114236865
1114154945
1110027763
1093254498
1080605986
1088984866
1374197506
1131078402
1127146242
1110372610
1110328691
3261466481
3269855088
3332839216
3349505328
3349472560
3311727632
3290754096
3290754100
3295058229
3299253527
3316041159
3349660034
3336847762
3324264882
3341242802
3291936674
3572936355
3566578403
3566512867
3585387011
3606359811
3592852739
3592847363
4130324515
4130165027
4147061281
4114555488
4118745824
4120314512
4152821636
4135925892
4274354308
4274313364
4274297036
4274038989
4274105673
4007039307
3872818010
3874915322
4135043818
4147401450
4097127162
4095083210
4097185370
4109709098
4104404266
4104918058
3568057354
3702270986
3433904138
3434022938
3434022970
3450733626
3484086346
3468337227
3334046153
3333063128
3337262072
3328749032
3341330668
3292047468
3292062829
3292147838
3292135550
3558474862
3562671982
1419393638
1419389638
1302145731
1335109248
1324675984
1309704625
3457385377
1308787361
1308795571
1581359763
1585488595
1518380917
1250208036
1238690085
1477896485
3694561589
3694561591
3694566675
3698820355
4258562819
4275348241
4266107409
3192828480
3125715664
3121517280
3121255137
2853950183
2855849966
2876819694
2842216682
2833958986
2833967114
2842356746
2842321994
2839049471
3984091117
2902140589
3170501284
4237956740
4108007044
4116653700
4133301652
4074515620
4070382753
4069854387
4088732823
3522442390
1348821974
1344393822
1344574030
1365553678
1944359694
1919787819
1915659049
4079661608
4046095912
4029386264
3765144072
3773540872
3773409800
3773414968
3765157417
2691407403
2692321018
2759362234
2759373482
2759361194
2776154778
2805691082
3861521098
3996000603
3995411562
4007922730
4003727466
1856182362
2141599818
2091789386
1559899210
1559899594
1560016346
1576568314
1610133738
2130223354
2123997402
2124062970
2124062827
2124329000
1742701608
1679592504
1679608840
1948132616
1681793576
1681789480
1685783080
1960313577
1960314523
1956126346
4105701770
3585620111
3618252941
3333057676
3333057676
3338593484
2264846396
2260574252
2526847036
2528948264
2528944169
2515050795
2489947435
2485817130
3022692122
3022765882
3023634298
3023580906
2753117930
2936676010
3997843114
4001972222
4002952669
4002951628
4283969996
4246282568
4278739304
4278735208
4266184920
4274646232
4271483096
4271483096
4271618201
3751451019
3571103114
3565061018
2486682622
2486694910
2486694398
4097310062
4102023271
3085822053
3069163637
3069099077
3060764741
3060760773
3190276309
3190191077
3174507109
3161793127
3170177791
3170645743
3166448366
3032230382
3048765678
3086539006
4143701214
4135572687
4131250255
4129218639
3592314953
3594412393
3581809451
3573417595
3573485275
3573369563
3569142523
3567049467
3567058667
3571249882
3581731406
3615318799
3614909215
3577619263
3577688879
1434391913
1417615849
1425938616
1421744281
1152780425
133503117
124834957
372277645
372277663
393389055
929276775
895525671
891334498
857778914
841104018
841095810
842145682
909248418
917635234
916455650
916456486
916464646
379610118
350720022
346460422
279347981
883327496
887524872
874883640
607431208
654616872
637835736
570464648
570465672
1644396984
1644577193
1645085099
1644822955
1649029227
1641685290
1689936154
1688986890
1688856842
1692985370
2095642682
2096666667
4261333083
4183737483
4179517578
4162589594
4166988462
4174324398
2022646502
2023563878
1486361127
1559761437
1550335756
1550412044
1563027484
1579792412
1579857932
510310412
1042844748
1042841821
1042841789
2116718765
2117775533
2117771941
3996820132
3984306912
3966353136
3966369488
2900950768
2900940449
2892583570
2758488722
2754097826
2770867618
2808626338
2800490662
2796296374
2796443782
2796480647
2813241477
3870206405
3892096532
3878463028
3844974101
3811475973
1647292949
1647104039
1647050791
1647050799
1651376190
1617825914
1626214618
1626210698
1622017674
1622612634
1620392602
1620376218
1619307146
1687464587
3885285257
3872822665
4130517389
3861029789
3862078205
3862094573
3862061925
2808111972
2812289388
2812294124
2778863452
2784378380
3027639817
3028032313
3170646827
3182180667
3215734810
3064804378
2528710746
3602448639
3604807839
3595505867
3612221529
3574473016
1142301976
1142308616
1144471049
1148661307
1425303338
1425336122
1423740234
1415351706
1951369658
1984862394
1981463695
4128945295
3728388495
3727200703
3727455214
4281283182
4235076142
4239270446
4239142702
3636205866
3652983130
3688642634
1524574410
1516125386
1247166921
1255522760
1337233880
1291092904
1276945320
1276945064
1276948136
1279634348
1288088469
1283897527
1289665783
1149142101
1144947781
1126991189
1114415440
1114551232
1122943936
1115571137
1115570675
1114448163
1114382631
1131159591
1097142557
6628637
6765340
7817756
33016349
64801342
43812142
1187807358
1179291854
1176146062
1192923278
1278923910
3430612374
3434867366
3434736359
3434671844
2360928236
2377969516
2398932268
2390723876
2386464564
2390669104
2665456432
2661065584
3739001314
3730633122
3726438818
3728623026
3744357762
1546007938
1547056514
2083677570
2094065058
2089854434
2089856354
2093001986
2134943747
2113973248
2114173968
4261590320
4132622640
4140974388
4143383908
4159968740
4151590373
4118093287
4099350519
4108259030
4108068566
4103873238
4103959254
3566523094
3570717686
3573872102
1459940822
1443293638
1443293639
1447487937
2009594336
1938083040
1939128544
1943519440
1400365121
3543523345
3543323651
3543332867
4050840353
3052653089
3029715489
3047016997
3046949413
3046658575
3084399119
3055035050
3057137326
3057127342
4129884334
4142598318
3869838526
1723665543
1912548485
809380940
808332300
807824396
807824412
824312877
274923821
284246813
282305037
278111773
293640749
327453228
1384418100
1389136196
1380682180
3523909508
3523908228
3541742277
3506086599
2427114086
2963854950
2963860966
2968021230
2959637678
2973258910
3004847246
3071206543
4132361356
4149069244
4149206972
4157595388
4157603532
4116178508
4116047437
3038115455
3038082778
3038082814
3044308398
3052684462
3086304494
3082110174
3082245326
3086447694
3086378335
3613796223
3613795967
3580302191
3580171135
3580166527
3564442719
3572855885
3572984925
3571973212
3564629324
3564563788
3564623172
3564487940
3564470580
4126454053
4160005413
4143295783
3874994454
3875440918
3867052310
3862863127
3862869271
3877548343
3827274535
3827142949
3827102501
3827102503
3829187175
3832365798
3849155327
3849155583
3857478075
3849090523
3849092315
3849222651
3857611259
1743714811
1655699737
3803052041
3802979337
1718415369
1730994185
1731125545
1731121961
1835943659
1835997886
1835875006
1768700350
1768700094
1768175774
677460158
685914302
681720735
681712351
682695255
699415046
697330182
697346566
693156614
721657126
734240038
1803785262
1803654174
1803588623
1799404556
3909204028
3892557868
3959601452
3960638252
3960654380
3963013756
3850230365
3849191263
2808938303
2809952063
2793166143
2808968062
2808558462
2791768830
2791637758
2800030394
2799974074
2800498074
3870043290
3870043291
3870233752
3853386888
3836613768
3836636360
2758731784
4096636984
4096567337
3829180682
3833376522
3974071818
3969548842
2896085806
3168715054
3160404022
3177177207
3206537441
3126747600
3126751680
3135125136
3151433376
3219081908
3185400565
3187235575
3178822614
3027827094
3023629462
3026961558
3027943574
3027923094
4118356102
4150993799
4129956532
4134142692
4142465580
2527593000
2527864360
2527865608
2544691976
2549065992
2549057817
2532153370
2666050586
2666037402
2670231962
2637869978
3157975706
3157942958
3155846831
3160092077
3166191076
4105701364
4104849092
4109051524
3563595412
3559407271
3581421990
3589811366
3623826598
1459487878
1191051462
1185599494
3333002246
3601374527
3534268716
3534264620
3525942588
3593175820
4113203724
4096434700
4096434700
4096455213
4096459311
4097311275
4097311019
4101506138
4242017354
4237891594
3701090379
3701094475
1553603929
1291347465
1287152136
1287148044
1285255708
1285190444
1155166252
1094398188
20651181
54139021
54139021
37619853
40765855
44505774
44312234
312746666
316953274
308319162
308323306
308322602
291545390
274834222
1356966718
1424075582
1969335102
4150373182
4293110590
4273126974
3197276734
3197534973
3214246652
3078410876
3039613560
3022603816
3022666028
3022923820
3035506732
3048093756
4121828429
4121841743
4122796111
3579634014
3575566622
3562984766
3563031862
4108294455
4125079927
3051076949
3076122565
4128863189
4265178036
4128977844
3596300709
3604689325
3623563501
3757781213
3724225759
3698931963
3698923898
3706329466
1575688970
1575493386
1307063818
1307062810
1303065130
1302995498
1169764911
1152930607
1148772653
1142467885
1159243876
1159375300
1195026884
1463454596
1449756292
1445495444
1445524148
1428910845
1433035502
3573244654
4105758190
4106008686
4122777710
4292655118
4007634958
3999181839
3994985485
3994451981
3996553229
3996553533
3862332269
3862349421
3866479341
3874773741
3891559087
3847503519
3830916751
3828753039
3828757151
3831759535
3840148399
3835957353
3835695161
1688219657
1688348681
1956784137
1960978507
1425221835
351484298
351485322
344998030
362070158
301322462
334999615
333946927
325428519
325560631
325516054
325507846
321277766
304480710
309658046
307499166
299114730
277102955
278709033
278710824
1352509960
1358277129
1433774859
1467459850
1446421518
1445363790
1580187726
1596866942
1295930221
1555981092
1555982116
1555921172
1576823044
1601820868
1580979700
1585169381
1593328597
1585201869
1585382093
1329476185
1281306155
3705432619
3703335214
3703367982
3569134606
3569123406
3588784334
3547037854
1378533566
1378533567
1382966444
1382952356
1382885812
1395472020
1396519612
1400119980
1398022888
1366585897
301257498
275037978
275032638
275036734
275618582
1416464406
1441762311
1459519495
1585086535
1580916929
1579831377
1579811169
1584005473
1575694625
1558782241
1424500017
1424571157
1417362133
1417276068
1375267508
1392044676
1392037516
1392034700
41603484
1115353533
1131962863
1081876846
1358692654
1358327086
1357310774
1357359894
1357363974
1407695622
1390778118
1382842631
1378713943
1445966197
1445880693
1429091125
1412305709
1416573740
1424766252
1957444909
1421618493
1425812749
352075016
352076877
341655757
341168333
341299613
341299609
391599033
374830783
376923899
385165051
385168123
385168153
385093945
385093947
250880314
232072506
215248234
483715562
484232634
480019850
482181514
498565258
531792265
535990600
523416088
2131930664
2131798632
2115021416
1846585833
1850981577
1847033995
1847033994
3997085898
4013879642
3980317482
3984478762
3975684906
3971490090
3988272186
4021892218
4288224507
4288351451
4294577545
4294641545
4285084313
4251529945
4234748633
4234765273
4235944313
4244305256
4244299064
4261003016
4286099272
4286162504
4282103624
4281907144
4281975256
4114268649
1970958825
2088436221
2088252269
2088252267
2105025131
2111316522
2111645498
2006940955
4154382345
4158576712
3579627720
3560754056
1350340248
1434425000
4160397997
4143686334
4139365070
4139356262
4143480870
4134043682
4129981442
3861556226
3878349826
3844791410
3962293347
3974907111
4243326183
4243328390
4251854726
4252902102
4261221094
4256961126
4256961134
3568046398
3568251149
3568188424
1353586952
1089293128
1076681592
1076165608
1361378792
1379193289
1379369163
1381474378
1945481243
1911984409
1893699373
1893509677
4041058861
4115569172
4144928516
3860762884
3994996804
3997061237
3997053029
4016910445
3987542383
3971810154
3971817306
4240190234
4259064603
4284246811
4263443019
4267637323
3739014667
3739009870
3755786702
3724370134
3699253478
3699253478
3699246306
3707443618
1559837345
1576610480
1476208260
1467228804
120849284
87032316
74469484
72408111
80779310
80783654
97626390
110271750
114721222
114721223
108953991
1178255751
1161458167
1283073895
1283009317
1291332391
1291348263
1291381046
1341711414
1593356294
1592365062
1584038214
1584038342
1584042455
1601938420
1574495212
1557719020
3696815080
4233690088
4248361448
4281981384
4282375624
4286562760
4292264777
1607889497
1607934491
1608327706
3730583082
3730602286
3730597934
3732719678
3741176838
3732836422
3728638406
1597686662
1564099462
1547309986
1551577506
1555771811
1421418723
1421419765
1421421655
1425811542
1346140526
1346173902
1379859406
309824974
318013598
318013658
315928826
316518655
308064364
1935520812
1897833772
1879737884
1896584764
1998295604
1998303828
4112163524
4112179909
4112151255
4095555239
4099684006
4099679910
4108138406
4103418295
4103410103
4103352789
1418994117
1418993933
1423253773
1415017741
1427631903
1444412959
1444347403
1446497803
1446367003
1584715065
1593103416
1593103384
1458877720
1458877208
2002752040
2002776680
1951916781
1951920895
1947660782
1410715886
1410384110
1427271886
1427303630
1465051334
1472375270
1451530983
4068772583
4069297869
4069365453
4141458125
4135297357
4135227477
4131033189
4131123429
4146651365
4096290021
3827988983
3832183623
1693076247
1705892663
1739351318
1722572806
2121031750
1965826262
2083926238
2083926454
2088111782
2094336742
2090154726
1555315318
1555311106
1555328514
1555358979
1576846355
1602126065
1446961345
1446953152
104792192
104726673
104726947
108929762
100410082
1157374690
1157375698
1153199682
1153366530
1152293378
1169132035
1185721137
1189915936
1311552816
1311609136
1311691632
3460211552
3462390752
3462390752
3724468640
1560265664
1425884096
1425883733
1425870445
1425812079
1415326255
1948003114
1966942506
1916667914
842792970
844902411
844890427
826868521
810164777
877339179
341374507
349736747
479758698
481855962
482056266
419084366
159033358
192588806
171630630
171647010
171585538
221917187
208274289
212468320
212476528
212415040
212416064
212434496
216578628
258513653
241994743
241998302
242006238
242007230
237809854
237867262
238006527
254800087
204353909
204350245
209592868
218047012
213857845
213728789
217856583
233577030
132909814
112184290
111984562
111718786
111710594
111841426
116101267
116043921
107655345
103456944
103526576
120323248
69942449
2833585
3882401
7943905
12133089
12395104
11280900
61604356
49022468
40701461
40861237
57540396
32306476
28095868
82608600
99385560
133149912
116309209
128383070
262601078
161971558
140851046
137110306
153891346
187564546
174985986
174986003
183382289
183464208
175624465
152425809
134540641
134540775
134506982
134507478
138829766
146950082
142754626
143049539
159707475
193311173
178160085
249464277
251563477
107846103
107855318
124042710
124564990
1164751214
1442624510
1476309759
1457431277
1985783548
1981720196
1981711764
1914213541
1913430183
1913413799
1913598119
1914581142
1914058134
1916147367
1910978213
1889870561
1353003537
1353982465
1353982721
12329235
10282275
10273059
10141955
31081217
64639745
1113223955
1111189303
1111059815
1110993398
1108928990
1120700862
1116506542
1385137546
1385140618
1386054106
1383960875
1446883625
1446818088
1933353256
1880924456
1948246840
1947136824
1947129692
336482125
273567055
282004599
295443559
312287319
316542991
318640141
108925197
108925725
91125277
74378831
1156311775
1290337019
1307097786
1340639162
1323860475
1189859547
1206607961
1307254809
1290412089
1290412328
1283090216
3430477352
3428642600
3428642569
1297917705
1339982793
3737027515
3737039803
3468424123
3471407019
3462936491
3425253291
1277896427
1278943855
1283007006
1291330318
1287135510
1153249318
1149128806
1195297990
1178504326
104828034
104699010
108900502
117240023
117198935
134156605
83768109
83765037
209528365
209464877
205274687
142376719
150785806
163417934
195927550
1252823022
1256493998
1311216302
1311158942
1312207566
1314370526
1317310958
1317314797
1585751276
1548007660
1543813612
1544403452
1410309596
1410302284
1414119500
340738060
337510413
205402165
205398309
209593125
213788205
213728877
213655197
200546957
171199117
171281295
238329246
236233150
239116718
239313338
507683226
507675562
247497643
247522283
230746091
213968747
214136603
205928203
206968075
83166473
83166521
78521657
78521608
78513421
82707725
74383645
69992749
70062447
70087135
19911055
54429071
50241439
45005759
44932509
44864413
44864508
40678264
37532264
37593704
35644264
35415912
273424233
281808875
9375178
278853066
1352578379
1352639817
1358412888
3514214520
4063668812
3527321164
3527181004
3527181020
3527275132
3527352959
3513528878
3496743214
2431398958
2431399982
2163030078
2163095582
2214475790
2260610062
3334344718
3334308686
3467412351
3467416555
2393682409
2410459561
2372444072
2351471528
2234227612
3308961676
3342515852
3592069768
1377477513
1918542265
1918808317
1918890237
1914695853
840720557
857481389
822878365
806236589
810418607
818759614
814743390
814742302
815708942
817801478
837790982
334472455
393068869
1462518469
1462633189
1462634213
1462119973
1449470501
1458319137
1185689909
247214357
247209991
247210015
249356335
236757035
255494219
138054027
204114315
216893851
216907147
208449679
203731099
472183291
342258299
343290411
351694443
485780079
1576299502
1610049998
1593772494
511444430
507265482
507335035
536540011
1572528749
1436132076
1436066540
1436069541
1594404773
1577627573
1577889671
1578020807
1981718343
1985908007
4135503141
4143899940
4143633684
3598274836
3577221396
3560452372
3560649556
3573167093
3568960487
3703309230
3701212590
3700694526
3427014734
3422828558
1225123854
1258809358
1539746062
1518780174
1250854671
1250721855
1250730031
1242345519
1242349671
1258828007
134881491
134885331
147471059
211421761
213584449
212466240
212396608
266905152
241742192
241807584
237613296
506052816
507232388
507168157
1580899309
2086382317
1826138857
1822206697
1822206665
1826402888
1842643528
1849983579
1845998186
1845911850
2114396206
2114191458
2115372130
1987970290
1974350018
1420435650
1555702658
1555773057
1287208576
1560017536
3707501232
3703160480
3703154416
3752633028
3735859908
3736912604
3732685549
3726386927
3608423018
3574868458
3576965354
1978677498
2008237194
1991495818
1456636042
374513850
1443012782
1443012862
1443016830
1375973438
1913684014
4078404926
4051086606
4041649423
4105088799
3031341629
3032452716
3036450540
3042498236
3071854525
3057206189
3057255405
3056219133
3194626887
3219857687
3186193719
3035329813
3031096327
3031096327
4122729479
4126733335
4082656310
4078460974
4063825966
4080665903
4034530685
4034531181
4042873581
4057493244
4073258636
1925760908
1926021517
1926021263
1917767838
1913548974
1930305710
1881023886
1881020302
1884685982
1353981690
1353989754
1353985562
1357130266
1088891678
1084632358
1151819830
1152172034
1153204225
1153212448
1282973728
1278911488
1295689728
1328191745
1512737539
1512737331
1525646882
2062328354
2062328087
2063437877
2061348900
1784456236
704949292
704949309
705082377
705089545
705052889
725942779
692400619
676147691
944706043
1020204763
1020206747
479140607
479009534
480058110
345775823
94131911
113039047
117408199
108957895
242127043
242127057
507425009
507486433
507355233
1060610084
1058518052
1058389028
1058318373
789882917
789030957
793177133
726648125
726517005
722335005
722335037
726531372
735051628
735042412
701221213
701451597
760173773
760033759
794636719
794629038
769459118
754913946
1021260426
1021256330
1021129370
480065210
345845306
347942410
78392843
78392843
78390795
1152128523
1156335115
1290585883
1290637179
1282248667
1282252187
1282184635
3437801915
3387470779
3400184479
3400184479
3672814271
2653594607
2653529063
2653479397
2654724589
2658821613
2675597293
2683919341
2681764781
2681792927
2614689167
3118056910
4183540174
4183478622
4183486814
4179194175
4214779951
4214841389
4219168117
4219205589
4227593972
4227389157
4193841909
4193825495
4261131735
4252677239
4252744759
3179002935
3176839189
3042613332
4116351188
4150185396
4145935796
4145570693
4114293637
4118422439
4118676390
4100784806
3026978406
3026990646
3035377182
3031199502
3048009487
3081735439
3081407759
3068763407
3061427485
4133469981
4062158685
4062174589
3793669501
3793636589
1646228717
1646223597
1667174637
1633550541
555626695
538915015
538706151
542393831
550981223
1620527735
1620572743
1956112901
2006444549
1990192645
2128601605
2130506277
1861808943
4009283883
4009279531
3891848233
4118308920
4095309880
4095424792
4095359752
4097452552
4101571080
4154983115
4071359162
4071424938
4072477098
3533197482
3553154202
3490289802
1409988746
1409984650
1950068042
1948820762
2087232826
2087236666
2087244858
1550548026
3710532650
3744085290
3731489342
3740992094
1522078429
1522086620
1536762584
1503208408
1240994168
1215827064
1278756920
1278781720
1547414345
1549445834
1559871114
1425834890
1425834890
1442677130
1451151753
1446929336
1444815784
1444751272
1377773484
1918264749
1926746303
1945403598
1902149838
1902150986
1902358298
1898101310
1898355215
1898371599
1898335757
1885684541
1894011180
1889595437
1889652781
1889660973
1906369837
1944118557
1919001629
1931669565
1932972093
1882640444
4027958300
4027436044
4031695660
4035873388
4035951228
3079518924
3062890180
3062887109
3201290887
2656981670
2675405478
3178508966
3161732002
3161728418
2647925922
2547264658
3603245186
3603376259
3604359297
1448487040
1446411408
1446429856
1445904609
1462616277
1429180423
1411818502
1416006914
1952946994
1952824114
4100831538
4100832567
3161306407
3169694501
3169710629
2759553781
2757300981
2753050277
3830987493
3772521189
3770420199
3770419263
3769371679
4050456582
4046397446
4046331974
1899782230
1901871334
1892468710
1888472830
1368323790
1401614030
1401614031
3532320396
3536551836
3529001404
3524791724
1379402940
1379545228
1378508936
1391345880
1403449368
1369895193
1352970027
1357163306
1344580138
1344645658
3492264458
3492197962
3492184779
3522069147
4071539371
4076331695
4076102639
4067713375
3546698783
3546756142
3580109870
3564381310
3505856886
3504230902
3504161750
3504128726
3504132823
3520919509
3613259733
3596549445
3596543303
3598640390
3606967606
3606902062
4143756590
4273839150
4278032447
4278163517
4269710348
4265446412
4265390092
3996950556
4013875260
3980325228
3963277804
3965404076
3839447740
3839436444
3835244188
3835248317
3852025535
3889708478
3806084270
3824950446
1664877726
1631519950
1887315278
1895711022
1890403134
1890443534
1894638862
1903028495
4085246237
4152211756
4141647916
4137452908
4157391756
4115583628
3021890188
3026068117
3160288935
3168549542
3030129318
3053194726
3068919830
3068805126
3064684550
3601555478
3740213302
3749590070
3711834390
3695053079
3695057671
3699251973
3707719429
3724302100
3617386772
3600609732
3600601237
3599528102
3603719334
3339592870
3306030262
3223191958
3491631766
1343623830
1370822398
1403274975
1386497868
1386504524
1122426952
1126592520
1093029912
1077019960
1075972392
1080249131
1088547386
1084598794
1369941514
1470730762
1453883914
1990754875
1991804393
1996006633
1983423721
1983619308
1983553676
1933197452
1933443213
1899377061
1901487783
1637187239
1737817775
1736769167
3884755663
3884818255
4154367263
4158563647
3078416191
3074220862
3040617278
3040682606
4231935598
4244506606
3971811246
3971749822
4240192927
4239144397
4243355084
3693411396
3693386756
1546951696
1546957840
1544871936
1543888896
1560731989
3737572581
3734949077
3734916295
2663075271
2667072951
2658693095
2674419430
2633523950
2633528031
2629428943
2633627383
2633809639
3179069413
3174874417
4248801281
4248735745
4248743937
4114522165
4147568676
4147531836
4130739212
3862304781
3879160297
3891547051
3887356586
3887880842
2008831882
1992049034
1987838042
1446916142
1445863470
1982472230
1982491941
1995107860
1991962112
1991941632
1989838529
1465484163
1429832082
3560489378
3560456610
3560509858
3565107106
3569297315
3517916001
1403990784
1403790096
1370235185
1357390117
1076375829
1076497677
2754831
8005903
16452879
16322841
31994649
33051419
31245691
13405675
9214378
9214378
9353402
13284494
1096528271
1115656589
1382716301
1382724253
1391112885
3538593509
3538464613
3530075943
3547112767
3542742303
3526971710
4064215359
4064149823
4068344111
1946038569
2009014585
1975465241
1438588168
1426013449
1425881881
343702299
343736075
359436042
372018954
371560282
910144762
910012666
842838251
1981395193
1981460616
1983558024
3845825192
3829047976
3827019436
3826817677
2753071775
2767757038
2762536814
2762532143
2766959405
2771137036
2704156428
2704157988
2708225380
2712143012
2712207519
3015319694
3082428558
3048874122
2510037162
2514224362
2507933754
2435663898
3508992010
3543066634
1378855178
1382918986
1923647178
1923711881
1924825528
1937420776
1881923816
1881727148
1881989284
1882579108
1611789220
1623311021
1636026013
1673734861
1656957453
1926310669
1928407341
1928472875
1944459322
1910898954
1911505226
1944965626
1945940458
1943843307
1934393721
1917616392
1934459400
1901851144
1901735432
1903831576
1912236584
1891298153
1689962986
1694223754
1627177354
1614582154
540311946
554975722
554972522
622143786
624306538
611723627
614608234
882966795
882901262
883950030
344981942
345039270
348169634
499296642
516073858
516073857
516073601
507681873
907254833
909155361
908110881
908131361
857892915
807546130
875970386
351667842
280363650
815153794
1891681938
1891675874
1887472930
1887610931
1904388355
1939319553
1993797376
1983278593
1983794693
1983827445
1715260837
1729948837
1858395301
1854381309
1854320077
1854252620
772076100
773075652
756359893
756163238
756163238
764556710
766512294
1840254126
2140150990
1066413262
496233550
76726030
76725774
76985868
345290300
1440527916
1465426728
1465557288
1987739656
1467647192
1465433592
3579620329
3561802410
3557690026
3557699306
3557696362
3562414378
3569246250
2512314382
2545803279
2661082127
3734809727
3462196463
3457998319
3726509743
3742240399
3746444943
1573525151
1440429743
1415127210
1547182250
1547178122
473514186
339271690
343450922
351911211
342538555
342538523
292199195
1399491403
1945800651
1929217929
1918731161
3797922745
3793728424
3793724397
2719916781
2719916655
2722030142
2738762270
2737771054
2741834286
2716598574
2980839530
2964069499
4104919131
3584636943
3622516751
3605723151
3606747407
3606750983
4143555335
3597242629
3597381748
3576340976
3559568337
3693758144
3693742801
3693742689
3748338211
4272438563
4272434211
3064474657
2527616017
2519292992
2502577344
2218413504
2352623296
3439005265
2226730531
2226730530
2226659874
2511872354
2260230370
2260320402
